1,17.000000,15.663000,0.209000,-70,0.000000,7,8
1,17.000000,15.751000,0.309000,-69,0.000000,7,8
1,17.000000,15.956000,0.322000,-69,0.000000,7,8
1,17.000000,15.663000,0.186000,-70,0.000000,7,8
1,17.000000,15.707000,0.276000,-69,0.000000,7,8
1,17.000000,15.853000,0.273000,-68,0.000000,7,8
1,17.000000,15.780000,0.200000,-67,0.000000,7,8
1,17.000000,15.897000,0.293000,-67,0.000000,7,8
1,17.000000,16.073000,0.203000,-65,0.000000,7,8
1,17.000000,16.107000,0.147000,-64,0.000000,7,8
1,17.000000,15.824000,0.230000,-64,0.000000,7,8
1,17.000000,15.795000,0.221000,-64,0.000000,7,8
1,17.000000,15.736000,0.283000,-64,0.000000,7,8
1,17.000000,15.985000,0.238000,-64,0.000000,7,8
1,17.000000,16.127001,0.229000,-64,0.000000,7,8
1,17.000000,15.814000,0.312000,-64,0.000000,7,8
1,17.000000,15.736000,0.357000,-63,0.000000,7,8
1,17.000000,15.756000,0.400000,-62,0.000000,7,8
1,17.000000,15.971000,0.171000,-65,0.000000,7,8
1,17.000000,15.795000,0.159000,-66,0.000000,7,8
1,17.000000,15.765000,0.254000,-65,0.000000,7,8
1,17.000000,15.678000,0.212000,-67,0.000000,7,8
1,17.000000,15.546000,0.426000,-69,0.000000,7,8
1,17.000000,15.521000,0.397000,-67,0.000000,7,8
1,17.000000,14.818000,0.384000,-67,0.000000,7,8
1,17.000000,16.068001,0.216000,-67,0.000000,7,8
1,17.000000,16.166000,0.209000,-60,0.000000,7,8
1,17.000000,15.561000,0.437000,-59,0.000000,7,8
1,17.000000,15.795000,0.331000,-56,0.000000,7,8
1,17.000000,15.912000,0.308000,-58,0.000000,7,8
1,17.000000,15.678000,0.325000,-57,0.000000,7,8
1,17.000000,15.775000,0.278000,-57,0.000000,7,8
1,17.000000,15.795000,0.323000,-57,0.000000,7,8
1,17.000000,15.873000,0.208000,-58,0.000000,7,8
1,17.000000,15.756000,0.317000,-59,0.000000,7,8
1,17.000000,15.892000,0.328000,-58,0.000000,7,8
1,17.000000,15.951000,0.227000,-58,0.000000,7,8
1,17.000000,15.814000,0.385000,-57,0.000000,7,8
1,17.000000,15.834000,0.435000,-56,0.000000,7,8
1,17.000000,15.912000,0.215000,-58,0.000000,7,8
1,17.000000,16.087999,0.136000,-58,0.000000,7,8
1,17.000000,15.912000,0.278000,-57,0.000000,7,8
1,17.000000,15.736000,0.388000,-57,0.000000,7,8
1,17.000000,15.697000,0.467000,-58,0.000000,7,8
1,17.000000,15.658000,0.448000,-58,0.000000,7,8
1,17.000000,16.049000,0.281000,-57,0.000000,7,8
1,17.000000,16.010000,0.263000,-59,0.000000,7,8
1,17.000000,15.932000,0.215000,-58,0.000000,7,8
1,17.000000,15.892000,0.218000,-58,0.000000,7,8
1,17.000000,15.658000,0.456000,-57,0.000000,7,8
1,17.000000,15.502000,0.444000,-57,0.000000,7,8
1,17.000000,15.834000,0.272000,-57,0.000000,7,8
1,17.000000,15.639000,0.449000,-58,0.000000,7,8
1,17.000000,15.853000,0.339000,-59,0.000000,7,8
1,17.000000,15.717000,0.467000,-57,0.000000,7,8
1,17.000000,15.834000,0.347000,-57,0.000000,7,8
1,17.000000,15.736000,0.454000,-58,0.000000,7,8
1,17.000000,15.717000,0.323000,-58,0.000000,7,8
1,17.000000,15.736000,0.289000,-58,0.000000,7,8
1,17.000000,15.639000,0.310000,-58,0.000000,7,8
1,17.000000,15.931000,0.192000,-58,0.000000,7,8
1,17.000000,15.834000,0.302000,-58,0.000000,7,8
1,17.000000,15.990000,0.259000,-58,0.000000,7,8
1,17.000000,15.736000,0.352000,-57,0.000000,7,8
1,17.000000,15.814000,0.355000,-57,0.000000,7,8
1,17.000000,16.010000,0.159000,-58,0.000000,7,8
1,17.000000,15.971000,0.235000,-59,0.000000,7,8
1,17.000000,15.892000,0.366000,-57,0.000000,7,8
1,17.000000,15.892000,0.233000,-57,0.000000,7,8
1,17.000000,16.049000,0.236000,-59,0.000000,7,8
1,17.000000,15.873000,0.333000,-59,0.000000,7,8
1,17.000000,15.853000,0.369000,-58,0.000000,7,8
1,17.000000,15.853000,0.253000,-58,0.000000,7,8
1,17.000000,15.892000,0.382000,-57,0.000000,7,8
1,17.000000,15.775000,0.375000,-56,0.000000,7,8
1,17.000000,15.795000,0.231000,-57,0.000000,7,8
1,17.000000,15.912000,0.249000,-58,0.000000,7,8
1,17.000000,15.971000,0.204000,-59,0.000000,7,8
1,17.000000,15.853000,0.350000,-58,0.000000,7,8
1,17.000000,15.853000,0.236000,-58,0.000000,7,8
1,17.000000,15.795000,0.336000,-57,0.000000,7,8
1,17.000000,15.834000,0.277000,-57,0.000000,7,8
1,17.000000,15.541000,0.297000,-57,0.000000,7,8
1,17.000000,15.619000,0.398000,-58,0.000000,7,8
1,17.000000,15.912000,0.224000,-58,0.000000,7,8
1,17.000000,15.521000,0.446000,-57,0.000000,7,8
1,17.000000,15.678000,0.355000,-56,0.000000,7,8
1,17.000000,15.717000,0.322000,-57,0.000000,7,8
1,17.000000,15.756000,0.373000,-57,0.000000,7,8
1,17.000000,15.775000,0.381000,-58,0.000000,7,8
1,17.000000,15.619000,0.312000,-57,0.000000,7,8
1,17.000000,15.541000,0.373000,-57,0.000000,7,8
1,17.000000,15.658000,0.315000,-59,0.000000,7,8
1,17.000000,15.834000,0.272000,-58,0.000000,7,8
1,17.000000,15.814000,0.219000,-58,0.000000,7,8
1,17.000000,15.775000,0.246000,-58,0.000000,7,8
1,17.000000,15.795000,0.350000,-57,0.000000,7,8
1,17.000000,15.834000,0.322000,-57,0.000000,7,8
1,17.000000,15.619000,0.424000,-56,0.000000,7,8
1,17.000000,15.697000,0.409000,-57,0.000000,7,8
1,17.000000,15.521000,0.470000,-58,0.000000,7,8
1,17.000000,15.658000,0.367000,-58,0.000000,7,8
1,17.000000,15.599000,0.390000,-58,0.000000,7,8
1,17.000000,15.971000,0.192000,-58,0.000000,7,8
1,17.000000,15.834000,0.262000,-59,0.000000,7,8
1,17.000000,15.912000,0.223000,-58,0.000000,7,8
1,17.000000,15.639000,0.392000,-57,0.000000,7,8
1,17.000000,15.795000,0.323000,-58,0.000000,7,8
1,17.000000,15.795000,0.304000,-57,0.000000,7,8
1,17.000000,15.873000,0.287000,-58,0.000000,7,8
1,17.000000,15.834000,0.212000,-58,0.000000,7,8
1,17.000000,15.639000,0.316000,-57,0.000000,7,8
1,17.000000,15.482000,0.393000,-58,0.000000,7,8
1,17.000000,15.697000,0.320000,-57,0.000000,7,8
1,17.000000,15.639000,0.349000,-57,0.000000,7,8
1,17.000000,15.658000,0.416000,-57,0.000000,7,8
1,17.000000,15.560000,0.404000,-57,0.000000,7,8
1,17.000000,15.775000,0.309000,-58,0.000000,7,8
1,17.000000,15.560000,0.411000,-57,0.000000,7,8
1,17.000000,15.736000,0.434000,-56,0.000000,7,8
1,17.000000,15.873000,0.266000,-58,0.000000,7,8
1,17.000000,15.502000,0.355000,-57,0.000000,7,8
1,17.000000,15.814000,0.292000,-57,0.000000,7,8
1,17.000000,16.028999,0.330000,-56,0.000000,7,8
1,17.000000,15.853000,0.332000,-56,0.000000,7,8
1,17.000000,15.658000,0.396000,-57,0.000000,7,8
1,17.000000,15.697000,0.407000,-56,0.000000,7,8
1,17.000000,15.697000,0.375000,-56,0.000000,7,8
1,17.000000,15.678000,0.339000,-56,0.000000,7,8
1,17.000000,15.717000,0.366000,-56,0.000000,7,8
1,17.000000,15.795000,0.407000,-56,0.000000,7,8
1,17.000000,15.775000,0.375000,-57,0.000000,7,8
1,17.000000,16.107000,0.245000,-56,0.000000,7,8
1,17.000000,16.010000,0.245000,-56,0.000000,7,8
1,17.000000,15.853000,0.331000,-57,0.000000,7,8
1,17.000000,15.775000,0.396000,-57,0.000000,7,8
1,17.000000,15.717000,0.326000,-57,0.000000,7,8
1,17.000000,15.580000,0.452000,-56,0.000000,7,8
1,17.000000,15.600000,0.464000,-56,0.000000,7,8
1,17.000000,15.541000,0.463000,-56,0.000000,7,8
1,17.000000,15.502000,0.500000,-56,0.000000,7,8
1,17.000000,15.619000,0.404000,-56,0.000000,7,8
1,17.000000,15.639000,0.446000,-56,0.000000,7,8
1,17.000000,15.599000,0.512000,-57,0.000000,7,8
1,17.000000,15.658000,0.470000,-57,0.000000,7,8
1,17.000000,15.678000,0.509000,-56,0.000000,7,8
1,17.000000,16.146000,0.314000,-56,0.000000,7,8
1,17.000000,15.990000,0.396000,-57,0.000000,7,8
1,17.000000,15.912000,0.314000,-57,0.000000,7,8
1,17.000000,15.502000,0.515000,-57,0.000000,7,8
1,17.000000,15.951000,0.316000,-58,0.000000,7,8
1,17.000000,15.580000,0.428000,-57,0.000000,7,8
1,17.000000,15.912000,0.368000,-57,0.000000,7,8
1,17.000000,16.010000,0.271000,-58,0.000000,7,8
1,17.000000,15.736000,0.364000,-58,0.000000,7,8
1,17.000000,16.127001,0.232000,-57,0.000000,7,8
1,17.000000,15.892000,0.349000,-57,0.000000,7,8
1,17.000000,15.717000,0.321000,-58,0.000000,7,8
1,17.000000,15.834000,0.343000,-58,0.000000,7,8
1,17.000000,15.795000,0.317000,-58,0.000000,7,8
1,17.000000,15.814000,0.268000,-57,0.000000,7,8
1,17.000000,15.873000,0.288000,-58,0.000000,7,8
1,17.000000,15.619000,0.441000,-58,0.000000,7,8
1,17.000000,15.834000,0.340000,-58,0.000000,7,8
1,17.000000,15.697000,0.371000,-58,0.000000,7,8
1,17.000000,15.775000,0.379000,-58,0.000000,7,8
1,17.000000,15.639000,0.471000,-58,0.000000,7,8
1,17.000000,15.697000,0.399000,-58,0.000000,7,8
1,17.000000,15.873000,0.269000,-58,0.000000,7,8
1,17.000000,15.795000,0.319000,-57,0.000000,7,8
1,17.000000,15.736000,0.329000,-58,0.000000,7,8
1,17.000000,15.853000,0.231000,-58,0.000000,7,8
1,17.000000,15.814000,0.332000,-57,0.000000,7,8
1,17.000000,15.678000,0.393000,-57,0.000000,7,8
1,17.000000,15.795000,0.409000,-57,0.000000,7,8
1,17.000000,15.658000,0.382000,-58,0.000000,7,8
1,17.000000,15.853000,0.377000,-58,0.000000,7,8
1,17.000000,15.697000,0.356000,-58,0.000000,7,8
1,17.000000,15.912000,0.307000,-57,0.000000,7,8
1,17.000000,15.814000,0.394000,-58,0.000000,7,8
1,17.000000,15.971000,0.294000,-57,0.000000,7,8
1,17.000000,15.814000,0.316000,-57,0.000000,7,8
1,17.000000,15.678000,0.385000,-58,0.000000,7,8
1,17.000000,15.658000,0.407000,-58,0.000000,7,8
1,17.000000,15.678000,0.394000,-57,0.000000,7,8
1,17.000000,15.912000,0.340000,-57,0.000000,7,8
1,17.000000,15.795000,0.361000,-58,0.000000,7,8
1,17.000000,15.853000,0.329000,-58,0.000000,7,8
1,17.000000,15.853000,0.398000,-58,0.000000,7,8
1,17.000000,15.853000,0.310000,-57,0.000000,7,8
1,17.000000,15.697000,0.395000,-58,0.000000,7,8
1,17.000000,15.756000,0.393000,-58,0.000000,7,8
1,17.000000,15.756000,0.372000,-57,0.000000,7,8
1,17.000000,15.697000,0.397000,-58,0.000000,7,8
1,17.000000,15.717000,0.318000,-58,0.000000,7,8
1,17.000000,15.678000,0.401000,-58,0.000000,7,8
1,17.000000,15.795000,0.366000,-58,0.000000,7,8
1,17.000000,15.756000,0.389000,-58,0.000000,7,8
1,17.000000,15.932000,0.214000,-58,0.000000,7,8
1,17.000000,15.775000,0.412000,-58,0.000000,7,8
1,17.000000,15.658000,0.368000,-58,0.000000,7,8
1,17.000000,15.756000,0.407000,-58,0.000000,7,8
1,17.000000,15.678000,0.344000,-59,0.000000,7,8
1,17.000000,15.853000,0.330000,-58,0.000000,7,8
1,17.000000,15.853000,0.336000,-58,0.000000,7,8
1,17.000000,15.736000,0.332000,-58,0.000000,7,8
1,17.000000,15.834000,0.392000,-58,0.000000,7,8
1,17.000000,15.853000,0.317000,-57,0.000000,7,8
1,17.000000,15.873000,0.306000,-57,0.000000,7,8
1,17.000000,15.834000,0.248000,-58,0.000000,7,8
1,17.000000,16.010000,0.314000,-57,0.000000,7,8
1,17.000000,15.756000,0.391000,-57,0.000000,7,8
1,17.000000,15.892000,0.368000,-57,0.000000,7,8
1,17.000000,15.814000,0.318000,-58,0.000000,7,8
1,17.000000,15.853000,0.332000,-58,0.000000,7,8
1,17.000000,15.639000,0.299000,-58,0.000000,7,8
1,17.000000,15.834000,0.292000,-58,0.000000,7,8
1,17.000000,15.873000,0.245000,-58,0.000000,7,8
1,17.000000,15.970000,0.314000,-58,0.000000,7,8
1,17.000000,15.912000,0.247000,-58,0.000000,7,8
1,17.000000,15.853000,0.287000,-58,0.000000,7,8
1,17.000000,15.795000,0.328000,-58,0.000000,7,8
1,17.000000,15.795000,0.289000,-58,0.000000,7,8
1,17.000000,15.814000,0.276000,-58,0.000000,7,8
1,17.000000,15.814000,0.292000,-58,0.000000,7,8
1,17.000000,16.010000,0.242000,-57,0.000000,7,8
1,17.000000,15.931000,0.267000,-57,0.000000,7,8
1,17.000000,15.775000,0.335000,-57,0.000000,7,8
1,17.000000,15.736000,0.370000,-57,0.000000,7,8
1,17.000000,15.775000,0.323000,-57,0.000000,7,8
1,17.000000,15.931000,0.260000,-57,0.000000,7,8
1,17.000000,16.127001,0.211000,-57,0.000000,7,8
1,17.000000,15.892000,0.181000,-57,0.000000,7,8
1,17.000000,16.087999,0.192000,-57,0.000000,7,8
1,17.000000,16.028999,0.247000,-57,0.000000,7,8
1,17.000000,15.892000,0.299000,-57,0.000000,7,8
1,17.000000,16.087999,0.219000,-57,0.000000,7,8
1,17.000000,15.853000,0.273000,-57,0.000000,7,8
1,17.000000,15.932000,0.214000,-57,0.000000,7,8
1,17.000000,15.951000,0.219000,-57,0.000000,7,8
1,17.000000,15.795000,0.355000,-57,0.000000,7,8
1,17.000000,15.775000,0.322000,-57,0.000000,7,8
1,17.000000,15.892000,0.312000,-57,0.000000,7,8
1,17.000000,15.912000,0.381000,-56,0.000000,7,8
1,17.000000,15.795000,0.301000,-57,0.000000,7,8
1,17.000000,16.010000,0.225000,-57,0.000000,7,8
1,17.000000,15.853000,0.338000,-57,0.000000,7,8
1,17.000000,15.775000,0.353000,-57,0.000000,7,8
1,17.000000,15.814000,0.359000,-57,0.000000,7,8
1,17.000000,15.951000,0.277000,-57,0.000000,7,8
1,17.000000,15.892000,0.315000,-57,0.000000,7,8
1,17.000000,15.814000,0.303000,-56,0.000000,7,8
1,17.000000,15.990000,0.240000,-57,0.000000,7,8
1,17.000000,15.951000,0.312000,-57,0.000000,7,8
1,17.000000,15.814000,0.354000,-57,0.000000,7,8
1,17.000000,15.814000,0.351000,-57,0.000000,7,8
1,17.000000,15.853000,0.294000,-57,0.000000,7,8
1,17.000000,15.834000,0.357000,-57,0.000000,7,8
1,17.000000,15.990000,0.276000,-56,0.000000,7,8
1,17.000000,15.775000,0.379000,-57,0.000000,7,8
1,17.000000,15.892000,0.328000,-57,0.000000,7,8
1,17.000000,16.010000,0.228000,-56,0.000000,7,8
1,17.000000,15.990000,0.310000,-57,0.000000,7,8
1,17.000000,15.775000,0.249000,-57,0.000000,7,8
1,17.000000,15.678000,0.377000,-57,0.000000,7,8
1,17.000000,15.892000,0.286000,-57,0.000000,7,8
1,17.000000,15.990000,0.254000,-56,0.000000,7,8
1,17.000000,15.912000,0.312000,-57,0.000000,7,8
1,17.000000,15.853000,0.342000,-57,0.000000,7,8
1,17.000000,15.853000,0.348000,-57,0.000000,7,8
1,17.000000,15.892000,0.269000,-57,0.000000,7,8
1,17.000000,15.853000,0.291000,-57,0.000000,7,8
1,17.000000,15.775000,0.261000,-57,0.000000,7,8
1,17.000000,15.736000,0.339000,-57,0.000000,7,8
1,17.000000,15.873000,0.360000,-57,0.000000,7,8
1,17.000000,15.971000,0.253000,-57,0.000000,7,8
1,17.000000,15.892000,0.327000,-56,0.000000,7,8
1,17.000000,15.951000,0.300000,-56,0.000000,7,8
1,17.000000,15.853000,0.347000,-57,0.000000,7,8
1,17.000000,15.971000,0.256000,-57,0.000000,7,8
1,17.000000,15.892000,0.289000,-57,0.000000,7,8
1,17.000000,15.951000,0.294000,-57,0.000000,7,8
1,17.000000,15.775000,0.319000,-57,0.000000,7,8
1,17.000000,15.853000,0.294000,-57,0.000000,7,8
1,17.000000,16.068001,0.195000,-57,0.000000,7,8
1,17.000000,16.049000,0.193000,-56,0.000000,7,8
1,17.000000,15.834000,0.313000,-57,0.000000,7,8
1,17.000000,15.736000,0.372000,-57,0.000000,7,8
1,17.000000,15.893000,0.302000,-56,0.000000,7,8
1,17.000000,15.795000,0.316000,-57,0.000000,7,8
1,17.000000,15.990000,0.242000,-56,0.000000,7,8
1,17.000000,16.028999,0.241000,-57,0.000000,7,8
1,17.000000,15.912000,0.298000,-56,0.000000,7,8
1,17.000000,15.931000,0.286000,-56,0.000000,7,8
1,17.000000,15.853000,0.256000,-57,0.000000,7,8
1,17.000000,15.931000,0.252000,-56,0.000000,7,8
1,17.000000,15.971000,0.251000,-57,0.000000,7,8
1,17.000000,15.951000,0.328000,-57,0.000000,7,8
1,17.000000,15.912000,0.242000,-57,0.000000,7,8
1,17.000000,15.932000,0.279000,-57,0.000000,7,8
1,17.000000,15.775000,0.409000,-56,0.000000,7,8
1,17.000000,15.814000,0.318000,-56,0.000000,7,8
1,17.000000,15.892000,0.232000,-56,0.000000,7,8
1,17.000000,15.834000,0.396000,-57,0.000000,7,8
1,17.000000,15.970000,0.299000,-56,0.000000,7,8
1,17.000000,15.990000,0.228000,-57,0.000000,7,8
1,17.000000,15.951000,0.285000,-57,0.000000,7,8
1,17.000000,16.028999,0.259000,-57,0.000000,7,8
1,17.000000,15.834000,0.335000,-56,0.000000,7,8
1,17.000000,15.795000,0.311000,-57,0.000000,7,8
1,17.000000,15.834000,0.315000,-57,0.000000,7,8
1,17.000000,15.834000,0.319000,-57,0.000000,7,8
1,17.000000,15.912000,0.229000,-57,0.000000,7,8
1,17.000000,15.912000,0.278000,-57,0.000000,7,8
1,17.000000,15.951000,0.230000,-57,0.000000,7,8
1,17.000000,15.912000,0.272000,-57,0.000000,7,8
1,17.000000,15.892000,0.309000,-57,0.000000,7,8
1,17.000000,15.990000,0.299000,-57,0.000000,7,8
1,17.000000,15.932000,0.249000,-57,0.000000,7,8
1,17.000000,15.971000,0.296000,-57,0.000000,7,8
1,17.000000,16.010000,0.274000,-56,0.000000,7,8
1,17.000000,16.049000,0.202000,-57,0.000000,7,8
1,17.000000,15.892000,0.341000,-57,0.000000,7,8
1,17.000000,15.697000,0.331000,-57,0.000000,7,8
1,17.000000,15.971000,0.309000,-57,0.000000,7,8
1,17.000000,15.892000,0.234000,-57,0.000000,7,8
1,17.000000,15.912000,0.356000,-56,0.000000,7,8
1,17.000000,16.049000,0.274000,-57,0.000000,7,8
1,17.000000,15.814000,0.287000,-57,0.000000,7,8
1,17.000000,15.775000,0.294000,-57,0.000000,7,8
1,17.000000,15.717000,0.386000,-57,0.000000,7,8
1,17.000000,15.814000,0.320000,-57,0.000000,7,8
1,17.000000,15.873000,0.311000,-57,0.000000,7,8
1,17.000000,15.912000,0.323000,-57,0.000000,7,8
1,17.000000,15.756000,0.302000,-57,0.000000,7,8
1,17.000000,15.931000,0.327000,-56,0.000000,7,8
1,17.000000,16.107000,0.177000,-57,0.000000,7,8
1,17.000000,15.814000,0.354000,-56,0.000000,7,8
1,17.000000,15.795000,0.318000,-56,0.000000,7,8
1,17.000000,15.834000,0.333000,-57,0.000000,7,8
1,17.000000,15.931000,0.272000,-57,0.000000,7,8
1,17.000000,15.931000,0.190000,-57,0.000000,7,8
1,17.000000,15.853000,0.310000,-57,0.000000,7,8
1,17.000000,15.834000,0.344000,-57,0.000000,7,8
1,17.000000,15.795000,0.346000,-57,0.000000,7,8
1,17.000000,15.834000,0.312000,-57,0.000000,7,8
1,17.000000,15.736000,0.360000,-57,0.000000,7,8
1,17.000000,15.892000,0.254000,-57,0.000000,7,8
1,17.000000,15.990000,0.239000,-57,0.000000,7,8
1,17.000000,15.697000,0.409000,-57,0.000000,7,8
1,17.000000,15.795000,0.281000,-56,0.000000,7,8
1,17.000000,15.736000,0.375000,-57,0.000000,7,8
1,17.000000,15.834000,0.322000,-57,0.000000,7,8
1,17.000000,15.834000,0.300000,-57,0.000000,7,8
1,17.000000,15.971000,0.229000,-56,0.000000,7,8
1,17.000000,15.990000,0.232000,-57,0.000000,7,8
1,17.000000,15.931000,0.336000,-56,0.000000,7,8
1,17.000000,15.775000,0.405000,-56,0.000000,7,8
1,17.000000,15.834000,0.272000,-57,0.000000,7,8
1,17.000000,15.834000,0.375000,-57,0.000000,7,8
1,17.000000,15.892000,0.313000,-56,0.000000,7,8
1,17.000000,15.931000,0.308000,-57,0.000000,7,8
1,17.000000,15.756000,0.337000,-56,0.000000,7,8
1,17.000000,15.756000,0.382000,-57,0.000000,7,8
1,17.000000,15.912000,0.266000,-57,0.000000,7,8
1,17.000000,15.951000,0.325000,-56,0.000000,7,8
1,17.000000,15.951000,0.252000,-57,0.000000,7,8
1,17.000000,15.951000,0.382000,-57,0.000000,7,8
1,17.000000,15.853000,0.271000,-57,0.000000,7,8
1,17.000000,15.892000,0.308000,-57,0.000000,7,8
1,17.000000,15.892000,0.302000,-56,0.000000,7,8
1,17.000000,15.873000,0.364000,-56,0.000000,7,8
1,17.000000,15.795000,0.433000,-57,0.000000,7,8
1,17.000000,15.834000,0.339000,-57,0.000000,7,8
1,17.000000,15.756000,0.307000,-57,0.000000,7,8
1,17.000000,15.873000,0.353000,-57,0.000000,7,8
1,17.000000,15.834000,0.346000,-57,0.000000,7,8
1,17.000000,15.717000,0.394000,-57,0.000000,7,8
1,17.000000,15.834000,0.299000,-57,0.000000,7,8
1,17.000000,15.951000,0.250000,-57,0.000000,7,8
1,17.000000,15.736000,0.402000,-57,0.000000,7,8
1,17.000000,15.814000,0.383000,-57,0.000000,7,8
1,17.000000,15.678000,0.433000,-57,0.000000,7,8
1,17.000000,15.814000,0.300000,-57,0.000000,7,8
1,17.000000,15.853000,0.321000,-57,0.000000,7,8
1,17.000000,16.146000,0.213000,-57,0.000000,7,8
1,17.000000,15.834000,0.293000,-57,0.000000,7,8
1,17.000000,16.010000,0.298000,-57,0.000000,7,8
1,17.000000,15.931000,0.372000,-56,0.000000,7,8
1,17.000000,15.814000,0.342000,-57,0.000000,7,8
1,17.000000,15.912000,0.363000,-57,0.000000,7,8
1,17.000000,15.931000,0.320000,-56,0.000000,7,8
1,17.000000,15.834000,0.370000,-56,0.000000,7,8
1,17.000000,15.697000,0.416000,-56,0.000000,7,8
1,17.000000,15.814000,0.351000,-57,0.000000,7,8
1,17.000000,15.814000,0.375000,-57,0.000000,7,8
1,17.000000,15.795000,0.469000,-57,0.000000,7,8
1,17.000000,15.795000,0.337000,-57,0.000000,7,8
1,17.000000,15.853000,0.324000,-57,0.000000,7,8
1,17.000000,15.639000,0.475000,-57,0.000000,7,8
1,17.000000,15.892000,0.287000,-56,0.000000,7,8
1,17.000000,15.795000,0.342000,-57,0.000000,7,8
1,17.000000,15.600000,0.445000,-57,0.000000,7,8
1,17.000000,15.756000,0.404000,-57,0.000000,7,8
1,17.000000,15.756000,0.434000,-57,0.000000,7,8
1,17.000000,15.795000,0.371000,-57,0.000000,7,8
1,17.000000,15.814000,0.394000,-57,0.000000,7,8
1,17.000000,15.814000,0.349000,-57,0.000000,7,8
1,17.000000,15.775000,0.370000,-57,0.000000,7,8
1,17.000000,15.756000,0.330000,-57,0.000000,7,8
1,17.000000,15.931000,0.394000,-57,0.000000,7,8
1,17.000000,15.775000,0.401000,-56,0.000000,7,8
1,17.000000,15.756000,0.353000,-57,0.000000,7,8
1,17.000000,15.756000,0.358000,-57,0.000000,7,8
1,17.000000,15.697000,0.446000,-57,0.000000,7,8
1,17.000000,15.678000,0.423000,-58,0.000000,7,8
1,17.000000,15.951000,0.213000,-57,0.000000,7,8
1,17.000000,15.756000,0.379000,-57,0.000000,7,8
1,17.000000,15.892000,0.296000,-57,0.000000,7,8
1,17.000000,15.814000,0.317000,-57,0.000000,7,8
1,17.000000,15.892000,0.264000,-57,0.000000,7,8
1,17.000000,15.775000,0.411000,-57,0.000000,7,8
1,17.000000,15.736000,0.406000,-57,0.000000,7,8
1,17.000000,15.717000,0.434000,-57,0.000000,7,8
1,17.000000,15.521000,0.489000,-57,0.000000,7,8
1,17.000000,15.853000,0.370000,-57,0.000000,7,8
1,17.000000,15.775000,0.398000,-57,0.000000,7,8
1,17.000000,15.853000,0.349000,-57,0.000000,7,8
1,17.000000,15.678000,0.406000,-57,0.000000,7,8
1,17.000000,15.717000,0.416000,-58,0.000000,7,8
1,17.000000,15.678000,0.402000,-57,0.000000,7,8
1,17.000000,15.814000,0.363000,-58,0.000000,7,8
1,17.000000,15.775000,0.364000,-57,0.000000,7,8
1,17.000000,15.873000,0.387000,-57,0.000000,7,8
1,17.000000,15.795000,0.399000,-57,0.000000,7,8
1,17.000000,15.717000,0.360000,-57,0.000000,7,8
1,17.000000,15.756000,0.373000,-57,0.000000,7,8
1,17.000000,15.873000,0.337000,-57,0.000000,7,8
1,17.000000,15.834000,0.408000,-57,0.000000,7,8
1,17.000000,15.736000,0.397000,-57,0.000000,7,8
1,17.000000,15.834000,0.297000,-57,0.000000,7,8
1,17.000000,15.971000,0.303000,-57,0.000000,7,8
1,17.000000,15.756000,0.436000,-57,0.000000,7,8
1,17.000000,15.795000,0.345000,-57,0.000000,7,8
1,17.000000,15.814000,0.344000,-57,0.000000,7,8
1,17.000000,15.834000,0.328000,-57,0.000000,7,8
1,17.000000,15.795000,0.307000,-57,0.000000,7,8
1,17.000000,15.697000,0.430000,-57,0.000000,7,8
1,17.000000,15.756000,0.343000,-57,0.000000,7,8
1,17.000000,15.756000,0.351000,-57,0.000000,7,8
1,17.000000,15.639000,0.391000,-57,0.000000,7,8
1,17.000000,15.775000,0.338000,-57,0.000000,7,8
1,17.000000,15.834000,0.328000,-57,0.000000,7,8
1,17.000000,15.814000,0.346000,-58,0.000000,7,8
1,17.000000,15.736000,0.331000,-58,0.000000,7,8
1,17.000000,15.834000,0.350000,-57,0.000000,7,8
1,17.000000,15.717000,0.329000,-57,0.000000,7,8
1,17.000000,15.795000,0.395000,-57,0.000000,7,8
1,17.000000,15.795000,0.420000,-57,0.000000,7,8
1,17.000000,15.678000,0.408000,-57,0.000000,7,8
1,17.000000,15.658000,0.404000,-57,0.000000,7,8
1,17.000000,15.814000,0.323000,-57,0.000000,7,8
1,17.000000,16.049000,0.285000,-57,0.000000,7,8
1,17.000000,15.873000,0.385000,-57,0.000000,7,8
1,17.000000,15.990000,0.276000,-57,0.000000,7,8
1,17.000000,15.795000,0.333000,-58,0.000000,7,8
1,17.000000,15.658000,0.442000,-58,0.000000,7,8
1,17.000000,15.853000,0.416000,-57,0.000000,7,8
1,17.000000,15.600000,0.416000,-57,0.000000,7,8
1,17.000000,15.775000,0.354000,-57,0.000000,7,8
1,17.000000,15.697000,0.482000,-57,0.000000,7,8
1,17.000000,15.853000,0.314000,-57,0.000000,7,8
1,17.000000,15.912000,0.270000,-57,0.000000,7,8
1,17.000000,15.756000,0.376000,-57,0.000000,7,8
1,17.000000,15.736000,0.378000,-57,0.000000,7,8
1,17.000000,15.658000,0.415000,-57,0.000000,7,8
1,17.000000,15.892000,0.309000,-57,0.000000,7,8
1,17.000000,15.600000,0.431000,-57,0.000000,7,8
1,17.000000,15.717000,0.368000,-57,0.000000,7,8
1,17.000000,15.834000,0.394000,-57,0.000000,7,8
1,17.000000,15.970000,0.305000,-57,0.000000,7,8
1,17.000000,15.814000,0.341000,-57,0.000000,7,8
1,17.000000,15.756000,0.404000,-57,0.000000,7,8
1,17.000000,15.853000,0.310000,-57,0.000000,7,8
1,17.000000,15.814000,0.380000,-57,0.000000,7,8
1,17.000000,15.834000,0.381000,-57,0.000000,7,8
1,17.000000,15.678000,0.395000,-57,0.000000,7,8
1,17.000000,15.990000,0.309000,-57,0.000000,7,8
1,17.000000,15.951000,0.301000,-57,0.000000,7,8
1,17.000000,15.795000,0.328000,-57,0.000000,7,8
1,17.000000,15.853000,0.345000,-57,0.000000,7,8
1,17.000000,15.853000,0.353000,-57,0.000000,7,8
1,17.000000,15.853000,0.285000,-57,0.000000,7,8
1,17.000000,15.853000,0.408000,-56,0.000000,7,8
1,17.000000,15.834000,0.322000,-57,0.000000,7,8
1,17.000000,15.717000,0.490000,-57,0.000000,7,8
1,17.000000,15.756000,0.383000,-57,0.000000,7,8
1,17.000000,15.775000,0.400000,-57,0.000000,7,8
1,17.000000,15.697000,0.454000,-56,0.000000,7,8
1,17.000000,15.951000,0.314000,-56,0.000000,7,8
1,17.000000,15.697000,0.477000,-56,0.000000,7,8
1,17.000000,15.756000,0.391000,-57,0.000000,7,8
1,17.000000,15.795000,0.422000,-57,0.000000,7,8
1,17.000000,15.951000,0.285000,-56,0.000000,7,8
1,17.000000,15.736000,0.385000,-57,0.000000,7,8
1,17.000000,15.736000,0.433000,-57,0.000000,7,8
1,17.000000,15.775000,0.400000,-57,0.000000,7,8
1,17.000000,15.814000,0.373000,-56,0.000000,7,8
1,17.000000,15.775000,0.407000,-57,0.000000,7,8
1,17.000000,15.541000,0.444000,-57,0.000000,7,8
1,17.000000,15.717000,0.414000,-57,0.000000,7,8
1,17.000000,15.834000,0.316000,-57,0.000000,7,8
1,17.000000,15.678000,0.439000,-57,0.000000,7,8
1,17.000000,15.892000,0.322000,-57,0.000000,7,8
1,17.000000,15.775000,0.386000,-57,0.000000,7,8
1,17.000000,15.873000,0.352000,-57,0.000000,7,8
1,17.000000,15.853000,0.276000,-57,0.000000,7,8
1,17.000000,15.639000,0.407000,-57,0.000000,7,8
1,17.000000,15.834000,0.307000,-57,0.000000,7,8
1,17.000000,15.756000,0.378000,-57,0.000000,7,8
1,17.000000,15.658000,0.439000,-57,0.000000,7,8
1,17.000000,15.658000,0.402000,-57,0.000000,7,8
1,17.000000,15.775000,0.377000,-57,0.000000,7,8
1,17.000000,15.873000,0.333000,-57,0.000000,7,8
1,17.000000,15.912000,0.304000,-57,0.000000,7,8
1,17.000000,15.912000,0.278000,-57,0.000000,7,8
1,17.000000,15.834000,0.319000,-57,0.000000,7,8
1,17.000000,15.775000,0.384000,-57,0.000000,7,8
1,17.000000,15.795000,0.294000,-57,0.000000,7,8
1,17.000000,15.717000,0.427000,-58,0.000000,7,8
1,17.000000,15.834000,0.325000,-57,0.000000,7,8
1,17.000000,15.931000,0.219000,-57,0.000000,7,8
1,17.000000,15.834000,0.315000,-57,0.000000,7,8
1,17.000000,15.756000,0.327000,-57,0.000000,7,8
1,17.000000,15.892000,0.297000,-57,0.000000,7,8
1,17.000000,15.951000,0.330000,-57,0.000000,7,8
1,17.000000,15.639000,0.487000,-57,0.000000,7,8
1,17.000000,15.775000,0.346000,-57,0.000000,7,8
1,17.000000,15.639000,0.409000,-57,0.000000,7,8
1,17.000000,15.873000,0.338000,-57,0.000000,7,8
1,17.000000,16.049000,0.258000,-57,0.000000,7,8
1,17.000000,15.873000,0.414000,-57,0.000000,7,8
1,17.000000,15.795000,0.387000,-57,0.000000,7,8
1,17.000000,15.717000,0.439000,-57,0.000000,7,8
1,17.000000,15.678000,0.395000,-57,0.000000,7,8
1,17.000000,15.775000,0.443000,-57,0.000000,7,8
1,17.000000,15.873000,0.397000,-56,0.000000,7,8
1,17.000000,15.931000,0.337000,-57,0.000000,7,8
1,17.000000,15.717000,0.401000,-57,0.000000,7,8
1,17.000000,15.814000,0.344000,-57,0.000000,7,8
1,17.000000,15.717000,0.401000,-57,0.000000,7,8
1,17.000000,15.795000,0.438000,-57,0.000000,7,8
1,17.000000,15.834000,0.345000,-57,0.000000,7,8
1,17.000000,15.795000,0.321000,-57,0.000000,7,8
1,17.000000,15.834000,0.347000,-57,0.000000,7,8
1,17.000000,15.658000,0.452000,-57,0.000000,7,8
1,17.000000,15.697000,0.430000,-57,0.000000,7,8
1,17.000000,15.717000,0.428000,-57,0.000000,7,8
1,17.000000,15.678000,0.420000,-57,0.000000,7,8
1,17.000000,15.814000,0.324000,-57,0.000000,7,8
1,17.000000,15.697000,0.423000,-57,0.000000,7,8
1,17.000000,15.756000,0.380000,-57,0.000000,7,8
1,17.000000,15.717000,0.410000,-57,0.000000,7,8
1,17.000000,15.775000,0.424000,-57,0.000000,7,8
1,17.000000,15.736000,0.414000,-57,0.000000,7,8
1,17.000000,15.814000,0.356000,-57,0.000000,7,8
1,17.000000,15.795000,0.334000,-57,0.000000,7,8
1,17.000000,15.853000,0.404000,-57,0.000000,7,8
1,17.000000,15.795000,0.410000,-57,0.000000,7,8
1,17.000000,15.814000,0.361000,-57,0.000000,7,8
1,17.000000,15.736000,0.450000,-57,0.000000,7,8
1,17.000000,15.736000,0.403000,-57,0.000000,7,8
1,17.000000,15.697000,0.388000,-57,0.000000,7,8
1,17.000000,15.678000,0.325000,-57,0.000000,7,8
1,17.000000,15.775000,0.340000,-57,0.000000,7,8
1,17.000000,15.795000,0.379000,-57,0.000000,7,8
1,17.000000,15.756000,0.404000,-57,0.000000,7,8
1,17.000000,15.912000,0.361000,-57,0.000000,7,8
1,17.000000,15.814000,0.402000,-57,0.000000,7,8
1,17.000000,15.600000,0.483000,-57,0.000000,7,8
1,17.000000,15.756000,0.398000,-58,0.000000,7,8
1,17.000000,15.775000,0.433000,-57,0.000000,7,8
1,17.000000,15.834000,0.364000,-57,0.000000,7,8
1,17.000000,15.775000,0.388000,-57,0.000000,7,8
1,17.000000,15.873000,0.279000,-57,0.000000,7,8
1,17.000000,15.873000,0.319000,-57,0.000000,7,8
1,17.000000,15.697000,0.427000,-57,0.000000,7,8
1,17.000000,15.639000,0.423000,-57,0.000000,7,8
1,17.000000,15.678000,0.338000,-58,0.000000,7,8
1,17.000000,15.853000,0.330000,-57,0.000000,7,8
1,17.000000,15.892000,0.367000,-57,0.000000,7,8
1,17.000000,15.912000,0.253000,-57,0.000000,7,8
1,17.000000,15.795000,0.364000,-57,0.000000,7,8
1,17.000000,15.717000,0.358000,-57,0.000000,7,8
1,17.000000,15.678000,0.401000,-56,0.000000,7,8
1,17.000000,15.697000,0.468000,-57,0.000000,7,8
1,17.000000,15.814000,0.383000,-57,0.000000,7,8
1,17.000000,15.717000,0.408000,-57,0.000000,7,8
1,17.000000,15.736000,0.374000,-57,0.000000,7,8
1,17.000000,15.678000,0.471000,-57,0.000000,7,8
1,17.000000,15.873000,0.364000,-57,0.000000,7,8
1,17.000000,15.736000,0.451000,-57,0.000000,7,8
1,17.000000,15.736000,0.386000,-57,0.000000,7,8
1,17.000000,15.853000,0.320000,-57,0.000000,7,8
1,17.000000,15.619000,0.425000,-57,0.000000,7,8
1,17.000000,15.775000,0.378000,-57,0.000000,7,8
1,17.000000,15.580000,0.501000,-57,0.000000,7,8
1,17.000000,15.580000,0.520000,-57,0.000000,7,8
1,17.000000,15.639000,0.432000,-57,0.000000,7,8
1,17.000000,15.736000,0.374000,-57,0.000000,7,8
1,17.000000,15.853000,0.369000,-57,0.000000,7,8
1,17.000000,15.658000,0.456000,-57,0.000000,7,8
1,17.000000,15.717000,0.477000,-57,0.000000,7,8
1,17.000000,15.756000,0.408000,-57,0.000000,7,8
1,17.000000,15.658000,0.455000,-57,0.000000,7,8
1,17.000000,15.717000,0.357000,-57,0.000000,7,8
1,17.000000,15.658000,0.425000,-57,0.000000,7,8
1,17.000000,15.756000,0.404000,-57,0.000000,7,8
1,17.000000,15.756000,0.333000,-57,0.000000,7,8
1,17.000000,15.619000,0.537000,-57,0.000000,7,8
1,17.000000,15.697000,0.446000,-57,0.000000,7,8
1,17.000000,15.678000,0.402000,-57,0.000000,7,8
1,17.000000,15.639000,0.494000,-58,0.000000,7,8
1,17.000000,15.912000,0.367000,-57,0.000000,7,8
1,17.000000,15.619000,0.436000,-57,0.000000,7,8
1,17.000000,15.658000,0.446000,-58,0.000000,7,8
1,17.000000,15.795000,0.416000,-57,0.000000,7,8
1,17.000000,15.678000,0.405000,-57,0.000000,7,8
1,17.000000,15.600000,0.473000,-58,0.000000,7,8
1,17.000000,15.756000,0.373000,-57,0.000000,7,8
1,17.000000,15.775000,0.312000,-57,0.000000,7,8
1,17.000000,15.580000,0.454000,-57,0.000000,7,8
1,17.000000,15.541000,0.481000,-57,0.000000,7,8
1,17.000000,15.658000,0.407000,-58,0.000000,7,8
1,17.000000,15.736000,0.395000,-57,0.000000,7,8
1,17.000000,15.853000,0.363000,-57,0.000000,7,8
1,17.000000,15.756000,0.474000,-57,0.000000,7,8
1,17.000000,15.658000,0.451000,-57,0.000000,7,8
1,17.000000,15.814000,0.410000,-57,0.000000,7,8
1,17.000000,15.756000,0.396000,-57,0.000000,7,8
1,17.000000,15.853000,0.382000,-57,0.000000,7,8
1,17.000000,15.892000,0.356000,-57,0.000000,7,8
1,17.000000,15.717000,0.460000,-57,0.000000,7,8
1,17.000000,15.775000,0.364000,-57,0.000000,7,8
1,17.000000,15.639000,0.449000,-57,0.000000,7,8
1,17.000000,15.873000,0.328000,-57,0.000000,7,8
1,17.000000,15.795000,0.387000,-57,0.000000,7,8
1,17.000000,15.658000,0.430000,-57,0.000000,7,8
1,17.000000,15.717000,0.423000,-57,0.000000,7,8
1,17.000000,15.717000,0.470000,-57,0.000000,7,8
1,17.000000,15.834000,0.372000,-57,0.000000,7,8
1,17.000000,15.795000,0.401000,-57,0.000000,7,8
1,17.000000,15.658000,0.426000,-57,0.000000,7,8
1,17.000000,15.658000,0.411000,-57,0.000000,7,8
1,17.000000,15.736000,0.502000,-57,0.000000,7,8
1,17.000000,15.795000,0.404000,-57,0.000000,7,8
1,17.000000,15.658000,0.462000,-58,0.000000,7,8
1,17.000000,15.717000,0.450000,-57,0.000000,7,8
1,17.000000,15.717000,0.385000,-57,0.000000,7,8
1,17.000000,15.736000,0.404000,-58,0.000000,7,8
1,17.000000,15.580000,0.478000,-57,0.000000,7,8
1,17.000000,15.639000,0.504000,-57,0.000000,7,8
1,17.000000,15.775000,0.452000,-57,0.000000,7,8
1,17.000000,15.697000,0.399000,-57,0.000000,7,8
1,17.000000,15.697000,0.387000,-58,0.000000,7,8
1,17.000000,15.658000,0.498000,-57,0.000000,7,8
1,17.000000,15.756000,0.460000,-57,0.000000,7,8
1,17.000000,15.678000,0.479000,-57,0.000000,7,8
1,17.000000,15.736000,0.381000,-57,0.000000,7,8
1,17.000000,15.678000,0.453000,-57,0.000000,7,8
1,17.000000,15.678000,0.462000,-57,0.000000,7,8
1,17.000000,15.619000,0.567000,-58,0.000000,7,8
1,17.000000,15.853000,0.363000,-57,0.000000,7,8
1,17.000000,15.834000,0.366000,-57,0.000000,7,8
1,17.000000,15.814000,0.330000,-57,0.000000,7,8
1,17.000000,15.736000,0.407000,-57,0.000000,7,8
1,17.000000,15.717000,0.424000,-57,0.000000,7,8
1,17.000000,15.541000,0.535000,-58,0.000000,7,8
1,17.000000,15.619000,0.567000,-57,0.000000,7,8
1,17.000000,15.756000,0.381000,-57,0.000000,7,8
1,17.000000,15.795000,0.443000,-57,0.000000,7,8
1,17.000000,15.658000,0.422000,-57,0.000000,7,8
1,17.000000,15.658000,0.485000,-57,0.000000,7,8
1,17.000000,15.678000,0.426000,-58,0.000000,7,8
1,17.000000,15.658000,0.415000,-58,0.000000,7,8
1,17.000000,15.619000,0.506000,-58,0.000000,7,8
1,17.000000,15.717000,0.431000,-57,0.000000,7,8
1,17.000000,15.717000,0.499000,-57,0.000000,7,8
1,17.000000,15.736000,0.468000,-57,0.000000,7,8
1,17.000000,15.775000,0.432000,-57,0.000000,7,8
1,17.000000,15.639000,0.518000,-57,0.000000,7,8
1,17.000000,15.678000,0.431000,-58,0.000000,7,8
1,17.000000,15.580000,0.502000,-58,0.000000,7,8
1,17.000000,15.834000,0.353000,-58,0.000000,7,8
1,17.000000,15.600000,0.536000,-58,0.000000,7,8
1,17.000000,15.600000,0.457000,-58,0.000000,7,8
1,17.000000,15.678000,0.477000,-58,0.000000,7,8
1,17.000000,15.697000,0.412000,-58,0.000000,7,8
1,17.000000,15.834000,0.416000,-57,0.000000,7,8
1,17.000000,15.619000,0.502000,-57,0.000000,7,8
1,17.000000,15.853000,0.350000,-57,0.000000,7,8
1,17.000000,15.639000,0.433000,-57,0.000000,7,8
1,17.000000,15.599000,0.423000,-58,0.000000,7,8
1,17.000000,15.717000,0.445000,-58,0.000000,7,8
1,17.000000,15.678000,0.422000,-58,0.000000,7,8
1,17.000000,15.639000,0.455000,-57,0.000000,7,8
1,17.000000,15.580000,0.512000,-58,0.000000,7,8
1,17.000000,15.619000,0.465000,-57,0.000000,7,8
1,17.000000,15.658000,0.407000,-57,0.000000,7,8
1,17.000000,15.639000,0.493000,-57,0.000000,7,8
1,17.000000,15.639000,0.453000,-58,0.000000,7,8
1,17.000000,15.736000,0.451000,-57,0.000000,7,8
1,17.000000,15.736000,0.402000,-57,0.000000,7,8
1,17.000000,15.658000,0.431000,-58,0.000000,7,8
1,17.000000,15.697000,0.428000,-57,0.000000,7,8
1,17.000000,15.775000,0.359000,-57,0.000000,7,8
1,17.000000,15.853000,0.371000,-57,0.000000,7,8
1,17.000000,15.736000,0.433000,-58,0.000000,7,8
1,17.000000,15.756000,0.436000,-57,0.000000,7,8
1,17.000000,15.658000,0.457000,-57,0.000000,7,8
1,17.000000,15.541000,0.473000,-58,0.000000,7,8
1,17.000000,15.717000,0.414000,-58,0.000000,7,8
1,17.000000,15.639000,0.453000,-58,0.000000,7,8
1,17.000000,15.697000,0.478000,-57,0.000000,7,8
1,17.000000,15.678000,0.402000,-58,0.000000,7,8
1,17.000000,15.697000,0.434000,-58,0.000000,7,8
1,17.000000,15.600000,0.507000,-57,0.000000,7,8
1,17.000000,15.736000,0.460000,-57,0.000000,7,8
1,17.000000,15.600000,0.501000,-57,0.000000,7,8
1,17.000000,15.580000,0.469000,-57,0.000000,7,8
1,17.000000,15.541000,0.522000,-57,0.000000,7,8
1,17.000000,15.639000,0.518000,-58,0.000000,7,8
1,17.000000,15.658000,0.489000,-57,0.000000,7,8
1,17.000000,15.736000,0.478000,-57,0.000000,7,8
1,17.000000,15.560000,0.533000,-57,0.000000,7,8
1,17.000000,15.619000,0.452000,-57,0.000000,7,8
1,17.000000,15.678000,0.461000,-57,0.000000,7,8
1,17.000000,15.619000,0.485000,-58,0.000000,7,8
1,17.000000,15.678000,0.459000,-57,0.000000,7,8
1,17.000000,15.892000,0.355000,-57,0.000000,7,8
1,17.000000,15.970000,0.312000,-57,0.000000,7,8
1,17.000000,15.639000,0.477000,-57,0.000000,7,8
1,17.000000,15.853000,0.374000,-57,0.000000,7,8
1,17.000000,15.775000,0.427000,-57,0.000000,7,8
1,17.000000,15.775000,0.431000,-57,0.000000,7,8
1,17.000000,15.814000,0.392000,-57,0.000000,7,8
1,17.000000,15.639000,0.506000,-57,0.000000,7,8
1,17.000000,15.619000,0.447000,-57,0.000000,7,8
1,17.000000,15.658000,0.429000,-58,0.000000,7,8
1,17.000000,15.600000,0.511000,-58,0.000000,7,8
1,17.000000,15.873000,0.366000,-57,0.000000,7,8
1,17.000000,15.873000,0.382000,-57,0.000000,7,8
1,17.000000,15.853000,0.358000,-57,0.000000,7,8
1,17.000000,15.756000,0.425000,-57,0.000000,7,8
1,17.000000,15.834000,0.326000,-58,0.000000,7,8
1,17.000000,15.580000,0.473000,-57,0.000000,7,8
1,17.000000,15.736000,0.341000,-58,0.000000,7,8
1,17.000000,15.795000,0.319000,-58,0.000000,7,8
1,17.000000,15.912000,0.316000,-57,0.000000,7,8
1,17.000000,15.756000,0.406000,-57,0.000000,7,8
1,17.000000,15.775000,0.285000,-57,0.000000,7,8
1,17.000000,15.775000,0.325000,-58,0.000000,7,8
1,17.000000,15.717000,0.411000,-57,0.000000,7,8
1,17.000000,15.873000,0.321000,-57,0.000000,7,8
1,17.000000,15.873000,0.325000,-57,0.000000,7,8
1,17.000000,15.873000,0.302000,-57,0.000000,7,8
1,17.000000,15.951000,0.245000,-57,0.000000,7,8
1,17.000000,15.756000,0.367000,-57,0.000000,7,8
1,17.000000,15.600000,0.429000,-57,0.000000,7,8
1,17.000000,15.775000,0.361000,-58,0.000000,7,8
1,17.000000,15.853000,0.282000,-58,0.000000,7,8
1,17.000000,15.697000,0.439000,-58,0.000000,7,8
1,17.000000,15.736000,0.313000,-58,0.000000,7,8
1,17.000000,15.775000,0.349000,-59,0.000000,7,8
1,17.000000,15.678000,0.299000,-58,0.000000,7,8
1,17.000000,15.853000,0.328000,-57,0.000000,7,8
1,17.000000,15.912000,0.287000,-57,0.000000,7,8
1,17.000000,15.639000,0.431000,-58,0.000000,7,8
1,17.000000,15.678000,0.391000,-58,0.000000,7,8
1,17.000000,15.717000,0.415000,-58,0.000000,7,8
1,17.000000,15.834000,0.294000,-58,0.000000,7,8
1,17.000000,15.717000,0.382000,-58,0.000000,7,8
1,17.000000,15.756000,0.384000,-58,0.000000,7,8
1,17.000000,15.892000,0.208000,-57,0.000000,7,8
1,17.000000,15.853000,0.305000,-57,0.000000,7,8
1,17.000000,15.873000,0.299000,-57,0.000000,7,8
1,17.000000,15.795000,0.361000,-58,0.000000,7,8
1,17.000000,15.814000,0.319000,-58,0.000000,7,8
1,17.000000,15.931000,0.350000,-59,0.000000,7,8
1,17.000000,15.853000,0.285000,-59,0.000000,7,8
1,17.000000,15.775000,0.319000,-59,0.000000,7,8
1,17.000000,15.853000,0.295000,-58,0.000000,7,8
1,17.000000,15.931000,0.306000,-58,0.000000,7,8
1,17.000000,15.834000,0.264000,-58,0.000000,7,8
1,17.000000,16.028999,0.263000,-57,0.000000,7,8
1,17.000000,15.814000,0.396000,-58,0.000000,7,8
1,17.000000,15.736000,0.427000,-58,0.000000,7,8
1,17.000000,15.814000,0.287000,-58,0.000000,7,8
1,17.000000,15.834000,0.386000,-57,0.000000,7,8
1,17.000000,15.717000,0.389000,-57,0.000000,7,8
1,17.000000,15.775000,0.333000,-57,0.000000,7,8
1,17.000000,15.658000,0.354000,-57,0.000000,7,8
1,17.000000,15.639000,0.445000,-58,0.000000,7,8
1,17.000000,15.775000,0.295000,-58,0.000000,7,8
1,17.000000,15.795000,0.361000,-58,0.000000,7,8
1,17.000000,15.912000,0.299000,-57,0.000000,7,8
1,17.000000,15.795000,0.334000,-57,0.000000,7,8
1,17.000000,15.892000,0.299000,-57,0.000000,7,8
1,17.000000,15.697000,0.396000,-57,0.000000,7,8
1,17.000000,15.717000,0.363000,-58,0.000000,7,8
1,17.000000,15.736000,0.318000,-58,0.000000,7,8
1,17.000000,15.814000,0.296000,-58,0.000000,7,8
1,17.000000,15.775000,0.407000,-57,0.000000,7,8
1,17.000000,15.931000,0.231000,-57,0.000000,7,8
1,17.000000,15.834000,0.298000,-57,0.000000,7,8
1,17.000000,15.658000,0.410000,-57,0.000000,7,8
1,17.000000,15.814000,0.313000,-57,0.000000,7,8
1,17.000000,15.834000,0.281000,-58,0.000000,7,8
1,17.000000,15.834000,0.277000,-57,0.000000,7,8
1,17.000000,15.775000,0.330000,-58,0.000000,7,8
1,17.000000,15.873000,0.279000,-57,0.000000,7,8
1,17.000000,15.736000,0.402000,-58,0.000000,7,8
1,17.000000,15.756000,0.335000,-57,0.000000,7,8
1,17.000000,15.736000,0.324000,-57,0.000000,7,8
1,17.000000,15.795000,0.374000,-58,0.000000,7,8
1,17.000000,15.834000,0.328000,-58,0.000000,7,8
1,17.000000,15.795000,0.402000,-57,0.000000,7,8
1,17.000000,15.814000,0.353000,-57,0.000000,7,8
1,17.000000,15.736000,0.482000,-57,0.000000,7,8
1,17.000000,15.658000,0.454000,-57,0.000000,7,8
1,17.000000,15.795000,0.367000,-57,0.000000,7,8
1,17.000000,15.736000,0.435000,-58,0.000000,7,8
1,17.000000,15.678000,0.507000,-57,0.000000,7,8
1,17.000000,15.717000,0.353000,-58,0.000000,7,8
1,17.000000,15.951000,0.282000,-57,0.000000,7,8
1,17.000000,15.814000,0.390000,-57,0.000000,7,8
1,17.000000,15.775000,0.408000,-57,0.000000,7,8
1,17.000000,15.639000,0.505000,-57,0.000000,7,8
1,17.000000,15.775000,0.351000,-58,0.000000,7,8
1,17.000000,15.775000,0.321000,-58,0.000000,7,8
1,17.000000,15.775000,0.362000,-58,0.000000,7,8
1,17.000000,15.814000,0.377000,-57,0.000000,7,8
1,17.000000,15.736000,0.436000,-57,0.000000,7,8
1,17.000000,15.834000,0.384000,-58,0.000000,7,8
1,17.000000,15.756000,0.363000,-58,0.000000,7,8
1,17.000000,15.658000,0.473000,-58,0.000000,7,8
1,17.000000,15.795000,0.328000,-58,0.000000,7,8
1,17.000000,15.717000,0.399000,-58,0.000000,7,8
1,17.000000,15.775000,0.320000,-58,0.000000,7,8
1,17.000000,15.619000,0.419000,-58,0.000000,7,8
1,17.000000,15.814000,0.401000,-58,0.000000,7,8
1,17.000000,15.756000,0.376000,-58,0.000000,7,8
1,17.000000,15.775000,0.337000,-58,0.000000,7,8
1,17.000000,15.834000,0.320000,-57,0.000000,7,8
1,17.000000,15.873000,0.281000,-57,0.000000,7,8
1,17.000000,15.814000,0.288000,-58,0.000000,7,8
1,17.000000,15.795000,0.312000,-58,0.000000,7,8
1,17.000000,15.814000,0.364000,-58,0.000000,7,8
1,17.000000,15.658000,0.400000,-57,0.000000,7,8
1,17.000000,15.892000,0.302000,-57,0.000000,7,8
1,17.000000,15.658000,0.389000,-58,0.000000,7,8
1,17.000000,15.873000,0.277000,-57,0.000000,7,8
1,17.000000,15.775000,0.341000,-57,0.000000,7,8
1,17.000000,15.931000,0.383000,-57,0.000000,7,8
1,17.000000,15.736000,0.376000,-57,0.000000,7,8
1,17.000000,15.756000,0.422000,-58,0.000000,7,8
1,17.000000,15.736000,0.469000,-58,0.000000,7,8
1,17.000000,15.756000,0.315000,-58,0.000000,7,8
1,17.000000,15.795000,0.317000,-58,0.000000,7,8
1,17.000000,15.697000,0.422000,-57,0.000000,7,8
1,17.000000,15.736000,0.283000,-57,0.000000,7,8
1,17.000000,15.814000,0.340000,-58,0.000000,7,8
1,17.000000,15.892000,0.308000,-57,0.000000,7,8
1,17.000000,15.795000,0.341000,-57,0.000000,7,8
1,17.000000,15.873000,0.305000,-57,0.000000,7,8
1,17.000000,15.697000,0.320000,-57,0.000000,7,8
1,17.000000,15.756000,0.404000,-57,0.000000,7,8
1,17.000000,15.814000,0.382000,-57,0.000000,7,8
1,17.000000,15.814000,0.305000,-57,0.000000,7,8
1,17.000000,15.853000,0.355000,-57,0.000000,7,8
1,17.000000,15.795000,0.387000,-57,0.000000,7,8
1,17.000000,15.892000,0.244000,-57,0.000000,7,8
1,17.000000,15.736000,0.480000,-58,0.000000,7,8
1,17.000000,15.873000,0.325000,-57,0.000000,7,8
1,17.000000,15.795000,0.403000,-57,0.000000,7,8
1,17.000000,15.873000,0.276000,-57,0.000000,7,8
1,17.000000,15.834000,0.309000,-57,0.000000,7,8
1,17.000000,15.775000,0.296000,-57,0.000000,7,8
1,17.000000,15.853000,0.360000,-58,0.000000,7,8
1,17.000000,15.853000,0.259000,-58,0.000000,7,8
1,17.000000,15.736000,0.423000,-58,0.000000,7,8
1,17.000000,15.971000,0.282000,-58,0.000000,7,8
1,17.000000,15.775000,0.386000,-57,0.000000,7,8
1,17.000000,15.756000,0.408000,-57,0.000000,7,8
1,17.000000,15.697000,0.445000,-58,0.000000,7,8
1,17.000000,15.717000,0.444000,-58,0.000000,7,8
1,17.000000,15.795000,0.364000,-58,0.000000,7,8
1,17.000000,15.892000,0.304000,-58,0.000000,7,8
1,17.000000,15.873000,0.399000,-58,0.000000,7,8
1,17.000000,15.775000,0.305000,-58,0.000000,7,8
1,17.000000,15.853000,0.351000,-57,0.000000,7,8
1,17.000000,15.834000,0.333000,-57,0.000000,7,8
1,17.000000,15.717000,0.405000,-58,0.000000,7,8
1,17.000000,15.834000,0.375000,-58,0.000000,7,8
1,17.000000,15.795000,0.314000,-58,0.000000,7,8
1,17.000000,15.873000,0.365000,-57,0.000000,7,8
1,17.000000,15.853000,0.331000,-57,0.000000,7,8
1,17.000000,15.795000,0.301000,-57,0.000000,7,8
1,17.000000,15.795000,0.368000,-57,0.000000,7,8
1,17.000000,15.795000,0.347000,-57,0.000000,7,8
1,17.000000,15.697000,0.375000,-57,0.000000,7,8
1,17.000000,15.795000,0.376000,-57,0.000000,7,8
1,17.000000,15.795000,0.389000,-58,0.000000,7,8
1,17.000000,15.873000,0.315000,-57,0.000000,7,8
1,17.000000,15.697000,0.410000,-57,0.000000,7,8
1,17.000000,15.990000,0.230000,-58,0.000000,7,8
1,17.000000,15.814000,0.322000,-57,0.000000,7,8
1,17.000000,15.912000,0.254000,-57,0.000000,7,8
1,17.000000,15.736000,0.362000,-57,0.000000,7,8
1,17.000000,15.814000,0.350000,-57,0.000000,7,8
1,17.000000,15.834000,0.336000,-57,0.000000,7,8
1,17.000000,15.736000,0.429000,-58,0.000000,7,8
1,17.000000,15.814000,0.355000,-58,0.000000,7,8
1,17.000000,15.775000,0.430000,-58,0.000000,7,8
1,17.000000,15.873000,0.303000,-58,0.000000,7,8
1,17.000000,15.814000,0.282000,-58,0.000000,7,8
1,17.000000,15.678000,0.400000,-58,0.000000,7,8
1,17.000000,15.678000,0.460000,-58,0.000000,7,8
1,17.000000,15.814000,0.359000,-58,0.000000,7,8
1,17.000000,15.892000,0.305000,-58,0.000000,7,8
1,17.000000,15.853000,0.357000,-58,0.000000,7,8
1,17.000000,15.814000,0.353000,-57,0.000000,7,8
1,17.000000,15.756000,0.488000,-58,0.000000,7,8
1,17.000000,15.619000,0.433000,-58,0.000000,7,8
1,17.000000,15.756000,0.346000,-58,0.000000,7,8
1,17.000000,15.736000,0.337000,-57,0.000000,7,8
1,17.000000,15.678000,0.399000,-57,0.000000,7,8
1,17.000000,15.756000,0.446000,-58,0.000000,7,8
1,17.000000,15.717000,0.353000,-58,0.000000,7,8
1,17.000000,15.736000,0.363000,-58,0.000000,7,8
1,17.000000,15.717000,0.438000,-58,0.000000,7,8
1,17.000000,15.892000,0.289000,-58,0.000000,7,8
1,17.000000,15.853000,0.377000,-58,0.000000,7,8
1,17.000000,15.795000,0.373000,-57,0.000000,7,8
1,17.000000,15.834000,0.355000,-57,0.000000,7,8
1,17.000000,15.834000,0.378000,-57,0.000000,7,8
1,17.000000,15.736000,0.300000,-57,0.000000,7,8
1,17.000000,15.756000,0.368000,-58,0.000000,7,8
1,17.000000,15.853000,0.321000,-58,0.000000,7,8
1,17.000000,15.697000,0.374000,-57,0.000000,7,8
1,17.000000,15.853000,0.313000,-57,0.000000,7,8
1,17.000000,15.814000,0.317000,-57,0.000000,7,8
1,17.000000,15.814000,0.296000,-57,0.000000,7,8
1,17.000000,15.775000,0.306000,-58,0.000000,7,8
1,17.000000,15.658000,0.361000,-58,0.000000,7,8
1,17.000000,15.639000,0.496000,-58,0.000000,7,8
1,17.000000,15.775000,0.347000,-57,0.000000,7,8
1,17.000000,15.736000,0.335000,-58,0.000000,7,8
1,17.000000,15.697000,0.407000,-57,0.000000,7,8
1,17.000000,15.853000,0.406000,-57,0.000000,7,8
1,17.000000,15.717000,0.411000,-57,0.000000,7,8
1,17.000000,15.756000,0.374000,-58,0.000000,7,8
1,17.000000,15.834000,0.316000,-58,0.000000,7,8
1,17.000000,15.873000,0.390000,-57,0.000000,7,8
1,17.000000,15.775000,0.343000,-57,0.000000,7,8
1,17.000000,15.795000,0.337000,-57,0.000000,7,8
1,17.000000,15.717000,0.455000,-57,0.000000,7,8
1,17.000000,15.834000,0.297000,-58,0.000000,7,8
1,17.000000,15.990000,0.231000,-58,0.000000,7,8
1,17.000000,15.912000,0.262000,-58,0.000000,7,8
1,17.000000,15.795000,0.316000,-58,0.000000,7,8
1,17.000000,15.834000,0.325000,-57,0.000000,7,8
1,17.000000,16.068001,0.285000,-57,0.000000,7,8
1,17.000000,15.834000,0.335000,-57,0.000000,7,8
1,17.000000,15.814000,0.469000,-58,0.000000,7,8
1,17.000000,15.717000,0.361000,-57,0.000000,7,8
1,17.000000,15.775000,0.424000,-58,0.000000,7,8
1,17.000000,15.736000,0.449000,-57,0.000000,7,8
1,17.000000,15.678000,0.397000,-57,0.000000,7,8
1,17.000000,15.717000,0.447000,-58,0.000000,7,8
1,17.000000,15.697000,0.415000,-58,0.000000,7,8
1,17.000000,15.756000,0.336000,-57,0.000000,7,8
1,17.000000,15.912000,0.327000,-57,0.000000,7,8
1,17.000000,15.814000,0.355000,-57,0.000000,7,8
1,17.000000,15.599000,0.502000,-57,0.000000,7,8
1,17.000000,15.736000,0.466000,-57,0.000000,7,8
1,17.000000,15.795000,0.354000,-57,0.000000,7,8
1,17.000000,15.658000,0.419000,-58,0.000000,7,8
1,17.000000,15.639000,0.438000,-57,0.000000,7,8
1,17.000000,15.756000,0.446000,-57,0.000000,7,8
1,17.000000,15.873000,0.295000,-57,0.000000,7,8
1,17.000000,15.717000,0.412000,-57,0.000000,7,8
1,17.000000,15.736000,0.347000,-58,0.000000,7,8
1,17.000000,15.795000,0.406000,-58,0.000000,7,8
1,17.000000,15.736000,0.342000,-58,0.000000,7,8
1,17.000000,15.873000,0.337000,-58,0.000000,7,8
1,17.000000,15.736000,0.378000,-58,0.000000,7,8
1,17.000000,15.931000,0.298000,-58,0.000000,7,8
1,17.000000,15.775000,0.369000,-58,0.000000,7,8
1,17.000000,15.795000,0.380000,-58,0.000000,7,8
1,17.000000,15.756000,0.466000,-57,0.000000,7,8
1,17.000000,15.736000,0.357000,-58,0.000000,7,8
1,17.000000,15.814000,0.297000,-58,0.000000,7,8
1,17.000000,15.853000,0.294000,-58,0.000000,7,8
1,17.000000,16.010000,0.234000,-57,0.000000,7,8
1,17.000000,15.971000,0.309000,-58,0.000000,7,8
1,17.000000,15.756000,0.296000,-57,0.000000,7,8
1,17.000000,15.795000,0.286000,-58,0.000000,7,8
1,17.000000,15.892000,0.297000,-58,0.000000,7,8
1,17.000000,15.756000,0.259000,-58,0.000000,7,8
1,17.000000,15.639000,0.357000,-58,0.000000,7,8
1,17.000000,15.892000,0.346000,-57,0.000000,7,8
1,17.000000,15.795000,0.343000,-57,0.000000,7,8
1,17.000000,15.834000,0.317000,-58,0.000000,7,8
1,17.000000,15.678000,0.401000,-58,0.000000,7,8
1,17.000000,15.639000,0.439000,-58,0.000000,7,8
1,17.000000,15.795000,0.327000,-58,0.000000,7,8
1,17.000000,15.697000,0.410000,-58,0.000000,7,8
1,17.000000,15.814000,0.429000,-58,0.000000,7,8
1,17.000000,15.892000,0.282000,-58,0.000000,7,8
1,17.000000,15.736000,0.451000,-58,0.000000,7,8
1,17.000000,15.912000,0.330000,-58,0.000000,7,8
1,17.000000,15.736000,0.339000,-58,0.000000,7,8
1,17.000000,15.775000,0.445000,-58,0.000000,7,8
1,17.000000,15.873000,0.327000,-58,0.000000,7,8
1,17.000000,15.834000,0.327000,-58,0.000000,7,8
1,17.000000,15.853000,0.231000,-58,0.000000,7,8
1,17.000000,15.795000,0.359000,-58,0.000000,7,8
1,17.000000,15.814000,0.325000,-58,0.000000,7,8
1,17.000000,15.717000,0.342000,-58,0.000000,7,8
1,17.000000,15.970000,0.369000,-58,0.000000,7,8
1,17.000000,15.736000,0.428000,-58,0.000000,7,8
1,17.000000,15.873000,0.303000,-58,0.000000,7,8
1,17.000000,15.775000,0.463000,-58,0.000000,7,8
1,17.000000,15.814000,0.408000,-57,0.000000,7,8
1,17.000000,15.775000,0.347000,-58,0.000000,7,8
1,17.000000,15.834000,0.326000,-58,0.000000,7,8
1,17.000000,15.639000,0.369000,-58,0.000000,7,8
1,17.000000,15.814000,0.370000,-58,0.000000,7,8
1,17.000000,15.951000,0.245000,-58,0.000000,7,8
1,17.000000,15.795000,0.330000,-57,0.000000,7,8
1,17.000000,15.873000,0.324000,-58,0.000000,7,8
1,17.000000,15.717000,0.382000,-57,0.000000,7,8
1,17.000000,15.775000,0.293000,-58,0.000000,7,8
1,17.000000,15.814000,0.408000,-58,0.000000,7,8
1,17.000000,15.678000,0.417000,-58,0.000000,7,8
1,17.000000,15.775000,0.303000,-58,0.000000,7,8
1,17.000000,15.834000,0.263000,-58,0.000000,7,8
1,17.000000,15.697000,0.274000,-58,0.000000,7,8
1,17.000000,15.717000,0.378000,-58,0.000000,7,8
1,17.000000,15.853000,0.265000,-57,0.000000,7,8
1,17.000000,15.775000,0.293000,-58,0.000000,7,8
1,17.000000,15.795000,0.352000,-58,0.000000,7,8
1,17.000000,15.834000,0.313000,-57,0.000000,7,8
1,17.000000,15.795000,0.334000,-58,0.000000,7,8
1,17.000000,15.853000,0.321000,-57,0.000000,7,8
1,17.000000,15.736000,0.343000,-57,0.000000,7,8
1,17.000000,15.873000,0.290000,-57,0.000000,7,8
1,17.000000,15.678000,0.346000,-57,0.000000,7,8
1,17.000000,15.775000,0.274000,-58,0.000000,7,8
1,17.000000,15.619000,0.394000,-58,0.000000,7,8
1,17.000000,15.990000,0.238000,-57,0.000000,7,8
1,17.000000,15.736000,0.395000,-57,0.000000,7,8
1,17.000000,15.990000,0.336000,-57,0.000000,7,8
1,17.000000,15.834000,0.299000,-57,0.000000,7,8
1,17.000000,15.834000,0.311000,-57,0.000000,7,8
1,17.000000,15.756000,0.331000,-57,0.000000,7,8
1,17.000000,15.717000,0.351000,-58,0.000000,7,8
1,17.000000,15.756000,0.356000,-57,0.000000,7,8
1,17.000000,15.892000,0.316000,-57,0.000000,7,8
1,17.000000,15.775000,0.382000,-58,0.000000,7,8
1,17.000000,15.873000,0.340000,-58,0.000000,7,8
1,17.000000,15.814000,0.352000,-58,0.000000,7,8
1,17.000000,15.814000,0.335000,-58,0.000000,7,8
1,17.000000,15.853000,0.306000,-57,0.000000,7,8
1,17.000000,15.717000,0.368000,-58,0.000000,7,8
1,17.000000,15.795000,0.375000,-58,0.000000,7,8
1,17.000000,15.814000,0.278000,-57,0.000000,7,8
1,17.000000,15.775000,0.335000,-58,0.000000,7,8
1,17.000000,15.814000,0.335000,-58,0.000000,7,8
1,17.000000,15.795000,0.337000,-58,0.000000,7,8
1,17.000000,15.775000,0.352000,-58,0.000000,7,8
1,17.000000,15.814000,0.336000,-58,0.000000,7,8
1,17.000000,15.853000,0.361000,-58,0.000000,7,8
1,17.000000,15.717000,0.405000,-58,0.000000,7,8
1,17.000000,15.912000,0.309000,-57,0.000000,7,8
1,17.000000,15.892000,0.293000,-57,0.000000,7,8
1,17.000000,15.931000,0.305000,-58,0.000000,7,8
1,17.000000,15.873000,0.251000,-57,0.000000,7,8
1,17.000000,15.971000,0.255000,-57,0.000000,7,8
1,17.000000,15.795000,0.341000,-58,0.000000,7,8
1,17.000000,15.795000,0.432000,-58,0.000000,7,8
1,17.000000,15.678000,0.409000,-58,0.000000,7,8
1,17.000000,15.795000,0.388000,-57,0.000000,7,8
1,17.000000,15.795000,0.322000,-57,0.000000,7,8
1,17.000000,15.775000,0.364000,-58,0.000000,7,8
1,17.000000,15.873000,0.302000,-57,0.000000,7,8
1,17.000000,15.873000,0.358000,-57,0.000000,7,8
1,17.000000,15.756000,0.308000,-57,0.000000,7,8
1,17.000000,15.931000,0.264000,-57,0.000000,7,8
1,17.000000,15.853000,0.303000,-57,0.000000,7,8
1,17.000000,15.814000,0.404000,-57,0.000000,7,8
1,17.000000,15.834000,0.327000,-57,0.000000,7,8
1,17.000000,15.658000,0.385000,-57,0.000000,7,8
1,17.000000,15.873000,0.327000,-57,0.000000,7,8
1,17.000000,15.932000,0.236000,-58,0.000000,7,8
1,17.000000,15.814000,0.313000,-57,0.000000,7,8
1,17.000000,15.814000,0.370000,-58,0.000000,7,8
1,17.000000,15.834000,0.324000,-57,0.000000,7,8
1,17.000000,15.717000,0.384000,-57,0.000000,7,8
1,17.000000,15.814000,0.305000,-58,0.000000,7,8
1,17.000000,15.795000,0.322000,-58,0.000000,7,8
1,17.000000,15.853000,0.350000,-57,0.000000,7,8
1,17.000000,15.912000,0.276000,-58,0.000000,7,8
1,17.000000,15.795000,0.348000,-58,0.000000,7,8
1,17.000000,15.795000,0.333000,-58,0.000000,7,8
1,17.000000,15.834000,0.315000,-58,0.000000,7,8
1,17.000000,15.873000,0.406000,-58,0.000000,7,8
1,17.000000,15.795000,0.334000,-58,0.000000,7,8
1,17.000000,15.775000,0.398000,-58,0.000000,7,8
1,17.000000,15.775000,0.290000,-58,0.000000,7,8
1,17.000000,15.775000,0.342000,-58,0.000000,7,8
1,17.000000,15.736000,0.469000,-58,0.000000,7,8
1,17.000000,15.795000,0.313000,-58,0.000000,7,8
1,17.000000,15.717000,0.410000,-58,0.000000,7,8
1,17.000000,15.795000,0.363000,-58,0.000000,7,8
1,17.000000,15.717000,0.342000,-57,0.000000,7,8
1,17.000000,15.736000,0.326000,-58,0.000000,7,8
1,17.000000,15.795000,0.331000,-58,0.000000,7,8
1,17.000000,15.795000,0.298000,-57,0.000000,7,8
1,17.000000,15.736000,0.379000,-58,0.000000,7,8
1,17.000000,15.697000,0.372000,-57,0.000000,7,8
1,17.000000,15.678000,0.337000,-58,0.000000,7,8
1,17.000000,15.736000,0.341000,-58,0.000000,7,8
1,17.000000,15.873000,0.321000,-58,0.000000,7,8
1,17.000000,15.795000,0.326000,-58,0.000000,7,8
1,17.000000,15.775000,0.313000,-57,0.000000,7,8
1,17.000000,15.834000,0.362000,-57,0.000000,7,8
1,17.000000,15.971000,0.312000,-57,0.000000,7,8
1,17.000000,15.912000,0.298000,-57,0.000000,7,8
1,17.000000,15.795000,0.374000,-58,0.000000,7,8
1,17.000000,15.853000,0.294000,-57,0.000000,7,8
1,17.000000,15.951000,0.264000,-57,0.000000,7,8
1,17.000000,15.814000,0.289000,-57,0.000000,7,8
1,17.000000,15.795000,0.367000,-57,0.000000,7,8
1,17.000000,15.912000,0.370000,-57,0.000000,7,8
1,17.000000,15.756000,0.297000,-58,0.000000,7,8
1,17.000000,15.600000,0.417000,-58,0.000000,7,8
1,17.000000,15.951000,0.280000,-57,0.000000,7,8
1,17.000000,15.775000,0.293000,-57,0.000000,7,8
1,17.000000,15.814000,0.329000,-57,0.000000,7,8
1,17.000000,15.795000,0.261000,-57,0.000000,7,8
1,17.000000,15.678000,0.327000,-57,0.000000,7,8
1,17.000000,15.736000,0.402000,-57,0.000000,7,8
1,17.000000,16.010000,0.222000,-57,0.000000,7,8
1,17.000000,15.795000,0.430000,-57,0.000000,7,8
1,17.000000,15.599000,0.457000,-57,0.000000,7,8
1,17.000000,15.814000,0.350000,-57,0.000000,7,8
1,17.000000,15.697000,0.391000,-58,0.000000,7,8
1,17.000000,15.561000,0.471000,-58,0.000000,7,8
1,17.000000,15.658000,0.341000,-58,0.000000,7,8
1,17.000000,15.639000,0.457000,-57,0.000000,7,8
1,17.000000,15.814000,0.258000,-58,0.000000,7,8
1,17.000000,15.756000,0.390000,-57,0.000000,7,8
1,17.000000,15.814000,0.303000,-57,0.000000,7,8
1,17.000000,15.775000,0.340000,-57,0.000000,7,8
1,17.000000,15.678000,0.424000,-57,0.000000,7,8
1,17.000000,15.736000,0.340000,-57,0.000000,7,8
1,17.000000,15.775000,0.307000,-58,0.000000,7,8
1,17.000000,15.756000,0.336000,-58,0.000000,7,8
1,17.000000,15.814000,0.370000,-57,0.000000,7,8
1,17.000000,15.834000,0.390000,-57,0.000000,7,8
1,17.000000,15.853000,0.325000,-57,0.000000,7,8
1,17.000000,15.756000,0.377000,-57,0.000000,7,8
1,17.000000,15.717000,0.358000,-58,0.000000,7,8
1,17.000000,15.678000,0.389000,-58,0.000000,7,8
1,17.000000,15.834000,0.298000,-58,0.000000,7,8
1,17.000000,15.990000,0.351000,-58,0.000000,7,8
1,17.000000,15.873000,0.300000,-57,0.000000,7,8
1,17.000000,15.853000,0.336000,-58,0.000000,7,8
1,17.000000,15.912000,0.331000,-57,0.000000,7,8
1,17.000000,15.619000,0.440000,-58,0.000000,7,8
1,17.000000,15.756000,0.333000,-58,0.000000,7,8
1,17.000000,15.814000,0.389000,-58,0.000000,7,8
1,17.000000,15.853000,0.364000,-58,0.000000,7,8
1,17.000000,15.814000,0.339000,-58,0.000000,7,8
1,17.000000,15.853000,0.349000,-57,0.000000,7,8
1,17.000000,15.932000,0.243000,-58,0.000000,7,8
1,17.000000,15.892000,0.297000,-58,0.000000,7,8
1,17.000000,15.853000,0.338000,-58,0.000000,7,8
1,17.000000,15.873000,0.281000,-58,0.000000,7,8
1,17.000000,15.873000,0.329000,-58,0.000000,7,8
1,17.000000,15.795000,0.314000,-58,0.000000,7,8
1,17.000000,15.951000,0.276000,-58,0.000000,7,8
1,17.000000,15.873000,0.274000,-58,0.000000,7,8
1,17.000000,15.775000,0.434000,-58,0.000000,7,8
1,17.000000,15.736000,0.379000,-58,0.000000,7,8
1,17.000000,15.912000,0.297000,-58,0.000000,7,8
1,17.000000,15.736000,0.372000,-58,0.000000,7,8
1,17.000000,15.639000,0.342000,-59,0.000000,7,8
1,17.000000,15.756000,0.274000,-59,0.000000,7,8
1,17.000000,15.775000,0.304000,-58,0.000000,7,8
1,17.000000,15.795000,0.376000,-58,0.000000,7,8
1,17.000000,15.814000,0.337000,-57,0.000000,7,8
1,17.000000,15.717000,0.411000,-58,0.000000,7,8
1,17.000000,15.697000,0.288000,-58,0.000000,7,8
1,17.000000,15.853000,0.306000,-58,0.000000,7,8
1,17.000000,15.834000,0.357000,-58,0.000000,7,8
1,17.000000,15.775000,0.374000,-58,0.000000,7,8
1,17.000000,15.873000,0.326000,-58,0.000000,7,8
1,17.000000,15.736000,0.391000,-58,0.000000,7,8
1,17.000000,15.853000,0.294000,-57,0.000000,7,8
1,17.000000,15.814000,0.307000,-58,0.000000,7,8
1,17.000000,15.717000,0.366000,-58,0.000000,7,8
1,17.000000,15.756000,0.464000,-58,0.000000,7,8
1,17.000000,15.795000,0.288000,-58,0.000000,7,8
1,17.000000,15.873000,0.263000,-58,0.000000,7,8
1,17.000000,15.853000,0.322000,-58,0.000000,7,8
1,17.000000,15.834000,0.371000,-58,0.000000,7,8
1,17.000000,15.853000,0.347000,-58,0.000000,7,8
1,17.000000,15.814000,0.364000,-58,0.000000,7,8
1,17.000000,15.853000,0.283000,-58,0.000000,7,8
1,17.000000,15.756000,0.423000,-58,0.000000,7,8
1,17.000000,15.853000,0.364000,-58,0.000000,7,8
1,17.000000,15.892000,0.288000,-58,0.000000,7,8
1,17.000000,15.853000,0.273000,-58,0.000000,7,8
1,17.000000,15.834000,0.294000,-58,0.000000,7,8
1,17.000000,15.834000,0.287000,-58,0.000000,7,8
1,17.000000,15.873000,0.275000,-58,0.000000,7,8
1,17.000000,15.756000,0.400000,-58,0.000000,7,8
1,17.000000,15.619000,0.449000,-58,0.000000,7,8
1,17.000000,15.658000,0.392000,-58,0.000000,7,8
1,17.000000,15.600000,0.345000,-58,0.000000,7,8
1,17.000000,15.775000,0.355000,-58,0.000000,7,8
1,17.000000,15.834000,0.319000,-57,0.000000,7,8
1,17.000000,15.990000,0.231000,-58,0.000000,7,8
1,17.000000,15.873000,0.411000,-58,0.000000,7,8
1,17.000000,15.814000,0.289000,-58,0.000000,7,8
1,17.000000,15.756000,0.426000,-58,0.000000,7,8
1,17.000000,15.717000,0.406000,-58,0.000000,7,8
1,17.000000,15.775000,0.358000,-58,0.000000,7,8
1,17.000000,15.814000,0.257000,-58,0.000000,7,8
1,17.000000,15.892000,0.306000,-58,0.000000,7,8
1,17.000000,15.971000,0.300000,-58,0.000000,7,8
1,17.000000,16.049000,0.238000,-58,0.000000,7,8
1,17.000000,16.068001,0.218000,-57,0.000000,7,8
1,17.000000,15.853000,0.357000,-58,0.000000,7,8
1,17.000000,15.795000,0.334000,-58,0.000000,7,8
1,17.000000,15.678000,0.358000,-58,0.000000,7,8
1,17.000000,15.717000,0.469000,-58,0.000000,7,8
1,17.000000,15.912000,0.385000,-58,0.000000,7,8
1,17.000000,15.873000,0.347000,-57,0.000000,7,8
1,17.000000,15.756000,0.315000,-57,0.000000,7,8
1,17.000000,15.756000,0.410000,-58,0.000000,7,8
1,17.000000,15.697000,0.371000,-58,0.000000,7,8
1,17.000000,15.834000,0.335000,-58,0.000000,7,8
1,17.000000,15.756000,0.373000,-58,0.000000,7,8
1,17.000000,16.010000,0.218000,-57,0.000000,7,8
1,17.000000,15.756000,0.314000,-58,0.000000,7,8
1,17.000000,15.795000,0.348000,-58,0.000000,7,8
1,17.000000,15.814000,0.354000,-58,0.000000,7,8
1,17.000000,15.756000,0.373000,-58,0.000000,7,8
1,17.000000,15.658000,0.455000,-58,0.000000,7,8
1,17.000000,15.775000,0.340000,-58,0.000000,7,8
1,17.000000,15.736000,0.514000,-57,0.000000,7,8
1,17.000000,15.912000,0.299000,-57,0.000000,7,8
1,17.000000,15.853000,0.284000,-57,0.000000,7,8
1,17.000000,15.990000,0.267000,-57,0.000000,7,8
1,17.000000,15.951000,0.305000,-57,0.000000,7,8
1,17.000000,15.678000,0.419000,-58,0.000000,7,8
1,17.000000,15.814000,0.297000,-58,0.000000,7,8
1,17.000000,15.795000,0.404000,-57,0.000000,7,8
1,17.000000,15.892000,0.298000,-58,0.000000,7,8
1,17.000000,15.873000,0.403000,-58,0.000000,7,8
1,17.000000,15.814000,0.342000,-58,0.000000,7,8
1,17.000000,15.795000,0.368000,-58,0.000000,7,8
1,17.000000,15.717000,0.432000,-58,0.000000,7,8
1,17.000000,15.853000,0.298000,-57,0.000000,7,8
1,17.000000,15.756000,0.344000,-58,0.000000,7,8
1,17.000000,15.775000,0.504000,-58,0.000000,7,8
1,17.000000,15.853000,0.269000,-58,0.000000,7,8
1,17.000000,15.834000,0.387000,-58,0.000000,7,8
1,17.000000,15.717000,0.426000,-57,0.000000,7,8
1,17.000000,15.932000,0.312000,-57,0.000000,7,8
1,17.000000,15.970000,0.290000,-58,0.000000,7,8
1,17.000000,15.775000,0.387000,-58,0.000000,7,8
1,17.000000,15.814000,0.317000,-58,0.000000,7,8
1,17.000000,16.010000,0.248000,-57,0.000000,7,8
1,17.000000,15.912000,0.246000,-57,0.000000,7,8
1,17.000000,15.775000,0.424000,-58,0.000000,7,8
1,17.000000,15.775000,0.421000,-58,0.000000,7,8
1,17.000000,15.951000,0.288000,-58,0.000000,7,8
1,17.000000,15.853000,0.297000,-58,0.000000,7,8
1,17.000000,15.678000,0.355000,-58,0.000000,7,8
1,17.000000,15.736000,0.410000,-57,0.000000,7,8
1,17.000000,15.795000,0.323000,-58,0.000000,7,8
1,17.000000,15.775000,0.341000,-57,0.000000,7,8
1,17.000000,15.873000,0.311000,-58,0.000000,7,8
1,17.000000,15.795000,0.302000,-58,0.000000,7,8
1,17.000000,15.814000,0.300000,-58,0.000000,7,8
1,17.000000,15.814000,0.291000,-58,0.000000,7,8
1,17.000000,15.971000,0.284000,-58,0.000000,7,8
1,17.000000,15.775000,0.319000,-57,0.000000,7,8
1,17.000000,15.834000,0.311000,-58,0.000000,7,8
1,17.000000,15.834000,0.314000,-58,0.000000,7,8
1,17.000000,15.834000,0.225000,-58,0.000000,7,8
1,17.000000,15.834000,0.348000,-58,0.000000,7,8
1,17.000000,15.736000,0.411000,-58,0.000000,7,8
1,17.000000,15.756000,0.390000,-57,0.000000,7,8
1,17.000000,15.697000,0.407000,-58,0.000000,7,8
1,17.000000,15.834000,0.245000,-58,0.000000,7,8
1,17.000000,15.736000,0.383000,-58,0.000000,7,8
1,17.000000,15.814000,0.341000,-58,0.000000,7,8
1,17.000000,15.834000,0.394000,-58,0.000000,7,8
1,17.000000,15.873000,0.318000,-57,0.000000,7,8
1,17.000000,15.912000,0.346000,-58,0.000000,7,8
1,17.000000,15.834000,0.306000,-58,0.000000,7,8
1,17.000000,15.658000,0.365000,-58,0.000000,7,8
1,17.000000,15.756000,0.335000,-58,0.000000,7,8
1,17.000000,15.795000,0.310000,-58,0.000000,7,8
1,17.000000,15.853000,0.334000,-58,0.000000,7,8
1,17.000000,15.834000,0.354000,-58,0.000000,7,8
1,17.000000,15.736000,0.422000,-58,0.000000,7,8
1,17.000000,15.853000,0.350000,-58,0.000000,7,8
1,17.000000,15.912000,0.310000,-58,0.000000,7,8
1,17.000000,15.834000,0.340000,-58,0.000000,7,8
1,17.000000,15.834000,0.366000,-58,0.000000,7,8
1,17.000000,15.912000,0.238000,-57,0.000000,7,8
1,17.000000,15.834000,0.330000,-58,0.000000,7,8
1,17.000000,15.736000,0.411000,-58,0.000000,7,8
1,17.000000,15.775000,0.323000,-58,0.000000,7,8
1,17.000000,15.795000,0.308000,-58,0.000000,7,8
1,17.000000,15.873000,0.364000,-57,0.000000,7,8
1,17.000000,15.912000,0.297000,-57,0.000000,7,8
1,17.000000,15.932000,0.213000,-58,0.000000,7,8
1,17.000000,15.775000,0.339000,-58,0.000000,7,8
1,17.000000,15.736000,0.359000,-58,0.000000,7,8
1,17.000000,15.775000,0.274000,-58,0.000000,7,8
1,17.000000,15.912000,0.292000,-58,0.000000,7,8
1,17.000000,15.912000,0.250000,-58,0.000000,7,8
1,17.000000,15.775000,0.401000,-58,0.000000,7,8
1,17.000000,15.775000,0.447000,-58,0.000000,7,8
1,17.000000,15.697000,0.429000,-58,0.000000,7,8
1,17.000000,15.853000,0.311000,-58,0.000000,7,8
1,17.000000,15.678000,0.361000,-58,0.000000,7,8
1,17.000000,15.756000,0.392000,-58,0.000000,7,8
1,17.000000,15.912000,0.304000,-57,0.000000,7,8
1,17.000000,15.892000,0.292000,-58,0.000000,7,8
1,17.000000,15.814000,0.285000,-58,0.000000,7,8
1,17.000000,16.010000,0.192000,-58,0.000000,7,8
1,17.000000,15.756000,0.384000,-58,0.000000,7,8
1,17.000000,15.951000,0.359000,-58,0.000000,7,8
1,17.000000,15.853000,0.264000,-58,0.000000,7,8
1,17.000000,15.951000,0.275000,-58,0.000000,7,8
1,17.000000,15.736000,0.323000,-58,0.000000,7,8
1,17.000000,15.814000,0.294000,-58,0.000000,7,8
1,17.000000,15.814000,0.395000,-58,0.000000,7,8
1,17.000000,15.951000,0.240000,-57,0.000000,7,8
1,17.000000,15.951000,0.254000,-58,0.000000,7,8
1,17.000000,15.795000,0.295000,-58,0.000000,7,8
1,17.000000,15.814000,0.357000,-57,0.000000,7,8
1,17.000000,15.736000,0.362000,-57,0.000000,7,8
1,17.000000,15.834000,0.311000,-58,0.000000,7,8
1,17.000000,15.990000,0.356000,-58,0.000000,7,8
1,17.000000,15.873000,0.351000,-57,0.000000,7,8
1,17.000000,15.756000,0.367000,-58,0.000000,7,8
1,17.000000,15.795000,0.437000,-58,0.000000,7,8
1,17.000000,15.853000,0.339000,-58,0.000000,7,8
1,17.000000,15.892000,0.316000,-57,0.000000,7,8
1,17.000000,15.834000,0.324000,-58,0.000000,7,8
1,17.000000,15.775000,0.400000,-58,0.000000,7,8
1,17.000000,15.775000,0.341000,-57,0.000000,7,8
1,17.000000,15.756000,0.375000,-58,0.000000,7,8
1,17.000000,15.795000,0.325000,-58,0.000000,7,8
1,17.000000,15.775000,0.376000,-57,0.000000,7,8
1,17.000000,15.678000,0.436000,-58,0.000000,7,8
1,17.000000,15.853000,0.343000,-58,0.000000,7,8
1,17.000000,15.814000,0.286000,-58,0.000000,7,8
1,17.000000,15.658000,0.518000,-57,0.000000,7,8
1,17.000000,15.853000,0.384000,-58,0.000000,7,8
1,17.000000,15.775000,0.367000,-58,0.000000,7,8
1,17.000000,15.678000,0.474000,-58,0.000000,7,8
1,17.000000,15.775000,0.376000,-58,0.000000,7,8
1,17.000000,15.775000,0.370000,-58,0.000000,7,8
1,17.000000,15.678000,0.428000,-57,0.000000,7,8
1,17.000000,15.873000,0.305000,-58,0.000000,7,8
1,17.000000,15.873000,0.444000,-58,0.000000,7,8
1,17.000000,15.756000,0.326000,-58,0.000000,7,8
1,17.000000,15.697000,0.388000,-57,0.000000,7,8
1,17.000000,15.795000,0.363000,-58,0.000000,7,8
1,17.000000,15.736000,0.393000,-57,0.000000,7,8
1,17.000000,15.639000,0.445000,-58,0.000000,7,8
1,17.000000,15.814000,0.361000,-57,0.000000,7,8
1,17.000000,15.873000,0.313000,-58,0.000000,7,8
1,17.000000,15.834000,0.316000,-58,0.000000,7,8
1,17.000000,15.775000,0.391000,-58,0.000000,7,8
1,17.000000,15.756000,0.343000,-58,0.000000,7,8
1,17.000000,15.697000,0.411000,-58,0.000000,7,8
1,17.000000,15.775000,0.414000,-58,0.000000,7,8
1,17.000000,15.619000,0.414000,-58,0.000000,7,8
1,17.000000,15.639000,0.370000,-58,0.000000,7,8
1,17.000000,15.639000,0.435000,-58,0.000000,7,8
1,17.000000,15.814000,0.307000,-58,0.000000,7,8
1,17.000000,15.697000,0.405000,-58,0.000000,7,8
1,17.000000,15.951000,0.384000,-57,0.000000,7,8
1,17.000000,15.736000,0.383000,-58,0.000000,7,8
1,17.000000,15.795000,0.346000,-58,0.000000,7,8
1,17.000000,15.678000,0.387000,-57,0.000000,7,8
1,17.000000,15.795000,0.338000,-58,0.000000,7,8
1,17.000000,15.775000,0.388000,-58,0.000000,7,8
1,17.000000,15.775000,0.426000,-58,0.000000,7,8
1,17.000000,15.756000,0.294000,-57,0.000000,7,8
1,17.000000,15.697000,0.395000,-58,0.000000,7,8
1,17.000000,15.853000,0.371000,-58,0.000000,7,8
1,17.000000,15.775000,0.326000,-58,0.000000,7,8
1,17.000000,15.736000,0.320000,-58,0.000000,7,8
1,17.000000,15.756000,0.343000,-58,0.000000,7,8
1,17.000000,15.736000,0.444000,-57,0.000000,7,8
1,17.000000,15.775000,0.427000,-58,0.000000,7,8
1,17.000000,15.971000,0.271000,-57,0.000000,7,8
1,17.000000,15.853000,0.301000,-57,0.000000,7,8
1,17.000000,15.892000,0.389000,-58,0.000000,7,8
1,17.000000,15.736000,0.322000,-58,0.000000,7,8
1,17.000000,15.814000,0.337000,-58,0.000000,7,8
1,17.000000,15.873000,0.357000,-58,0.000000,7,8
1,17.000000,15.736000,0.366000,-58,0.000000,7,8
1,17.000000,15.912000,0.309000,-58,0.000000,7,8
1,17.000000,15.756000,0.408000,-57,0.000000,7,8
1,17.000000,15.561000,0.514000,-58,0.000000,7,8
1,17.000000,15.717000,0.417000,-57,0.000000,7,8
1,17.000000,15.697000,0.465000,-57,0.000000,7,8
1,17.000000,15.814000,0.386000,-58,0.000000,7,8
1,17.000000,15.736000,0.359000,-58,0.000000,7,8
1,17.000000,15.795000,0.387000,-58,0.000000,7,8
1,17.000000,15.717000,0.343000,-58,0.000000,7,8
1,17.000000,15.756000,0.364000,-58,0.000000,7,8
1,17.000000,15.736000,0.408000,-58,0.000000,7,8
1,17.000000,15.717000,0.465000,-58,0.000000,7,8
1,17.000000,15.756000,0.334000,-58,0.000000,7,8
1,17.000000,15.697000,0.460000,-57,0.000000,7,8
1,17.000000,15.678000,0.432000,-58,0.000000,7,8
1,17.000000,15.736000,0.385000,-58,0.000000,7,8
1,17.000000,15.775000,0.358000,-58,0.000000,7,8
1,17.000000,15.756000,0.386000,-58,0.000000,7,8
1,17.000000,15.736000,0.402000,-58,0.000000,7,8
1,17.000000,15.717000,0.359000,-57,0.000000,7,8
1,17.000000,15.795000,0.302000,-57,0.000000,7,8
1,17.000000,15.756000,0.304000,-57,0.000000,7,8
1,17.000000,15.814000,0.473000,-58,0.000000,7,8
1,17.000000,15.736000,0.371000,-58,0.000000,7,8
1,17.000000,15.717000,0.331000,-58,0.000000,7,8
1,17.000000,15.560000,0.602000,-58,0.000000,7,8
1,17.000000,15.795000,0.313000,-58,0.000000,7,8
1,17.000000,15.775000,0.473000,-58,0.000000,7,8
1,17.000000,15.697000,0.428000,-57,0.000000,7,8
1,17.000000,15.697000,0.366000,-58,0.000000,7,8
1,17.000000,15.775000,0.442000,-57,0.000000,7,8
1,17.000000,15.795000,0.389000,-58,0.000000,7,8
1,17.000000,15.736000,0.437000,-58,0.000000,7,8
1,17.000000,15.951000,0.344000,-57,0.000000,7,8
1,17.000000,15.697000,0.472000,-58,0.000000,7,8
1,17.000000,15.736000,0.397000,-58,0.000000,7,8
1,17.000000,15.775000,0.470000,-58,0.000000,7,8
1,17.000000,15.756000,0.400000,-58,0.000000,7,8
1,17.000000,15.795000,0.318000,-58,0.000000,7,8
1,17.000000,15.834000,0.348000,-58,0.000000,7,8
1,17.000000,15.814000,0.402000,-58,0.000000,7,8
1,17.000000,15.853000,0.406000,-58,0.000000,7,8
1,17.000000,15.795000,0.376000,-58,0.000000,7,8
1,17.000000,15.756000,0.407000,-58,0.000000,7,8
1,17.000000,15.814000,0.310000,-58,0.000000,7,8
1,17.000000,15.873000,0.299000,-58,0.000000,7,8
1,17.000000,15.834000,0.274000,-58,0.000000,7,8
1,17.000000,15.814000,0.359000,-58,0.000000,7,8
1,17.000000,15.834000,0.314000,-58,0.000000,7,8
1,17.000000,15.892000,0.342000,-58,0.000000,7,8
1,17.000000,15.853000,0.300000,-58,0.000000,7,8
1,17.000000,15.736000,0.448000,-58,0.000000,7,8
1,17.000000,15.756000,0.331000,-58,0.000000,7,8
1,17.000000,15.775000,0.385000,-58,0.000000,7,8
1,17.000000,15.795000,0.311000,-58,0.000000,7,8
1,17.000000,15.756000,0.307000,-58,0.000000,7,8
1,17.000000,15.873000,0.299000,-58,0.000000,7,8
1,17.000000,15.853000,0.395000,-58,0.000000,7,8
1,17.000000,15.853000,0.366000,-58,0.000000,7,8
1,17.000000,15.931000,0.263000,-58,0.000000,7,8
1,17.000000,15.775000,0.375000,-58,0.000000,7,8
1,17.000000,15.775000,0.370000,-58,0.000000,7,8
1,17.000000,15.971000,0.307000,-58,0.000000,7,8
1,17.000000,15.892000,0.337000,-58,0.000000,7,8
1,17.000000,15.853000,0.334000,-58,0.000000,7,8
1,17.000000,15.736000,0.462000,-58,0.000000,7,8
1,17.000000,15.717000,0.375000,-58,0.000000,7,8
1,17.000000,15.717000,0.366000,-58,0.000000,7,8
1,17.000000,15.873000,0.300000,-58,0.000000,7,8
1,17.000000,15.951000,0.426000,-58,0.000000,7,8
1,17.000000,15.775000,0.348000,-58,0.000000,7,8
1,17.000000,15.756000,0.387000,-58,0.000000,7,8
1,17.000000,15.795000,0.428000,-58,0.000000,7,8
1,17.000000,15.795000,0.467000,-58,0.000000,7,8
1,17.000000,15.697000,0.429000,-58,0.000000,7,8
1,17.000000,15.756000,0.375000,-58,0.000000,7,8
1,17.000000,15.853000,0.327000,-58,0.000000,7,8
1,17.000000,15.756000,0.394000,-58,0.000000,7,8
1,17.000000,15.658000,0.416000,-58,0.000000,7,8
1,17.000000,15.756000,0.351000,-58,0.000000,7,8
1,17.000000,15.853000,0.321000,-58,0.000000,7,8
1,17.000000,15.853000,0.293000,-58,0.000000,7,8
1,17.000000,15.814000,0.337000,-58,0.000000,7,8
1,17.000000,15.678000,0.508000,-58,0.000000,7,8
1,17.000000,15.756000,0.354000,-59,0.000000,7,8
1,17.000000,15.736000,0.433000,-58,0.000000,7,8
1,17.000000,15.795000,0.335000,-58,0.000000,7,8
1,17.000000,15.814000,0.339000,-58,0.000000,7,8
1,17.000000,15.892000,0.290000,-58,0.000000,7,8
1,17.000000,15.814000,0.332000,-58,0.000000,7,8
1,17.000000,15.717000,0.329000,-58,0.000000,7,8
1,17.000000,15.658000,0.360000,-58,0.000000,7,8
1,17.000000,15.834000,0.278000,-58,0.000000,7,8
1,17.000000,15.892000,0.269000,-58,0.000000,7,8
1,17.000000,15.853000,0.340000,-58,0.000000,7,8
1,17.000000,15.912000,0.270000,-58,0.000000,7,8
1,17.000000,15.795000,0.331000,-58,0.000000,7,8
1,17.000000,15.853000,0.285000,-58,0.000000,7,8
1,17.000000,15.658000,0.420000,-58,0.000000,7,8
1,17.000000,15.834000,0.347000,-58,0.000000,7,8
1,17.000000,15.853000,0.297000,-57,0.000000,7,8
1,17.000000,15.814000,0.342000,-57,0.000000,7,8
1,17.000000,15.971000,0.258000,-58,0.000000,7,8
1,17.000000,15.795000,0.463000,-58,0.000000,7,8
1,17.000000,15.756000,0.373000,-57,0.000000,7,8
1,17.000000,15.717000,0.409000,-58,0.000000,7,8
1,17.000000,15.736000,0.342000,-58,0.000000,7,8
1,17.000000,15.678000,0.348000,-58,0.000000,7,8
1,17.000000,15.814000,0.320000,-57,0.000000,7,8
1,17.000000,15.814000,0.309000,-57,0.000000,7,8
1,17.000000,15.775000,0.520000,-58,0.000000,7,8
1,17.000000,15.834000,0.324000,-57,0.000000,7,8
1,17.000000,15.912000,0.304000,-58,0.000000,7,8
1,17.000000,15.756000,0.402000,-58,0.000000,7,8
1,17.000000,15.775000,0.359000,-58,0.000000,7,8
1,17.000000,15.756000,0.420000,-58,0.000000,7,8
1,17.000000,15.717000,0.358000,-57,0.000000,7,8
1,17.000000,15.795000,0.353000,-58,0.000000,7,8
1,17.000000,15.736000,0.366000,-58,0.000000,7,8
1,17.000000,15.834000,0.357000,-58,0.000000,7,8
1,17.000000,15.678000,0.421000,-58,0.000000,7,8
1,17.000000,15.717000,0.399000,-57,0.000000,7,8
1,17.000000,15.834000,0.301000,-58,0.000000,7,8
1,17.000000,15.795000,0.360000,-58,0.000000,7,8
1,17.000000,15.834000,0.304000,-57,0.000000,7,8
1,17.000000,15.775000,0.412000,-57,0.000000,7,8
1,17.000000,15.795000,0.355000,-57,0.000000,7,8
1,17.000000,15.619000,0.425000,-57,0.000000,7,8
1,17.000000,15.756000,0.313000,-58,0.000000,7,8
1,17.000000,15.775000,0.366000,-58,0.000000,7,8
1,17.000000,15.795000,0.409000,-57,0.000000,7,8
1,17.000000,15.639000,0.422000,-58,0.000000,7,8
1,17.000000,15.795000,0.455000,-58,0.000000,7,8
1,17.000000,15.678000,0.439000,-57,0.000000,7,8
1,17.000000,15.795000,0.343000,-57,0.000000,7,8
1,17.000000,15.736000,0.348000,-58,0.000000,7,8
1,17.000000,15.756000,0.366000,-57,0.000000,7,8
1,17.000000,15.814000,0.298000,-57,0.000000,7,8
1,17.000000,15.678000,0.359000,-58,0.000000,7,8
1,17.000000,15.795000,0.332000,-57,0.000000,7,8
1,17.000000,15.775000,0.343000,-57,0.000000,7,8
1,17.000000,15.756000,0.362000,-57,0.000000,7,8
1,17.000000,15.912000,0.286000,-57,0.000000,7,8
1,17.000000,15.951000,0.355000,-57,0.000000,7,8
1,17.000000,15.951000,0.289000,-57,0.000000,7,8
1,17.000000,15.814000,0.349000,-57,0.000000,7,8
1,17.000000,15.873000,0.334000,-57,0.000000,7,8
1,17.000000,15.873000,0.308000,-57,0.000000,7,8
1,17.000000,15.717000,0.384000,-58,0.000000,7,8
1,17.000000,15.892000,0.282000,-58,0.000000,7,8
1,17.000000,15.814000,0.326000,-57,0.000000,7,8
1,17.000000,15.834000,0.280000,-58,0.000000,7,8
1,17.000000,15.853000,0.259000,-58,0.000000,7,8
1,17.000000,15.795000,0.310000,-58,0.000000,7,8
1,17.000000,15.814000,0.346000,-57,0.000000,7,8
1,17.000000,15.834000,0.321000,-57,0.000000,7,8
1,17.000000,15.795000,0.351000,-57,0.000000,7,8
1,17.000000,15.931000,0.274000,-57,0.000000,7,8
1,17.000000,15.697000,0.394000,-58,0.000000,7,8
1,17.000000,15.717000,0.386000,-58,0.000000,7,8
1,17.000000,15.717000,0.317000,-58,0.000000,7,8
1,17.000000,15.814000,0.376000,-58,0.000000,7,8
1,17.000000,15.736000,0.414000,-58,0.000000,7,8
1,17.000000,15.697000,0.422000,-57,0.000000,7,8
1,17.000000,15.834000,0.346000,-57,0.000000,7,8
1,17.000000,15.853000,0.235000,-58,0.000000,7,8
1,17.000000,15.814000,0.345000,-58,0.000000,7,8
1,17.000000,15.736000,0.370000,-58,0.000000,7,8
1,17.000000,15.834000,0.343000,-58,0.000000,7,8
1,17.000000,15.853000,0.333000,-57,0.000000,7,8
1,17.000000,15.736000,0.382000,-58,0.000000,7,8
1,17.000000,15.892000,0.257000,-58,0.000000,7,8
1,17.000000,15.756000,0.346000,-58,0.000000,7,8
1,17.000000,15.990000,0.261000,-57,0.000000,7,8
1,17.000000,15.736000,0.319000,-58,0.000000,7,8
1,17.000000,15.873000,0.357000,-58,0.000000,7,8
1,17.000000,15.658000,0.379000,-58,0.000000,7,8
1,17.000000,15.775000,0.331000,-58,0.000000,7,8
1,17.000000,15.892000,0.297000,-58,0.000000,7,8
1,17.000000,15.834000,0.352000,-58,0.000000,7,8
1,17.000000,15.795000,0.369000,-58,0.000000,7,8
1,17.000000,15.775000,0.393000,-58,0.000000,7,8
1,17.000000,15.873000,0.277000,-58,0.000000,7,8
1,17.000000,15.639000,0.519000,-58,0.000000,7,8
1,17.000000,15.619000,0.426000,-59,0.000000,7,8
1,17.000000,15.717000,0.388000,-58,0.000000,7,8
1,17.000000,15.912000,0.272000,-58,0.000000,7,8
1,17.000000,15.736000,0.379000,-58,0.000000,7,8
1,17.000000,15.717000,0.326000,-58,0.000000,7,8
1,17.000000,15.912000,0.301000,-58,0.000000,7,8
1,17.000000,15.853000,0.309000,-58,0.000000,7,8
1,17.000000,15.756000,0.313000,-58,0.000000,7,8
1,17.000000,15.814000,0.362000,-58,0.000000,7,8
1,17.000000,16.010000,0.294000,-58,0.000000,7,8
1,17.000000,15.873000,0.236000,-58,0.000000,7,8
1,17.000000,16.049000,0.314000,-58,0.000000,7,8
1,17.000000,15.795000,0.354000,-58,0.000000,7,8
1,17.000000,15.717000,0.352000,-58,0.000000,7,8
1,17.000000,15.756000,0.280000,-58,0.000000,7,8
1,17.000000,15.853000,0.340000,-58,0.000000,7,8
1,17.000000,15.736000,0.400000,-58,0.000000,7,8
1,17.000000,15.892000,0.306000,-58,0.000000,7,8
1,17.000000,15.795000,0.310000,-57,0.000000,7,8
1,17.000000,15.795000,0.312000,-58,0.000000,7,8
1,17.000000,15.756000,0.320000,-58,0.000000,7,8
1,17.000000,15.697000,0.345000,-58,0.000000,7,8
1,17.000000,15.990000,0.362000,-57,0.000000,7,8
1,17.000000,15.834000,0.342000,-57,0.000000,7,8
1,17.000000,15.795000,0.346000,-58,0.000000,7,8
1,17.000000,15.795000,0.334000,-57,0.000000,7,8
1,17.000000,15.951000,0.292000,-58,0.000000,7,8
1,17.000000,15.912000,0.236000,-58,0.000000,7,8
1,17.000000,15.775000,0.376000,-57,0.000000,7,8
1,17.000000,15.717000,0.367000,-58,0.000000,7,8
1,17.000000,15.795000,0.392000,-57,0.000000,7,8
1,17.000000,15.853000,0.262000,-57,0.000000,7,8
1,17.000000,15.736000,0.420000,-57,0.000000,7,8
1,17.000000,15.873000,0.342000,-58,0.000000,7,8
1,17.000000,15.697000,0.393000,-58,0.000000,7,8
1,17.000000,15.717000,0.360000,-58,0.000000,7,8
1,17.000000,15.834000,0.315000,-58,0.000000,7,8
1,17.000000,15.912000,0.249000,-58,0.000000,7,8
1,17.000000,15.971000,0.332000,-57,0.000000,7,8
1,17.000000,15.834000,0.401000,-57,0.000000,7,8
1,17.000000,15.834000,0.339000,-58,0.000000,7,8
1,17.000000,15.775000,0.391000,-57,0.000000,7,8
1,17.000000,15.658000,0.468000,-58,0.000000,7,8
1,17.000000,15.736000,0.346000,-57,0.000000,7,8
1,17.000000,15.931000,0.295000,-57,0.000000,7,8
1,17.000000,15.834000,0.338000,-57,0.000000,7,8
1,17.000000,15.834000,0.303000,-58,0.000000,7,8
1,17.000000,15.717000,0.320000,-58,0.000000,7,8
1,17.000000,15.834000,0.347000,-58,0.000000,7,8
1,17.000000,15.697000,0.431000,-58,0.000000,7,8
1,17.000000,15.658000,0.398000,-58,0.000000,7,8
1,17.000000,15.756000,0.336000,-58,0.000000,7,8
1,17.000000,15.678000,0.459000,-58,0.000000,7,8
1,17.000000,15.756000,0.341000,-57,0.000000,7,8
1,17.000000,15.990000,0.216000,-58,0.000000,7,8
1,17.000000,15.814000,0.283000,-58,0.000000,7,8
1,17.000000,15.775000,0.315000,-58,0.000000,7,8
1,17.000000,15.756000,0.406000,-57,0.000000,7,8
1,17.000000,15.814000,0.363000,-58,0.000000,7,8
1,17.000000,15.756000,0.454000,-58,0.000000,7,8
1,17.000000,15.775000,0.382000,-58,0.000000,7,8
1,17.000000,15.756000,0.359000,-57,0.000000,7,8
1,17.000000,15.678000,0.335000,-58,0.000000,7,8
1,17.000000,15.795000,0.330000,-58,0.000000,7,8
1,17.000000,15.756000,0.302000,-57,0.000000,7,8
1,17.000000,15.814000,0.280000,-58,0.000000,7,8
1,17.000000,15.775000,0.433000,-58,0.000000,7,8
1,17.000000,15.756000,0.359000,-58,0.000000,7,8
1,17.000000,15.697000,0.462000,-58,0.000000,7,8
1,17.000000,15.814000,0.343000,-57,0.000000,7,8
1,17.000000,15.834000,0.382000,-58,0.000000,7,8
1,17.000000,15.756000,0.328000,-57,0.000000,7,8
1,17.000000,15.814000,0.393000,-58,0.000000,7,8
1,17.000000,15.736000,0.358000,-58,0.000000,7,8
1,17.000000,15.756000,0.337000,-58,0.000000,7,8
1,17.000000,15.853000,0.361000,-57,0.000000,7,8
1,17.000000,15.814000,0.363000,-57,0.000000,7,8
1,17.000000,15.756000,0.335000,-58,0.000000,7,8
1,17.000000,15.658000,0.469000,-58,0.000000,7,8
1,17.000000,15.795000,0.303000,-58,0.000000,7,8
1,17.000000,15.736000,0.354000,-58,0.000000,7,8
1,17.000000,16.028999,0.282000,-58,0.000000,7,8
1,17.000000,15.912000,0.225000,-57,0.000000,7,8
1,17.000000,15.873000,0.276000,-57,0.000000,7,8
1,17.000000,15.756000,0.319000,-58,0.000000,7,8
1,17.000000,15.756000,0.326000,-57,0.000000,7,8
1,17.000000,15.873000,0.320000,-58,0.000000,7,8
1,17.000000,15.736000,0.379000,-57,0.000000,7,8
1,17.000000,15.795000,0.301000,-57,0.000000,7,8
1,17.000000,15.814000,0.296000,-57,0.000000,7,8
1,17.000000,15.834000,0.312000,-57,0.000000,7,8
1,17.000000,15.912000,0.265000,-57,0.000000,7,8
1,17.000000,15.678000,0.404000,-58,0.000000,7,8
1,17.000000,15.756000,0.418000,-57,0.000000,7,8
1,17.000000,15.834000,0.295000,-58,0.000000,7,8
1,17.000000,15.853000,0.379000,-57,0.000000,7,8
1,17.000000,15.912000,0.345000,-57,0.000000,7,8
1,17.000000,15.775000,0.379000,-58,0.000000,7,8
1,17.000000,15.736000,0.280000,-58,0.000000,7,8
1,17.000000,15.717000,0.406000,-58,0.000000,7,8
1,17.000000,15.814000,0.316000,-58,0.000000,7,8
1,17.000000,15.892000,0.228000,-58,0.000000,7,8
1,17.000000,15.736000,0.394000,-57,0.000000,7,8
1,17.000000,15.756000,0.324000,-58,0.000000,7,8
1,17.000000,15.736000,0.413000,-58,0.000000,7,8
1,17.000000,15.814000,0.309000,-58,0.000000,7,8
1,17.000000,15.775000,0.331000,-58,0.000000,7,8
1,17.000000,15.775000,0.357000,-57,0.000000,7,8
1,17.000000,15.697000,0.454000,-58,0.000000,7,8
1,17.000000,15.834000,0.343000,-58,0.000000,7,8
1,17.000000,15.912000,0.331000,-57,0.000000,7,8
1,17.000000,15.678000,0.332000,-58,0.000000,7,8
1,17.000000,15.892000,0.349000,-58,0.000000,7,8
1,17.000000,15.717000,0.391000,-58,0.000000,7,8
1,17.000000,15.736000,0.370000,-58,0.000000,7,8
1,17.000000,15.814000,0.378000,-58,0.000000,7,8
1,17.000000,15.717000,0.395000,-57,0.000000,7,8
1,17.000000,15.853000,0.363000,-58,0.000000,7,8
1,17.000000,15.971000,0.202000,-58,0.000000,7,8
1,17.000000,15.775000,0.404000,-58,0.000000,7,8
1,17.000000,15.795000,0.397000,-58,0.000000,7,8
1,17.000000,15.892000,0.360000,-57,0.000000,7,8
1,17.000000,15.814000,0.385000,-58,0.000000,7,8
1,17.000000,15.912000,0.268000,-57,0.000000,7,8
1,17.000000,15.873000,0.329000,-58,0.000000,7,8
1,17.000000,15.931000,0.257000,-58,0.000000,7,8
1,17.000000,15.834000,0.361000,-57,0.000000,7,8
1,17.000000,15.775000,0.306000,-58,0.000000,7,8
1,17.000000,15.795000,0.261000,-58,0.000000,7,8
1,17.000000,15.697000,0.397000,-58,0.000000,7,8
1,17.000000,15.814000,0.319000,-58,0.000000,7,8
1,17.000000,15.600000,0.395000,-58,0.000000,7,8
1,17.000000,15.853000,0.354000,-58,0.000000,7,8
1,17.000000,15.814000,0.359000,-58,0.000000,7,8
1,17.000000,15.775000,0.292000,-58,0.000000,7,8
1,17.000000,15.697000,0.305000,-58,0.000000,7,8
1,17.000000,15.892000,0.262000,-58,0.000000,7,8
1,17.000000,15.736000,0.360000,-58,0.000000,7,8
1,17.000000,15.912000,0.331000,-57,0.000000,7,8
1,17.000000,15.912000,0.314000,-58,0.000000,7,8
1,17.000000,15.736000,0.351000,-57,0.000000,7,8
1,17.000000,15.775000,0.392000,-58,0.000000,7,8
1,17.000000,15.775000,0.324000,-58,0.000000,7,8
1,17.000000,15.775000,0.407000,-58,0.000000,7,8
1,17.000000,15.834000,0.286000,-58,0.000000,7,8
1,17.000000,15.931000,0.260000,-58,0.000000,7,8
1,17.000000,15.834000,0.256000,-58,0.000000,7,8
1,17.000000,15.795000,0.342000,-58,0.000000,7,8
1,17.000000,15.912000,0.252000,-58,0.000000,7,8
1,17.000000,15.971000,0.301000,-58,0.000000,7,8
1,17.000000,16.028999,0.260000,-58,0.000000,7,8
1,17.000000,15.853000,0.292000,-58,0.000000,7,8
1,17.000000,15.795000,0.344000,-57,0.000000,7,8
1,17.000000,15.873000,0.261000,-57,0.000000,7,8
1,17.000000,15.892000,0.341000,-57,0.000000,7,8
1,17.000000,15.912000,0.257000,-57,0.000000,7,8
1,17.000000,15.873000,0.299000,-57,0.000000,7,8
1,17.000000,15.795000,0.403000,-58,0.000000,7,8
1,17.000000,15.971000,0.291000,-57,0.000000,7,8
1,17.000000,15.853000,0.322000,-58,0.000000,7,8
1,17.000000,15.990000,0.304000,-58,0.000000,7,8
1,17.000000,15.834000,0.350000,-58,0.000000,7,8
1,17.000000,15.873000,0.275000,-58,0.000000,7,8
1,17.000000,15.834000,0.334000,-58,0.000000,7,8
1,17.000000,15.814000,0.323000,-58,0.000000,7,8
1,17.000000,15.756000,0.417000,-58,0.000000,7,8
1,17.000000,15.619000,0.376000,-58,0.000000,7,8
1,17.000000,15.912000,0.287000,-58,0.000000,7,8
1,17.000000,15.814000,0.354000,-58,0.000000,7,8
1,17.000000,15.873000,0.377000,-58,0.000000,7,8
1,17.000000,15.814000,0.366000,-58,0.000000,7,8
1,17.000000,15.795000,0.352000,-58,0.000000,7,8
1,17.000000,16.028999,0.260000,-58,0.000000,7,8
1,17.000000,15.795000,0.373000,-58,0.000000,7,8
1,17.000000,15.814000,0.289000,-58,0.000000,7,8
1,17.000000,15.697000,0.478000,-58,0.000000,7,8
1,17.000000,15.775000,0.384000,-58,0.000000,7,8
1,17.000000,15.853000,0.307000,-58,0.000000,7,8
1,17.000000,15.814000,0.311000,-58,0.000000,7,8
1,17.000000,15.658000,0.381000,-58,0.000000,7,8
1,17.000000,15.775000,0.372000,-58,0.000000,7,8
1,17.000000,15.853000,0.309000,-57,0.000000,7,8
1,17.000000,15.736000,0.354000,-58,0.000000,7,8
1,17.000000,15.931000,0.253000,-57,0.000000,7,8
1,17.000000,15.873000,0.292000,-57,0.000000,7,8
1,17.000000,15.756000,0.404000,-57,0.000000,7,8
1,17.000000,15.775000,0.442000,-58,0.000000,7,8
1,17.000000,15.814000,0.284000,-58,0.000000,7,8
1,17.000000,15.736000,0.373000,-58,0.000000,7,8
1,17.000000,15.678000,0.336000,-58,0.000000,7,8
1,17.000000,15.795000,0.449000,-57,0.000000,7,8
1,17.000000,15.756000,0.374000,-57,0.000000,7,8
1,17.000000,15.756000,0.382000,-58,0.000000,7,8
1,17.000000,15.795000,0.361000,-58,0.000000,7,8
1,17.000000,15.678000,0.322000,-57,0.000000,7,8
1,17.000000,15.736000,0.382000,-58,0.000000,7,8
1,17.000000,15.795000,0.342000,-58,0.000000,7,8
1,17.000000,15.814000,0.319000,-58,0.000000,7,8
1,17.000000,15.951000,0.352000,-58,0.000000,7,8
1,17.000000,15.678000,0.370000,-58,0.000000,7,8
1,17.000000,15.756000,0.382000,-58,0.000000,7,8
1,17.000000,15.736000,0.378000,-58,0.000000,7,8
1,17.000000,15.678000,0.369000,-58,0.000000,7,8
1,17.000000,15.873000,0.326000,-58,0.000000,7,8
1,17.000000,15.873000,0.350000,-58,0.000000,7,8
1,17.000000,15.814000,0.382000,-57,0.000000,7,8
1,17.000000,15.775000,0.335000,-58,0.000000,7,8
1,17.000000,16.049000,0.218000,-58,0.000000,7,8
1,17.000000,15.756000,0.316000,-58,0.000000,7,8
1,17.000000,15.756000,0.409000,-58,0.000000,7,8
1,17.000000,15.717000,0.418000,-58,0.000000,7,8
1,17.000000,15.736000,0.452000,-58,0.000000,7,8
1,17.000000,15.853000,0.357000,-57,0.000000,7,8
1,17.000000,15.756000,0.336000,-58,0.000000,7,8
1,17.000000,15.756000,0.356000,-58,0.000000,7,8
1,17.000000,15.756000,0.401000,-58,0.000000,7,8
1,17.000000,15.795000,0.370000,-58,0.000000,7,8
1,17.000000,15.756000,0.338000,-58,0.000000,7,8
1,17.000000,15.736000,0.380000,-58,0.000000,7,8
1,17.000000,15.775000,0.379000,-58,0.000000,7,8
1,17.000000,15.814000,0.387000,-58,0.000000,7,8
1,17.000000,15.892000,0.335000,-58,0.000000,7,8
1,17.000000,15.892000,0.301000,-58,0.000000,7,8
1,17.000000,15.931000,0.278000,-57,0.000000,7,8
1,17.000000,15.775000,0.345000,-58,0.000000,7,8
1,17.000000,15.736000,0.422000,-57,0.000000,7,8
1,17.000000,15.756000,0.334000,-58,0.000000,7,8
1,17.000000,15.775000,0.436000,-58,0.000000,7,8
1,17.000000,15.756000,0.318000,-58,0.000000,7,8
1,17.000000,15.756000,0.365000,-58,0.000000,7,8
1,17.000000,15.912000,0.251000,-58,0.000000,7,8
1,17.000000,15.834000,0.323000,-58,0.000000,7,8
1,17.000000,15.834000,0.348000,-58,0.000000,7,8
1,17.000000,15.736000,0.378000,-58,0.000000,7,8
1,17.000000,15.717000,0.342000,-58,0.000000,7,8
1,17.000000,15.736000,0.383000,-58,0.000000,7,8
1,17.000000,15.756000,0.393000,-58,0.000000,7,8
1,17.000000,15.736000,0.366000,-58,0.000000,7,8
1,17.000000,15.795000,0.363000,-58,0.000000,7,8
1,17.000000,15.814000,0.382000,-58,0.000000,7,8
1,17.000000,15.736000,0.413000,-58,0.000000,7,8
1,17.000000,15.775000,0.333000,-57,0.000000,7,8
1,17.000000,15.795000,0.372000,-58,0.000000,7,8
1,17.000000,15.912000,0.347000,-58,0.000000,7,8
1,17.000000,15.775000,0.441000,-58,0.000000,7,8
1,17.000000,15.619000,0.411000,-58,0.000000,7,8
1,17.000000,15.834000,0.373000,-57,0.000000,7,8
1,17.000000,15.736000,0.311000,-58,0.000000,7,8
1,17.000000,15.814000,0.361000,-58,0.000000,7,8
1,17.000000,15.814000,0.344000,-58,0.000000,7,8
1,17.000000,15.931000,0.314000,-58,0.000000,7,8
1,17.000000,15.912000,0.296000,-58,0.000000,7,8
1,17.000000,15.814000,0.290000,-57,0.000000,7,8
1,17.000000,15.795000,0.360000,-58,0.000000,7,8
1,17.000000,15.814000,0.364000,-58,0.000000,7,8
1,17.000000,16.010000,0.298000,-58,0.000000,7,8
1,17.000000,15.873000,0.350000,-58,0.000000,7,8
1,17.000000,15.795000,0.381000,-58,0.000000,7,8
1,17.000000,15.736000,0.351000,-58,0.000000,7,8
1,17.000000,15.736000,0.360000,-58,0.000000,7,8
1,17.000000,15.834000,0.328000,-57,0.000000,7,8
1,17.000000,15.736000,0.355000,-58,0.000000,7,8
1,17.000000,15.756000,0.408000,-57,0.000000,7,8
1,17.000000,15.873000,0.312000,-58,0.000000,7,8
1,17.000000,16.049000,0.191000,-57,0.000000,7,8
1,17.000000,15.932000,0.246000,-58,0.000000,7,8
1,17.000000,15.853000,0.342000,-58,0.000000,7,8
1,17.000000,15.834000,0.280000,-58,0.000000,7,8
1,17.000000,15.814000,0.294000,-58,0.000000,7,8
1,17.000000,15.736000,0.403000,-58,0.000000,7,8
1,17.000000,15.756000,0.386000,-58,0.000000,7,8
1,17.000000,16.028999,0.260000,-58,0.000000,7,8
1,17.000000,15.756000,0.395000,-58,0.000000,7,8
1,17.000000,15.619000,0.460000,-58,0.000000,7,8
1,17.000000,15.717000,0.366000,-58,0.000000,7,8
1,17.000000,15.775000,0.299000,-58,0.000000,7,8
1,17.000000,15.736000,0.365000,-58,0.000000,7,8
1,17.000000,15.756000,0.356000,-58,0.000000,7,8
1,17.000000,15.795000,0.355000,-57,0.000000,7,8
1,17.000000,15.873000,0.333000,-57,0.000000,7,8
1,17.000000,15.892000,0.420000,-58,0.000000,7,8
1,17.000000,15.736000,0.410000,-58,0.000000,7,8
1,17.000000,15.717000,0.368000,-58,0.000000,7,8
1,17.000000,15.775000,0.397000,-58,0.000000,7,8
1,17.000000,15.775000,0.360000,-58,0.000000,7,8
1,17.000000,15.795000,0.335000,-58,0.000000,7,8
1,17.000000,15.658000,0.406000,-58,0.000000,7,8
1,17.000000,15.795000,0.311000,-58,0.000000,7,8
1,17.000000,15.678000,0.412000,-58,0.000000,7,8
1,17.000000,15.932000,0.233000,-58,0.000000,7,8
1,17.000000,15.873000,0.328000,-58,0.000000,7,8
1,17.000000,15.756000,0.363000,-58,0.000000,7,8
1,17.000000,15.795000,0.271000,-58,0.000000,7,8
1,17.000000,15.853000,0.363000,-58,0.000000,7,8
1,17.000000,15.873000,0.307000,-58,0.000000,7,8
1,17.000000,15.756000,0.362000,-58,0.000000,7,8
1,17.000000,15.756000,0.427000,-58,0.000000,7,8
1,17.000000,15.736000,0.413000,-58,0.000000,7,8
1,17.000000,15.834000,0.338000,-58,0.000000,7,8
1,17.000000,15.892000,0.262000,-58,0.000000,7,8
1,17.000000,15.795000,0.382000,-57,0.000000,7,8
1,17.000000,15.717000,0.408000,-58,0.000000,7,8
1,17.000000,15.814000,0.345000,-58,0.000000,7,8
1,17.000000,15.834000,0.419000,-57,0.000000,7,8
1,17.000000,15.814000,0.361000,-58,0.000000,7,8
1,17.000000,15.834000,0.293000,-58,0.000000,7,8
1,17.000000,15.814000,0.403000,-57,0.000000,7,8
1,17.000000,15.756000,0.351000,-58,0.000000,7,8
1,17.000000,15.853000,0.297000,-57,0.000000,7,8
1,17.000000,15.931000,0.302000,-58,0.000000,7,8
1,17.000000,15.931000,0.342000,-57,0.000000,7,8
1,17.000000,15.814000,0.376000,-57,0.000000,7,8
1,17.000000,15.639000,0.364000,-57,0.000000,7,8
1,17.000000,15.658000,0.405000,-57,0.000000,7,8
1,17.000000,15.834000,0.312000,-58,0.000000,7,8
1,17.000000,15.853000,0.342000,-57,0.000000,7,8
1,17.000000,15.853000,0.294000,-57,0.000000,7,8
1,17.000000,15.697000,0.425000,-58,0.000000,7,8
1,17.000000,15.775000,0.306000,-58,0.000000,7,8
1,17.000000,15.912000,0.450000,-58,0.000000,7,8
1,17.000000,15.951000,0.294000,-57,0.000000,7,8
1,17.000000,15.951000,0.315000,-57,0.000000,7,8
1,17.000000,15.834000,0.286000,-58,0.000000,7,8
1,17.000000,15.756000,0.332000,-58,0.000000,7,8
1,17.000000,15.775000,0.323000,-58,0.000000,7,8
1,17.000000,15.775000,0.282000,-58,0.000000,7,8
1,17.000000,15.814000,0.262000,-57,0.000000,7,8
1,17.000000,15.932000,0.252000,-58,0.000000,7,8
1,17.000000,15.814000,0.352000,-58,0.000000,7,8
1,17.000000,15.853000,0.278000,-58,0.000000,7,8
1,17.000000,15.717000,0.356000,-58,0.000000,7,8
1,17.000000,15.736000,0.422000,-58,0.000000,7,8
1,17.000000,15.678000,0.365000,-58,0.000000,7,8
1,17.000000,15.756000,0.395000,-58,0.000000,7,8
1,17.000000,15.736000,0.336000,-58,0.000000,7,8
1,17.000000,15.834000,0.340000,-58,0.000000,7,8
1,17.000000,15.795000,0.332000,-58,0.000000,7,8
1,17.000000,15.775000,0.336000,-58,0.000000,7,8
1,17.000000,15.717000,0.397000,-58,0.000000,7,8
1,17.000000,15.756000,0.461000,-58,0.000000,7,8
1,17.000000,15.814000,0.322000,-58,0.000000,7,8
1,17.000000,15.834000,0.317000,-58,0.000000,7,8
1,17.000000,15.853000,0.311000,-58,0.000000,7,8
1,17.000000,15.697000,0.394000,-58,0.000000,7,8
1,17.000000,15.834000,0.355000,-58,0.000000,7,8
1,17.000000,15.658000,0.402000,-58,0.000000,7,8
1,17.000000,15.658000,0.417000,-58,0.000000,7,8
1,17.000000,15.639000,0.433000,-58,0.000000,7,8
1,17.000000,15.853000,0.345000,-57,0.000000,7,8
1,17.000000,15.834000,0.327000,-58,0.000000,7,8
1,17.000000,15.717000,0.334000,-58,0.000000,7,8
1,17.000000,15.697000,0.387000,-58,0.000000,7,8
1,17.000000,15.814000,0.315000,-58,0.000000,7,8
1,17.000000,15.717000,0.382000,-58,0.000000,7,8
1,17.000000,15.756000,0.342000,-58,0.000000,7,8
1,17.000000,15.775000,0.346000,-58,0.000000,7,8
1,17.000000,15.853000,0.294000,-58,0.000000,7,8
1,17.000000,15.912000,0.352000,-58,0.000000,7,8
1,17.000000,15.756000,0.328000,-58,0.000000,7,8
1,17.000000,15.717000,0.343000,-58,0.000000,7,8
1,17.000000,15.697000,0.408000,-58,0.000000,7,8
1,17.000000,16.028999,0.260000,-58,0.000000,7,8
1,17.000000,15.775000,0.351000,-58,0.000000,7,8
1,17.000000,15.834000,0.292000,-58,0.000000,7,8
1,17.000000,15.970000,0.286000,-57,0.000000,7,8
1,17.000000,15.834000,0.306000,-58,0.000000,7,8
1,17.000000,15.853000,0.300000,-58,0.000000,7,8
1,17.000000,15.736000,0.354000,-58,0.000000,7,8
1,17.000000,15.873000,0.304000,-58,0.000000,7,8
1,17.000000,15.756000,0.466000,-58,0.000000,7,8
1,17.000000,15.873000,0.339000,-58,0.000000,7,8
1,17.000000,15.853000,0.297000,-58,0.000000,7,8
1,17.000000,15.834000,0.317000,-58,0.000000,7,8
1,17.000000,15.775000,0.355000,-58,0.000000,7,8
1,17.000000,15.795000,0.356000,-58,0.000000,7,8
1,17.000000,15.853000,0.403000,-58,0.000000,7,8
1,17.000000,15.795000,0.459000,-58,0.000000,7,8
1,17.000000,15.756000,0.340000,-57,0.000000,7,8
1,17.000000,15.912000,0.220000,-57,0.000000,7,8
1,17.000000,15.775000,0.295000,-57,0.000000,7,8
1,17.000000,15.834000,0.319000,-58,0.000000,7,8
1,17.000000,15.775000,0.310000,-58,0.000000,7,8
1,17.000000,15.775000,0.414000,-57,0.000000,7,8
1,17.000000,15.834000,0.384000,-57,0.000000,7,8
1,17.000000,15.873000,0.318000,-58,0.000000,7,8
1,17.000000,15.775000,0.371000,-58,0.000000,7,8
1,17.000000,15.834000,0.303000,-58,0.000000,7,8
1,17.000000,15.795000,0.371000,-57,0.000000,7,8
1,17.000000,15.834000,0.343000,-58,0.000000,7,8
1,17.000000,15.853000,0.346000,-58,0.000000,7,8
