1,5.000000,4.096000,0.194000,-73,0.000000,7,8
1,5.000000,4.326000,0.112000,-72,0.000000,7,8
1,5.000000,4.541000,0.212000,-67,0.000000,7,8
1,5.000000,4.682000,0.216000,-67,0.000000,7,8
1,5.000000,4.168000,0.317000,-69,0.000000,7,8
1,5.000000,4.814000,0.079000,-69,0.000000,7,8
1,5.000000,4.529000,0.286000,-69,0.000000,7,8
1,5.000000,5.048000,0.189000,-65,0.000000,7,8
1,5.000000,5.201000,0.226000,-64,0.000000,7,8
1,5.000000,5.745000,0.257000,-64,0.000000,7,8
1,5.000000,5.864000,0.241000,-61,0.000000,7,8
1,5.000000,5.261000,0.515000,-63,0.000000,7,8
1,5.000000,4.754000,0.676000,-61,0.000000,7,8
1,5.000000,4.845000,0.521000,-59,0.000000,7,8
1,5.000000,5.401000,0.218000,-66,0.000000,7,8
1,5.000000,3.979000,0.851000,-63,0.000000,7,8
1,5.000000,4.251000,0.442000,-63,0.000000,7,8
1,5.000000,4.241000,0.812000,-66,0.000000,7,8
1,5.000000,4.504000,0.476000,-63,0.000000,7,8
1,5.000000,4.620000,0.510000,-65,0.000000,7,8
1,5.000000,4.464000,0.249000,-69,0.000000,7,8
1,5.000000,4.539000,0.280000,-67,0.000000,7,8
1,5.000000,4.949000,0.321000,-69,0.000000,7,8
1,5.000000,4.611000,0.265000,-64,0.000000,7,8
1,5.000000,4.267000,0.559000,-64,0.000000,7,8
1,5.000000,4.553000,0.267000,-67,0.000000,7,8
1,5.000000,5.083000,0.266000,-64,0.000000,7,8
1,5.000000,5.085000,0.155000,-67,0.000000,7,8
1,5.000000,4.658000,0.100000,-64,0.000000,7,8
1,5.000000,4.989000,0.592000,-66,0.000000,7,8
1,5.000000,3.826000,0.548000,-66,0.000000,7,8
1,5.000000,3.911000,0.374000,-63,0.000000,7,8
1,5.000000,4.426000,0.928000,-66,0.000000,7,8
1,5.000000,3.986000,0.149000,-67,0.000000,7,8
1,5.000000,4.601000,0.597000,-66,0.000000,7,8
1,5.000000,3.911000,0.549000,-67,0.000000,7,8
1,5.000000,4.376000,0.368000,-63,0.000000,7,8
1,5.000000,3.887000,0.234000,-66,0.000000,7,8
1,5.000000,4.356000,0.270000,-65,0.000000,7,8
1,5.000000,4.658000,0.524000,-68,0.000000,7,8
1,5.000000,5.792000,0.283000,-65,0.000000,7,8
1,5.000000,5.348000,0.343000,-70,0.000000,7,8
1,5.000000,5.558000,0.115000,-64,0.000000,7,8
1,5.000000,3.723000,1.400000,-69,0.000000,7,8
1,5.000000,5.004000,0.264000,-68,0.000000,7,8
1,5.000000,4.607000,0.171000,-69,0.000000,7,8
1,5.000000,5.511000,0.381000,-71,0.000000,7,8
1,5.000000,4.992000,0.573000,-65,0.000000,7,8
1,5.000000,6.295000,0.178000,-61,0.000000,7,8
1,5.000000,5.651000,0.309000,-61,0.000000,7,8
1,5.000000,3.948000,1.445000,-65,0.000000,7,8
1,5.000000,4.054000,0.321000,-66,0.000000,7,8
1,5.000000,4.757000,0.272000,-67,0.000000,7,8
1,5.000000,4.358000,0.446000,-65,0.000000,7,8
1,5.000000,4.811000,0.166000,-63,0.000000,7,8
1,5.000000,3.917000,0.099000,-65,0.000000,7,8
1,5.000000,3.833000,1.444000,-63,0.000000,7,8
1,5.000000,4.151000,0.794000,-63,0.000000,7,8
1,5.000000,5.670000,0.065000,-61,0.000000,7,8
1,5.000000,5.476000,0.104000,-60,0.000000,7,8
1,5.000000,5.001000,0.235000,-62,0.000000,7,8
1,5.000000,5.083000,0.165000,-62,0.000000,7,8
1,5.000000,5.223000,0.088000,-64,0.000000,7,8
1,5.000000,4.933000,0.133000,-63,0.000000,7,8
1,5.000000,4.726000,0.076000,-65,0.000000,7,8
1,5.000000,4.241000,0.178000,-66,0.000000,7,8
1,5.000000,4.572000,0.254000,-66,0.000000,7,8
1,5.000000,5.113000,0.125000,-64,0.000000,7,8
1,5.000000,4.733000,0.170000,-64,0.000000,7,8
1,5.000000,4.419000,0.067000,-65,0.000000,7,8
1,5.000000,4.401000,0.122000,-65,0.000000,7,8
1,5.000000,4.651000,0.328000,-65,0.000000,7,8
1,5.000000,4.567000,0.409000,-65,0.000000,7,8
1,5.000000,4.358000,0.554000,-65,0.000000,7,8
1,5.000000,4.386000,0.120000,-65,0.000000,7,8
1,5.000000,3.951000,0.321000,-63,0.000000,7,8
1,5.000000,3.789000,0.316000,-63,0.000000,7,8
1,5.000000,3.958000,0.320000,-64,0.000000,7,8
1,5.000000,3.876000,0.361000,-65,0.000000,7,8
1,5.000000,3.239000,0.568000,-64,0.000000,7,8
1,5.000000,3.004000,0.428000,-63,0.000000,7,8
1,5.000000,3.880000,0.178000,-64,0.000000,7,8
1,5.000000,4.030000,0.138000,-66,0.000000,7,8
1,5.000000,3.823000,0.269000,-65,0.000000,7,8
1,5.000000,3.736000,0.338000,-65,0.000000,7,8
1,5.000000,3.851000,0.355000,-65,0.000000,7,8
1,5.000000,3.783000,0.352000,-66,0.000000,7,8
1,5.000000,3.879000,0.357000,-65,0.000000,7,8
1,5.000000,3.967000,0.290000,-64,0.000000,7,8
1,5.000000,4.111000,0.333000,-65,0.000000,7,8
1,5.000000,4.220000,0.244000,-67,0.000000,7,8
1,5.000000,4.111000,0.276000,-67,0.000000,7,8
1,5.000000,4.133000,0.194000,-68,0.000000,7,8
1,5.000000,4.073000,0.280000,-67,0.000000,7,8
1,5.000000,3.945000,0.263000,-66,0.000000,7,8
1,5.000000,4.064000,0.252000,-65,0.000000,7,8
1,5.000000,4.073000,0.238000,-66,0.000000,7,8
1,5.000000,3.917000,0.186000,-68,0.000000,7,8
1,5.000000,3.839000,0.275000,-66,0.000000,7,8
1,5.000000,4.230000,0.167000,-64,0.000000,7,8
1,5.000000,4.014000,0.243000,-64,0.000000,7,8
1,5.000000,4.105000,0.203000,-65,0.000000,7,8
1,5.000000,4.326000,0.121000,-64,0.000000,7,8
1,5.000000,3.986000,0.222000,-65,0.000000,7,8
1,5.000000,3.908000,0.276000,-65,0.000000,7,8
1,5.000000,4.248000,0.172000,-65,0.000000,7,8
1,5.000000,4.220000,0.157000,-65,0.000000,7,8
1,5.000000,4.058000,0.211000,-65,0.000000,7,8
1,5.000000,4.067000,0.192000,-64,0.000000,7,8
1,5.000000,4.230000,0.182000,-64,0.000000,7,8
1,5.000000,4.326000,0.107000,-64,0.000000,7,8
1,5.000000,4.298000,0.149000,-64,0.000000,7,8
1,5.000000,4.192000,0.228000,-64,0.000000,7,8
1,5.000000,4.189000,0.191000,-64,0.000000,7,8
1,5.000000,4.298000,0.143000,-64,0.000000,7,8
1,5.000000,4.054000,0.193000,-64,0.000000,7,8
1,5.000000,4.167000,0.174000,-64,0.000000,7,8
1,5.000000,4.239000,0.115000,-64,0.000000,7,8
1,5.000000,4.298000,0.207000,-64,0.000000,7,8
1,5.000000,4.105000,0.169000,-64,0.000000,7,8
1,5.000000,4.064000,0.220000,-64,0.000000,7,8
1,5.000000,4.133000,0.178000,-64,0.000000,7,8
1,5.000000,4.030000,0.216000,-64,0.000000,7,8
1,5.000000,4.139000,0.245000,-64,0.000000,7,8
1,5.000000,4.386000,0.146000,-64,0.000000,7,8
1,5.000000,4.176000,0.170000,-64,0.000000,7,8
1,5.000000,4.326000,0.099000,-64,0.000000,7,8
1,5.000000,4.186000,0.157000,-64,0.000000,7,8
1,5.000000,4.242000,0.158000,-64,0.000000,7,8
1,5.000000,4.248000,0.116000,-64,0.000000,7,8
1,5.000000,4.142000,0.151000,-64,0.000000,7,8
1,5.000000,4.264000,0.130000,-64,0.000000,7,8
1,5.000000,4.326000,0.095000,-64,0.000000,7,8
1,5.000000,4.245000,0.119000,-64,0.000000,7,8
1,5.000000,4.142000,0.158000,-64,0.000000,7,8
1,5.000000,4.226000,0.188000,-64,0.000000,7,8
1,5.000000,4.142000,0.189000,-64,0.000000,7,8
1,5.000000,4.367000,0.129000,-64,0.000000,7,8
1,5.000000,4.348000,0.146000,-64,0.000000,7,8
1,5.000000,4.201000,0.182000,-64,0.000000,7,8
1,5.000000,4.298000,0.144000,-64,0.000000,7,8
1,5.000000,4.326000,0.100000,-64,0.000000,7,8
1,5.000000,4.170000,0.163000,-64,0.000000,7,8
1,5.000000,4.239000,0.163000,-64,0.000000,7,8
1,5.000000,4.336000,0.165000,-64,0.000000,7,8
1,5.000000,4.289000,0.180000,-64,0.000000,7,8
1,5.000000,4.226000,0.200000,-64,0.000000,7,8
1,5.000000,4.289000,0.154000,-64,0.000000,7,8
1,5.000000,4.305000,0.179000,-64,0.000000,7,8
1,5.000000,4.342000,0.169000,-64,0.000000,7,8
1,5.000000,4.058000,0.270000,-64,0.000000,7,8
1,5.000000,4.183000,0.169000,-64,0.000000,7,8
1,5.000000,4.308000,0.236000,-64,0.000000,7,8
1,5.000000,4.258000,0.277000,-64,0.000000,7,8
1,5.000000,4.098000,0.247000,-64,0.000000,7,8
1,5.000000,4.230000,0.230000,-64,0.000000,7,8
1,5.000000,4.026000,0.204000,-65,0.000000,7,8
1,5.000000,4.026000,0.228000,-65,0.000000,7,8
1,5.000000,4.192000,0.196000,-65,0.000000,7,8
1,5.000000,4.148000,0.230000,-64,0.000000,7,8
1,5.000000,4.326000,0.129000,-65,0.000000,7,8
1,5.000000,4.148000,0.238000,-65,0.000000,7,8
1,5.000000,4.204000,0.147000,-64,0.000000,7,8
1,5.000000,4.220000,0.200000,-65,0.000000,7,8
1,5.000000,4.064000,0.201000,-64,0.000000,7,8
1,5.000000,3.951000,0.265000,-65,0.000000,7,8
1,5.000000,4.020000,0.275000,-65,0.000000,7,8
1,5.000000,4.539000,0.179000,-63,0.000000,7,8
1,5.000000,4.576000,0.180000,-64,0.000000,7,8
1,5.000000,4.628000,0.142000,-63,0.000000,7,8
1,5.000000,4.720000,0.105000,-63,0.000000,7,8
1,5.000000,4.579000,0.154000,-62,0.000000,7,8
1,5.000000,4.576000,0.179000,-63,0.000000,7,8
1,5.000000,4.623000,0.169000,-63,0.000000,7,8
1,5.000000,4.695000,0.168000,-62,0.000000,7,8
1,5.000000,4.799000,0.118000,-62,0.000000,7,8
1,5.000000,4.892000,0.101000,-62,0.000000,7,8
1,5.000000,4.970000,0.145000,-63,0.000000,7,8
1,5.000000,4.726000,0.195000,-62,0.000000,7,8
1,5.000000,4.892000,0.158000,-62,0.000000,7,8
1,5.000000,4.851000,0.166000,-63,0.000000,7,8
1,5.000000,4.492000,0.200000,-61,0.000000,7,8
1,5.000000,4.617000,0.123000,-62,0.000000,7,8
1,5.000000,4.533000,0.144000,-62,0.000000,7,8
1,5.000000,4.600000,0.166000,-62,0.000000,7,8
1,5.000000,4.661000,0.083000,-62,0.000000,7,8
1,5.000000,4.661000,0.149000,-62,0.000000,7,8
1,5.000000,4.576000,0.194000,-62,0.000000,7,8
1,5.000000,4.583000,0.159000,-63,0.000000,7,8
1,5.000000,4.498000,0.291000,-63,0.000000,7,8
1,5.000000,4.455000,0.163000,-64,0.000000,7,8
1,5.000000,4.380000,0.254000,-65,0.000000,7,8
1,5.000000,4.348000,0.221000,-65,0.000000,7,8
1,5.000000,4.423000,0.211000,-64,0.000000,7,8
1,5.000000,4.517000,0.127000,-64,0.000000,7,8
1,5.000000,4.264000,0.273000,-64,0.000000,7,8
1,5.000000,4.376000,0.173000,-63,0.000000,7,8
1,5.000000,4.583000,0.203000,-63,0.000000,7,8
1,5.000000,4.651000,0.137000,-63,0.000000,7,8
1,5.000000,4.611000,0.113000,-63,0.000000,7,8
1,5.000000,4.715000,0.104000,-63,0.000000,7,8
1,5.000000,4.989000,0.112000,-63,0.000000,7,8
1,5.000000,4.895000,0.117000,-63,0.000000,7,8
1,5.000000,4.708000,0.071000,-63,0.000000,7,8
1,5.000000,4.736000,0.117000,-63,0.000000,7,8
1,5.000000,4.689000,0.097000,-63,0.000000,7,8
1,5.000000,4.583000,0.234000,-63,0.000000,7,8
1,5.000000,4.823000,0.111000,-63,0.000000,7,8
1,5.000000,4.629000,0.169000,-63,0.000000,7,8
1,5.000000,4.530000,0.111000,-63,0.000000,7,8
1,5.000000,4.679000,0.097000,-64,0.000000,7,8
1,5.000000,4.498000,0.173000,-64,0.000000,7,8
1,5.000000,4.536000,0.156000,-63,0.000000,7,8
1,5.000000,4.492000,0.139000,-63,0.000000,7,8
1,5.000000,4.455000,0.141000,-63,0.000000,7,8
1,5.000000,4.626000,0.097000,-63,0.000000,7,8
1,5.000000,4.501000,0.233000,-64,0.000000,7,8
1,5.000000,4.533000,0.223000,-64,0.000000,7,8
1,5.000000,4.595000,0.146000,-64,0.000000,7,8
1,5.000000,4.426000,0.289000,-64,0.000000,7,8
1,5.000000,4.523000,0.190000,-64,0.000000,7,8
1,5.000000,4.523000,0.179000,-64,0.000000,7,8
1,5.000000,4.383000,0.209000,-64,0.000000,7,8
1,5.000000,4.592000,0.101000,-63,0.000000,7,8
1,5.000000,4.426000,0.254000,-63,0.000000,7,8
1,5.000000,4.398000,0.210000,-64,0.000000,7,8
1,5.000000,4.258000,0.137000,-63,0.000000,7,8
1,5.000000,4.426000,0.214000,-64,0.000000,7,8
1,5.000000,4.373000,0.140000,-64,0.000000,7,8
1,5.000000,4.326000,0.159000,-63,0.000000,7,8
1,5.000000,4.501000,0.231000,-63,0.000000,7,8
1,5.000000,4.179000,0.168000,-63,0.000000,7,8
1,5.000000,4.376000,0.204000,-63,0.000000,7,8
1,5.000000,4.264000,0.170000,-62,0.000000,7,8
1,5.000000,4.258000,0.151000,-63,0.000000,7,8
1,5.000000,4.367000,0.197000,-63,0.000000,7,8
1,5.000000,4.289000,0.134000,-63,0.000000,7,8
1,5.000000,4.289000,0.263000,-63,0.000000,7,8
1,5.000000,4.255000,0.239000,-63,0.000000,7,8
1,5.000000,4.214000,0.178000,-63,0.000000,7,8
1,5.000000,4.223000,0.216000,-63,0.000000,7,8
1,5.000000,4.345000,0.178000,-63,0.000000,7,8
1,5.000000,4.339000,0.185000,-63,0.000000,7,8
1,5.000000,4.223000,0.198000,-63,0.000000,7,8
1,5.000000,4.354000,0.154000,-62,0.000000,7,8
1,5.000000,4.267000,0.249000,-63,0.000000,7,8
1,5.000000,4.501000,0.211000,-63,0.000000,7,8
1,5.000000,4.483000,0.180000,-63,0.000000,7,8
1,5.000000,4.567000,0.092000,-62,0.000000,7,8
1,5.000000,4.595000,0.074000,-62,0.000000,7,8
1,5.000000,4.597000,0.101000,-63,0.000000,7,8
1,5.000000,4.542000,0.135000,-62,0.000000,7,8
1,5.000000,4.530000,0.094000,-62,0.000000,7,8
1,5.000000,4.498000,0.190000,-62,0.000000,7,8
1,5.000000,4.426000,0.205000,-63,0.000000,7,8
1,5.000000,4.611000,0.093000,-62,0.000000,7,8
1,5.000000,4.511000,0.050000,-62,0.000000,7,8
1,5.000000,4.511000,0.096000,-62,0.000000,7,8
1,5.000000,4.423000,0.194000,-63,0.000000,7,8
1,5.000000,4.305000,0.254000,-63,0.000000,7,8
1,5.000000,4.323000,0.169000,-63,0.000000,7,8
1,5.000000,4.408000,0.111000,-63,0.000000,7,8
1,5.000000,4.517000,0.060000,-63,0.000000,7,8
1,5.000000,4.473000,0.175000,-63,0.000000,7,8
1,5.000000,4.569000,0.077000,-63,0.000000,7,8
1,5.000000,4.380000,0.196000,-63,0.000000,7,8
1,5.000000,4.539000,0.174000,-63,0.000000,7,8
1,5.000000,4.486000,0.077000,-63,0.000000,7,8
1,5.000000,4.464000,0.227000,-63,0.000000,7,8
1,5.000000,4.423000,0.227000,-63,0.000000,7,8
1,5.000000,4.367000,0.091000,-63,0.000000,7,8
1,5.000000,4.551000,0.089000,-62,0.000000,7,8
1,5.000000,4.445000,0.153000,-63,0.000000,7,8
1,5.000000,4.420000,0.156000,-63,0.000000,7,8
1,5.000000,4.455000,0.155000,-62,0.000000,7,8
1,5.000000,4.345000,0.322000,-63,0.000000,7,8
1,5.000000,4.464000,0.192000,-62,0.000000,7,8
1,5.000000,4.423000,0.244000,-62,0.000000,7,8
1,5.000000,4.454000,0.148000,-62,0.000000,7,8
1,5.000000,4.417000,0.123000,-62,0.000000,7,8
1,5.000000,4.420000,0.212000,-62,0.000000,7,8
1,5.000000,4.554000,0.087000,-62,0.000000,7,8
1,5.000000,4.561000,0.105000,-62,0.000000,7,8
1,5.000000,4.533000,0.174000,-62,0.000000,7,8
1,5.000000,4.426000,0.175000,-62,0.000000,7,8
1,5.000000,4.433000,0.192000,-62,0.000000,7,8
1,5.000000,4.380000,0.190000,-63,0.000000,7,8
1,5.000000,4.345000,0.321000,-63,0.000000,7,8
1,5.000000,4.380000,0.198000,-63,0.000000,7,8
1,5.000000,4.395000,0.180000,-63,0.000000,7,8
1,5.000000,4.376000,0.204000,-63,0.000000,7,8
1,5.000000,4.398000,0.125000,-63,0.000000,7,8
1,5.000000,4.317000,0.202000,-63,0.000000,7,8
1,5.000000,4.305000,0.202000,-63,0.000000,7,8
1,5.000000,4.386000,0.220000,-62,0.000000,7,8
1,5.000000,4.426000,0.105000,-63,0.000000,7,8
1,5.000000,4.201000,0.186000,-63,0.000000,7,8
1,5.000000,4.348000,0.213000,-63,0.000000,7,8
1,5.000000,4.173000,0.182000,-63,0.000000,7,8
1,5.000000,4.064000,0.208000,-63,0.000000,7,8
1,5.000000,4.167000,0.175000,-63,0.000000,7,8
1,5.000000,4.105000,0.238000,-63,0.000000,7,8
1,5.000000,4.098000,0.183000,-63,0.000000,7,8
1,5.000000,4.270000,0.198000,-63,0.000000,7,8
1,5.000000,4.239000,0.184000,-63,0.000000,7,8
1,5.000000,4.267000,0.186000,-63,0.000000,7,8
1,5.000000,4.270000,0.214000,-64,0.000000,7,8
1,5.000000,4.305000,0.224000,-64,0.000000,7,8
1,5.000000,4.270000,0.228000,-63,0.000000,7,8
1,5.000000,4.214000,0.159000,-63,0.000000,7,8
1,5.000000,4.348000,0.203000,-63,0.000000,7,8
1,5.000000,4.376000,0.126000,-63,0.000000,7,8
1,5.000000,4.276000,0.144000,-64,0.000000,7,8
1,5.000000,4.226000,0.160000,-64,0.000000,7,8
1,5.000000,4.239000,0.132000,-64,0.000000,7,8
1,5.000000,4.298000,0.164000,-64,0.000000,7,8
1,5.000000,4.255000,0.155000,-64,0.000000,7,8
1,5.000000,4.436000,0.088000,-63,0.000000,7,8
1,5.000000,4.345000,0.214000,-63,0.000000,7,8
1,5.000000,4.348000,0.259000,-63,0.000000,7,8
1,5.000000,4.211000,0.170000,-63,0.000000,7,8
1,5.000000,4.354000,0.166000,-63,0.000000,7,8
1,5.000000,4.226000,0.229000,-63,0.000000,7,8
1,5.000000,4.376000,0.153000,-63,0.000000,7,8
1,5.000000,4.433000,0.112000,-63,0.000000,7,8
1,5.000000,4.426000,0.093000,-63,0.000000,7,8
1,5.000000,4.345000,0.242000,-63,0.000000,7,8
1,5.000000,4.436000,0.101000,-63,0.000000,7,8
1,5.000000,4.342000,0.169000,-63,0.000000,7,8
1,5.000000,4.354000,0.174000,-63,0.000000,7,8
1,5.000000,4.220000,0.209000,-63,0.000000,7,8
1,5.000000,4.173000,0.172000,-63,0.000000,7,8
1,5.000000,4.267000,0.287000,-63,0.000000,7,8
1,5.000000,4.220000,0.187000,-63,0.000000,7,8
1,5.000000,4.148000,0.269000,-63,0.000000,7,8
1,5.000000,4.098000,0.231000,-63,0.000000,7,8
1,5.000000,4.230000,0.267000,-63,0.000000,7,8
1,5.000000,4.245000,0.154000,-63,0.000000,7,8
1,5.000000,4.426000,0.130000,-63,0.000000,7,8
1,5.000000,4.098000,0.195000,-63,0.000000,7,8
1,5.000000,4.142000,0.222000,-64,0.000000,7,8
1,5.000000,4.348000,0.185000,-64,0.000000,7,8
1,5.000000,4.376000,0.126000,-64,0.000000,7,8
1,5.000000,4.267000,0.294000,-63,0.000000,7,8
1,5.000000,4.192000,0.300000,-63,0.000000,7,8
1,5.000000,4.248000,0.151000,-63,0.000000,7,8
1,5.000000,4.326000,0.148000,-63,0.000000,7,8
1,5.000000,4.289000,0.193000,-63,0.000000,7,8
1,5.000000,4.208000,0.191000,-64,0.000000,7,8
1,5.000000,4.248000,0.131000,-64,0.000000,7,8
1,5.000000,4.098000,0.183000,-63,0.000000,7,8
1,5.000000,4.183000,0.208000,-64,0.000000,7,8
1,5.000000,4.298000,0.211000,-64,0.000000,7,8
1,5.000000,4.173000,0.170000,-64,0.000000,7,8
1,5.000000,4.239000,0.217000,-64,0.000000,7,8
1,5.000000,4.270000,0.223000,-63,0.000000,7,8
1,5.000000,4.226000,0.280000,-63,0.000000,7,8
1,5.000000,4.189000,0.255000,-63,0.000000,7,8
1,5.000000,4.326000,0.159000,-63,0.000000,7,8
1,5.000000,4.279000,0.195000,-63,0.000000,7,8
1,5.000000,4.320000,0.133000,-64,0.000000,7,8
1,5.000000,4.426000,0.144000,-63,0.000000,7,8
1,5.000000,4.176000,0.182000,-64,0.000000,7,8
1,5.000000,4.326000,0.180000,-64,0.000000,7,8
1,5.000000,4.289000,0.185000,-64,0.000000,7,8
1,5.000000,4.230000,0.251000,-64,0.000000,7,8
1,5.000000,4.267000,0.230000,-64,0.000000,7,8
1,5.000000,4.239000,0.206000,-64,0.000000,7,8
1,5.000000,4.192000,0.269000,-64,0.000000,7,8
1,5.000000,4.348000,0.146000,-64,0.000000,7,8
1,5.000000,4.176000,0.154000,-64,0.000000,7,8
1,5.000000,4.276000,0.149000,-64,0.000000,7,8
1,5.000000,4.142000,0.202000,-64,0.000000,7,8
1,5.000000,4.192000,0.299000,-64,0.000000,7,8
1,5.000000,4.283000,0.137000,-64,0.000000,7,8
1,5.000000,4.148000,0.282000,-64,0.000000,7,8
1,5.000000,4.348000,0.175000,-64,0.000000,7,8
1,5.000000,4.286000,0.138000,-64,0.000000,7,8
1,5.000000,4.226000,0.248000,-64,0.000000,7,8
1,5.000000,4.326000,0.170000,-63,0.000000,7,8
1,5.000000,4.101000,0.167000,-64,0.000000,7,8
1,5.000000,4.267000,0.271000,-64,0.000000,7,8
1,5.000000,4.104000,0.251000,-64,0.000000,7,8
1,5.000000,4.242000,0.168000,-64,0.000000,7,8
1,5.000000,4.270000,0.271000,-64,0.000000,7,8
1,5.000000,4.145000,0.242000,-63,0.000000,7,8
1,5.000000,4.223000,0.222000,-64,0.000000,7,8
1,5.000000,4.368000,0.230000,-64,0.000000,7,8
1,5.000000,4.148000,0.263000,-64,0.000000,7,8
1,5.000000,4.248000,0.173000,-64,0.000000,7,8
1,5.000000,4.211000,0.147000,-63,0.000000,7,8
1,5.000000,4.305000,0.188000,-64,0.000000,7,8
1,5.000000,4.211000,0.147000,-64,0.000000,7,8
1,5.000000,4.305000,0.226000,-64,0.000000,7,8
1,5.000000,4.376000,0.125000,-64,0.000000,7,8
1,5.000000,4.376000,0.137000,-64,0.000000,7,8
1,5.000000,4.267000,0.250000,-64,0.000000,7,8
1,5.000000,4.326000,0.149000,-64,0.000000,7,8
1,5.000000,4.239000,0.216000,-64,0.000000,7,8
1,5.000000,4.101000,0.167000,-64,0.000000,7,8
1,5.000000,4.326000,0.171000,-64,0.000000,7,8
1,5.000000,4.180000,0.192000,-64,0.000000,7,8
1,5.000000,4.139000,0.164000,-64,0.000000,7,8
1,5.000000,4.326000,0.199000,-64,0.000000,7,8
1,5.000000,4.308000,0.260000,-64,0.000000,7,8
1,5.000000,4.279000,0.177000,-64,0.000000,7,8
1,5.000000,4.267000,0.250000,-64,0.000000,7,8
1,5.000000,4.308000,0.203000,-64,0.000000,7,8
1,5.000000,4.270000,0.214000,-64,0.000000,7,8
1,5.000000,4.348000,0.213000,-64,0.000000,7,8
1,5.000000,4.320000,0.143000,-64,0.000000,7,8
1,5.000000,4.223000,0.207000,-64,0.000000,7,8
1,5.000000,4.283000,0.186000,-64,0.000000,7,8
1,5.000000,4.348000,0.176000,-64,0.000000,7,8
1,5.000000,4.308000,0.274000,-64,0.000000,7,8
1,5.000000,4.395000,0.129000,-64,0.000000,7,8
1,5.000000,4.223000,0.208000,-64,0.000000,7,8
1,5.000000,4.145000,0.219000,-64,0.000000,7,8
1,5.000000,4.258000,0.192000,-63,0.000000,7,8
1,5.000000,4.270000,0.229000,-63,0.000000,7,8
1,5.000000,4.217000,0.211000,-64,0.000000,7,8
1,5.000000,4.230000,0.323000,-64,0.000000,7,8
1,5.000000,4.326000,0.148000,-64,0.000000,7,8
1,5.000000,4.267000,0.273000,-64,0.000000,7,8
1,5.000000,4.217000,0.169000,-64,0.000000,7,8
1,5.000000,4.217000,0.158000,-64,0.000000,7,8
1,5.000000,4.305000,0.268000,-64,0.000000,7,8
1,5.000000,4.326000,0.161000,-64,0.000000,7,8
1,5.000000,4.305000,0.210000,-64,0.000000,7,8
1,5.000000,4.248000,0.131000,-64,0.000000,7,8
1,5.000000,4.298000,0.176000,-64,0.000000,7,8
1,5.000000,4.348000,0.168000,-64,0.000000,7,8
1,5.000000,4.242000,0.195000,-64,0.000000,7,8
1,5.000000,4.101000,0.208000,-64,0.000000,7,8
1,5.000000,4.173000,0.170000,-64,0.000000,7,8
1,5.000000,4.223000,0.207000,-64,0.000000,7,8
1,5.000000,4.301000,0.178000,-64,0.000000,7,8
1,5.000000,4.261000,0.201000,-64,0.000000,7,8
1,5.000000,4.220000,0.188000,-64,0.000000,7,8
1,5.000000,4.230000,0.267000,-64,0.000000,7,8
1,5.000000,4.217000,0.205000,-64,0.000000,7,8
1,5.000000,4.239000,0.185000,-64,0.000000,7,8
1,5.000000,4.142000,0.189000,-63,0.000000,7,8
1,5.000000,4.376000,0.179000,-63,0.000000,7,8
1,5.000000,4.305000,0.176000,-64,0.000000,7,8
1,5.000000,4.286000,0.135000,-64,0.000000,7,8
1,5.000000,4.264000,0.189000,-64,0.000000,7,8
1,5.000000,4.320000,0.134000,-63,0.000000,7,8
1,5.000000,4.317000,0.151000,-63,0.000000,7,8
1,5.000000,4.217000,0.171000,-64,0.000000,7,8
1,5.000000,4.276000,0.163000,-64,0.000000,7,8
1,5.000000,4.267000,0.245000,-64,0.000000,7,8
1,5.000000,4.376000,0.181000,-64,0.000000,7,8
1,5.000000,4.323000,0.122000,-64,0.000000,7,8
1,5.000000,4.270000,0.244000,-64,0.000000,7,8
1,5.000000,4.426000,0.100000,-64,0.000000,7,8
1,5.000000,4.267000,0.273000,-64,0.000000,7,8
1,5.000000,4.289000,0.158000,-64,0.000000,7,8
1,5.000000,4.230000,0.322000,-64,0.000000,7,8
1,5.000000,4.305000,0.209000,-63,0.000000,7,8
1,5.000000,4.376000,0.135000,-64,0.000000,7,8
1,5.000000,4.286000,0.135000,-64,0.000000,7,8
1,5.000000,4.301000,0.165000,-64,0.000000,7,8
1,5.000000,4.267000,0.249000,-64,0.000000,7,8
1,5.000000,4.276000,0.187000,-64,0.000000,7,8
1,5.000000,4.376000,0.182000,-64,0.000000,7,8
1,5.000000,4.426000,0.105000,-64,0.000000,7,8
1,5.000000,4.145000,0.220000,-64,0.000000,7,8
1,5.000000,4.217000,0.170000,-64,0.000000,7,8
1,5.000000,4.276000,0.165000,-64,0.000000,7,8
1,5.000000,4.173000,0.159000,-64,0.000000,7,8
1,5.000000,4.323000,0.141000,-64,0.000000,7,8
1,5.000000,4.145000,0.197000,-64,0.000000,7,8
1,5.000000,4.230000,0.260000,-64,0.000000,7,8
1,5.000000,4.254000,0.165000,-64,0.000000,7,8
1,5.000000,4.251000,0.130000,-64,0.000000,7,8
1,5.000000,4.286000,0.118000,-64,0.000000,7,8
1,5.000000,4.348000,0.181000,-63,0.000000,7,8
1,5.000000,4.270000,0.256000,-64,0.000000,7,8
1,5.000000,4.214000,0.180000,-63,0.000000,7,8
1,5.000000,4.289000,0.135000,-63,0.000000,7,8
1,5.000000,4.348000,0.210000,-64,0.000000,7,8
1,5.000000,4.261000,0.172000,-64,0.000000,7,8
1,5.000000,4.176000,0.157000,-63,0.000000,7,8
1,5.000000,4.248000,0.186000,-63,0.000000,7,8
1,5.000000,4.308000,0.205000,-63,0.000000,7,8
1,5.000000,4.230000,0.238000,-63,0.000000,7,8
1,5.000000,4.342000,0.179000,-63,0.000000,7,8
1,5.000000,4.380000,0.137000,-63,0.000000,7,8
1,5.000000,4.308000,0.267000,-63,0.000000,7,8
1,5.000000,4.305000,0.206000,-63,0.000000,7,8
1,5.000000,4.426000,0.105000,-63,0.000000,7,8
1,5.000000,4.376000,0.147000,-63,0.000000,7,8
1,5.000000,4.295000,0.187000,-64,0.000000,7,8
1,5.000000,4.376000,0.145000,-64,0.000000,7,8
1,5.000000,4.395000,0.115000,-64,0.000000,7,8
1,5.000000,4.230000,0.237000,-64,0.000000,7,8
1,5.000000,4.376000,0.133000,-64,0.000000,7,8
1,5.000000,4.301000,0.166000,-64,0.000000,7,8
1,5.000000,4.295000,0.166000,-63,0.000000,7,8
1,5.000000,4.214000,0.132000,-63,0.000000,7,8
1,5.000000,4.354000,0.169000,-64,0.000000,7,8
1,5.000000,4.323000,0.127000,-64,0.000000,7,8
1,5.000000,4.358000,0.146000,-63,0.000000,7,8
1,5.000000,4.230000,0.311000,-64,0.000000,7,8
1,5.000000,4.326000,0.166000,-64,0.000000,7,8
1,5.000000,4.326000,0.145000,-63,0.000000,7,8
1,5.000000,4.270000,0.256000,-63,0.000000,7,8
1,5.000000,4.267000,0.309000,-63,0.000000,7,8
1,5.000000,4.211000,0.176000,-63,0.000000,7,8
1,5.000000,4.376000,0.166000,-63,0.000000,7,8
1,5.000000,4.267000,0.257000,-63,0.000000,7,8
1,5.000000,4.323000,0.142000,-64,0.000000,7,8
1,5.000000,4.367000,0.142000,-63,0.000000,7,8
1,5.000000,4.426000,0.130000,-63,0.000000,7,8
1,5.000000,4.426000,0.122000,-63,0.000000,7,8
1,5.000000,4.298000,0.165000,-63,0.000000,7,8
1,5.000000,4.267000,0.292000,-63,0.000000,7,8
1,5.000000,4.380000,0.161000,-63,0.000000,7,8
1,5.000000,4.561000,0.108000,-63,0.000000,7,8
1,5.000000,4.305000,0.202000,-63,0.000000,7,8
1,5.000000,4.426000,0.215000,-63,0.000000,7,8
1,5.000000,4.483000,0.107000,-63,0.000000,7,8
1,5.000000,4.426000,0.145000,-63,0.000000,7,8
1,5.000000,4.455000,0.103000,-63,0.000000,7,8
1,5.000000,4.373000,0.123000,-63,0.000000,7,8
1,5.000000,4.370000,0.110000,-63,0.000000,7,8
1,5.000000,4.342000,0.162000,-63,0.000000,7,8
1,5.000000,4.383000,0.262000,-63,0.000000,7,8
1,5.000000,4.426000,0.116000,-63,0.000000,7,8
1,5.000000,4.523000,0.111000,-63,0.000000,7,8
1,5.000000,4.292000,0.146000,-63,0.000000,7,8
1,5.000000,4.464000,0.154000,-63,0.000000,7,8
1,5.000000,4.305000,0.261000,-63,0.000000,7,8
1,5.000000,4.426000,0.142000,-63,0.000000,7,8
1,5.000000,4.561000,0.090000,-64,0.000000,7,8
1,5.000000,4.426000,0.143000,-63,0.000000,7,8
1,5.000000,4.323000,0.157000,-63,0.000000,7,8
1,5.000000,4.308000,0.260000,-63,0.000000,7,8
1,5.000000,4.286000,0.121000,-63,0.000000,7,8
1,5.000000,4.486000,0.127000,-64,0.000000,7,8
1,5.000000,4.326000,0.196000,-63,0.000000,7,8
1,5.000000,4.361000,0.130000,-63,0.000000,7,8
1,5.000000,4.267000,0.294000,-63,0.000000,7,8
1,5.000000,4.376000,0.169000,-63,0.000000,7,8
1,5.000000,4.376000,0.141000,-63,0.000000,7,8
1,5.000000,4.380000,0.159000,-64,0.000000,7,8
1,5.000000,4.354000,0.157000,-63,0.000000,7,8
1,5.000000,4.305000,0.210000,-63,0.000000,7,8
1,5.000000,4.345000,0.247000,-64,0.000000,7,8
1,5.000000,4.376000,0.137000,-64,0.000000,7,8
1,5.000000,4.270000,0.237000,-64,0.000000,7,8
1,5.000000,4.305000,0.228000,-63,0.000000,7,8
1,5.000000,4.301000,0.166000,-64,0.000000,7,8
1,5.000000,4.354000,0.149000,-64,0.000000,7,8
1,5.000000,4.376000,0.111000,-64,0.000000,7,8
1,5.000000,4.323000,0.135000,-64,0.000000,7,8
1,5.000000,4.217000,0.126000,-64,0.000000,7,8
1,5.000000,4.348000,0.186000,-64,0.000000,7,8
1,5.000000,4.239000,0.187000,-64,0.000000,7,8
1,5.000000,4.211000,0.147000,-64,0.000000,7,8
1,5.000000,4.345000,0.178000,-63,0.000000,7,8
1,5.000000,4.458000,0.244000,-62,0.000000,7,8
1,5.000000,4.511000,0.072000,-63,0.000000,7,8
1,5.000000,4.292000,0.110000,-64,0.000000,7,8
1,5.000000,4.464000,0.219000,-64,0.000000,7,8
1,5.000000,4.483000,0.141000,-64,0.000000,7,8
1,5.000000,4.623000,0.201000,-64,0.000000,7,8
1,5.000000,4.731000,0.147000,-65,0.000000,7,8
1,5.000000,4.485000,0.081000,-64,0.000000,7,8
1,5.000000,4.623000,0.071000,-63,0.000000,7,8
1,5.000000,4.588000,0.075000,-63,0.000000,7,8
1,5.000000,4.501000,0.114000,-63,0.000000,7,8
1,5.000000,4.539000,0.042000,-64,0.000000,7,8
1,5.000000,4.398000,0.126000,-65,0.000000,7,8
1,5.000000,4.326000,0.129000,-66,0.000000,7,8
1,5.000000,4.164000,0.158000,-67,0.000000,7,8
1,5.000000,4.326000,0.094000,-66,0.000000,7,8
1,5.000000,4.070000,0.293000,-65,0.000000,7,8
1,5.000000,4.220000,0.180000,-65,0.000000,7,8
1,5.000000,4.108000,0.264000,-65,0.000000,7,8
1,5.000000,4.114000,0.351000,-65,0.000000,7,8
1,5.000000,4.089000,0.197000,-65,0.000000,7,8
1,5.000000,4.098000,0.186000,-65,0.000000,7,8
1,5.000000,4.461000,0.115000,-65,0.000000,7,8
1,5.000000,4.445000,0.103000,-64,0.000000,7,8
1,5.000000,4.492000,0.104000,-64,0.000000,7,8
1,5.000000,4.426000,0.089000,-64,0.000000,7,8
1,5.000000,4.192000,0.151000,-66,0.000000,7,8
1,5.000000,4.042000,0.143000,-66,0.000000,7,8
1,5.000000,4.005000,0.154000,-67,0.000000,7,8
1,5.000000,3.886000,0.313000,-68,0.000000,7,8
1,5.000000,3.639000,0.500000,-68,0.000000,7,8
1,5.000000,3.633000,0.463000,-67,0.000000,7,8
1,5.000000,3.664000,0.263000,-67,0.000000,7,8
1,5.000000,3.848000,0.250000,-68,0.000000,7,8
1,5.000000,4.197000,0.144000,-67,0.000000,7,8
1,5.000000,3.917000,0.148000,-67,0.000000,7,8
1,5.000000,4.201000,0.215000,-67,0.000000,7,8
1,5.000000,3.876000,0.390000,-67,0.000000,7,8
1,5.000000,3.829000,0.366000,-66,0.000000,7,8
1,5.000000,3.864000,0.369000,-66,0.000000,7,8
1,5.000000,3.895000,0.377000,-65,0.000000,7,8
1,5.000000,3.604000,0.606000,-65,0.000000,7,8
1,5.000000,3.814000,0.429000,-65,0.000000,7,8
1,5.000000,3.526000,0.541000,-64,0.000000,7,8
1,5.000000,3.595000,0.575000,-64,0.000000,7,8
1,5.000000,3.651000,0.538000,-65,0.000000,7,8
1,5.000000,3.636000,0.459000,-65,0.000000,7,8
1,5.000000,3.551000,0.491000,-65,0.000000,7,8
1,5.000000,3.695000,0.433000,-66,0.000000,7,8
1,5.000000,3.561000,0.505000,-65,0.000000,7,8
1,5.000000,3.558000,0.467000,-65,0.000000,7,8
1,5.000000,3.551000,0.478000,-66,0.000000,7,8
1,5.000000,3.539000,0.550000,-66,0.000000,7,8
1,5.000000,3.586000,0.476000,-66,0.000000,7,8
1,5.000000,3.489000,0.572000,-66,0.000000,7,8
1,5.000000,3.470000,0.543000,-66,0.000000,7,8
1,5.000000,3.489000,0.575000,-66,0.000000,7,8
1,5.000000,3.467000,0.588000,-67,0.000000,7,8
1,5.000000,3.448000,0.518000,-67,0.000000,7,8
1,5.000000,3.483000,0.550000,-68,0.000000,7,8
1,5.000000,3.473000,0.471000,-67,0.000000,7,8
1,5.000000,3.426000,0.561000,-67,0.000000,7,8
1,5.000000,3.545000,0.514000,-67,0.000000,7,8
1,5.000000,3.517000,0.395000,-66,0.000000,7,8
1,5.000000,3.208000,0.658000,-66,0.000000,7,8
1,5.000000,3.042000,0.720000,-66,0.000000,7,8
1,5.000000,3.358000,0.565000,-66,0.000000,7,8
1,5.000000,3.073000,0.694000,-66,0.000000,7,8
1,5.000000,3.011000,0.766000,-66,0.000000,7,8
1,5.000000,3.086000,0.682000,-66,0.000000,7,8
1,5.000000,3.014000,0.773000,-66,0.000000,7,8
1,5.000000,3.092000,0.750000,-66,0.000000,7,8
1,5.000000,2.889000,0.746000,-66,0.000000,7,8
1,5.000000,2.842000,0.759000,-65,0.000000,7,8
1,5.000000,2.848000,0.768000,-66,0.000000,7,8
1,5.000000,2.914000,0.677000,-65,0.000000,7,8
1,5.000000,3.164000,0.654000,-65,0.000000,7,8
1,5.000000,2.786000,0.749000,-65,0.000000,7,8
1,5.000000,2.998000,0.649000,-66,0.000000,7,8
1,5.000000,2.901000,0.707000,-65,0.000000,7,8
1,5.000000,3.167000,0.641000,-65,0.000000,7,8
1,5.000000,2.745000,0.810000,-66,0.000000,7,8
1,5.000000,2.614000,0.840000,-66,0.000000,7,8
1,5.000000,3.389000,0.523000,-66,0.000000,7,8
1,5.000000,3.123000,0.698000,-66,0.000000,7,8
1,5.000000,3.345000,0.729000,-67,0.000000,7,8
1,5.000000,3.389000,0.808000,-67,0.000000,7,8
1,5.000000,3.351000,0.727000,-67,0.000000,7,8
1,5.000000,3.548000,1.025000,-66,0.000000,7,8
1,5.000000,3.526000,0.967000,-66,0.000000,7,8
1,5.000000,3.636000,0.937000,-66,0.000000,7,8
1,5.000000,3.551000,1.019000,-66,0.000000,7,8
1,5.000000,3.436000,1.002000,-67,0.000000,7,8
1,5.000000,3.673000,0.495000,-68,0.000000,7,8
1,5.000000,3.586000,0.308000,-66,0.000000,7,8
1,5.000000,3.514000,0.330000,-65,0.000000,7,8
1,5.000000,3.489000,0.343000,-65,0.000000,7,8
1,5.000000,2.995000,0.581000,-66,0.000000,7,8
1,5.000000,2.583000,0.759000,-65,0.000000,7,8
1,5.000000,2.786000,0.621000,-65,0.000000,7,8
1,5.000000,2.695000,0.687000,-65,0.000000,7,8
1,5.000000,2.704000,0.673000,-66,0.000000,7,8
1,5.000000,2.683000,0.721000,-65,0.000000,7,8
1,5.000000,2.701000,0.654000,-65,0.000000,7,8
1,5.000000,2.689000,0.643000,-65,0.000000,7,8
1,5.000000,2.929000,0.659000,-66,0.000000,7,8
1,5.000000,2.533000,0.765000,-66,0.000000,7,8
1,5.000000,2.498000,0.899000,-65,0.000000,7,8
1,5.000000,2.658000,0.813000,-65,0.000000,7,8
1,5.000000,2.895000,0.787000,-66,0.000000,7,8
1,5.000000,2.926000,0.725000,-65,0.000000,7,8
1,5.000000,2.686000,0.814000,-65,0.000000,7,8
1,5.000000,2.923000,0.752000,-65,0.000000,7,8
1,5.000000,3.458000,0.540000,-66,0.000000,7,8
1,5.000000,3.511000,0.414000,-66,0.000000,7,8
1,5.000000,3.386000,0.495000,-65,0.000000,7,8
1,5.000000,3.364000,0.509000,-66,0.000000,7,8
1,5.000000,3.601000,0.349000,-66,0.000000,7,8
1,5.000000,3.133000,0.663000,-65,0.000000,7,8
1,5.000000,2.648000,0.769000,-65,0.000000,7,8
1,5.000000,2.764000,0.691000,-65,0.000000,7,8
1,5.000000,2.839000,0.659000,-66,0.000000,7,8
1,5.000000,3.192000,0.563000,-66,0.000000,7,8
1,5.000000,2.976000,0.681000,-65,0.000000,7,8
1,5.000000,3.129000,0.603000,-65,0.000000,7,8
1,5.000000,3.433000,0.311000,-66,0.000000,7,8
1,5.000000,3.311000,0.501000,-66,0.000000,7,8
1,5.000000,3.123000,0.571000,-66,0.000000,7,8
1,5.000000,2.889000,0.682000,-66,0.000000,7,8
1,5.000000,3.120000,0.546000,-65,0.000000,7,8
1,5.000000,3.308000,0.429000,-66,0.000000,7,8
1,5.000000,3.489000,0.367000,-65,0.000000,7,8
1,5.000000,3.517000,0.364000,-66,0.000000,7,8
1,5.000000,3.326000,0.449000,-65,0.000000,7,8
1,5.000000,3.523000,0.406000,-65,0.000000,7,8
1,5.000000,3.473000,0.349000,-65,0.000000,7,8
1,5.000000,3.048000,0.711000,-65,0.000000,7,8
1,5.000000,3.192000,0.513000,-65,0.000000,7,8
1,5.000000,3.233000,0.493000,-65,0.000000,7,8
1,5.000000,2.976000,0.639000,-66,0.000000,7,8
1,5.000000,2.458000,0.818000,-65,0.000000,7,8
1,5.000000,2.745000,0.597000,-66,0.000000,7,8
1,5.000000,2.642000,0.678000,-65,0.000000,7,8
1,5.000000,2.580000,0.710000,-66,0.000000,7,8
1,5.000000,2.745000,0.614000,-65,0.000000,7,8
1,5.000000,2.658000,0.644000,-65,0.000000,7,8
1,5.000000,2.598000,0.656000,-66,0.000000,7,8
1,5.000000,2.626000,0.636000,-65,0.000000,7,8
1,5.000000,2.589000,0.690000,-65,0.000000,7,8
1,5.000000,2.526000,0.688000,-65,0.000000,7,8
1,5.000000,3.433000,0.256000,-66,0.000000,7,8
1,5.000000,3.495000,0.221000,-65,0.000000,7,8
1,5.000000,3.498000,0.215000,-66,0.000000,7,8
1,5.000000,3.555000,0.227000,-65,0.000000,7,8
1,5.000000,3.389000,0.298000,-66,0.000000,7,8
1,5.000000,3.467000,0.240000,-66,0.000000,7,8
1,5.000000,3.417000,0.272000,-65,0.000000,7,8
1,5.000000,3.511000,0.225000,-66,0.000000,7,8
1,5.000000,3.176000,0.505000,-65,0.000000,7,8
1,5.000000,2.551000,0.693000,-65,0.000000,7,8
1,5.000000,2.701000,0.646000,-65,0.000000,7,8
1,5.000000,2.533000,0.733000,-65,0.000000,7,8
1,5.000000,2.664000,0.589000,-65,0.000000,7,8
1,5.000000,2.664000,0.651000,-65,0.000000,7,8
1,5.000000,2.564000,0.697000,-65,0.000000,7,8
1,5.000000,2.620000,0.674000,-66,0.000000,7,8
1,5.000000,2.929000,0.595000,-65,0.000000,7,8
1,5.000000,3.158000,0.554000,-66,0.000000,7,8
1,5.000000,3.311000,0.510000,-65,0.000000,7,8
1,5.000000,3.489000,0.470000,-66,0.000000,7,8
1,5.000000,3.936000,0.684000,-67,0.000000,7,8
1,5.000000,5.790000,0.132000,-66,0.000000,7,8
1,5.000000,5.476000,0.251000,-65,0.000000,7,8
1,5.000000,5.533000,0.072000,-65,0.000000,7,8
1,5.000000,5.548000,0.132000,-65,0.000000,7,8
1,5.000000,5.476000,0.252000,-64,0.000000,7,8
1,5.000000,5.511000,0.117000,-63,0.000000,7,8
1,5.000000,5.548000,0.089000,-63,0.000000,7,8
1,5.000000,5.558000,0.254000,-63,0.000000,7,8
1,5.000000,5.589000,0.091000,-63,0.000000,7,8
1,5.000000,5.476000,0.058000,-63,0.000000,7,8
1,5.000000,5.464000,0.068000,-63,0.000000,7,8
1,5.000000,5.476000,0.055000,-63,0.000000,7,8
1,5.000000,5.392000,0.067000,-63,0.000000,7,8
1,5.000000,5.385000,0.063000,-63,0.000000,7,8
1,5.000000,5.364000,0.048000,-63,0.000000,7,8
1,5.000000,5.387000,0.141000,-63,0.000000,7,8
1,5.000000,5.395000,0.092000,-63,0.000000,7,8
1,5.000000,5.398000,0.104000,-64,0.000000,7,8
1,5.000000,5.368000,0.093000,-63,0.000000,7,8
1,5.000000,5.392000,0.092000,-63,0.000000,7,8
1,5.000000,5.342000,0.092000,-63,0.000000,7,8
1,5.000000,5.292000,0.101000,-63,0.000000,7,8
1,5.000000,5.264000,0.097000,-63,0.000000,7,8
1,5.000000,5.195000,0.130000,-62,0.000000,7,8
1,5.000000,4.740000,0.167000,-62,0.000000,7,8
1,5.000000,4.658000,0.213000,-63,0.000000,7,8
1,5.000000,4.695000,0.213000,-62,0.000000,7,8
1,5.000000,4.773000,0.193000,-62,0.000000,7,8
1,5.000000,4.876000,0.186000,-63,0.000000,7,8
1,5.000000,4.698000,0.184000,-63,0.000000,7,8
1,5.000000,4.614000,0.230000,-64,0.000000,7,8
1,5.000000,4.661000,0.085000,-65,0.000000,7,8
1,5.000000,4.539000,0.263000,-65,0.000000,7,8
1,5.000000,4.414000,0.180000,-65,0.000000,7,8
1,5.000000,4.436000,0.208000,-65,0.000000,7,8
1,5.000000,4.523000,0.152000,-64,0.000000,7,8
1,5.000000,4.473000,0.083000,-64,0.000000,7,8
1,5.000000,4.361000,0.108000,-64,0.000000,7,8
1,5.000000,4.483000,0.129000,-64,0.000000,7,8
1,5.000000,4.455000,0.114000,-64,0.000000,7,8
1,5.000000,4.354000,0.133000,-64,0.000000,7,8
1,5.000000,4.326000,0.134000,-64,0.000000,7,8
1,5.000000,4.255000,0.145000,-64,0.000000,7,8
1,5.000000,4.305000,0.178000,-64,0.000000,7,8
1,5.000000,4.326000,0.113000,-64,0.000000,7,8
1,5.000000,4.239000,0.154000,-63,0.000000,7,8
1,5.000000,4.308000,0.158000,-64,0.000000,7,8
1,5.000000,4.317000,0.147000,-63,0.000000,7,8
1,5.000000,4.261000,0.124000,-64,0.000000,7,8
1,5.000000,4.345000,0.169000,-64,0.000000,7,8
1,5.000000,4.386000,0.129000,-64,0.000000,7,8
1,5.000000,4.264000,0.189000,-63,0.000000,7,8
1,5.000000,4.226000,0.197000,-64,0.000000,7,8
1,5.000000,4.339000,0.169000,-64,0.000000,7,8
1,5.000000,4.426000,0.082000,-63,0.000000,7,8
1,5.000000,4.361000,0.103000,-63,0.000000,7,8
1,5.000000,4.464000,0.080000,-63,0.000000,7,8
1,5.000000,4.426000,0.048000,-64,0.000000,7,8
1,5.000000,4.380000,0.114000,-63,0.000000,7,8
1,5.000000,4.323000,0.139000,-63,0.000000,7,8
1,5.000000,4.305000,0.152000,-63,0.000000,7,8
1,5.000000,4.414000,0.111000,-63,0.000000,7,8
1,5.000000,4.167000,0.175000,-64,0.000000,7,8
1,5.000000,4.145000,0.228000,-64,0.000000,7,8
1,5.000000,4.298000,0.115000,-64,0.000000,7,8
1,5.000000,4.136000,0.149000,-64,0.000000,7,8
1,5.000000,4.270000,0.144000,-64,0.000000,7,8
1,5.000000,4.348000,0.189000,-64,0.000000,7,8
1,5.000000,4.145000,0.185000,-64,0.000000,7,8
1,5.000000,4.298000,0.147000,-64,0.000000,7,8
1,5.000000,4.148000,0.212000,-64,0.000000,7,8
1,5.000000,4.211000,0.114000,-64,0.000000,7,8
1,5.000000,4.242000,0.120000,-64,0.000000,7,8
1,5.000000,4.145000,0.175000,-64,0.000000,7,8
1,5.000000,4.108000,0.192000,-64,0.000000,7,8
1,5.000000,4.183000,0.166000,-64,0.000000,7,8
1,5.000000,4.164000,0.162000,-64,0.000000,7,8
1,5.000000,4.126000,0.215000,-64,0.000000,7,8
1,5.000000,4.201000,0.161000,-64,0.000000,7,8
1,5.000000,4.030000,0.272000,-64,0.000000,7,8
1,5.000000,4.220000,0.241000,-64,0.000000,7,8
1,5.000000,4.108000,0.238000,-64,0.000000,7,8
1,5.000000,3.989000,0.242000,-64,0.000000,7,8
1,5.000000,4.030000,0.234000,-64,0.000000,7,8
1,5.000000,3.948000,0.291000,-64,0.000000,7,8
1,5.000000,4.251000,0.220000,-64,0.000000,7,8
1,5.000000,4.189000,0.204000,-64,0.000000,7,8
1,5.000000,4.426000,0.160000,-64,0.000000,7,8
1,5.000000,4.239000,0.164000,-64,0.000000,7,8
1,5.000000,4.023000,0.213000,-64,0.000000,7,8
1,5.000000,4.376000,0.083000,-64,0.000000,7,8
1,5.000000,4.095000,0.185000,-63,0.000000,7,8
1,5.000000,4.376000,0.174000,-64,0.000000,7,8
1,5.000000,4.070000,0.276000,-64,0.000000,7,8
1,5.000000,4.148000,0.251000,-64,0.000000,7,8
1,5.000000,4.014000,0.299000,-64,0.000000,7,8
1,5.000000,4.067000,0.270000,-64,0.000000,7,8
1,5.000000,4.230000,0.324000,-64,0.000000,7,8
1,5.000000,4.067000,0.283000,-64,0.000000,7,8
1,5.000000,3.992000,0.319000,-65,0.000000,7,8
1,5.000000,4.192000,0.309000,-65,0.000000,7,8
1,5.000000,4.126000,0.324000,-64,0.000000,7,8
1,5.000000,4.201000,0.263000,-65,0.000000,7,8
1,5.000000,4.386000,0.297000,-65,0.000000,7,8
1,5.000000,4.395000,0.283000,-65,0.000000,7,8
1,5.000000,4.270000,0.432000,-65,0.000000,7,8
1,5.000000,4.386000,0.338000,-65,0.000000,7,8
1,5.000000,4.345000,0.352000,-65,0.000000,7,8
1,5.000000,4.504000,0.306000,-65,0.000000,7,8
1,5.000000,4.583000,0.222000,-65,0.000000,7,8
1,5.000000,4.626000,0.096000,-64,0.000000,7,8
1,5.000000,4.698000,0.184000,-65,0.000000,7,8
1,5.000000,4.572000,0.193000,-66,0.000000,7,8
1,5.000000,4.736000,0.204000,-65,0.000000,7,8
1,5.000000,4.764000,0.172000,-66,0.000000,7,8
1,5.000000,4.890000,0.120000,-66,0.000000,7,8
1,5.000000,4.689000,0.208000,-66,0.000000,7,8
1,5.000000,4.989000,0.122000,-66,0.000000,7,8
1,5.000000,5.136000,0.204000,-66,0.000000,7,8
1,5.000000,4.845000,0.147000,-66,0.000000,7,8
1,5.000000,4.794000,0.221000,-65,0.000000,7,8
1,5.000000,4.917000,0.124000,-66,0.000000,7,8
1,5.000000,5.280000,0.094000,-67,0.000000,7,8
1,5.000000,5.176000,0.119000,-66,0.000000,7,8
1,5.000000,4.926000,0.107000,-65,0.000000,7,8
1,5.000000,4.468000,0.337000,-68,0.000000,7,8
1,5.000000,5.167000,0.137000,-65,0.000000,7,8
1,5.000000,5.164000,0.124000,-65,0.000000,7,8
1,5.000000,4.351000,0.444000,-67,0.000000,7,8
1,5.000000,4.708000,0.214000,-65,0.000000,7,8
1,5.000000,4.799000,0.208000,-65,0.000000,7,8
1,5.000000,4.834000,0.061000,-65,0.000000,7,8
1,5.000000,4.684000,0.167000,-64,0.000000,7,8
1,5.000000,4.689000,0.208000,-64,0.000000,7,8
1,5.000000,4.654000,0.203000,-64,0.000000,7,8
1,5.000000,4.758000,0.108000,-65,0.000000,7,8
1,5.000000,4.680000,0.127000,-64,0.000000,7,8
1,5.000000,4.773000,0.135000,-64,0.000000,7,8
1,5.000000,4.684000,0.154000,-65,0.000000,7,8
1,5.000000,4.511000,0.194000,-65,0.000000,7,8
1,5.000000,4.539000,0.195000,-65,0.000000,7,8
1,5.000000,4.576000,0.226000,-64,0.000000,7,8
1,5.000000,4.771000,0.079000,-65,0.000000,7,8
1,5.000000,4.595000,0.143000,-65,0.000000,7,8
1,5.000000,4.639000,0.106000,-64,0.000000,7,8
1,5.000000,4.498000,0.285000,-64,0.000000,7,8
1,5.000000,4.542000,0.193000,-64,0.000000,7,8
1,5.000000,4.611000,0.079000,-64,0.000000,7,8
1,5.000000,4.539000,0.258000,-63,0.000000,7,8
1,5.000000,4.686000,0.132000,-63,0.000000,7,8
1,5.000000,4.567000,0.167000,-63,0.000000,7,8
1,5.000000,4.605000,0.133000,-63,0.000000,7,8
1,5.000000,4.680000,0.085000,-64,0.000000,7,8
1,5.000000,4.533000,0.270000,-63,0.000000,7,8
1,5.000000,4.723000,0.104000,-63,0.000000,7,8
1,5.000000,4.739000,0.132000,-62,0.000000,7,8
1,5.000000,4.736000,0.140000,-63,0.000000,7,8
1,5.000000,4.642000,0.113000,-64,0.000000,7,8
1,5.000000,4.661000,0.089000,-63,0.000000,7,8
1,5.000000,4.679000,0.089000,-63,0.000000,7,8
1,5.000000,4.530000,0.131000,-62,0.000000,7,8
1,5.000000,4.573000,0.251000,-64,0.000000,7,8
1,5.000000,4.579000,0.196000,-64,0.000000,7,8
1,5.000000,4.661000,0.083000,-63,0.000000,7,8
1,5.000000,4.686000,0.138000,-64,0.000000,7,8
1,5.000000,4.651000,0.105000,-64,0.000000,7,8
1,5.000000,4.539000,0.262000,-65,0.000000,7,8
1,5.000000,4.458000,0.305000,-64,0.000000,7,8
1,5.000000,4.501000,0.273000,-65,0.000000,7,8
1,5.000000,4.743000,0.087000,-64,0.000000,7,8
1,5.000000,4.682000,0.110000,-65,0.000000,7,8
1,5.000000,4.605000,0.115000,-64,0.000000,7,8
1,5.000000,4.614000,0.246000,-65,0.000000,7,8
1,5.000000,4.501000,0.230000,-65,0.000000,7,8
1,5.000000,4.605000,0.102000,-65,0.000000,7,8
1,5.000000,4.504000,0.227000,-64,0.000000,7,8
1,5.000000,4.530000,0.230000,-64,0.000000,7,8
1,5.000000,4.504000,0.228000,-63,0.000000,7,8
1,5.000000,4.651000,0.109000,-64,0.000000,7,8
1,5.000000,4.661000,0.175000,-66,0.000000,7,8
1,5.000000,4.651000,0.075000,-65,0.000000,7,8
1,5.000000,4.539000,0.209000,-64,0.000000,7,8
1,5.000000,4.583000,0.214000,-65,0.000000,7,8
1,5.000000,4.695000,0.289000,-64,0.000000,7,8
1,5.000000,4.698000,0.258000,-65,0.000000,7,8
1,5.000000,4.067000,0.463000,-67,0.000000,7,8
1,5.000000,4.230000,0.349000,-66,0.000000,7,8
1,5.000000,4.364000,0.168000,-65,0.000000,7,8
1,5.000000,4.295000,0.244000,-65,0.000000,7,8
1,5.000000,4.448000,0.189000,-65,0.000000,7,8
1,5.000000,4.398000,0.113000,-66,0.000000,7,8
1,5.000000,4.026000,0.149000,-65,0.000000,7,8
1,5.000000,3.836000,0.241000,-65,0.000000,7,8
1,5.000000,3.723000,0.346000,-66,0.000000,7,8
1,5.000000,3.770000,0.298000,-67,0.000000,7,8
1,5.000000,3.601000,0.354000,-65,0.000000,7,8
1,5.000000,3.592000,0.314000,-64,0.000000,7,8
1,5.000000,3.705000,0.228000,-66,0.000000,7,8
1,5.000000,4.084000,0.091000,-66,0.000000,7,8
1,5.000000,4.155000,0.128000,-65,0.000000,7,8
1,5.000000,3.948000,0.155000,-66,0.000000,7,8
1,5.000000,3.836000,0.120000,-66,0.000000,7,8
1,5.000000,4.042000,0.106000,-66,0.000000,7,8
1,5.000000,4.145000,0.054000,-69,0.000000,7,8
1,5.000000,4.506000,0.120000,-64,0.000000,7,8
1,5.000000,5.017000,0.183000,-64,0.000000,7,8
1,5.000000,4.501000,0.115000,-63,0.000000,7,8
1,5.000000,4.423000,0.102000,-65,0.000000,7,8
1,5.000000,4.895000,0.123000,-61,0.000000,7,8
1,5.000000,5.108000,0.074000,-62,0.000000,7,8
1,5.000000,4.614000,0.225000,-61,0.000000,7,8
1,5.000000,4.726000,0.173000,-62,0.000000,7,8
1,5.000000,4.705000,0.117000,-65,0.000000,7,8
1,5.000000,4.129000,0.208000,-67,0.000000,7,8
1,5.000000,3.761000,0.537000,-65,0.000000,7,8
1,5.000000,3.836000,0.624000,-63,0.000000,7,8
1,5.000000,3.761000,0.625000,-63,0.000000,7,8
1,5.000000,4.014000,0.454000,-64,0.000000,7,8
1,5.000000,3.826000,0.618000,-63,0.000000,7,8
1,5.000000,3.836000,0.624000,-63,0.000000,7,8
1,5.000000,3.873000,0.406000,-64,0.000000,7,8
1,5.000000,3.839000,0.284000,-65,0.000000,7,8
1,5.000000,4.051000,0.110000,-66,0.000000,7,8
1,5.000000,3.723000,0.179000,-67,0.000000,7,8
1,5.000000,3.829000,0.177000,-65,0.000000,7,8
1,5.000000,3.892000,0.158000,-66,0.000000,7,8
1,5.000000,3.936000,0.294000,-66,0.000000,7,8
1,5.000000,3.892000,0.267000,-67,0.000000,7,8
1,5.000000,3.630000,0.380000,-67,0.000000,7,8
1,5.000000,3.676000,0.415000,-66,0.000000,7,8
1,5.000000,3.517000,0.398000,-66,0.000000,7,8
1,5.000000,3.639000,0.390000,-67,0.000000,7,8
1,5.000000,3.595000,0.342000,-68,0.000000,7,8
1,5.000000,3.630000,0.271000,-67,0.000000,7,8
1,5.000000,3.517000,0.287000,-67,0.000000,7,8
1,5.000000,3.526000,0.292000,-66,0.000000,7,8
1,5.000000,3.751000,0.085000,-66,0.000000,7,8
1,5.000000,3.633000,0.209000,-67,0.000000,7,8
1,5.000000,3.626000,0.204000,-67,0.000000,7,8
1,5.000000,3.886000,0.084000,-67,0.000000,7,8
1,5.000000,3.667000,0.245000,-66,0.000000,7,8
1,5.000000,3.567000,0.261000,-66,0.000000,7,8
1,5.000000,3.667000,0.202000,-66,0.000000,7,8
1,5.000000,3.564000,0.168000,-66,0.000000,7,8
1,5.000000,3.595000,0.185000,-65,0.000000,7,8
1,5.000000,3.673000,0.295000,-64,0.000000,7,8
1,5.000000,3.542000,0.451000,-64,0.000000,7,8
1,5.000000,3.573000,0.399000,-65,0.000000,7,8
1,5.000000,3.480000,0.561000,-65,0.000000,7,8
1,5.000000,3.573000,0.364000,-65,0.000000,7,8
1,5.000000,3.567000,0.252000,-65,0.000000,7,8
1,5.000000,3.564000,0.265000,-66,0.000000,7,8
1,5.000000,3.489000,0.289000,-66,0.000000,7,8
1,5.000000,3.601000,0.398000,-66,0.000000,7,8
1,5.000000,3.639000,0.608000,-65,0.000000,7,8
1,5.000000,3.667000,0.616000,-65,0.000000,7,8
1,5.000000,3.567000,0.571000,-65,0.000000,7,8
1,5.000000,3.701000,0.576000,-65,0.000000,7,8
1,5.000000,3.523000,0.780000,-65,0.000000,7,8
1,5.000000,3.645000,0.541000,-65,0.000000,7,8
1,5.000000,3.517000,0.710000,-65,0.000000,7,8
1,5.000000,3.698000,0.505000,-65,0.000000,7,8
1,5.000000,3.701000,0.460000,-65,0.000000,7,8
1,5.000000,3.645000,0.553000,-66,0.000000,7,8
1,5.000000,3.829000,0.331000,-66,0.000000,7,8
1,5.000000,3.645000,0.245000,-67,0.000000,7,8
1,5.000000,3.801000,0.123000,-67,0.000000,7,8
1,5.000000,3.770000,0.218000,-67,0.000000,7,8
1,5.000000,3.801000,0.195000,-67,0.000000,7,8
1,5.000000,3.976000,0.208000,-66,0.000000,7,8
1,5.000000,3.958000,0.172000,-66,0.000000,7,8
1,5.000000,3.751000,0.441000,-65,0.000000,7,8
1,5.000000,3.895000,0.330000,-66,0.000000,7,8
1,5.000000,3.864000,0.397000,-65,0.000000,7,8
1,5.000000,3.879000,0.373000,-65,0.000000,7,8
1,5.000000,4.092000,0.605000,-64,0.000000,7,8
1,5.000000,3.948000,0.725000,-64,0.000000,7,8
1,5.000000,3.911000,0.398000,-65,0.000000,7,8
1,5.000000,3.826000,0.260000,-66,0.000000,7,8
1,5.000000,3.958000,0.213000,-65,0.000000,7,8
1,5.000000,4.142000,0.245000,-64,0.000000,7,8
1,5.000000,3.908000,0.089000,-65,0.000000,7,8
1,5.000000,4.276000,0.326000,-64,0.000000,7,8
1,5.000000,4.558000,0.895000,-62,0.000000,7,8
1,5.000000,5.476000,0.045000,-64,0.000000,7,8
1,5.000000,4.014000,0.427000,-64,0.000000,7,8
1,5.000000,4.539000,0.363000,-63,0.000000,7,8
1,5.000000,4.795000,0.191000,-63,0.000000,7,8
1,5.000000,3.833000,0.322000,-65,0.000000,7,8
1,5.000000,3.986000,0.335000,-65,0.000000,7,8
1,5.000000,5.113000,0.097000,-65,0.000000,7,8
1,5.000000,5.364000,0.055000,-67,0.000000,7,8
1,5.000000,5.242000,0.161000,-63,0.000000,7,8
1,5.000000,5.430000,0.081000,-61,0.000000,7,8
1,5.000000,4.893000,0.291000,-66,0.000000,7,8
1,5.000000,4.426000,0.111000,-67,0.000000,7,8
1,5.000000,5.136000,0.246000,-68,0.000000,7,8
1,5.000000,4.551000,0.163000,-66,0.000000,7,8
1,5.000000,3.955000,0.416000,-68,0.000000,7,8
1,5.000000,3.573000,0.280000,-69,0.000000,7,8
1,5.000000,3.801000,1.194000,-68,0.000000,7,8
1,5.000000,3.768000,0.196000,-70,0.000000,7,8
1,5.000000,4.426000,0.139000,-68,0.000000,7,8
1,5.000000,5.286000,0.108000,-64,0.000000,7,8
1,5.000000,4.851000,0.847000,-64,0.000000,7,8
1,5.000000,3.801000,0.275000,-67,0.000000,7,8
1,5.000000,3.648000,0.242000,-67,0.000000,7,8
1,5.000000,4.192000,0.118000,-68,0.000000,7,8
1,5.000000,3.948000,0.244000,-68,0.000000,7,8
1,5.000000,3.679000,0.122000,-67,0.000000,7,8
1,5.000000,3.688000,0.271000,-66,0.000000,7,8
1,5.000000,4.661000,0.096000,-66,0.000000,7,8
1,5.000000,3.723000,0.811000,-65,0.000000,7,8
1,5.000000,4.190000,0.095000,-67,0.000000,7,8
1,5.000000,4.023000,0.211000,-65,0.000000,7,8
1,5.000000,4.904000,0.170000,-66,0.000000,7,8
1,5.000000,4.379000,0.100000,-67,0.000000,7,8
1,5.000000,3.986000,0.369000,-65,0.000000,7,8
1,5.000000,4.825000,0.542000,-63,0.000000,7,8
1,5.000000,4.201000,0.100000,-67,0.000000,7,8
1,5.000000,4.452000,0.090000,-68,0.000000,7,8
1,5.000000,3.833000,0.714000,-65,0.000000,7,8
1,5.000000,3.914000,0.889000,-62,0.000000,7,8
1,5.000000,3.914000,0.834000,-61,0.000000,7,8
1,5.000000,5.251000,0.127000,-64,0.000000,7,8
1,5.000000,4.973000,0.256000,-65,0.000000,7,8
1,5.000000,4.602000,0.345000,-68,0.000000,7,8
1,5.000000,4.342000,0.646000,-65,0.000000,7,8
1,5.000000,4.729000,0.271000,-66,0.000000,7,8
1,5.000000,4.070000,0.338000,-64,0.000000,7,8
1,5.000000,5.176000,0.312000,-62,0.000000,7,8
1,5.000000,4.789000,0.211000,-65,0.000000,7,8
1,5.000000,4.423000,0.304000,-67,0.000000,7,8
1,5.000000,4.426000,0.519000,-64,0.000000,7,8
1,5.000000,4.426000,0.154000,-68,0.000000,7,8
1,5.000000,3.962000,0.800000,-67,0.000000,7,8
1,5.000000,4.980000,0.286000,-67,0.000000,7,8
1,5.000000,5.355000,0.237000,-67,0.000000,7,8
1,5.000000,5.101000,0.396000,-66,0.000000,7,8
1,5.000000,5.205000,0.159000,-67,0.000000,7,8
1,5.000000,5.448000,0.054000,-68,0.000000,7,8
1,5.000000,5.401000,0.088000,-68,0.000000,7,8
1,5.000000,4.115000,0.875000,-67,0.000000,7,8
1,5.000000,4.129000,0.671000,-67,0.000000,7,8
1,5.000000,4.265000,0.490000,-70,0.000000,7,8
1,5.000000,5.476000,0.087000,-70,0.000000,7,8
1,5.000000,4.054000,0.439000,-66,0.000000,7,8
1,5.000000,3.995000,0.654000,-70,0.000000,7,8
1,5.000000,4.295000,0.866000,-65,0.000000,7,8
1,5.000000,4.611000,0.333000,-66,0.000000,7,8
1,5.000000,4.248000,0.397000,-65,0.000000,7,8
1,5.000000,4.026000,0.918000,-65,0.000000,7,8
1,5.000000,4.213000,0.984000,-66,0.000000,7,8
1,5.000000,4.226000,0.848000,-62,0.000000,7,8
1,5.000000,4.483000,0.386000,-64,0.000000,7,8
1,5.000000,4.717000,0.242000,-68,0.000000,7,8
1,5.000000,4.695000,0.318000,-62,0.000000,7,8
1,5.000000,3.636000,1.071000,-65,0.000000,7,8
1,5.000000,5.070000,0.132000,-66,0.000000,7,8
1,5.000000,4.867000,0.374000,-66,0.000000,7,8
1,5.000000,3.836000,0.965000,-62,0.000000,7,8
1,5.000000,3.879000,1.004000,-67,0.000000,7,8
1,5.000000,5.130000,0.149000,-68,0.000000,7,8
1,5.000000,3.662000,0.346000,-71,0.000000,7,8
1,5.000000,4.333000,0.159000,-64,0.000000,7,8
1,5.000000,4.361000,1.172000,-63,0.000000,7,8
1,5.000000,3.673000,1.242000,-68,0.000000,7,8
1,5.000000,4.140000,0.202000,-68,0.000000,7,8
1,5.000000,3.270000,0.128000,-69,0.000000,7,8
1,5.000000,3.601000,0.103000,-67,0.000000,7,8
1,5.000000,4.364000,0.155000,-70,0.000000,7,8
1,5.000000,4.562000,0.261000,-67,0.000000,7,8
1,5.000000,4.483000,0.222000,-64,0.000000,7,8
1,5.000000,3.962000,0.492000,-66,0.000000,7,8
1,5.000000,4.455000,0.209000,-66,0.000000,7,8
1,5.000000,4.801000,0.212000,-64,0.000000,7,8
1,5.000000,4.270000,0.207000,-66,0.000000,7,8
1,5.000000,4.376000,0.077000,-65,0.000000,7,8
1,5.000000,4.383000,0.210000,-65,0.000000,7,8
1,5.000000,4.989000,0.196000,-62,0.000000,7,8
1,5.000000,4.848000,0.381000,-62,0.000000,7,8
1,5.000000,5.355000,0.000000,-61,0.000000,7,8
1,5.000000,3.836000,0.801000,-63,0.000000,7,8
1,5.000000,4.408000,0.379000,-64,0.000000,7,8
1,5.000000,4.173000,0.615000,-64,0.000000,7,8
1,5.000000,4.404000,0.292000,-65,0.000000,7,8
1,5.000000,3.829000,0.308000,-66,0.000000,7,8
1,5.000000,3.986000,0.202000,-65,0.000000,7,8
1,5.000000,5.598000,0.086000,-63,0.000000,7,8
1,5.000000,3.798000,0.555000,-66,0.000000,7,8
1,5.000000,5.254000,0.413000,-64,0.000000,7,8
1,5.000000,4.065000,0.187000,-65,0.000000,7,8
1,5.000000,4.058000,0.364000,-64,0.000000,7,8
1,5.000000,4.093000,0.115000,-66,0.000000,7,8
1,5.000000,4.058000,0.083000,-66,0.000000,7,8
1,5.000000,4.089000,0.115000,-65,0.000000,7,8
1,5.000000,3.953000,0.162000,-68,0.000000,7,8
1,5.000000,4.114000,0.114000,-68,0.000000,7,8
1,5.000000,4.070000,0.095000,-67,0.000000,7,8
1,5.000000,4.133000,0.141000,-67,0.000000,7,8
1,5.000000,4.014000,0.257000,-67,0.000000,7,8
1,5.000000,3.886000,0.237000,-66,0.000000,7,8
1,5.000000,3.601000,0.310000,-66,0.000000,7,8
1,5.000000,3.754000,0.275000,-65,0.000000,7,8
1,5.000000,4.192000,0.144000,-65,0.000000,7,8
1,5.000000,4.192000,0.147000,-64,0.000000,7,8
1,5.000000,4.543000,0.121000,-64,0.000000,7,8
1,5.000000,4.539000,0.097000,-63,0.000000,7,8
1,5.000000,4.561000,0.059000,-64,0.000000,7,8
1,5.000000,4.223000,0.160000,-64,0.000000,7,8
1,5.000000,4.192000,0.187000,-65,0.000000,7,8
1,5.000000,4.111000,0.203000,-66,0.000000,7,8
1,5.000000,4.167000,0.144000,-66,0.000000,7,8
1,5.000000,4.370000,0.151000,-64,0.000000,7,8
1,5.000000,4.642000,0.090000,-63,0.000000,7,8
1,5.000000,4.380000,0.297000,-63,0.000000,7,8
1,5.000000,4.595000,0.091000,-64,0.000000,7,8
1,5.000000,4.380000,0.306000,-63,0.000000,7,8
1,5.000000,4.520000,0.111000,-64,0.000000,7,8
1,5.000000,4.561000,0.125000,-64,0.000000,7,8
1,5.000000,4.501000,0.239000,-64,0.000000,7,8
1,5.000000,4.417000,0.222000,-63,0.000000,7,8
1,5.000000,4.464000,0.229000,-63,0.000000,7,8
1,5.000000,4.583000,0.202000,-64,0.000000,7,8
1,5.000000,4.504000,0.188000,-64,0.000000,7,8
1,5.000000,4.461000,0.245000,-64,0.000000,7,8
1,5.000000,4.483000,0.124000,-64,0.000000,7,8
1,5.000000,4.223000,0.320000,-64,0.000000,7,8
1,5.000000,4.561000,0.069000,-64,0.000000,7,8
1,5.000000,4.361000,0.096000,-64,0.000000,7,8
1,5.000000,4.426000,0.258000,-63,0.000000,7,8
1,5.000000,4.342000,0.353000,-63,0.000000,7,8
1,5.000000,4.380000,0.328000,-63,0.000000,7,8
1,5.000000,4.511000,0.144000,-63,0.000000,7,8
1,5.000000,4.605000,0.091000,-63,0.000000,7,8
1,5.000000,4.670000,0.060000,-63,0.000000,7,8
1,5.000000,4.501000,0.280000,-63,0.000000,7,8
1,5.000000,4.504000,0.314000,-63,0.000000,7,8
1,5.000000,4.501000,0.264000,-63,0.000000,7,8
1,5.000000,4.661000,0.159000,-63,0.000000,7,8
1,5.000000,4.576000,0.259000,-63,0.000000,7,8
1,5.000000,4.661000,0.227000,-63,0.000000,7,8
1,5.000000,4.820000,0.071000,-63,0.000000,7,8
1,5.000000,4.539000,0.256000,-63,0.000000,7,8
1,5.000000,4.764000,0.124000,-63,0.000000,7,8
1,5.000000,4.605000,0.083000,-63,0.000000,7,8
1,5.000000,4.661000,0.149000,-63,0.000000,7,8
1,5.000000,4.695000,0.177000,-64,0.000000,7,8
1,5.000000,4.651000,0.178000,-63,0.000000,7,8
1,5.000000,4.567000,0.193000,-63,0.000000,7,8
1,5.000000,4.539000,0.279000,-63,0.000000,7,8
1,5.000000,4.614000,0.242000,-63,0.000000,7,8
1,5.000000,4.904000,0.109000,-64,0.000000,7,8
1,5.000000,4.733000,0.189000,-63,0.000000,7,8
1,5.000000,4.848000,0.146000,-64,0.000000,7,8
1,5.000000,4.811000,0.122000,-64,0.000000,7,8
1,5.000000,4.679000,0.161000,-64,0.000000,7,8
1,5.000000,4.708000,0.141000,-64,0.000000,7,8
1,5.000000,4.651000,0.199000,-64,0.000000,7,8
1,5.000000,4.970000,0.100000,-64,0.000000,7,8
1,5.000000,4.958000,0.124000,-64,0.000000,7,8
1,5.000000,4.986000,0.121000,-64,0.000000,7,8
1,5.000000,4.617000,0.249000,-64,0.000000,7,8
1,5.000000,4.651000,0.199000,-64,0.000000,7,8
1,5.000000,4.733000,0.199000,-64,0.000000,7,8
1,5.000000,4.876000,0.141000,-64,0.000000,7,8
1,5.000000,4.773000,0.039000,-64,0.000000,7,8
1,5.000000,4.695000,0.214000,-64,0.000000,7,8
1,5.000000,4.776000,0.102000,-64,0.000000,7,8
1,5.000000,4.764000,0.074000,-65,0.000000,7,8
1,5.000000,4.708000,0.187000,-65,0.000000,7,8
1,5.000000,4.851000,0.124000,-65,0.000000,7,8
1,5.000000,4.623000,0.268000,-65,0.000000,7,8
1,5.000000,4.679000,0.176000,-65,0.000000,7,8
1,5.000000,4.651000,0.168000,-65,0.000000,7,8
1,5.000000,4.651000,0.180000,-65,0.000000,7,8
1,5.000000,4.656000,0.207000,-65,0.000000,7,8
1,5.000000,4.958000,0.111000,-65,0.000000,7,8
1,5.000000,4.886000,0.117000,-65,0.000000,7,8
1,5.000000,5.017000,0.139000,-65,0.000000,7,8
1,5.000000,4.851000,0.149000,-65,0.000000,7,8
1,5.000000,4.904000,0.120000,-65,0.000000,7,8
1,5.000000,5.017000,0.096000,-65,0.000000,7,8
1,5.000000,4.804000,0.103000,-65,0.000000,7,8
1,5.000000,4.708000,0.256000,-65,0.000000,7,8
1,5.000000,4.764000,0.232000,-65,0.000000,7,8
1,5.000000,5.040000,0.099000,-64,0.000000,7,8
1,5.000000,4.792000,0.200000,-65,0.000000,7,8
1,5.000000,4.767000,0.088000,-65,0.000000,7,8
1,5.000000,5.010000,0.098000,-65,0.000000,7,8
1,5.000000,4.770000,0.182000,-65,0.000000,7,8
1,5.000000,5.012000,0.093000,-64,0.000000,7,8
1,5.000000,4.597000,0.216000,-65,0.000000,7,8
1,5.000000,4.651000,0.257000,-64,0.000000,7,8
1,5.000000,4.654000,0.233000,-64,0.000000,7,8
1,5.000000,4.654000,0.208000,-65,0.000000,7,8
1,5.000000,4.656000,0.177000,-65,0.000000,7,8
1,5.000000,5.071000,0.083000,-65,0.000000,7,8
1,5.000000,4.773000,0.149000,-64,0.000000,7,8
1,5.000000,4.930000,0.098000,-65,0.000000,7,8
1,5.000000,4.773000,0.166000,-64,0.000000,7,8
1,5.000000,4.929000,0.103000,-65,0.000000,7,8
1,5.000000,4.764000,0.173000,-65,0.000000,7,8
1,5.000000,4.726000,0.113000,-65,0.000000,7,8
1,5.000000,4.717000,0.068000,-65,0.000000,7,8
1,5.000000,4.595000,0.282000,-65,0.000000,7,8
1,5.000000,4.726000,0.085000,-65,0.000000,7,8
1,5.000000,4.623000,0.248000,-65,0.000000,7,8
1,5.000000,4.764000,0.057000,-65,0.000000,7,8
1,5.000000,4.679000,0.251000,-64,0.000000,7,8
1,5.000000,4.679000,0.274000,-65,0.000000,7,8
1,5.000000,4.770000,0.164000,-65,0.000000,7,8
1,5.000000,5.099000,0.108000,-65,0.000000,7,8
1,5.000000,4.692000,0.208000,-65,0.000000,7,8
1,5.000000,4.895000,0.098000,-66,0.000000,7,8
1,5.000000,4.961000,0.104000,-65,0.000000,7,8
1,5.000000,4.576000,0.238000,-66,0.000000,7,8
1,5.000000,4.973000,0.136000,-65,0.000000,7,8
1,5.000000,5.101000,0.068000,-65,0.000000,7,8
1,5.000000,4.989000,0.110000,-65,0.000000,7,8
1,5.000000,4.799000,0.198000,-65,0.000000,7,8
1,5.000000,5.045000,0.105000,-65,0.000000,7,8
1,5.000000,4.770000,0.189000,-65,0.000000,7,8
1,5.000000,4.771000,0.186000,-65,0.000000,7,8
1,5.000000,4.792000,0.171000,-65,0.000000,7,8
1,5.000000,4.572000,0.160000,-65,0.000000,7,8
1,5.000000,4.719000,0.091000,-65,0.000000,7,8
1,5.000000,4.733000,0.168000,-65,0.000000,7,8
1,5.000000,4.708000,0.197000,-65,0.000000,7,8
1,5.000000,4.736000,0.073000,-66,0.000000,7,8
1,5.000000,4.579000,0.194000,-66,0.000000,7,8
1,5.000000,4.654000,0.175000,-66,0.000000,7,8
1,5.000000,4.611000,0.045000,-65,0.000000,7,8
1,5.000000,4.595000,0.196000,-67,0.000000,7,8
1,5.000000,4.651000,0.163000,-66,0.000000,7,8
1,5.000000,4.755000,0.090000,-66,0.000000,7,8
1,5.000000,4.611000,0.045000,-65,0.000000,7,8
1,5.000000,4.595000,0.132000,-66,0.000000,7,8
1,5.000000,4.455000,0.155000,-64,0.000000,7,8
1,5.000000,4.614000,0.103000,-65,0.000000,7,8
1,5.000000,4.417000,0.182000,-65,0.000000,7,8
1,5.000000,4.576000,0.139000,-65,0.000000,7,8
1,5.000000,4.651000,0.132000,-66,0.000000,7,8
1,5.000000,4.570000,0.081000,-66,0.000000,7,8
1,5.000000,4.617000,0.194000,-67,0.000000,7,8
1,5.000000,4.658000,0.150000,-66,0.000000,7,8
1,5.000000,4.658000,0.154000,-66,0.000000,7,8
1,5.000000,4.567000,0.166000,-66,0.000000,7,8
1,5.000000,4.689000,0.108000,-66,0.000000,7,8
1,5.000000,4.567000,0.184000,-65,0.000000,7,8
1,5.000000,4.614000,0.196000,-66,0.000000,7,8
1,5.000000,4.651000,0.110000,-66,0.000000,7,8
1,5.000000,4.933000,0.138000,-66,0.000000,7,8
1,5.000000,4.814000,0.092000,-65,0.000000,7,8
1,5.000000,4.839000,0.132000,-66,0.000000,7,8
1,5.000000,4.501000,0.217000,-66,0.000000,7,8
1,5.000000,4.495000,0.156000,-66,0.000000,7,8
1,5.000000,4.423000,0.187000,-66,0.000000,7,8
1,5.000000,4.398000,0.091000,-67,0.000000,7,8
1,5.000000,4.498000,0.115000,-67,0.000000,7,8
1,5.000000,4.726000,0.144000,-64,0.000000,7,8
1,5.000000,4.005000,0.133000,-68,0.000000,7,8
1,5.000000,4.661000,0.211000,-64,0.000000,7,8
1,5.000000,3.601000,0.314000,-66,0.000000,7,8
1,5.000000,4.383000,0.437000,-64,0.000000,7,8
1,5.000000,4.489000,0.618000,-63,0.000000,7,8
1,5.000000,4.483000,0.513000,-64,0.000000,7,8
1,5.000000,4.042000,0.745000,-62,0.000000,7,8
1,5.000000,4.517000,0.428000,-62,0.000000,7,8
1,5.000000,4.680000,0.216000,-64,0.000000,7,8
1,5.000000,5.240000,0.187000,-64,0.000000,7,8
1,5.000000,4.937000,0.192000,-65,0.000000,7,8
1,5.000000,5.247000,0.164000,-64,0.000000,7,8
1,5.000000,5.392000,0.085000,-61,0.000000,7,8
1,5.000000,4.573000,0.173000,-66,0.000000,7,8
1,5.000000,3.773000,1.427000,-64,0.000000,7,8
1,5.000000,4.593000,0.316000,-64,0.000000,7,8
1,5.000000,4.680000,0.093000,-64,0.000000,7,8
1,5.000000,3.482000,0.424000,-71,0.000000,7,8
1,5.000000,3.301000,0.321000,-72,0.000000,7,8
1,5.000000,3.826000,0.180000,-69,0.000000,7,8
1,5.000000,3.538000,0.765000,-73,0.000000,7,8
1,5.000000,3.118000,0.519000,-71,0.000000,7,8
1,5.000000,3.908000,0.159000,-69,0.000000,7,8
1,5.000000,4.342000,0.152000,-68,0.000000,7,8
1,5.000000,4.126000,0.091000,-70,0.000000,7,8
1,5.000000,4.426000,0.421000,-68,0.000000,7,8
1,5.000000,4.220000,0.145000,-69,0.000000,7,8
1,5.000000,4.358000,0.130000,-68,0.000000,7,8
1,5.000000,4.248000,0.099000,-69,0.000000,7,8
1,5.000000,4.192000,0.164000,-70,0.000000,7,8
1,5.000000,4.698000,0.332000,-66,0.000000,7,8
1,5.000000,4.150000,0.275000,-70,0.000000,7,8
1,5.000000,4.092000,0.178000,-70,0.000000,7,8
1,5.000000,4.933000,0.189000,-67,0.000000,7,8
1,5.000000,4.464000,0.497000,-66,0.000000,7,8
1,5.000000,4.042000,0.744000,-66,0.000000,7,8
1,5.000000,4.795000,0.442000,-65,0.000000,7,8
1,5.000000,4.183000,0.569000,-65,0.000000,7,8
1,5.000000,4.542000,0.542000,-65,0.000000,7,8
1,5.000000,4.501000,0.447000,-64,0.000000,7,8
1,5.000000,4.539000,0.412000,-65,0.000000,7,8
1,5.000000,4.148000,0.742000,-66,0.000000,7,8
1,5.000000,3.748000,0.881000,-60,0.000000,7,8
1,5.000000,5.273000,0.141000,-64,0.000000,7,8
1,5.000000,5.045000,0.156000,-66,0.000000,7,8
1,5.000000,4.595000,0.628000,-66,0.000000,7,8
1,5.000000,4.858000,0.327000,-67,0.000000,7,8
1,5.000000,4.501000,0.458000,-63,0.000000,7,8
1,5.000000,4.323000,0.613000,-66,0.000000,7,8
1,5.000000,4.539000,0.222000,-66,0.000000,7,8
1,5.000000,5.401000,0.504000,-65,0.000000,7,8
1,5.000000,4.600000,0.196000,-68,0.000000,7,8
1,5.000000,4.504000,0.447000,-63,0.000000,7,8
1,5.000000,4.698000,0.448000,-66,0.000000,7,8
1,5.000000,5.476000,0.108000,-65,0.000000,7,8
1,5.000000,4.561000,0.218000,-67,0.000000,7,8
1,5.000000,4.726000,0.385000,-64,0.000000,7,8
1,5.000000,4.070000,0.343000,-67,0.000000,7,8
1,5.000000,4.973000,0.278000,-62,0.000000,7,8
1,5.000000,4.412000,0.153000,-66,0.000000,7,8
1,5.000000,4.759000,0.146000,-66,0.000000,7,8
1,5.000000,4.864000,0.527000,-66,0.000000,7,8
1,5.000000,4.665000,0.395000,-64,0.000000,7,8
1,5.000000,4.383000,0.520000,-63,0.000000,7,8
1,5.000000,4.539000,0.493000,-62,0.000000,7,8
1,5.000000,4.466000,0.336000,-68,0.000000,7,8
1,5.000000,4.692000,0.189000,-68,0.000000,7,8
1,5.000000,4.539000,0.228000,-66,0.000000,7,8
1,5.000000,4.611000,0.331000,-62,0.000000,7,8
1,5.000000,5.223000,0.538000,-62,0.000000,7,8
1,5.000000,4.454000,0.117000,-65,0.000000,7,8
1,5.000000,4.895000,0.239000,-64,0.000000,7,8
1,5.000000,4.067000,1.024000,-66,0.000000,7,8
1,5.000000,4.651000,0.334000,-65,0.000000,7,8
1,5.000000,4.768000,0.349000,-63,0.000000,7,8
1,5.000000,5.079000,0.173000,-66,0.000000,7,8
1,5.000000,5.436000,0.672000,-69,0.000000,7,8
1,5.000000,4.328000,0.892000,-71,0.000000,7,8
1,5.000000,4.126000,0.226000,-75,0.000000,7,8
1,5.000000,4.098000,0.815000,-71,0.000000,7,8
1,5.000000,4.730000,0.160000,-73,0.000000,7,8
1,5.000000,5.205000,0.085000,-65,0.000000,7,8
1,5.000000,4.561000,0.189000,-70,0.000000,7,8
1,5.000000,5.201000,0.099000,-71,0.000000,7,8
1,5.000000,5.092000,0.336000,-67,0.000000,7,8
1,5.000000,4.751000,0.645000,-66,0.000000,7,8
1,5.000000,4.554000,0.314000,-65,0.000000,7,8
1,5.000000,4.929000,0.287000,-66,0.000000,7,8
1,5.000000,4.764000,0.378000,-68,0.000000,7,8
1,5.000000,4.426000,0.134000,-69,0.000000,7,8
1,5.000000,4.367000,0.113000,-67,0.000000,7,8
1,5.000000,3.836000,0.642000,-68,0.000000,7,8
1,5.000000,4.504000,0.500000,-69,0.000000,7,8
1,5.000000,4.551000,0.392000,-66,0.000000,7,8
1,5.000000,5.283000,0.138000,-64,0.000000,7,8
1,5.000000,4.483000,0.487000,-63,0.000000,7,8
1,5.000000,4.408000,0.474000,-66,0.000000,7,8
1,5.000000,4.261000,0.606000,-64,0.000000,7,8
1,5.000000,4.464000,0.272000,-68,0.000000,7,8
1,5.000000,5.130000,0.046000,-64,0.000000,7,8
1,5.000000,5.242000,0.119000,-64,0.000000,7,8
1,5.000000,4.558000,0.180000,-65,0.000000,7,8
1,5.000000,4.980000,0.222000,-64,0.000000,7,8
1,5.000000,5.029000,0.224000,-62,0.000000,7,8
1,5.000000,4.667000,0.158000,-66,0.000000,7,8
1,5.000000,4.383000,0.272000,-68,0.000000,7,8
1,5.000000,4.639000,0.441000,-65,0.000000,7,8
1,5.000000,4.420000,0.372000,-66,0.000000,7,8
1,5.000000,4.183000,0.711000,-64,0.000000,7,8
1,5.000000,4.455000,0.336000,-66,0.000000,7,8
1,5.000000,4.717000,0.343000,-65,0.000000,7,8
1,5.000000,3.992000,0.657000,-67,0.000000,7,8
1,5.000000,4.417000,0.435000,-69,0.000000,7,8
1,5.000000,4.889000,0.261000,-65,0.000000,7,8
1,5.000000,4.542000,0.449000,-65,0.000000,7,8
1,5.000000,4.848000,0.314000,-65,0.000000,7,8
1,5.000000,4.051000,0.912000,-66,0.000000,7,8
1,5.000000,4.267000,0.559000,-70,0.000000,7,8
1,5.000000,3.833000,0.963000,-67,0.000000,7,8
1,5.000000,4.661000,0.509000,-64,0.000000,7,8
1,5.000000,4.576000,0.448000,-64,0.000000,7,8
1,5.000000,4.611000,0.376000,-69,0.000000,7,8
1,5.000000,4.736000,0.314000,-68,0.000000,7,8
1,5.000000,4.461000,0.452000,-67,0.000000,7,8
1,5.000000,4.423000,0.499000,-66,0.000000,7,8
1,5.000000,4.504000,0.431000,-66,0.000000,7,8
1,5.000000,4.901000,0.162000,-66,0.000000,7,8
1,5.000000,4.539000,0.074000,-71,0.000000,7,8
1,5.000000,4.445000,0.213000,-71,0.000000,7,8
1,5.000000,4.342000,0.406000,-69,0.000000,7,8
1,5.000000,4.639000,0.089000,-67,0.000000,7,8
1,5.000000,4.473000,0.148000,-68,0.000000,7,8
1,5.000000,4.573000,0.312000,-68,0.000000,7,8
1,5.000000,4.380000,0.408000,-68,0.000000,7,8
1,5.000000,4.680000,0.060000,-69,0.000000,7,8
1,5.000000,4.258000,0.157000,-71,0.000000,7,8
1,5.000000,4.101000,0.459000,-68,0.000000,7,8
1,5.000000,4.305000,0.380000,-69,0.000000,7,8
1,5.000000,4.426000,0.083000,-70,0.000000,7,8
1,5.000000,4.183000,0.571000,-67,0.000000,7,8
1,5.000000,4.276000,0.638000,-64,0.000000,7,8
1,5.000000,4.061000,0.424000,-68,0.000000,7,8
1,5.000000,4.386000,0.367000,-69,0.000000,7,8
1,5.000000,4.108000,0.553000,-67,0.000000,7,8
1,5.000000,4.464000,0.490000,-65,0.000000,7,8
1,5.000000,5.108000,0.088000,-65,0.000000,7,8
1,5.000000,4.983000,0.155000,-65,0.000000,7,8
1,5.000000,4.689000,0.108000,-67,0.000000,7,8
1,5.000000,4.792000,0.089000,-68,0.000000,7,8
1,5.000000,4.539000,0.257000,-69,0.000000,7,8
1,5.000000,4.689000,0.098000,-70,0.000000,7,8
1,5.000000,4.573000,0.405000,-69,0.000000,7,8
1,5.000000,4.220000,0.340000,-71,0.000000,7,8
1,5.000000,4.614000,0.274000,-70,0.000000,7,8
1,5.000000,4.687000,0.166000,-68,0.000000,7,8
1,5.000000,4.698000,0.255000,-69,0.000000,7,8
1,5.000000,4.576000,0.190000,-66,0.000000,7,8
1,5.000000,4.680000,0.143000,-67,0.000000,7,8
1,5.000000,4.426000,0.425000,-67,0.000000,7,8
1,5.000000,4.551000,0.469000,-67,0.000000,7,8
1,5.000000,4.589000,0.205000,-68,0.000000,7,8
1,5.000000,4.383000,0.137000,-69,0.000000,7,8
1,5.000000,5.001000,0.214000,-65,0.000000,7,8
1,5.000000,4.439000,0.220000,-68,0.000000,7,8
1,5.000000,5.242000,0.060000,-64,0.000000,7,8
1,5.000000,4.264000,0.633000,-66,0.000000,7,8
1,5.000000,4.342000,0.592000,-65,0.000000,7,8
1,5.000000,4.089000,0.835000,-64,0.000000,7,8
1,5.000000,3.676000,0.720000,-67,0.000000,7,8
1,5.000000,4.536000,0.398000,-66,0.000000,7,8
1,5.000000,4.305000,0.706000,-66,0.000000,7,8
1,5.000000,5.130000,0.382000,-63,0.000000,7,8
1,5.000000,5.283000,0.176000,-60,0.000000,7,8
1,5.000000,5.130000,0.234000,-59,0.000000,7,8
1,5.000000,4.839000,0.509000,-62,0.000000,7,8
1,5.000000,4.367000,0.927000,-64,0.000000,7,8
1,5.000000,4.776000,0.608000,-65,0.000000,7,8
1,5.000000,4.305000,0.121000,-66,0.000000,7,8
1,5.000000,4.498000,0.484000,-65,0.000000,7,8
1,5.000000,4.333000,0.281000,-66,0.000000,7,8
1,5.000000,3.551000,0.175000,-64,0.000000,7,8
1,5.000000,3.442000,0.568000,-63,0.000000,7,8
1,5.000000,3.348000,0.393000,-66,0.000000,7,8
1,5.000000,3.836000,0.349000,-65,0.000000,7,8
1,5.000000,4.098000,0.630000,-65,0.000000,7,8
1,5.000000,4.276000,0.091000,-65,0.000000,7,8
1,5.000000,4.661000,0.364000,-66,0.000000,7,8
1,5.000000,3.421000,0.205000,-65,0.000000,7,8
1,5.000000,4.061000,0.777000,-66,0.000000,7,8
1,5.000000,3.908000,0.328000,-65,0.000000,7,8
1,5.000000,4.426000,0.282000,-67,0.000000,7,8
1,5.000000,3.648000,0.186000,-67,0.000000,7,8
1,5.000000,5.533000,0.203000,-60,0.000000,7,8
1,5.000000,5.130000,0.044000,-61,0.000000,7,8
1,5.000000,3.723000,0.084000,-65,0.000000,7,8
1,5.000000,4.070000,0.285000,-68,0.000000,7,8
1,5.000000,4.123000,0.245000,-69,0.000000,7,8
1,5.000000,4.023000,0.386000,-65,0.000000,7,8
1,5.000000,4.426000,0.464000,-62,0.000000,7,8
1,5.000000,4.033000,0.308000,-70,0.000000,7,8
1,5.000000,4.305000,0.609000,-64,0.000000,7,8
1,5.000000,3.948000,0.739000,-61,0.000000,7,8
1,5.000000,4.795000,0.087000,-68,0.000000,7,8
1,5.000000,4.064000,0.271000,-68,0.000000,7,8
1,5.000000,3.751000,0.765000,-63,0.000000,7,8
1,5.000000,3.939000,0.818000,-65,0.000000,7,8
1,5.000000,4.942000,0.318000,-66,0.000000,7,8
1,5.000000,4.326000,0.465000,-64,0.000000,7,8
1,5.000000,5.214000,0.043000,-65,0.000000,7,8
1,5.000000,4.108000,0.387000,-67,0.000000,7,8
1,5.000000,5.320000,0.100000,-64,0.000000,7,8
1,5.000000,4.895000,0.282000,-66,0.000000,7,8
1,5.000000,4.895000,0.234000,-62,0.000000,7,8
1,5.000000,4.570000,0.300000,-66,0.000000,7,8
1,5.000000,4.305000,0.513000,-65,0.000000,7,8
1,5.000000,3.992000,0.652000,-66,0.000000,7,8
1,5.000000,4.408000,0.583000,-65,0.000000,7,8
1,5.000000,4.916000,0.320000,-67,0.000000,7,8
1,5.000000,4.292000,0.475000,-63,0.000000,7,8
1,5.000000,4.539000,0.363000,-65,0.000000,7,8
1,5.000000,5.130000,0.119000,-65,0.000000,7,8
1,5.000000,4.067000,0.614000,-65,0.000000,7,8
1,5.000000,4.717000,0.527000,-63,0.000000,7,8
1,5.000000,5.130000,0.103000,-64,0.000000,7,8
1,5.000000,4.230000,0.374000,-69,0.000000,7,8
1,5.000000,4.539000,0.282000,-68,0.000000,7,8
1,5.000000,4.498000,0.159000,-69,0.000000,7,8
1,5.000000,5.201000,0.125000,-63,0.000000,7,8
1,5.000000,4.895000,0.343000,-63,0.000000,7,8
1,5.000000,4.173000,0.598000,-64,0.000000,7,8
1,5.000000,4.501000,0.388000,-66,0.000000,7,8
1,5.000000,4.139000,0.498000,-63,0.000000,7,8
1,5.000000,4.426000,0.390000,-65,0.000000,7,8
1,5.000000,4.183000,0.247000,-67,0.000000,7,8
1,5.000000,4.145000,0.122000,-70,0.000000,7,8
1,5.000000,4.426000,0.334000,-65,0.000000,7,8
1,5.000000,4.473000,0.146000,-66,0.000000,7,8
1,5.000000,5.145000,0.311000,-66,0.000000,7,8
1,5.000000,5.355000,0.154000,-67,0.000000,7,8
1,5.000000,4.773000,0.308000,-63,0.000000,7,8
1,5.000000,4.498000,0.279000,-68,0.000000,7,8
1,5.000000,4.611000,0.688000,-65,0.000000,7,8
1,5.000000,4.186000,0.580000,-67,0.000000,7,8
1,5.000000,4.426000,0.185000,-66,0.000000,7,8
1,5.000000,4.539000,0.465000,-67,0.000000,7,8
1,5.000000,4.411000,0.562000,-64,0.000000,7,8
1,5.000000,4.567000,0.202000,-68,0.000000,7,8
1,5.000000,4.836000,0.320000,-65,0.000000,7,8
1,5.000000,5.289000,0.073000,-64,0.000000,7,8
1,5.000000,3.911000,0.690000,-64,0.000000,7,8
1,5.000000,4.326000,0.948000,-63,0.000000,7,8
1,5.000000,4.351000,0.335000,-68,0.000000,7,8
1,5.000000,4.817000,0.101000,-67,0.000000,7,8
1,5.000000,4.348000,0.807000,-64,0.000000,7,8
1,5.000000,4.301000,0.361000,-65,0.000000,7,8
1,5.000000,3.782000,0.649000,-69,0.000000,7,8
1,5.000000,4.298000,0.560000,-62,0.000000,7,8
1,5.000000,3.086000,0.919000,-65,0.000000,7,8
1,5.000000,4.354000,0.634000,-64,0.000000,7,8
1,5.000000,3.219000,0.675000,-68,0.000000,7,8
1,5.000000,4.063000,0.529000,-65,0.000000,7,8
1,5.000000,5.127000,0.172000,-65,0.000000,7,8
1,5.000000,5.661000,0.102000,-63,0.000000,7,8
1,5.000000,4.890000,0.535000,-67,0.000000,7,8
1,5.000000,5.520000,0.324000,-65,0.000000,7,8
1,5.000000,4.173000,1.064000,-63,0.000000,7,8
1,5.000000,5.125000,0.305000,-68,0.000000,7,8
1,5.000000,6.475000,0.379000,-64,0.000000,7,8
1,5.000000,3.233000,0.516000,-61,0.000000,7,8
1,5.000000,4.576000,0.235000,-69,0.000000,7,8
1,5.000000,4.220000,0.187000,-66,0.000000,7,8
1,5.000000,7.867000,0.452000,-67,0.000000,7,8
1,5.000000,4.958000,0.202000,-67,0.000000,7,8
1,5.000000,4.833000,0.189000,-65,0.000000,7,8
1,5.000000,4.345000,0.374000,-65,0.000000,7,8
1,5.000000,4.136000,0.203000,-67,0.000000,7,8
1,5.000000,4.014000,0.192000,-67,0.000000,7,8
1,5.000000,2.786000,0.385000,-66,0.000000,7,8
1,5.000000,3.639000,0.324000,-68,0.000000,7,8
1,5.000000,5.283000,0.213000,-66,0.000000,7,8
1,5.000000,4.933000,0.273000,-65,0.000000,7,8
1,5.000000,5.264000,0.108000,-64,0.000000,7,8
1,5.000000,4.823000,0.430000,-63,0.000000,7,8
1,5.000000,5.236000,0.357000,-62,0.000000,7,8
1,5.000000,6.045000,0.140000,-61,0.000000,7,8
1,5.000000,5.821000,0.159000,-62,0.000000,7,8
1,5.000000,5.439000,0.109000,-62,0.000000,7,8
1,5.000000,5.561000,0.348000,-61,0.000000,7,8
1,5.000000,4.736000,0.314000,-64,0.000000,7,8
1,5.000000,5.223000,0.310000,-64,0.000000,7,8
1,5.000000,5.882000,0.166000,-62,0.000000,7,8
1,5.000000,5.911000,0.149000,-63,0.000000,7,8
1,5.000000,5.598000,0.173000,-63,0.000000,7,8
1,5.000000,5.626000,0.117000,-63,0.000000,7,8
1,5.000000,5.714000,0.102000,-63,0.000000,7,8
1,5.000000,5.626000,0.262000,-62,0.000000,7,8
1,5.000000,6.105000,0.148000,-62,0.000000,7,8
1,5.000000,6.062000,0.204000,-62,0.000000,7,8
1,5.000000,6.067000,0.250000,-62,0.000000,7,8
1,5.000000,6.067000,0.276000,-61,0.000000,7,8
1,5.000000,5.814000,0.273000,-62,0.000000,7,8
1,5.000000,5.395000,0.238000,-61,0.000000,7,8
1,5.000000,6.067000,0.101000,-62,0.000000,7,8
1,5.000000,5.711000,0.254000,-62,0.000000,7,8
1,5.000000,4.991000,0.488000,-66,0.000000,7,8
1,5.000000,5.401000,0.240000,-63,0.000000,7,8
1,5.000000,5.861000,0.162000,-63,0.000000,7,8
1,5.000000,4.541000,0.480000,-65,0.000000,7,8
1,5.000000,4.292000,0.612000,-63,0.000000,7,8
1,5.000000,5.626000,0.336000,-63,0.000000,7,8
1,5.000000,4.054000,0.826000,-64,0.000000,7,8
1,5.000000,3.670000,0.212000,-64,0.000000,7,8
1,5.000000,4.183000,0.754000,-62,0.000000,7,8
1,5.000000,3.839000,0.925000,-62,0.000000,7,8
1,5.000000,3.904000,1.346000,-59,0.000000,7,8
1,5.000000,4.589000,0.797000,-58,0.000000,7,8
1,5.000000,5.476000,0.177000,-60,0.000000,7,8
1,5.000000,5.886000,0.111000,-60,0.000000,7,8
1,5.000000,5.711000,0.042000,-60,0.000000,7,8
1,5.000000,5.479000,0.105000,-60,0.000000,7,8
1,5.000000,5.129000,0.049000,-61,0.000000,7,8
1,5.000000,5.186000,0.099000,-62,0.000000,7,8
1,5.000000,5.289000,0.090000,-62,0.000000,7,8
1,5.000000,4.918000,0.154000,-63,0.000000,7,8
1,5.000000,5.214000,0.073000,-63,0.000000,7,8
1,5.000000,4.830000,0.065000,-62,0.000000,7,8
1,5.000000,4.576000,0.238000,-63,0.000000,7,8
1,5.000000,4.539000,0.292000,-64,0.000000,7,8
1,5.000000,4.661000,0.276000,-64,0.000000,7,8
1,5.000000,4.801000,0.059000,-63,0.000000,7,8
1,5.000000,4.661000,0.276000,-64,0.000000,7,8
1,5.000000,4.973000,0.113000,-62,0.000000,7,8
1,5.000000,4.773000,0.207000,-63,0.000000,7,8
1,5.000000,5.214000,0.111000,-63,0.000000,7,8
1,5.000000,5.329000,0.163000,-62,0.000000,7,8
1,5.000000,4.958000,0.166000,-61,0.000000,7,8
1,5.000000,4.570000,0.309000,-63,0.000000,7,8
1,5.000000,4.464000,0.463000,-64,0.000000,7,8
1,5.000000,4.561000,0.466000,-64,0.000000,7,8
1,5.000000,4.426000,0.494000,-64,0.000000,7,8
1,5.000000,4.192000,0.579000,-64,0.000000,7,8
1,5.000000,3.630000,0.613000,-65,0.000000,7,8
1,5.000000,3.855000,0.440000,-65,0.000000,7,8
1,5.000000,3.679000,0.612000,-65,0.000000,7,8
1,5.000000,3.879000,0.536000,-64,0.000000,7,8
1,5.000000,4.036000,0.451000,-64,0.000000,7,8
1,5.000000,3.761000,0.567000,-64,0.000000,7,8
1,5.000000,3.679000,0.544000,-64,0.000000,7,8
1,5.000000,3.714000,0.511000,-65,0.000000,7,8
1,5.000000,3.754000,0.537000,-65,0.000000,7,8
1,5.000000,3.954000,0.569000,-65,0.000000,7,8
1,5.000000,4.036000,0.509000,-66,0.000000,7,8
1,5.000000,3.789000,0.379000,-67,0.000000,7,8
1,5.000000,3.930000,0.448000,-66,0.000000,7,8
1,5.000000,4.092000,0.424000,-66,0.000000,7,8
1,5.000000,4.120000,0.374000,-66,0.000000,7,8
1,5.000000,4.192000,0.441000,-65,0.000000,7,8
1,5.000000,4.376000,0.312000,-65,0.000000,7,8
1,5.000000,4.014000,0.306000,-65,0.000000,7,8
1,5.000000,4.170000,0.211000,-65,0.000000,7,8
1,5.000000,4.126000,0.275000,-65,0.000000,7,8
1,5.000000,4.264000,0.383000,-64,0.000000,7,8
1,5.000000,4.230000,0.394000,-64,0.000000,7,8
1,5.000000,4.170000,0.235000,-63,0.000000,7,8
1,5.000000,4.220000,0.265000,-64,0.000000,7,8
1,5.000000,4.264000,0.315000,-63,0.000000,7,8
1,5.000000,4.367000,0.219000,-63,0.000000,7,8
1,5.000000,4.464000,0.264000,-63,0.000000,7,8
1,5.000000,4.376000,0.214000,-63,0.000000,7,8
1,5.000000,4.317000,0.145000,-63,0.000000,7,8
1,5.000000,4.426000,0.157000,-63,0.000000,7,8
1,5.000000,4.267000,0.208000,-63,0.000000,7,8
1,5.000000,4.305000,0.274000,-64,0.000000,7,8
1,5.000000,4.192000,0.356000,-64,0.000000,7,8
1,5.000000,4.226000,0.376000,-64,0.000000,7,8
1,5.000000,4.145000,0.246000,-64,0.000000,7,8
1,5.000000,4.245000,0.164000,-64,0.000000,7,8
1,5.000000,4.276000,0.220000,-64,0.000000,7,8
1,5.000000,4.148000,0.332000,-64,0.000000,7,8
1,5.000000,4.026000,0.338000,-64,0.000000,7,8
1,5.000000,4.276000,0.238000,-64,0.000000,7,8
1,5.000000,4.023000,0.297000,-64,0.000000,7,8
1,5.000000,4.064000,0.330000,-64,0.000000,7,8
1,5.000000,4.136000,0.193000,-64,0.000000,7,8
1,5.000000,4.305000,0.392000,-64,0.000000,7,8
1,5.000000,4.026000,0.338000,-64,0.000000,7,8
1,5.000000,4.192000,0.357000,-65,0.000000,7,8
1,5.000000,4.230000,0.372000,-65,0.000000,7,8
1,5.000000,4.145000,0.297000,-65,0.000000,7,8
1,5.000000,4.276000,0.258000,-65,0.000000,7,8
1,5.000000,4.192000,0.412000,-66,0.000000,7,8
1,5.000000,4.054000,0.248000,-66,0.000000,7,8
1,5.000000,4.326000,0.253000,-66,0.000000,7,8
1,5.000000,3.948000,0.340000,-67,0.000000,7,8
1,5.000000,4.276000,0.273000,-66,0.000000,7,8
1,5.000000,3.901000,0.334000,-66,0.000000,7,8
1,5.000000,4.070000,0.444000,-66,0.000000,7,8
1,5.000000,3.989000,0.372000,-66,0.000000,7,8
1,5.000000,4.070000,0.368000,-66,0.000000,7,8
1,5.000000,4.230000,0.372000,-66,0.000000,7,8
1,5.000000,3.873000,0.391000,-66,0.000000,7,8
1,5.000000,4.305000,0.340000,-66,0.000000,7,8
1,5.000000,4.267000,0.334000,-66,0.000000,7,8
1,5.000000,4.298000,0.315000,-65,0.000000,7,8
1,5.000000,4.120000,0.400000,-66,0.000000,7,8
1,5.000000,4.014000,0.333000,-66,0.000000,7,8
1,5.000000,3.901000,0.347000,-65,0.000000,7,8
1,5.000000,4.276000,0.293000,-65,0.000000,7,8
1,5.000000,4.267000,0.354000,-65,0.000000,7,8
1,5.000000,4.148000,0.357000,-65,0.000000,7,8
1,5.000000,4.226000,0.351000,-65,0.000000,7,8
1,5.000000,4.192000,0.365000,-65,0.000000,7,8
1,5.000000,4.089000,0.282000,-65,0.000000,7,8
1,5.000000,4.061000,0.271000,-65,0.000000,7,8
1,5.000000,3.948000,0.353000,-65,0.000000,7,8
1,5.000000,4.426000,0.198000,-65,0.000000,7,8
1,5.000000,4.061000,0.237000,-65,0.000000,7,8
1,5.000000,4.067000,0.317000,-65,0.000000,7,8
1,5.000000,4.145000,0.328000,-64,0.000000,7,8
1,5.000000,4.239000,0.225000,-65,0.000000,7,8
1,5.000000,4.230000,0.372000,-65,0.000000,7,8
1,5.000000,4.098000,0.238000,-65,0.000000,7,8
1,5.000000,4.061000,0.255000,-65,0.000000,7,8
1,5.000000,4.089000,0.257000,-65,0.000000,7,8
1,5.000000,4.148000,0.388000,-65,0.000000,7,8
1,5.000000,4.164000,0.256000,-65,0.000000,7,8
1,5.000000,4.348000,0.253000,-64,0.000000,7,8
1,5.000000,4.095000,0.239000,-65,0.000000,7,8
1,5.000000,4.126000,0.291000,-64,0.000000,7,8
1,5.000000,4.017000,0.292000,-65,0.000000,7,8
1,5.000000,4.276000,0.265000,-64,0.000000,7,8
1,5.000000,4.201000,0.250000,-65,0.000000,7,8
1,5.000000,4.305000,0.339000,-65,0.000000,7,8
1,5.000000,4.326000,0.246000,-65,0.000000,7,8
1,5.000000,4.054000,0.279000,-65,0.000000,7,8
1,5.000000,4.376000,0.229000,-65,0.000000,7,8
1,5.000000,4.164000,0.249000,-64,0.000000,7,8
1,5.000000,4.192000,0.328000,-65,0.000000,7,8
1,5.000000,4.305000,0.349000,-65,0.000000,7,8
1,5.000000,4.192000,0.379000,-65,0.000000,7,8
1,5.000000,4.211000,0.179000,-65,0.000000,7,8
1,5.000000,4.192000,0.389000,-65,0.000000,7,8
1,5.000000,4.092000,0.271000,-64,0.000000,7,8
1,5.000000,3.986000,0.336000,-64,0.000000,7,8
1,5.000000,4.192000,0.351000,-64,0.000000,7,8
1,5.000000,4.376000,0.249000,-65,0.000000,7,8
1,5.000000,4.276000,0.265000,-65,0.000000,7,8
1,5.000000,4.267000,0.381000,-65,0.000000,7,8
1,5.000000,4.305000,0.354000,-65,0.000000,7,8
1,5.000000,4.270000,0.311000,-65,0.000000,7,8
1,5.000000,4.270000,0.347000,-65,0.000000,7,8
1,5.000000,4.267000,0.376000,-65,0.000000,7,8
1,5.000000,4.192000,0.412000,-64,0.000000,7,8
1,5.000000,4.020000,0.276000,-65,0.000000,7,8
1,5.000000,4.305000,0.354000,-64,0.000000,7,8
1,5.000000,4.192000,0.340000,-64,0.000000,7,8
1,5.000000,4.070000,0.362000,-65,0.000000,7,8
1,5.000000,4.305000,0.356000,-65,0.000000,7,8
1,5.000000,3.948000,0.332000,-65,0.000000,7,8
1,5.000000,4.058000,0.246000,-64,0.000000,7,8
1,5.000000,4.305000,0.304000,-65,0.000000,7,8
1,5.000000,4.192000,0.365000,-64,0.000000,7,8
1,5.000000,4.192000,0.345000,-65,0.000000,7,8
1,5.000000,4.426000,0.219000,-65,0.000000,7,8
1,5.000000,4.192000,0.389000,-65,0.000000,7,8
1,5.000000,3.989000,0.335000,-64,0.000000,7,8
1,5.000000,4.226000,0.320000,-64,0.000000,7,8
1,5.000000,4.305000,0.277000,-64,0.000000,7,8
1,5.000000,4.145000,0.296000,-64,0.000000,7,8
1,5.000000,4.145000,0.296000,-65,0.000000,7,8
1,5.000000,4.239000,0.262000,-64,0.000000,7,8
1,5.000000,4.230000,0.372000,-64,0.000000,7,8
1,5.000000,4.226000,0.260000,-65,0.000000,7,8
1,5.000000,4.426000,0.240000,-64,0.000000,7,8
1,5.000000,4.067000,0.301000,-65,0.000000,7,8
1,5.000000,4.067000,0.301000,-64,0.000000,7,8
1,5.000000,4.305000,0.315000,-65,0.000000,7,8
1,5.000000,3.986000,0.293000,-65,0.000000,7,8
1,5.000000,4.348000,0.214000,-64,0.000000,7,8
1,5.000000,4.054000,0.279000,-64,0.000000,7,8
1,5.000000,4.276000,0.217000,-65,0.000000,7,8
1,5.000000,4.164000,0.279000,-64,0.000000,7,8
1,5.000000,4.098000,0.229000,-65,0.000000,7,8
1,5.000000,4.305000,0.291000,-65,0.000000,7,8
1,5.000000,4.201000,0.226000,-64,0.000000,7,8
1,5.000000,4.326000,0.229000,-64,0.000000,7,8
1,5.000000,4.267000,0.342000,-64,0.000000,7,8
1,5.000000,4.264000,0.250000,-65,0.000000,7,8
1,5.000000,4.348000,0.227000,-65,0.000000,7,8
1,5.000000,4.023000,0.318000,-65,0.000000,7,8
1,5.000000,4.201000,0.202000,-65,0.000000,7,8
1,5.000000,4.376000,0.174000,-64,0.000000,7,8
1,5.000000,4.305000,0.291000,-65,0.000000,7,8
1,5.000000,4.164000,0.225000,-65,0.000000,7,8
1,5.000000,4.029000,0.352000,-65,0.000000,7,8
1,5.000000,4.376000,0.213000,-64,0.000000,7,8
1,5.000000,4.305000,0.334000,-64,0.000000,7,8
1,5.000000,4.192000,0.294000,-64,0.000000,7,8
1,5.000000,4.014000,0.299000,-65,0.000000,7,8
1,5.000000,4.326000,0.201000,-65,0.000000,7,8
1,5.000000,4.305000,0.334000,-65,0.000000,7,8
1,5.000000,4.092000,0.225000,-65,0.000000,7,8
1,5.000000,4.426000,0.230000,-64,0.000000,7,8
1,5.000000,4.201000,0.293000,-65,0.000000,7,8
1,5.000000,4.201000,0.314000,-65,0.000000,7,8
1,5.000000,4.376000,0.324000,-65,0.000000,7,8
1,5.000000,4.133000,0.206000,-65,0.000000,7,8
1,5.000000,4.098000,0.256000,-64,0.000000,7,8
1,5.000000,4.192000,0.351000,-64,0.000000,7,8
1,5.000000,4.305000,0.277000,-65,0.000000,7,8
1,5.000000,4.192000,0.365000,-64,0.000000,7,8
1,5.000000,4.201000,0.202000,-64,0.000000,7,8
1,5.000000,4.061000,0.235000,-64,0.000000,7,8
1,5.000000,4.276000,0.249000,-64,0.000000,7,8
1,5.000000,4.108000,0.315000,-64,0.000000,7,8
1,5.000000,4.014000,0.306000,-64,0.000000,7,8
1,5.000000,4.276000,0.205000,-64,0.000000,7,8
1,5.000000,4.061000,0.264000,-64,0.000000,7,8
1,5.000000,4.089000,0.258000,-64,0.000000,7,8
1,5.000000,4.145000,0.296000,-64,0.000000,7,8
1,5.000000,4.108000,0.370000,-64,0.000000,7,8
1,5.000000,4.226000,0.336000,-64,0.000000,7,8
1,5.000000,4.267000,0.354000,-64,0.000000,7,8
1,5.000000,4.183000,0.236000,-64,0.000000,7,8
1,5.000000,4.426000,0.217000,-65,0.000000,7,8
1,5.000000,4.226000,0.347000,-64,0.000000,7,8
1,5.000000,4.276000,0.217000,-64,0.000000,7,8
1,5.000000,4.267000,0.329000,-64,0.000000,7,8
1,5.000000,4.167000,0.227000,-64,0.000000,7,8
1,5.000000,4.426000,0.210000,-64,0.000000,7,8
1,5.000000,4.098000,0.256000,-64,0.000000,7,8
1,5.000000,4.276000,0.230000,-65,0.000000,7,8
1,5.000000,4.223000,0.291000,-64,0.000000,7,8
1,5.000000,4.183000,0.307000,-64,0.000000,7,8
1,5.000000,4.270000,0.253000,-64,0.000000,7,8
1,5.000000,4.305000,0.315000,-64,0.000000,7,8
1,5.000000,4.098000,0.210000,-65,0.000000,7,8
1,5.000000,4.192000,0.365000,-64,0.000000,7,8
1,5.000000,4.026000,0.322000,-64,0.000000,7,8
1,5.000000,4.170000,0.195000,-64,0.000000,7,8
1,5.000000,4.426000,0.183000,-64,0.000000,7,8
1,5.000000,3.986000,0.316000,-64,0.000000,7,8
1,5.000000,4.201000,0.270000,-64,0.000000,7,8
1,5.000000,4.348000,0.245000,-64,0.000000,7,8
1,5.000000,3.976000,0.311000,-64,0.000000,7,8
1,5.000000,4.023000,0.291000,-64,0.000000,7,8
1,5.000000,4.305000,0.349000,-64,0.000000,7,8
1,5.000000,4.089000,0.288000,-64,0.000000,7,8
1,5.000000,4.145000,0.298000,-64,0.000000,7,8
1,5.000000,4.326000,0.213000,-64,0.000000,7,8
1,5.000000,4.098000,0.238000,-64,0.000000,7,8
1,5.000000,4.126000,0.226000,-64,0.000000,7,8
1,5.000000,4.051000,0.265000,-64,0.000000,7,8
1,5.000000,4.208000,0.188000,-64,0.000000,7,8
1,5.000000,4.305000,0.277000,-64,0.000000,7,8
1,5.000000,4.305000,0.324000,-64,0.000000,7,8
1,5.000000,4.239000,0.225000,-64,0.000000,7,8
1,5.000000,4.426000,0.175000,-64,0.000000,7,8
1,5.000000,4.270000,0.287000,-64,0.000000,7,8
1,5.000000,4.061000,0.285000,-64,0.000000,7,8
1,5.000000,4.136000,0.245000,-64,0.000000,7,8
1,5.000000,4.211000,0.168000,-64,0.000000,7,8
1,5.000000,4.192000,0.356000,-64,0.000000,7,8
1,5.000000,4.192000,0.365000,-64,0.000000,7,8
1,5.000000,4.248000,0.176000,-64,0.000000,7,8
1,5.000000,4.342000,0.262000,-64,0.000000,7,8
1,5.000000,4.201000,0.234000,-64,0.000000,7,8
1,5.000000,4.305000,0.320000,-64,0.000000,7,8
1,5.000000,4.167000,0.262000,-63,0.000000,7,8
1,5.000000,4.136000,0.245000,-64,0.000000,7,8
1,5.000000,4.305000,0.320000,-64,0.000000,7,8
1,5.000000,4.170000,0.254000,-63,0.000000,7,8
1,5.000000,4.342000,0.277000,-63,0.000000,7,8
1,5.000000,4.261000,0.259000,-64,0.000000,7,8
1,5.000000,4.286000,0.138000,-63,0.000000,7,8
1,5.000000,4.183000,0.238000,-64,0.000000,7,8
1,5.000000,3.986000,0.309000,-64,0.000000,7,8
1,5.000000,4.426000,0.294000,-63,0.000000,7,8
1,5.000000,4.301000,0.302000,-64,0.000000,7,8
1,5.000000,4.192000,0.340000,-64,0.000000,7,8
1,5.000000,4.170000,0.225000,-64,0.000000,7,8
1,5.000000,4.164000,0.249000,-63,0.000000,7,8
1,5.000000,4.426000,0.194000,-63,0.000000,7,8
1,5.000000,4.223000,0.328000,-64,0.000000,7,8
1,5.000000,4.342000,0.262000,-64,0.000000,7,8
1,5.000000,4.133000,0.223000,-63,0.000000,7,8
1,5.000000,4.376000,0.213000,-64,0.000000,7,8
1,5.000000,4.376000,0.242000,-63,0.000000,7,8
1,5.000000,4.276000,0.230000,-63,0.000000,7,8
1,5.000000,4.376000,0.187000,-64,0.000000,7,8
1,5.000000,4.267000,0.316000,-64,0.000000,7,8
1,5.000000,4.230000,0.349000,-64,0.000000,7,8
1,5.000000,4.426000,0.217000,-63,0.000000,7,8
1,5.000000,4.145000,0.328000,-63,0.000000,7,8
1,5.000000,4.305000,0.260000,-64,0.000000,7,8
1,5.000000,4.376000,0.269000,-63,0.000000,7,8
1,5.000000,4.101000,0.247000,-63,0.000000,7,8
1,5.000000,4.376000,0.213000,-64,0.000000,7,8
1,5.000000,4.183000,0.238000,-63,0.000000,7,8
1,5.000000,4.230000,0.349000,-64,0.000000,7,8
1,5.000000,4.286000,0.156000,-63,0.000000,7,8
1,5.000000,4.129000,0.224000,-64,0.000000,7,8
1,5.000000,4.061000,0.285000,-63,0.000000,7,8
1,5.000000,4.276000,0.280000,-64,0.000000,7,8
1,5.000000,4.183000,0.278000,-64,0.000000,7,8
1,5.000000,4.267000,0.342000,-64,0.000000,7,8
1,5.000000,4.092000,0.257000,-64,0.000000,7,8
1,5.000000,4.348000,0.342000,-64,0.000000,7,8
1,5.000000,4.267000,0.395000,-65,0.000000,7,8
1,5.000000,4.326000,0.278000,-65,0.000000,7,8
1,5.000000,4.089000,0.311000,-65,0.000000,7,8
1,5.000000,3.911000,0.536000,-65,0.000000,7,8
1,5.000000,4.142000,0.405000,-64,0.000000,7,8
1,5.000000,3.901000,0.448000,-64,0.000000,7,8
1,5.000000,3.879000,0.524000,-64,0.000000,7,8
1,5.000000,4.120000,0.322000,-64,0.000000,7,8
1,5.000000,3.976000,0.287000,-65,0.000000,7,8
1,5.000000,4.192000,0.310000,-66,0.000000,7,8
1,5.000000,3.954000,0.511000,-66,0.000000,7,8
1,5.000000,3.789000,0.462000,-65,0.000000,7,8
1,5.000000,4.014000,0.279000,-66,0.000000,7,8
1,5.000000,3.939000,0.313000,-66,0.000000,7,8
1,5.000000,4.070000,0.424000,-65,0.000000,7,8
1,5.000000,4.070000,0.450000,-65,0.000000,7,8
1,5.000000,4.192000,0.294000,-66,0.000000,7,8
1,5.000000,4.192000,0.306000,-67,0.000000,7,8
1,5.000000,3.992000,0.482000,-67,0.000000,7,8
1,5.000000,3.914000,0.467000,-67,0.000000,7,8
1,5.000000,3.908000,0.409000,-67,0.000000,7,8
1,5.000000,3.601000,0.483000,-68,0.000000,7,8
1,5.000000,3.723000,0.440000,-69,0.000000,7,8
1,5.000000,3.995000,0.361000,-69,0.000000,7,8
1,5.000000,3.901000,0.311000,-68,0.000000,7,8
1,5.000000,3.836000,0.309000,-67,0.000000,7,8
1,5.000000,3.789000,0.351000,-66,0.000000,7,8
1,5.000000,4.276000,0.100000,-66,0.000000,7,8
1,5.000000,4.223000,0.228000,-66,0.000000,7,8
1,5.000000,4.426000,0.094000,-66,0.000000,7,8
1,5.000000,4.305000,0.112000,-66,0.000000,7,8
1,5.000000,4.276000,0.100000,-65,0.000000,7,8
1,5.000000,4.192000,0.112000,-66,0.000000,7,8
1,5.000000,3.873000,0.407000,-64,0.000000,7,8
1,5.000000,4.333000,0.242000,-63,0.000000,7,8
1,5.000000,4.295000,0.200000,-63,0.000000,7,8
1,5.000000,4.301000,0.263000,-64,0.000000,7,8
1,5.000000,4.189000,0.210000,-67,0.000000,7,8
1,5.000000,4.380000,0.157000,-66,0.000000,7,8
1,5.000000,4.380000,0.202000,-65,0.000000,7,8
1,5.000000,4.376000,0.230000,-64,0.000000,7,8
1,5.000000,4.326000,0.267000,-64,0.000000,7,8
1,5.000000,4.164000,0.227000,-66,0.000000,7,8
1,5.000000,3.873000,0.306000,-66,0.000000,7,8
1,5.000000,4.305000,0.143000,-65,0.000000,7,8
1,5.000000,4.198000,0.160000,-65,0.000000,7,8
1,5.000000,4.348000,0.257000,-63,0.000000,7,8
1,5.000000,3.939000,0.304000,-65,0.000000,7,8
1,5.000000,4.576000,0.263000,-64,0.000000,7,8
1,5.000000,4.061000,0.201000,-65,0.000000,7,8
1,5.000000,4.426000,0.078000,-65,0.000000,7,8
1,5.000000,4.201000,0.155000,-64,0.000000,7,8
1,5.000000,3.948000,0.318000,-63,0.000000,7,8
1,5.000000,4.301000,0.195000,-62,0.000000,7,8
1,5.000000,4.136000,0.165000,-63,0.000000,7,8
1,5.000000,4.305000,0.291000,-63,0.000000,7,8
1,5.000000,4.267000,0.239000,-65,0.000000,7,8
1,5.000000,4.426000,0.243000,-63,0.000000,7,8
1,5.000000,4.426000,0.196000,-63,0.000000,7,8
1,5.000000,4.539000,0.107000,-62,0.000000,7,8
1,5.000000,4.220000,0.221000,-63,0.000000,7,8
1,5.000000,4.089000,0.208000,-63,0.000000,7,8
1,5.000000,4.289000,0.143000,-62,0.000000,7,8
1,5.000000,4.426000,0.133000,-62,0.000000,7,8
1,5.000000,4.479000,0.113000,-63,0.000000,7,8
1,5.000000,4.498000,0.257000,-64,0.000000,7,8
1,5.000000,4.305000,0.443000,-64,0.000000,7,8
1,5.000000,4.426000,0.169000,-64,0.000000,7,8
1,5.000000,4.323000,0.296000,-67,0.000000,7,8
1,5.000000,5.029000,0.255000,-63,0.000000,7,8
1,5.000000,5.214000,0.107000,-61,0.000000,7,8
1,5.000000,4.951000,0.126000,-61,0.000000,7,8
1,5.000000,4.948000,0.147000,-65,0.000000,7,8
1,5.000000,4.842000,0.274000,-63,0.000000,7,8
1,5.000000,4.305000,0.334000,-66,0.000000,7,8
1,5.000000,4.142000,0.063000,-68,0.000000,7,8
1,5.000000,3.408000,0.451000,-65,0.000000,7,8
1,5.000000,3.370000,0.209000,-66,0.000000,7,8
1,5.000000,4.120000,0.189000,-66,0.000000,7,8
1,5.000000,4.801000,0.210000,-65,0.000000,7,8
1,5.000000,4.014000,0.163000,-66,0.000000,7,8
1,5.000000,4.992000,0.232000,-64,0.000000,7,8
1,5.000000,4.373000,0.110000,-65,0.000000,7,8
1,5.000000,4.464000,0.315000,-63,0.000000,7,8
1,5.000000,5.198000,0.149000,-65,0.000000,7,8
1,5.000000,4.201000,0.402000,-67,0.000000,7,8
1,5.000000,5.551000,0.437000,-65,0.000000,7,8
1,5.000000,5.179000,1.106000,-66,0.000000,7,8
1,5.000000,3.836000,0.262000,-67,0.000000,7,8
1,5.000000,4.370000,0.099000,-67,0.000000,7,8
1,5.000000,4.342000,0.162000,-68,0.000000,7,8
1,5.000000,3.670000,0.505000,-66,0.000000,7,8
1,5.000000,4.089000,0.668000,-67,0.000000,7,8
1,5.000000,5.205000,0.109000,-69,0.000000,7,8
1,5.000000,4.501000,0.791000,-68,0.000000,7,8
1,5.000000,4.426000,0.464000,-68,0.000000,7,8
1,5.000000,4.530000,0.298000,-68,0.000000,7,8
1,5.000000,4.348000,0.486000,-65,0.000000,7,8
