1,7.000000,6.016000,1.289000,-65,0.000000,7,8
1,7.000000,5.819000,1.020000,-65,0.000000,7,8
1,7.000000,6.413000,0.918000,-64,0.000000,7,8
1,7.000000,7.556000,0.329000,-64,0.000000,7,8
1,7.000000,5.588000,0.727000,-64,0.000000,7,8
1,7.000000,6.301000,0.844000,-64,0.000000,7,8
1,7.000000,5.279000,0.889000,-64,0.000000,7,8
1,7.000000,6.354000,0.844000,-64,0.000000,7,8
1,7.000000,5.863000,0.493000,-64,0.000000,7,8
1,7.000000,7.154000,0.224000,-65,0.000000,7,8
1,7.000000,7.313000,0.506000,-66,0.000000,7,8
1,7.000000,7.072000,0.939000,-66,0.000000,7,8
1,7.000000,7.223000,0.747000,-66,0.000000,7,8
1,7.000000,6.166000,1.052000,-67,0.000000,7,8
1,7.000000,6.757000,0.470000,-67,0.000000,7,8
1,7.000000,7.669000,0.172000,-67,0.000000,7,8
1,7.000000,7.663000,0.755000,-67,0.000000,7,8
1,7.000000,6.291000,0.844000,-68,0.000000,7,8
1,7.000000,6.454000,1.114000,-68,0.000000,7,8
1,7.000000,6.094000,0.969000,-68,0.000000,7,8
1,7.000000,5.985000,1.335000,-70,0.000000,7,8
1,7.000000,5.976000,1.419000,-69,0.000000,7,8
1,7.000000,6.070000,0.224000,-69,0.000000,7,8
1,7.000000,5.204000,0.625000,-65,0.000000,7,8
1,7.000000,5.594000,0.444000,-66,0.000000,7,8
1,7.000000,5.391000,0.328000,-68,0.000000,7,8
1,7.000000,5.741000,0.272000,-69,0.000000,7,8
1,7.000000,5.713000,1.746000,-67,0.000000,7,8
1,7.000000,7.738000,0.513000,-64,0.000000,7,8
1,7.000000,7.263000,1.064000,-65,0.000000,7,8
1,7.000000,5.782000,1.394000,-63,0.000000,7,8
1,7.000000,6.148000,1.177000,-63,0.000000,7,8
1,7.000000,5.594000,1.388000,-66,0.000000,7,8
1,7.000000,5.941000,0.885000,-67,0.000000,7,8
1,7.000000,6.529000,0.114000,-66,0.000000,7,8
1,7.000000,6.563000,0.191000,-65,0.000000,7,8
1,7.000000,6.329000,0.606000,-64,0.000000,7,8
1,7.000000,6.135000,0.292000,-66,0.000000,7,8
1,7.000000,7.692000,0.784000,-68,0.000000,7,8
1,7.000000,5.751000,0.982000,-73,0.000000,7,8
1,7.000000,5.941000,0.290000,-69,0.000000,7,8
1,7.000000,6.182000,0.580000,-70,0.000000,7,8
1,7.000000,5.785000,0.696000,-67,0.000000,7,8
1,7.000000,5.938000,1.736000,-66,0.000000,7,8
1,7.000000,5.941000,0.933000,-66,0.000000,7,8
1,7.000000,5.938000,1.502000,-72,0.000000,7,8
1,7.000000,5.941000,1.793000,-70,0.000000,7,8
1,7.000000,5.785000,1.246000,-71,0.000000,7,8
1,7.000000,6.876000,0.770000,-71,0.000000,7,8
1,7.000000,6.621000,1.206000,-70,0.000000,7,8
1,7.000000,6.219000,0.291000,-65,0.000000,7,8
1,7.000000,6.063000,0.665000,-67,0.000000,7,8
1,7.000000,6.135000,0.217000,-68,0.000000,7,8
1,7.000000,5.969000,0.243000,-67,0.000000,7,8
1,7.000000,5.898000,1.168000,-69,0.000000,7,8
1,7.000000,5.710000,1.122000,-66,0.000000,7,8
1,7.000000,5.551000,0.594000,-63,0.000000,7,8
1,7.000000,5.869000,0.108000,-68,0.000000,7,8
1,7.000000,7.298000,0.181000,-73,0.000000,7,8
1,7.000000,7.298000,0.398000,-72,0.000000,7,8
1,7.000000,6.057000,0.607000,-69,0.000000,7,8
1,7.000000,7.153000,0.888000,-70,0.000000,7,8
1,7.000000,7.263000,0.971000,-68,0.000000,7,8
1,7.000000,7.704000,0.320000,-69,0.000000,7,8
1,7.000000,7.966000,0.610000,-68,0.000000,7,8
1,7.000000,8.112000,1.644000,-68,0.000000,7,8
1,7.000000,6.213000,1.009000,-70,0.000000,7,8
1,7.000000,7.732000,0.862000,-69,0.000000,7,8
1,7.000000,6.016000,1.141000,-69,0.000000,7,8
1,7.000000,6.026000,1.154000,-65,0.000000,7,8
1,7.000000,7.123000,0.567000,-65,0.000000,7,8
1,7.000000,6.491000,0.638000,-65,0.000000,7,8
1,7.000000,6.338000,0.735000,-65,0.000000,7,8
1,7.000000,6.101000,0.865000,-63,0.000000,7,8
1,7.000000,6.094000,1.085000,-65,0.000000,7,8
1,7.000000,5.901000,1.471000,-65,0.000000,7,8
1,7.000000,5.863000,0.846000,-65,0.000000,7,8
1,7.000000,5.941000,0.797000,-65,0.000000,7,8
1,7.000000,6.060000,0.722000,-65,0.000000,7,8
1,7.000000,6.141000,0.629000,-64,0.000000,7,8
1,7.000000,6.141000,0.560000,-63,0.000000,7,8
1,7.000000,6.138000,0.578000,-64,0.000000,7,8
1,7.000000,6.179000,0.600000,-65,0.000000,7,8
1,7.000000,6.023000,0.671000,-66,0.000000,7,8
1,7.000000,6.366000,0.502000,-67,0.000000,7,8
1,7.000000,6.138000,0.340000,-70,0.000000,7,8
1,7.000000,5.985000,0.162000,-70,0.000000,7,8
1,7.000000,5.948000,1.171000,-69,0.000000,7,8
1,7.000000,5.979000,1.401000,-69,0.000000,7,8
1,7.000000,6.016000,0.091000,-68,0.000000,7,8
1,7.000000,5.629000,0.268000,-68,0.000000,7,8
1,7.000000,5.653000,0.271000,-67,0.000000,7,8
1,7.000000,5.885000,1.351000,-65,0.000000,7,8
1,7.000000,5.988000,0.105000,-65,0.000000,7,8
1,7.000000,5.313000,0.502000,-65,0.000000,7,8
1,7.000000,5.516000,0.366000,-66,0.000000,7,8
1,7.000000,6.185000,0.909000,-69,0.000000,7,8
1,7.000000,8.383000,1.015000,-69,0.000000,7,8
1,7.000000,5.823000,1.269000,-68,0.000000,7,8
1,7.000000,5.938000,1.101000,-67,0.000000,7,8
1,7.000000,6.054000,0.967000,-66,0.000000,7,8
1,7.000000,5.704000,1.235000,-63,0.000000,7,8
1,7.000000,5.516000,1.445000,-63,0.000000,7,8
1,7.000000,5.751000,1.393000,-63,0.000000,7,8
1,7.000000,5.741000,1.271000,-63,0.000000,7,8
1,7.000000,5.554000,1.504000,-63,0.000000,7,8
1,7.000000,5.710000,1.438000,-63,0.000000,7,8
1,7.000000,5.823000,1.332000,-62,0.000000,7,8
1,7.000000,5.941000,1.076000,-63,0.000000,7,8
1,7.000000,5.823000,0.575000,-63,0.000000,7,8
1,7.000000,5.782000,1.256000,-63,0.000000,7,8
1,7.000000,5.823000,0.942000,-63,0.000000,7,8
1,7.000000,5.744000,1.229000,-63,0.000000,7,8
1,7.000000,5.826000,1.186000,-63,0.000000,7,8
1,7.000000,5.744000,1.198000,-64,0.000000,7,8
1,7.000000,5.819000,1.171000,-64,0.000000,7,8
1,7.000000,5.673000,1.458000,-64,0.000000,7,8
1,7.000000,5.594000,1.325000,-64,0.000000,7,8
1,7.000000,5.594000,1.537000,-64,0.000000,7,8
1,7.000000,5.666000,1.463000,-64,0.000000,7,8
1,7.000000,5.704000,1.384000,-64,0.000000,7,8
1,7.000000,5.673000,1.401000,-65,0.000000,7,8
1,7.000000,5.632000,1.479000,-65,0.000000,7,8
1,7.000000,5.663000,1.450000,-65,0.000000,7,8
1,7.000000,5.741000,1.396000,-65,0.000000,7,8
1,7.000000,5.663000,1.468000,-65,0.000000,7,8
1,7.000000,5.713000,1.384000,-66,0.000000,7,8
1,7.000000,5.663000,1.339000,-66,0.000000,7,8
1,7.000000,5.985000,0.962000,-67,0.000000,7,8
1,7.000000,5.782000,0.448000,-67,0.000000,7,8
1,7.000000,5.976000,0.324000,-67,0.000000,7,8
1,7.000000,6.366000,0.341000,-65,0.000000,7,8
1,7.000000,6.135000,0.372000,-66,0.000000,7,8
1,7.000000,6.013000,0.152000,-67,0.000000,7,8
1,7.000000,5.901000,0.127000,-66,0.000000,7,8
1,7.000000,5.935000,0.161000,-66,0.000000,7,8
1,7.000000,5.985000,0.382000,-66,0.000000,7,8
1,7.000000,6.101000,0.132000,-67,0.000000,7,8
1,7.000000,5.920000,0.152000,-66,0.000000,7,8
1,7.000000,5.866000,0.352000,-64,0.000000,7,8
1,7.000000,5.898000,0.441000,-64,0.000000,7,8
1,7.000000,6.019000,0.719000,-65,0.000000,7,8
1,7.000000,5.976000,0.814000,-65,0.000000,7,8
1,7.000000,6.176000,0.468000,-66,0.000000,7,8
1,7.000000,6.138000,1.134000,-68,0.000000,7,8
1,7.000000,5.279000,1.144000,-65,0.000000,7,8
1,7.000000,6.173000,0.218000,-65,0.000000,7,8
1,7.000000,6.066000,1.273000,-64,0.000000,7,8
1,7.000000,5.788000,1.332000,-64,0.000000,7,8
1,7.000000,5.707000,1.726000,-64,0.000000,7,8
1,7.000000,5.669000,1.383000,-64,0.000000,7,8
1,7.000000,5.976000,1.112000,-66,0.000000,7,8
1,7.000000,5.826000,1.334000,-65,0.000000,7,8
1,7.000000,5.707000,1.747000,-64,0.000000,7,8
1,7.000000,5.666000,2.133000,-65,0.000000,7,8
1,7.000000,6.016000,0.374000,-64,0.000000,7,8
1,7.000000,6.307000,0.489000,-63,0.000000,7,8
1,7.000000,6.163000,0.812000,-64,0.000000,7,8
1,7.000000,6.060000,0.717000,-67,0.000000,7,8
1,7.000000,6.091000,1.137000,-64,0.000000,7,8
1,7.000000,5.666000,0.535000,-66,0.000000,7,8
1,7.000000,5.666000,1.117000,-68,0.000000,7,8
1,7.000000,5.469000,2.320000,-67,0.000000,7,8
1,7.000000,5.741000,1.385000,-66,0.000000,7,8
1,7.000000,5.929000,1.241000,-65,0.000000,7,8
1,7.000000,6.026000,0.390000,-64,0.000000,7,8
1,7.000000,5.941000,0.524000,-63,0.000000,7,8
1,7.000000,5.857000,0.679000,-63,0.000000,7,8
1,7.000000,6.016000,0.867000,-64,0.000000,7,8
1,7.000000,5.813000,1.248000,-64,0.000000,7,8
1,7.000000,5.898000,1.306000,-64,0.000000,7,8
1,7.000000,5.863000,1.261000,-64,0.000000,7,8
1,7.000000,5.785000,1.297000,-64,0.000000,7,8
1,7.000000,5.866000,1.252000,-64,0.000000,7,8
1,7.000000,5.907000,1.138000,-63,0.000000,7,8
1,7.000000,5.823000,1.245000,-64,0.000000,7,8
1,7.000000,5.744000,1.223000,-64,0.000000,7,8
1,7.000000,5.704000,0.799000,-65,0.000000,7,8
1,7.000000,5.591000,1.121000,-67,0.000000,7,8
1,7.000000,5.516000,1.218000,-67,0.000000,7,8
1,7.000000,5.594000,0.613000,-64,0.000000,7,8
1,7.000000,6.152000,0.761000,-64,0.000000,7,8
1,7.000000,5.901000,1.072000,-70,0.000000,7,8
1,7.000000,5.860000,1.357000,-66,0.000000,7,8
1,7.000000,6.210000,1.048000,-64,0.000000,7,8
1,7.000000,6.226000,0.944000,-62,0.000000,7,8
1,7.000000,6.263000,0.869000,-62,0.000000,7,8
1,7.000000,5.904000,0.947000,-64,0.000000,7,8
1,7.000000,5.429000,1.208000,-62,0.000000,7,8
1,7.000000,6.060000,0.702000,-64,0.000000,7,8
1,7.000000,6.010000,0.377000,-67,0.000000,7,8
1,7.000000,6.152000,0.427000,-70,0.000000,7,8
1,7.000000,6.338000,0.287000,-64,0.000000,7,8
1,7.000000,6.057000,0.812000,-64,0.000000,7,8
1,7.000000,6.141000,0.636000,-62,0.000000,7,8
1,7.000000,5.466000,0.850000,-63,0.000000,7,8
1,7.000000,5.979000,0.502000,-62,0.000000,7,8
1,7.000000,5.941000,0.497000,-63,0.000000,7,8
1,7.000000,5.744000,0.390000,-63,0.000000,7,8
1,7.000000,5.466000,0.372000,-65,0.000000,7,8
1,7.000000,5.788000,0.364000,-65,0.000000,7,8
1,7.000000,5.948000,0.379000,-64,0.000000,7,8
1,7.000000,5.785000,0.958000,-64,0.000000,7,8
1,7.000000,5.829000,1.252000,-63,0.000000,7,8
1,7.000000,5.973000,0.538000,-62,0.000000,7,8
1,7.000000,5.938000,0.219000,-66,0.000000,7,8
1,7.000000,6.454000,0.543000,-65,0.000000,7,8
1,7.000000,6.057000,0.876000,-66,0.000000,7,8
1,7.000000,6.182000,0.181000,-62,0.000000,7,8
1,7.000000,6.260000,0.140000,-63,0.000000,7,8
1,7.000000,6.257000,0.841000,-71,0.000000,7,8
1,7.000000,5.941000,0.090000,-69,0.000000,7,8
1,7.000000,5.819000,0.240000,-66,0.000000,7,8
1,7.000000,6.169000,0.120000,-71,0.000000,7,8
1,7.000000,5.632000,0.169000,-67,0.000000,7,8
1,7.000000,6.070000,0.168000,-68,0.000000,7,8
1,7.000000,5.855000,0.228000,-70,0.000000,7,8
1,7.000000,5.862000,0.100000,-69,0.000000,7,8
1,7.000000,6.307000,0.523000,-68,0.000000,7,8
1,7.000000,5.660000,0.714000,-72,0.000000,7,8
1,7.000000,5.816000,0.136000,-68,0.000000,7,8
1,7.000000,5.985000,0.115000,-67,0.000000,7,8
1,7.000000,6.176000,0.908000,-66,0.000000,7,8
1,7.000000,6.054000,1.025000,-69,0.000000,7,8
1,7.000000,5.866000,0.849000,-67,0.000000,7,8
1,7.000000,5.701000,1.452000,-66,0.000000,7,8
1,7.000000,5.663000,1.135000,-67,0.000000,7,8
1,7.000000,6.187000,0.221000,-67,0.000000,7,8
1,7.000000,6.216000,0.907000,-68,0.000000,7,8
1,7.000000,5.832000,1.318000,-66,0.000000,7,8
1,7.000000,5.826000,1.303000,-65,0.000000,7,8
1,7.000000,5.907000,0.827000,-67,0.000000,7,8
1,7.000000,5.866000,0.409000,-66,0.000000,7,8
1,7.000000,6.016000,0.603000,-67,0.000000,7,8
1,7.000000,5.866000,0.881000,-65,0.000000,7,8
1,7.000000,5.860000,1.436000,-66,0.000000,7,8
1,7.000000,5.941000,1.437000,-67,0.000000,7,8
1,7.000000,5.982000,0.926000,-66,0.000000,7,8
1,7.000000,5.938000,1.222000,-65,0.000000,7,8
1,7.000000,5.666000,1.665000,-65,0.000000,7,8
1,7.000000,5.829000,1.328000,-66,0.000000,7,8
1,7.000000,5.829000,1.106000,-66,0.000000,7,8
1,7.000000,5.751000,0.873000,-67,0.000000,7,8
1,7.000000,6.022000,0.614000,-69,0.000000,7,8
1,7.000000,5.782000,1.114000,-67,0.000000,7,8
1,7.000000,5.819000,0.606000,-66,0.000000,7,8
1,7.000000,6.373000,0.711000,-66,0.000000,7,8
1,7.000000,5.982000,0.878000,-69,0.000000,7,8
1,7.000000,5.666000,1.247000,-69,0.000000,7,8
1,7.000000,6.054000,1.197000,-66,0.000000,7,8
1,7.000000,5.744000,1.379000,-69,0.000000,7,8
1,7.000000,6.022000,1.068000,-69,0.000000,7,8
1,7.000000,5.704000,1.218000,-67,0.000000,7,8
1,7.000000,6.089000,0.686000,-68,0.000000,7,8
1,7.000000,6.376000,0.479000,-67,0.000000,7,8
1,7.000000,5.669000,1.756000,-67,0.000000,7,8
1,7.000000,5.635000,0.479000,-63,0.000000,7,8
1,7.000000,6.716000,1.130000,-66,0.000000,7,8
1,7.000000,5.907000,0.935000,-65,0.000000,7,8
1,7.000000,6.026000,0.248000,-64,0.000000,7,8
1,7.000000,6.138000,0.489000,-70,0.000000,7,8
1,7.000000,5.929000,1.373000,-64,0.000000,7,8
1,7.000000,5.835000,0.446000,-67,0.000000,7,8
1,7.000000,5.551000,0.771000,-66,0.000000,7,8
1,7.000000,5.548000,0.604000,-64,0.000000,7,8
1,7.000000,5.735000,0.828000,-69,0.000000,7,8
1,7.000000,6.366000,0.155000,-69,0.000000,7,8
1,7.000000,5.751000,0.104000,-67,0.000000,7,8
1,7.000000,6.051000,0.387000,-66,0.000000,7,8
1,7.000000,5.938000,0.417000,-66,0.000000,7,8
1,7.000000,5.948000,0.530000,-67,0.000000,7,8
1,7.000000,5.823000,0.852000,-64,0.000000,7,8
1,7.000000,5.823000,1.358000,-64,0.000000,7,8
1,7.000000,5.673000,1.058000,-65,0.000000,7,8
1,7.000000,5.785000,1.522000,-64,0.000000,7,8
1,7.000000,5.826000,1.104000,-67,0.000000,7,8
1,7.000000,6.135000,1.194000,-66,0.000000,7,8
1,7.000000,5.982000,0.680000,-64,0.000000,7,8
1,7.000000,5.779000,0.544000,-64,0.000000,7,8
1,7.000000,6.016000,0.273000,-65,0.000000,7,8
1,7.000000,6.141000,0.370000,-64,0.000000,7,8
1,7.000000,5.985000,0.604000,-65,0.000000,7,8
1,7.000000,6.148000,0.794000,-65,0.000000,7,8
1,7.000000,6.601000,0.299000,-67,0.000000,7,8
1,7.000000,6.257000,0.560000,-64,0.000000,7,8
1,7.000000,6.688000,0.161000,-65,0.000000,7,8
1,7.000000,6.998000,0.671000,-65,0.000000,7,8
1,7.000000,7.966000,0.204000,-65,0.000000,7,8
1,7.000000,8.025000,0.248000,-66,0.000000,7,8
1,7.000000,8.332000,0.570000,-66,0.000000,7,8
1,7.000000,7.229000,1.498000,-67,0.000000,7,8
1,7.000000,6.213000,2.111000,-67,0.000000,7,8
1,7.000000,5.898000,1.474000,-68,0.000000,7,8
1,7.000000,8.176000,0.808000,-68,0.000000,7,8
1,7.000000,6.341000,0.396000,-70,0.000000,7,8
1,7.000000,6.416000,1.210000,-67,0.000000,7,8
1,7.000000,6.016000,1.471000,-68,0.000000,7,8
1,7.000000,5.866000,1.511000,-68,0.000000,7,8
1,7.000000,5.788000,1.456000,-67,0.000000,7,8
1,7.000000,5.594000,0.845000,-68,0.000000,7,8
1,7.000000,5.816000,1.423000,-69,0.000000,7,8
1,7.000000,5.941000,0.502000,-68,0.000000,7,8
1,7.000000,5.707000,1.513000,-67,0.000000,7,8
1,7.000000,5.585000,0.430000,-66,0.000000,7,8
1,7.000000,5.510000,0.443000,-67,0.000000,7,8
1,7.000000,5.741000,1.143000,-65,0.000000,7,8
1,7.000000,6.060000,0.961000,-69,0.000000,7,8
1,7.000000,5.979000,0.412000,-69,0.000000,7,8
1,7.000000,5.676000,0.324000,-66,0.000000,7,8
1,7.000000,5.710000,0.466000,-65,0.000000,7,8
1,7.000000,5.701000,0.325000,-66,0.000000,7,8
1,7.000000,6.176000,1.212000,-69,0.000000,7,8
1,7.000000,6.104000,0.352000,-71,0.000000,7,8
1,7.000000,5.898000,0.481000,-73,0.000000,7,8
1,7.000000,5.748000,0.709000,-70,0.000000,7,8
1,7.000000,5.833000,0.455000,-73,0.000000,7,8
1,7.000000,5.901000,0.229000,-69,0.000000,7,8
1,7.000000,5.860000,0.082000,-69,0.000000,7,8
1,7.000000,6.091000,0.196000,-67,0.000000,7,8
1,7.000000,5.791000,0.161000,-67,0.000000,7,8
1,7.000000,6.094000,0.460000,-66,0.000000,7,8
1,7.000000,6.066000,1.140000,-66,0.000000,7,8
1,7.000000,5.904000,0.450000,-68,0.000000,7,8
1,7.000000,5.947000,0.224000,-67,0.000000,7,8
1,7.000000,5.944000,0.470000,-66,0.000000,7,8
1,7.000000,6.144000,0.683000,-67,0.000000,7,8
1,7.000000,6.254000,0.668000,-67,0.000000,7,8
1,7.000000,6.288000,0.296000,-66,0.000000,7,8
1,7.000000,5.907000,0.333000,-67,0.000000,7,8
1,7.000000,5.794000,0.357000,-66,0.000000,7,8
1,7.000000,5.751000,0.386000,-66,0.000000,7,8
1,7.000000,5.935000,0.237000,-66,0.000000,7,8
1,7.000000,5.782000,0.323000,-66,0.000000,7,8
1,7.000000,5.866000,0.324000,-66,0.000000,7,8
1,7.000000,5.741000,0.347000,-66,0.000000,7,8
1,7.000000,5.907000,0.319000,-66,0.000000,7,8
1,7.000000,5.979000,0.390000,-66,0.000000,7,8
1,7.000000,5.938000,0.410000,-66,0.000000,7,8
1,7.000000,5.941000,0.213000,-67,0.000000,7,8
1,7.000000,6.054000,0.339000,-67,0.000000,7,8
1,7.000000,5.941000,0.238000,-67,0.000000,7,8
1,7.000000,5.947000,0.236000,-67,0.000000,7,8
1,7.000000,5.904000,0.389000,-66,0.000000,7,8
1,7.000000,5.941000,0.288000,-67,0.000000,7,8
1,7.000000,5.904000,0.360000,-66,0.000000,7,8
1,7.000000,5.829000,0.264000,-66,0.000000,7,8
1,7.000000,5.863000,0.336000,-66,0.000000,7,8
1,7.000000,5.816000,0.475000,-65,0.000000,7,8
1,7.000000,5.788000,0.343000,-66,0.000000,7,8
1,7.000000,5.782000,0.435000,-66,0.000000,7,8
1,7.000000,5.982000,0.197000,-66,0.000000,7,8
1,7.000000,5.863000,0.370000,-65,0.000000,7,8
1,7.000000,5.941000,0.311000,-65,0.000000,7,8
1,7.000000,5.941000,0.259000,-65,0.000000,7,8
1,7.000000,5.785000,0.497000,-66,0.000000,7,8
1,7.000000,5.826000,0.298000,-66,0.000000,7,8
1,7.000000,5.941000,0.244000,-66,0.000000,7,8
1,7.000000,5.779000,0.420000,-66,0.000000,7,8
1,7.000000,5.710000,0.510000,-65,0.000000,7,8
1,7.000000,5.663000,0.526000,-65,0.000000,7,8
1,7.000000,5.947000,1.358000,-66,0.000000,7,8
1,7.000000,5.976000,1.297000,-65,0.000000,7,8
1,7.000000,5.857000,1.254000,-66,0.000000,7,8
1,7.000000,5.938000,0.919000,-66,0.000000,7,8
1,7.000000,5.785000,0.991000,-65,0.000000,7,8
1,7.000000,5.979000,0.319000,-65,0.000000,7,8
1,7.000000,5.785000,0.479000,-65,0.000000,7,8
1,7.000000,6.060000,0.927000,-64,0.000000,7,8
1,7.000000,5.898000,1.172000,-64,0.000000,7,8
1,7.000000,5.782000,1.331000,-64,0.000000,7,8
1,7.000000,5.829000,1.348000,-65,0.000000,7,8
1,7.000000,5.819000,1.339000,-65,0.000000,7,8
1,7.000000,5.976000,1.297000,-64,0.000000,7,8
1,7.000000,5.860000,1.317000,-65,0.000000,7,8
1,7.000000,5.979000,1.363000,-65,0.000000,7,8
1,7.000000,5.976000,1.038000,-65,0.000000,7,8
1,7.000000,5.941000,1.174000,-65,0.000000,7,8
1,7.000000,6.023000,1.012000,-66,0.000000,7,8
1,7.000000,5.910000,0.939000,-69,0.000000,7,8
1,7.000000,6.026000,1.111000,-66,0.000000,7,8
1,7.000000,6.176000,1.075000,-66,0.000000,7,8
1,7.000000,6.335000,1.104000,-64,0.000000,7,8
1,7.000000,6.182000,1.191000,-66,0.000000,7,8
1,7.000000,6.251000,1.102000,-67,0.000000,7,8
1,7.000000,5.944000,1.095000,-66,0.000000,7,8
1,7.000000,5.979000,1.041000,-66,0.000000,7,8
1,7.000000,5.941000,0.292000,-67,0.000000,7,8
1,7.000000,6.248000,0.919000,-67,0.000000,7,8
1,7.000000,6.251000,1.010000,-66,0.000000,7,8
1,7.000000,6.179000,1.062000,-66,0.000000,7,8
1,7.000000,5.941000,0.816000,-67,0.000000,7,8
1,7.000000,5.857000,0.475000,-68,0.000000,7,8
1,7.000000,6.057000,0.339000,-69,0.000000,7,8
1,7.000000,6.057000,1.029000,-67,0.000000,7,8
1,7.000000,5.901000,0.493000,-67,0.000000,7,8
1,7.000000,5.907000,0.359000,-68,0.000000,7,8
1,7.000000,5.985000,0.859000,-67,0.000000,7,8
1,7.000000,6.054000,0.489000,-67,0.000000,7,8
1,7.000000,5.979000,0.306000,-67,0.000000,7,8
1,7.000000,5.907000,0.546000,-68,0.000000,7,8
1,7.000000,6.054000,0.711000,-68,0.000000,7,8
1,7.000000,6.213000,0.184000,-69,0.000000,7,8
1,7.000000,6.063000,0.566000,-71,0.000000,7,8
1,7.000000,5.805000,0.234000,-69,0.000000,7,8
1,7.000000,6.104000,0.262000,-68,0.000000,7,8
1,7.000000,6.094000,1.213000,-66,0.000000,7,8
1,7.000000,6.494000,1.075000,-64,0.000000,7,8
1,7.000000,6.051000,0.202000,-66,0.000000,7,8
1,7.000000,5.710000,0.363000,-67,0.000000,7,8
1,7.000000,5.429000,0.534000,-69,0.000000,7,8
1,7.000000,6.291000,0.169000,-67,0.000000,7,8
1,7.000000,6.094000,0.296000,-66,0.000000,7,8
1,7.000000,5.969000,0.274000,-68,0.000000,7,8
1,7.000000,5.866000,0.057000,-67,0.000000,7,8
1,7.000000,5.955000,0.235000,-65,0.000000,7,8
1,7.000000,5.782000,0.172000,-67,0.000000,7,8
1,7.000000,6.338000,0.260000,-67,0.000000,7,8
1,7.000000,5.829000,0.275000,-69,0.000000,7,8
1,7.000000,5.866000,0.235000,-67,0.000000,7,8
1,7.000000,5.935000,0.106000,-68,0.000000,7,8
1,7.000000,5.741000,0.310000,-69,0.000000,7,8
1,7.000000,6.091000,0.147000,-70,0.000000,7,8
1,7.000000,5.982000,0.586000,-70,0.000000,7,8
1,7.000000,5.791000,0.842000,-72,0.000000,7,8
1,7.000000,5.788000,1.334000,-72,0.000000,7,8
1,7.000000,5.866000,1.585000,-72,0.000000,7,8
1,7.000000,5.829000,1.716000,-73,0.000000,7,8
1,7.000000,6.141000,1.053000,-76,0.000000,7,8
1,7.000000,6.141000,0.802000,-75,0.000000,7,8
1,7.000000,6.054000,0.925000,-73,0.000000,7,8
1,7.000000,5.988000,1.103000,-73,0.000000,7,8
1,7.000000,5.901000,0.895000,-72,0.000000,7,8
1,7.000000,5.895000,1.081000,-70,0.000000,7,8
1,7.000000,5.904000,0.421000,-72,0.000000,7,8
1,7.000000,6.254000,1.123000,-69,0.000000,7,8
1,7.000000,6.213000,1.405000,-67,0.000000,7,8
1,7.000000,8.210000,0.788000,-66,0.000000,7,8
1,7.000000,8.513000,0.994000,-70,0.000000,7,8
1,7.000000,6.954000,0.391000,-66,0.000000,7,8
1,7.000000,5.898000,0.595000,-65,0.000000,7,8
1,7.000000,7.026000,0.553000,-66,0.000000,7,8
1,7.000000,6.338000,0.860000,-65,0.000000,7,8
1,7.000000,6.141000,0.963000,-64,0.000000,7,8
1,7.000000,5.985000,0.891000,-63,0.000000,7,8
1,7.000000,6.129000,0.569000,-63,0.000000,7,8
1,7.000000,5.898000,0.474000,-62,0.000000,7,8
1,7.000000,6.013000,0.369000,-63,0.000000,7,8
1,7.000000,5.629000,0.394000,-64,0.000000,7,8
1,7.000000,5.979000,0.175000,-65,0.000000,7,8
1,7.000000,5.548000,0.585000,-63,0.000000,7,8
1,7.000000,6.019000,0.243000,-62,0.000000,7,8
1,7.000000,5.979000,0.374000,-63,0.000000,7,8
1,7.000000,6.360000,0.509000,-62,0.000000,7,8
1,7.000000,5.941000,1.548000,-65,0.000000,7,8
1,7.000000,5.513000,0.616000,-64,0.000000,7,8
1,7.000000,5.629000,0.381000,-63,0.000000,7,8
1,7.000000,5.941000,0.127000,-64,0.000000,7,8
1,7.000000,5.666000,0.193000,-67,0.000000,7,8
1,7.000000,5.504000,0.376000,-67,0.000000,7,8
1,7.000000,5.429000,0.612000,-66,0.000000,7,8
1,7.000000,5.429000,0.973000,-63,0.000000,7,8
1,7.000000,5.048000,0.904000,-65,0.000000,7,8
1,7.000000,5.819000,0.568000,-65,0.000000,7,8
1,7.000000,5.466000,1.477000,-65,0.000000,7,8
1,7.000000,5.863000,1.206000,-65,0.000000,7,8
1,7.000000,5.557000,1.455000,-64,0.000000,7,8
1,7.000000,5.632000,1.909000,-65,0.000000,7,8
1,7.000000,6.054000,1.730000,-65,0.000000,7,8
1,7.000000,6.060000,1.232000,-64,0.000000,7,8
1,7.000000,6.098000,1.234000,-65,0.000000,7,8
1,7.000000,6.141000,1.739000,-65,0.000000,7,8
1,7.000000,5.985000,1.331000,-66,0.000000,7,8
1,7.000000,5.748000,1.320000,-65,0.000000,7,8
1,7.000000,5.788000,1.490000,-65,0.000000,7,8
1,7.000000,5.904000,1.264000,-67,0.000000,7,8
1,7.000000,5.791000,1.324000,-64,0.000000,7,8
1,7.000000,5.941000,1.039000,-69,0.000000,7,8
1,7.000000,5.713000,1.585000,-64,0.000000,7,8
1,7.000000,5.782000,1.199000,-67,0.000000,7,8
1,7.000000,5.707000,1.273000,-66,0.000000,7,8
1,7.000000,5.710000,1.017000,-66,0.000000,7,8
1,7.000000,5.832000,1.257000,-64,0.000000,7,8
1,7.000000,5.941000,1.179000,-65,0.000000,7,8
1,7.000000,5.791000,1.939000,-65,0.000000,7,8
1,7.000000,5.673000,1.374000,-66,0.000000,7,8
1,7.000000,5.548000,1.416000,-67,0.000000,7,8
1,7.000000,6.094000,1.128000,-64,0.000000,7,8
1,7.000000,5.910000,1.050000,-64,0.000000,7,8
1,7.000000,5.794000,1.442000,-66,0.000000,7,8
1,7.000000,5.751000,0.658000,-66,0.000000,7,8
1,7.000000,5.741000,0.375000,-63,0.000000,7,8
1,7.000000,5.757000,0.551000,-65,0.000000,7,8
1,7.000000,5.854000,0.573000,-65,0.000000,7,8
1,7.000000,5.860000,0.561000,-65,0.000000,7,8
1,7.000000,5.826000,1.192000,-66,0.000000,7,8
1,7.000000,6.016000,1.208000,-65,0.000000,7,8
1,7.000000,5.816000,1.227000,-65,0.000000,7,8
1,7.000000,5.791000,0.891000,-65,0.000000,7,8
1,7.000000,6.013000,0.784000,-66,0.000000,7,8
1,7.000000,6.294000,1.032000,-65,0.000000,7,8
1,7.000000,5.791000,1.378000,-64,0.000000,7,8
1,7.000000,5.694000,0.987000,-65,0.000000,7,8
1,7.000000,5.713000,1.218000,-66,0.000000,7,8
1,7.000000,5.673000,1.262000,-69,0.000000,7,8
1,7.000000,5.907000,1.338000,-68,0.000000,7,8
1,7.000000,6.101000,1.202000,-69,0.000000,7,8
1,7.000000,6.101000,1.292000,-69,0.000000,7,8
1,7.000000,6.057000,1.114000,-71,0.000000,7,8
1,7.000000,5.904000,1.336000,-69,0.000000,7,8
1,7.000000,5.863000,1.120000,-71,0.000000,7,8
1,7.000000,6.060000,1.846000,-70,0.000000,7,8
1,7.000000,6.135000,1.758000,-70,0.000000,7,8
1,7.000000,6.760000,1.249000,-71,0.000000,7,8
1,7.000000,6.298000,1.569000,-72,0.000000,7,8
1,7.000000,6.063000,1.014000,-75,0.000000,7,8
1,7.000000,5.944000,1.913000,-73,0.000000,7,8
1,7.000000,6.329000,1.460000,-75,0.000000,7,8
1,7.000000,7.779000,1.472000,-74,0.000000,7,8
1,7.000000,6.166000,1.527000,-74,0.000000,7,8
1,7.000000,6.141000,0.430000,-76,0.000000,7,8
1,7.000000,6.720000,1.169000,-73,0.000000,7,8
1,7.000000,5.976000,0.613000,-73,0.000000,7,8
1,7.000000,5.863000,0.940000,-72,0.000000,7,8
1,7.000000,5.816000,1.140000,-72,0.000000,7,8
1,7.000000,5.979000,0.912000,-74,0.000000,7,8
1,7.000000,5.941000,0.937000,-75,0.000000,7,8
1,7.000000,5.904000,1.065000,-74,0.000000,7,8
1,7.000000,6.019000,0.789000,-74,0.000000,7,8
1,7.000000,5.820000,0.317000,-73,0.000000,7,8
1,7.000000,6.060000,1.095000,-74,0.000000,7,8
1,7.000000,5.791000,1.207000,-75,0.000000,7,8
1,7.000000,5.741000,0.993000,-74,0.000000,7,8
1,7.000000,5.741000,1.357000,-76,0.000000,7,8
1,7.000000,5.782000,1.202000,-75,0.000000,7,8
1,7.000000,5.666000,1.190000,-74,0.000000,7,8
1,7.000000,5.673000,0.328000,-72,0.000000,7,8
1,7.000000,5.629000,0.363000,-74,0.000000,7,8
1,7.000000,5.744000,0.279000,-73,0.000000,7,8
1,7.000000,5.704000,0.399000,-73,0.000000,7,8
1,7.000000,5.704000,0.309000,-73,0.000000,7,8
1,7.000000,5.788000,0.791000,-73,0.000000,7,8
1,7.000000,5.666000,1.126000,-72,0.000000,7,8
1,7.000000,5.591000,1.301000,-73,0.000000,7,8
1,7.000000,5.707000,1.349000,-74,0.000000,7,8
1,7.000000,5.673000,1.387000,-74,0.000000,7,8
1,7.000000,5.707000,1.225000,-73,0.000000,7,8
1,7.000000,5.791000,1.204000,-72,0.000000,7,8
1,7.000000,5.791000,0.947000,-72,0.000000,7,8
1,7.000000,5.782000,1.068000,-73,0.000000,7,8
1,7.000000,5.741000,1.290000,-73,0.000000,7,8
1,7.000000,5.829000,1.267000,-75,0.000000,7,8
1,7.000000,5.901000,1.207000,-75,0.000000,7,8
1,7.000000,5.901000,1.335000,-75,0.000000,7,8
1,7.000000,5.788000,1.366000,-76,0.000000,7,8
1,7.000000,5.785000,1.306000,-76,0.000000,7,8
1,7.000000,5.820000,1.369000,-76,0.000000,7,8
1,7.000000,5.976000,1.211000,-77,0.000000,7,8
1,7.000000,5.863000,1.188000,-76,0.000000,7,8
1,7.000000,5.898000,1.062000,-77,0.000000,7,8
1,7.000000,5.829000,1.157000,-75,0.000000,7,8
1,7.000000,5.869000,1.320000,-76,0.000000,7,8
1,7.000000,5.779000,1.337000,-75,0.000000,7,8
1,7.000000,5.704000,1.115000,-74,0.000000,7,8
1,7.000000,5.941000,0.558000,-73,0.000000,7,8
1,7.000000,5.829000,1.021000,-75,0.000000,7,8
1,7.000000,5.901000,1.162000,-76,0.000000,7,8
1,7.000000,5.829000,1.197000,-77,0.000000,7,8
1,7.000000,5.901000,1.300000,-74,0.000000,7,8
1,7.000000,5.860000,1.184000,-73,0.000000,7,8
1,7.000000,6.016000,1.120000,-74,0.000000,7,8
1,7.000000,5.904000,1.001000,-74,0.000000,7,8
1,7.000000,5.866000,1.109000,-74,0.000000,7,8
1,7.000000,5.904000,1.022000,-74,0.000000,7,8
1,7.000000,5.898000,1.000000,-73,0.000000,7,8
1,7.000000,5.901000,0.877000,-73,0.000000,7,8
1,7.000000,5.941000,0.934000,-73,0.000000,7,8
1,7.000000,5.976000,0.746000,-73,0.000000,7,8
1,7.000000,5.901000,0.943000,-73,0.000000,7,8
1,7.000000,5.782000,0.925000,-73,0.000000,7,8
1,7.000000,5.860000,0.757000,-72,0.000000,7,8
1,7.000000,5.901000,0.884000,-72,0.000000,7,8
1,7.000000,5.744000,1.014000,-73,0.000000,7,8
1,7.000000,5.782000,1.031000,-73,0.000000,7,8
1,7.000000,5.866000,0.970000,-73,0.000000,7,8
1,7.000000,5.666000,1.109000,-74,0.000000,7,8
1,7.000000,5.829000,1.080000,-73,0.000000,7,8
1,7.000000,5.866000,0.818000,-72,0.000000,7,8
1,7.000000,5.791000,0.784000,-72,0.000000,7,8
1,7.000000,5.704000,1.149000,-72,0.000000,7,8
1,7.000000,5.863000,0.328000,-72,0.000000,7,8
1,7.000000,5.710000,1.112000,-72,0.000000,7,8
1,7.000000,5.866000,1.146000,-73,0.000000,7,8
1,7.000000,5.829000,1.171000,-73,0.000000,7,8
1,7.000000,5.779000,1.282000,-73,0.000000,7,8
1,7.000000,5.744000,1.298000,-73,0.000000,7,8
1,7.000000,5.785000,1.286000,-73,0.000000,7,8
1,7.000000,5.788000,1.249000,-73,0.000000,7,8
1,7.000000,5.788000,1.210000,-73,0.000000,7,8
1,7.000000,5.741000,1.241000,-73,0.000000,7,8
1,7.000000,5.860000,1.195000,-73,0.000000,7,8
1,7.000000,5.754000,1.147000,-73,0.000000,7,8
1,7.000000,5.670000,1.301000,-73,0.000000,7,8
1,7.000000,5.704000,1.196000,-72,0.000000,7,8
1,7.000000,5.744000,1.165000,-72,0.000000,7,8
1,7.000000,5.704000,1.173000,-72,0.000000,7,8
1,7.000000,5.666000,1.092000,-73,0.000000,7,8
1,7.000000,5.788000,1.080000,-73,0.000000,7,8
1,7.000000,5.629000,1.060000,-72,0.000000,7,8
1,7.000000,5.748000,0.959000,-73,0.000000,7,8
1,7.000000,5.791000,0.429000,-73,0.000000,7,8
1,7.000000,5.785000,0.320000,-72,0.000000,7,8
1,7.000000,5.635000,0.356000,-72,0.000000,7,8
1,7.000000,5.779000,0.313000,-72,0.000000,7,8
1,7.000000,5.710000,0.395000,-72,0.000000,7,8
1,7.000000,5.751000,0.300000,-73,0.000000,7,8
1,7.000000,5.666000,0.382000,-73,0.000000,7,8
1,7.000000,5.741000,0.352000,-73,0.000000,7,8
1,7.000000,5.823000,0.259000,-74,0.000000,7,8
1,7.000000,5.866000,0.780000,-73,0.000000,7,8
1,7.000000,5.832000,0.820000,-73,0.000000,7,8
1,7.000000,5.791000,1.009000,-74,0.000000,7,8
1,7.000000,5.754000,1.001000,-73,0.000000,7,8
1,7.000000,5.779000,0.960000,-74,0.000000,7,8
1,7.000000,5.829000,0.998000,-74,0.000000,7,8
1,7.000000,5.823000,1.024000,-74,0.000000,7,8
1,7.000000,5.866000,1.021000,-74,0.000000,7,8
1,7.000000,5.741000,0.855000,-74,0.000000,7,8
1,7.000000,5.898000,0.829000,-74,0.000000,7,8
1,7.000000,5.941000,0.340000,-74,0.000000,7,8
1,7.000000,5.826000,0.350000,-74,0.000000,7,8
1,7.000000,5.704000,0.364000,-74,0.000000,7,8
1,7.000000,5.863000,0.303000,-74,0.000000,7,8
1,7.000000,5.904000,0.210000,-75,0.000000,7,8
1,7.000000,5.782000,0.318000,-74,0.000000,7,8
1,7.000000,5.826000,0.362000,-74,0.000000,7,8
1,7.000000,5.976000,0.224000,-75,0.000000,7,8
1,7.000000,5.907000,0.692000,-75,0.000000,7,8
1,7.000000,5.930000,0.297000,-75,0.000000,7,8
1,7.000000,5.866000,0.271000,-75,0.000000,7,8
1,7.000000,5.820000,0.250000,-75,0.000000,7,8
1,7.000000,5.948000,0.193000,-75,0.000000,7,8
1,7.000000,5.812000,0.635000,-75,0.000000,7,8
1,7.000000,5.889000,0.800000,-76,0.000000,7,8
1,7.000000,5.820000,0.796000,-76,0.000000,7,8
1,7.000000,5.823000,0.753000,-76,0.000000,7,8
1,7.000000,5.823000,0.737000,-76,0.000000,7,8
1,7.000000,5.773000,0.679000,-75,0.000000,7,8
1,7.000000,5.829000,0.732000,-74,0.000000,7,8
1,7.000000,5.782000,0.773000,-75,0.000000,7,8
1,7.000000,5.823000,0.208000,-74,0.000000,7,8
1,7.000000,5.823000,0.817000,-75,0.000000,7,8
1,7.000000,5.863000,0.741000,-75,0.000000,7,8
1,7.000000,5.869000,0.811000,-74,0.000000,7,8
1,7.000000,5.904000,0.843000,-74,0.000000,7,8
1,7.000000,5.826000,0.971000,-74,0.000000,7,8
1,7.000000,5.791000,0.992000,-75,0.000000,7,8
1,7.000000,5.748000,1.113000,-76,0.000000,7,8
1,7.000000,5.941000,1.019000,-75,0.000000,7,8
1,7.000000,5.860000,0.979000,-77,0.000000,7,8
1,7.000000,5.832000,0.903000,-77,0.000000,7,8
1,7.000000,5.904000,0.867000,-77,0.000000,7,8
1,7.000000,5.941000,0.719000,-77,0.000000,7,8
1,7.000000,5.938000,0.736000,-77,0.000000,7,8
1,7.000000,5.751000,0.823000,-77,0.000000,7,8
1,7.000000,5.904000,0.758000,-76,0.000000,7,8
1,7.000000,5.860000,0.783000,-76,0.000000,7,8
1,7.000000,6.016000,0.753000,-77,0.000000,7,8
1,7.000000,5.823000,0.929000,-75,0.000000,7,8
1,7.000000,6.054000,0.862000,-77,0.000000,7,8
1,7.000000,5.779000,0.989000,-77,0.000000,7,8
1,7.000000,5.951000,0.828000,-76,0.000000,7,8
1,7.000000,6.329000,0.565000,-77,0.000000,7,8
1,7.000000,5.869000,0.817000,-76,0.000000,7,8
1,7.000000,5.904000,0.932000,-75,0.000000,7,8
1,7.000000,5.901000,0.983000,-75,0.000000,7,8
1,7.000000,5.754000,1.045000,-75,0.000000,7,8
1,7.000000,5.829000,1.040000,-75,0.000000,7,8
1,7.000000,5.748000,1.137000,-76,0.000000,7,8
1,7.000000,5.941000,0.907000,-76,0.000000,7,8
1,7.000000,5.979000,1.009000,-75,0.000000,7,8
1,7.000000,6.016000,1.150000,-75,0.000000,7,8
1,7.000000,5.826000,1.240000,-76,0.000000,7,8
1,7.000000,5.832000,1.300000,-74,0.000000,7,8
1,7.000000,5.745000,1.326000,-74,0.000000,7,8
1,7.000000,5.710000,1.285000,-75,0.000000,7,8
1,7.000000,5.829000,1.228000,-74,0.000000,7,8
1,7.000000,5.745000,1.298000,-75,0.000000,7,8
1,7.000000,5.866000,1.029000,-75,0.000000,7,8
1,7.000000,5.866000,0.853000,-73,0.000000,7,8
1,7.000000,5.863000,1.081000,-74,0.000000,7,8
1,7.000000,5.938000,1.062000,-74,0.000000,7,8
1,7.000000,5.948000,0.954000,-75,0.000000,7,8
1,7.000000,6.023000,0.878000,-76,0.000000,7,8
1,7.000000,5.948000,0.972000,-77,0.000000,7,8
1,7.000000,6.016000,1.004000,-78,0.000000,7,8
1,7.000000,6.016000,0.987000,-78,0.000000,7,8
1,7.000000,6.098000,0.930000,-78,0.000000,7,8
1,7.000000,6.019000,0.856000,-78,0.000000,7,8
1,7.000000,6.016000,0.772000,-78,0.000000,7,8
1,7.000000,6.104000,0.702000,-78,0.000000,7,8
1,7.000000,6.023000,0.753000,-78,0.000000,7,8
1,7.000000,5.976000,0.843000,-77,0.000000,7,8
1,7.000000,5.944000,0.897000,-77,0.000000,7,8
1,7.000000,6.023000,0.817000,-77,0.000000,7,8
1,7.000000,5.941000,0.869000,-77,0.000000,7,8
1,7.000000,6.179000,0.847000,-77,0.000000,7,8
1,7.000000,6.016000,0.835000,-77,0.000000,7,8
1,7.000000,6.016000,1.115000,-76,0.000000,7,8
1,7.000000,5.898000,1.063000,-77,0.000000,7,8
1,7.000000,6.016000,0.933000,-78,0.000000,7,8
1,7.000000,6.023000,0.908000,-78,0.000000,7,8
1,7.000000,5.866000,0.984000,-76,0.000000,7,8
1,7.000000,5.979000,0.954000,-76,0.000000,7,8
1,7.000000,5.829000,1.066000,-77,0.000000,7,8
1,7.000000,5.829000,1.124000,-75,0.000000,7,8
1,7.000000,5.860000,1.161000,-75,0.000000,7,8
1,7.000000,5.745000,1.145000,-74,0.000000,7,8
1,7.000000,5.751000,1.126000,-74,0.000000,7,8
1,7.000000,5.938000,0.931000,-75,0.000000,7,8
1,7.000000,6.016000,0.813000,-75,0.000000,7,8
1,7.000000,5.779000,1.123000,-75,0.000000,7,8
1,7.000000,5.904000,1.192000,-74,0.000000,7,8
1,7.000000,5.979000,1.115000,-75,0.000000,7,8
1,7.000000,5.866000,1.261000,-75,0.000000,7,8
1,7.000000,5.866000,1.249000,-76,0.000000,7,8
1,7.000000,5.944000,1.105000,-77,0.000000,7,8
1,7.000000,6.054000,1.028000,-77,0.000000,7,8
1,7.000000,5.910000,1.033000,-77,0.000000,7,8
1,7.000000,5.904000,0.902000,-77,0.000000,7,8
1,7.000000,6.016000,0.814000,-77,0.000000,7,8
1,7.000000,5.941000,0.901000,-76,0.000000,7,8
1,7.000000,5.866000,1.016000,-76,0.000000,7,8
1,7.000000,5.791000,1.079000,-77,0.000000,7,8
1,7.000000,5.832000,1.091000,-76,0.000000,7,8
1,7.000000,5.941000,1.046000,-76,0.000000,7,8
1,7.000000,5.829000,1.126000,-77,0.000000,7,8
1,7.000000,5.785000,1.100000,-76,0.000000,7,8
1,7.000000,5.938000,1.004000,-77,0.000000,7,8
1,7.000000,5.904000,1.013000,-77,0.000000,7,8
1,7.000000,5.869000,0.948000,-77,0.000000,7,8
1,7.000000,5.791000,1.101000,-75,0.000000,7,8
1,7.000000,5.707000,1.324000,-75,0.000000,7,8
1,7.000000,5.779000,1.172000,-74,0.000000,7,8
1,7.000000,5.904000,1.032000,-75,0.000000,7,8
1,7.000000,6.023000,1.020000,-77,0.000000,7,8
1,7.000000,5.791000,1.210000,-78,0.000000,7,8
1,7.000000,5.704000,1.395000,-77,0.000000,7,8
1,7.000000,5.826000,1.335000,-76,0.000000,7,8
1,7.000000,5.745000,1.294000,-76,0.000000,7,8
1,7.000000,5.829000,1.204000,-76,0.000000,7,8
1,7.000000,5.741000,1.290000,-76,0.000000,7,8
1,7.000000,5.866000,1.294000,-75,0.000000,7,8
1,7.000000,5.869000,1.306000,-77,0.000000,7,8
1,7.000000,5.863000,1.326000,-76,0.000000,7,8
1,7.000000,5.779000,1.247000,-76,0.000000,7,8
1,7.000000,5.985000,1.107000,-77,0.000000,7,8
1,7.000000,6.023000,1.036000,-77,0.000000,7,8
1,7.000000,6.138000,1.039000,-77,0.000000,7,8
1,7.000000,6.141000,1.002000,-77,0.000000,7,8
1,7.000000,6.094000,1.000000,-77,0.000000,7,8
1,7.000000,6.057000,0.992000,-76,0.000000,7,8
1,7.000000,6.016000,0.928000,-76,0.000000,7,8
1,7.000000,5.991000,0.841000,-76,0.000000,7,8
1,7.000000,5.948000,1.039000,-75,0.000000,7,8
1,7.000000,5.820000,1.123000,-74,0.000000,7,8
1,7.000000,5.782000,1.162000,-73,0.000000,7,8
1,7.000000,6.013000,1.015000,-73,0.000000,7,8
1,7.000000,5.979000,0.907000,-73,0.000000,7,8
1,7.000000,5.829000,0.952000,-74,0.000000,7,8
1,7.000000,5.941000,0.803000,-74,0.000000,7,8
1,7.000000,6.135000,0.739000,-73,0.000000,7,8
1,7.000000,6.172000,0.667000,-74,0.000000,7,8
1,7.000000,5.973000,0.812000,-76,0.000000,7,8
1,7.000000,5.866000,1.029000,-75,0.000000,7,8
1,7.000000,5.866000,1.116000,-75,0.000000,7,8
1,7.000000,5.741000,1.311000,-74,0.000000,7,8
1,7.000000,5.863000,1.178000,-73,0.000000,7,8
1,7.000000,5.785000,1.237000,-72,0.000000,7,8
1,7.000000,5.704000,1.312000,-72,0.000000,7,8
1,7.000000,5.901000,1.259000,-72,0.000000,7,8
1,7.000000,5.869000,1.266000,-71,0.000000,7,8
1,7.000000,5.904000,1.174000,-72,0.000000,7,8
1,7.000000,5.826000,1.311000,-73,0.000000,7,8
1,7.000000,5.941000,1.251000,-71,0.000000,7,8
1,7.000000,5.829000,1.230000,-72,0.000000,7,8
1,7.000000,5.941000,1.033000,-71,0.000000,7,8
1,7.000000,5.826000,1.050000,-72,0.000000,7,8
1,7.000000,5.910000,1.049000,-73,0.000000,7,8
1,7.000000,5.707000,1.168000,-74,0.000000,7,8
1,7.000000,5.860000,1.054000,-74,0.000000,7,8
1,7.000000,5.948000,0.905000,-76,0.000000,7,8
1,7.000000,6.054000,0.812000,-77,0.000000,7,8
1,7.000000,6.182000,0.778000,-78,0.000000,7,8
1,7.000000,6.254000,0.726000,-79,0.000000,7,8
1,7.000000,6.329000,0.831000,-77,0.000000,7,8
1,7.000000,6.260000,0.772000,-77,0.000000,7,8
1,7.000000,6.098000,0.701000,-78,0.000000,7,8
1,7.000000,6.257000,0.573000,-78,0.000000,7,8
1,7.000000,6.060000,0.789000,-78,0.000000,7,8
1,7.000000,6.026000,0.880000,-77,0.000000,7,8
1,7.000000,6.129000,0.807000,-75,0.000000,7,8
1,7.000000,5.985000,0.875000,-76,0.000000,7,8
1,7.000000,6.016000,0.955000,-78,0.000000,7,8
1,7.000000,6.057000,0.985000,-78,0.000000,7,8
1,7.000000,6.024000,0.813000,-78,0.000000,7,8
1,7.000000,5.788000,0.897000,-75,0.000000,7,8
1,7.000000,5.791000,1.012000,-74,0.000000,7,8
1,7.000000,5.979000,0.926000,-75,0.000000,7,8
1,7.000000,5.741000,1.273000,-72,0.000000,7,8
1,7.000000,5.704000,1.231000,-73,0.000000,7,8
1,7.000000,5.741000,1.081000,-75,0.000000,7,8
1,7.000000,5.866000,0.841000,-76,0.000000,7,8
1,7.000000,5.901000,0.652000,-76,0.000000,7,8
1,7.000000,6.016000,0.456000,-74,0.000000,7,8
1,7.000000,5.904000,0.517000,-74,0.000000,7,8
1,7.000000,5.676000,0.236000,-73,0.000000,7,8
1,7.000000,5.658000,0.203000,-72,0.000000,7,8
1,7.000000,5.935000,0.448000,-73,0.000000,7,8
1,7.000000,5.745000,0.230000,-72,0.000000,7,8
1,7.000000,5.666000,0.204000,-69,0.000000,7,8
1,7.000000,5.435000,0.250000,-69,0.000000,7,8
1,7.000000,5.748000,0.471000,-70,0.000000,7,8
1,7.000000,5.745000,0.512000,-71,0.000000,7,8
1,7.000000,5.585000,0.703000,-73,0.000000,7,8
1,7.000000,5.704000,0.820000,-71,0.000000,7,8
1,7.000000,5.791000,0.925000,-73,0.000000,7,8
1,7.000000,6.019000,0.821000,-74,0.000000,7,8
1,7.000000,5.829000,0.930000,-73,0.000000,7,8
1,7.000000,5.829000,0.992000,-72,0.000000,7,8
1,7.000000,5.891000,0.664000,-72,0.000000,7,8
1,7.000000,5.907000,1.136000,-71,0.000000,7,8
1,7.000000,5.744000,1.391000,-70,0.000000,7,8
1,7.000000,6.091000,1.180000,-69,0.000000,7,8
1,7.000000,6.016000,1.204000,-69,0.000000,7,8
1,7.000000,6.298000,1.074000,-70,0.000000,7,8
1,7.000000,5.970000,1.197000,-71,0.000000,7,8
1,7.000000,5.979000,1.157000,-72,0.000000,7,8
1,7.000000,6.016000,1.093000,-72,0.000000,7,8
1,7.000000,5.941000,1.004000,-73,0.000000,7,8
1,7.000000,5.860000,0.904000,-72,0.000000,7,8
1,7.000000,5.898000,0.802000,-71,0.000000,7,8
1,7.000000,5.832000,0.942000,-71,0.000000,7,8
1,7.000000,5.666000,1.012000,-71,0.000000,7,8
1,7.000000,5.632000,1.167000,-71,0.000000,7,8
1,7.000000,5.748000,1.114000,-71,0.000000,7,8
1,7.000000,5.741000,1.122000,-71,0.000000,7,8
1,7.000000,5.557000,1.172000,-72,0.000000,7,8
1,7.000000,5.829000,1.129000,-71,0.000000,7,8
1,7.000000,5.716000,1.241000,-73,0.000000,7,8
1,7.000000,5.854000,1.210000,-73,0.000000,7,8
1,7.000000,5.866000,1.161000,-73,0.000000,7,8
1,7.000000,5.979000,1.152000,-73,0.000000,7,8
1,7.000000,5.829000,1.283000,-73,0.000000,7,8
1,7.000000,5.904000,1.170000,-74,0.000000,7,8
1,7.000000,5.785000,1.172000,-74,0.000000,7,8
1,7.000000,5.863000,1.003000,-74,0.000000,7,8
1,7.000000,5.866000,1.064000,-73,0.000000,7,8
1,7.000000,5.704000,1.051000,-73,0.000000,7,8
1,7.000000,5.857000,1.072000,-73,0.000000,7,8
1,7.000000,5.869000,1.039000,-72,0.000000,7,8
1,7.000000,5.988000,0.845000,-73,0.000000,7,8
1,7.000000,5.941000,0.753000,-71,0.000000,7,8
1,7.000000,6.016000,0.784000,-72,0.000000,7,8
1,7.000000,5.948000,0.807000,-72,0.000000,7,8
1,7.000000,5.985000,0.818000,-71,0.000000,7,8
1,7.000000,5.904000,0.938000,-71,0.000000,7,8
1,7.000000,5.904000,0.868000,-72,0.000000,7,8
1,7.000000,5.976000,0.986000,-71,0.000000,7,8
1,7.000000,5.869000,1.017000,-71,0.000000,7,8
1,7.000000,5.941000,0.986000,-71,0.000000,7,8
1,7.000000,5.947000,1.008000,-72,0.000000,7,8
1,7.000000,5.829000,1.018000,-72,0.000000,7,8
1,7.000000,5.829000,0.953000,-73,0.000000,7,8
1,7.000000,5.788000,1.111000,-73,0.000000,7,8
1,7.000000,5.779000,1.036000,-72,0.000000,7,8
1,7.000000,5.823000,1.015000,-74,0.000000,7,8
1,7.000000,5.866000,0.945000,-73,0.000000,7,8
1,7.000000,5.904000,1.105000,-72,0.000000,7,8
1,7.000000,5.935000,1.003000,-71,0.000000,7,8
1,7.000000,5.829000,0.978000,-71,0.000000,7,8
1,7.000000,5.869000,0.916000,-70,0.000000,7,8
1,7.000000,5.904000,0.248000,-71,0.000000,7,8
1,7.000000,5.829000,0.827000,-70,0.000000,7,8
1,7.000000,5.823000,0.381000,-70,0.000000,7,8
1,7.000000,5.979000,0.748000,-71,0.000000,7,8
1,7.000000,5.860000,1.033000,-70,0.000000,7,8
1,7.000000,5.941000,0.896000,-71,0.000000,7,8
1,7.000000,5.866000,0.881000,-71,0.000000,7,8
1,7.000000,5.941000,0.852000,-72,0.000000,7,8
1,7.000000,5.979000,0.856000,-71,0.000000,7,8
1,7.000000,5.866000,0.835000,-70,0.000000,7,8
1,7.000000,5.904000,0.116000,-70,0.000000,7,8
1,7.000000,5.946000,0.157000,-70,0.000000,7,8
1,7.000000,5.907000,0.148000,-70,0.000000,7,8
1,7.000000,5.948000,0.556000,-70,0.000000,7,8
1,7.000000,5.829000,0.891000,-71,0.000000,7,8
1,7.000000,5.898000,0.878000,-70,0.000000,7,8
1,7.000000,5.904000,0.913000,-71,0.000000,7,8
1,7.000000,5.785000,0.901000,-72,0.000000,7,8
1,7.000000,5.707000,0.950000,-72,0.000000,7,8
1,7.000000,5.738000,0.827000,-72,0.000000,7,8
1,7.000000,5.673000,0.849000,-72,0.000000,7,8
1,7.000000,5.707000,0.848000,-72,0.000000,7,8
1,7.000000,5.707000,0.838000,-71,0.000000,7,8
1,7.000000,5.591000,0.880000,-72,0.000000,7,8
1,7.000000,5.791000,0.835000,-72,0.000000,7,8
1,7.000000,5.904000,0.784000,-71,0.000000,7,8
1,7.000000,5.866000,0.809000,-71,0.000000,7,8
1,7.000000,5.744000,0.904000,-71,0.000000,7,8
1,7.000000,5.751000,0.883000,-71,0.000000,7,8
1,7.000000,5.904000,0.798000,-70,0.000000,7,8
1,7.000000,5.904000,0.846000,-71,0.000000,7,8
1,7.000000,5.741000,0.945000,-71,0.000000,7,8
1,7.000000,5.745000,0.946000,-71,0.000000,7,8
1,7.000000,5.741000,0.959000,-71,0.000000,7,8
1,7.000000,5.904000,0.880000,-72,0.000000,7,8
1,7.000000,5.745000,0.941000,-71,0.000000,7,8
1,7.000000,5.901000,0.893000,-71,0.000000,7,8
1,7.000000,5.829000,0.871000,-71,0.000000,7,8
1,7.000000,5.829000,1.029000,-71,0.000000,7,8
1,7.000000,5.829000,1.030000,-72,0.000000,7,8
1,7.000000,5.866000,0.956000,-72,0.000000,7,8
1,7.000000,5.819000,1.088000,-73,0.000000,7,8
1,7.000000,5.904000,1.059000,-73,0.000000,7,8
1,7.000000,5.869000,1.048000,-74,0.000000,7,8
1,7.000000,6.054000,0.986000,-74,0.000000,7,8
1,7.000000,5.941000,1.002000,-74,0.000000,7,8
1,7.000000,5.869000,1.018000,-74,0.000000,7,8
1,7.000000,5.985000,1.077000,-74,0.000000,7,8
1,7.000000,5.869000,1.143000,-74,0.000000,7,8
1,7.000000,6.016000,0.981000,-74,0.000000,7,8
1,7.000000,5.941000,1.034000,-74,0.000000,7,8
1,7.000000,5.869000,1.137000,-74,0.000000,7,8
1,7.000000,5.979000,1.040000,-75,0.000000,7,8
1,7.000000,5.866000,1.084000,-74,0.000000,7,8
1,7.000000,5.866000,1.141000,-74,0.000000,7,8
1,7.000000,5.904000,1.010000,-74,0.000000,7,8
1,7.000000,5.860000,1.007000,-75,0.000000,7,8
1,7.000000,5.860000,1.045000,-74,0.000000,7,8
1,7.000000,5.979000,0.986000,-74,0.000000,7,8
1,7.000000,5.741000,1.105000,-74,0.000000,7,8
1,7.000000,5.860000,1.068000,-74,0.000000,7,8
1,7.000000,5.904000,0.984000,-74,0.000000,7,8
1,7.000000,5.941000,0.980000,-75,0.000000,7,8
1,7.000000,5.904000,1.027000,-75,0.000000,7,8
1,7.000000,5.866000,1.074000,-74,0.000000,7,8
1,7.000000,5.948000,1.048000,-74,0.000000,7,8
1,7.000000,5.901000,1.006000,-75,0.000000,7,8
1,7.000000,5.941000,1.007000,-74,0.000000,7,8
1,7.000000,5.941000,0.980000,-75,0.000000,7,8
1,7.000000,5.910000,1.070000,-75,0.000000,7,8
1,7.000000,5.901000,1.096000,-75,0.000000,7,8
1,7.000000,5.826000,1.051000,-75,0.000000,7,8
1,7.000000,5.820000,1.036000,-76,0.000000,7,8
1,7.000000,6.016000,0.981000,-74,0.000000,7,8
1,7.000000,5.863000,1.037000,-75,0.000000,7,8
1,7.000000,5.788000,1.055000,-75,0.000000,7,8
1,7.000000,5.820000,1.064000,-75,0.000000,7,8
1,7.000000,5.869000,0.954000,-74,0.000000,7,8
1,7.000000,5.779000,0.947000,-73,0.000000,7,8
1,7.000000,5.904000,0.850000,-73,0.000000,7,8
1,7.000000,5.904000,0.827000,-72,0.000000,7,8
1,7.000000,5.910000,0.801000,-73,0.000000,7,8
1,7.000000,6.016000,0.770000,-71,0.000000,7,8
1,7.000000,6.019000,0.626000,-73,0.000000,7,8
1,7.000000,5.898000,0.777000,-74,0.000000,7,8
1,7.000000,5.898000,0.769000,-73,0.000000,7,8
1,7.000000,6.054000,0.724000,-73,0.000000,7,8
1,7.000000,5.979000,0.864000,-73,0.000000,7,8
1,7.000000,5.782000,0.821000,-72,0.000000,7,8
1,7.000000,5.866000,0.641000,-73,0.000000,7,8
1,7.000000,5.788000,0.764000,-73,0.000000,7,8
1,7.000000,5.791000,0.246000,-73,0.000000,7,8
1,7.000000,5.901000,1.155000,-71,0.000000,7,8
1,7.000000,5.869000,1.070000,-70,0.000000,7,8
1,7.000000,6.844000,1.621000,-70,0.000000,7,8
1,7.000000,7.388000,1.277000,-68,0.000000,7,8
1,7.000000,6.369000,1.167000,-68,0.000000,7,8
1,7.000000,5.791000,1.337000,-70,0.000000,7,8
1,7.000000,5.823000,1.004000,-71,0.000000,7,8
1,7.000000,5.782000,1.300000,-70,0.000000,7,8
1,7.000000,5.829000,1.148000,-71,0.000000,7,8
1,7.000000,5.935000,0.705000,-72,0.000000,7,8
1,7.000000,5.791000,0.897000,-72,0.000000,7,8
1,7.000000,5.898000,1.660000,-72,0.000000,7,8
1,7.000000,5.898000,0.657000,-71,0.000000,7,8
1,7.000000,5.779000,1.099000,-69,0.000000,7,8
1,7.000000,6.104000,2.090000,-69,0.000000,7,8
1,7.000000,5.938000,1.635000,-67,0.000000,7,8
1,7.000000,5.901000,0.462000,-68,0.000000,7,8
1,7.000000,5.751000,0.550000,-66,0.000000,7,8
1,7.000000,5.979000,0.873000,-67,0.000000,7,8
1,7.000000,5.904000,1.845000,-68,0.000000,7,8
1,7.000000,5.816000,1.469000,-69,0.000000,7,8
1,7.000000,5.904000,0.879000,-68,0.000000,7,8
1,7.000000,6.019000,0.943000,-70,0.000000,7,8
1,7.000000,6.185000,1.071000,-69,0.000000,7,8
1,7.000000,6.019000,0.472000,-68,0.000000,7,8
1,7.000000,5.816000,0.516000,-69,0.000000,7,8
1,7.000000,5.670000,1.088000,-71,0.000000,7,8
1,7.000000,5.896000,0.121000,-75,0.000000,7,8
1,7.000000,5.771000,0.923000,-75,0.000000,7,8
1,7.000000,5.836000,0.888000,-75,0.000000,7,8
1,7.000000,5.741000,0.778000,-73,0.000000,7,8
1,7.000000,5.791000,0.665000,-71,0.000000,7,8
1,7.000000,5.941000,0.878000,-73,0.000000,7,8
1,7.000000,5.941000,0.997000,-71,0.000000,7,8
1,7.000000,5.866000,1.353000,-70,0.000000,7,8
1,7.000000,5.673000,1.117000,-71,0.000000,7,8
1,7.000000,5.704000,1.390000,-68,0.000000,7,8
1,7.000000,5.619000,1.094000,-68,0.000000,7,8
1,7.000000,5.823000,0.545000,-71,0.000000,7,8
1,7.000000,6.251000,1.734000,-72,0.000000,7,8
1,7.000000,6.101000,1.777000,-69,0.000000,7,8
1,7.000000,6.216000,1.478000,-70,0.000000,7,8
1,7.000000,6.291000,1.365000,-68,0.000000,7,8
1,7.000000,5.904000,0.723000,-70,0.000000,7,8
1,7.000000,5.869000,0.743000,-72,0.000000,7,8
1,7.000000,5.938000,0.876000,-72,0.000000,7,8
1,7.000000,5.826000,1.587000,-69,0.000000,7,8
1,7.000000,6.876000,1.491000,-68,0.000000,7,8
1,7.000000,6.257000,1.739000,-68,0.000000,7,8
1,7.000000,5.860000,1.092000,-69,0.000000,7,8
1,7.000000,6.016000,0.974000,-68,0.000000,7,8
1,7.000000,6.169000,1.031000,-67,0.000000,7,8
1,7.000000,6.335000,0.920000,-67,0.000000,7,8
1,7.000000,5.976000,1.210000,-68,0.000000,7,8
1,7.000000,6.023000,1.264000,-68,0.000000,7,8
1,7.000000,5.669000,0.867000,-69,0.000000,7,8
1,7.000000,7.113000,0.984000,-70,0.000000,7,8
1,7.000000,6.026000,1.849000,-68,0.000000,7,8
1,7.000000,5.779000,1.290000,-67,0.000000,7,8
1,7.000000,5.941000,1.201000,-67,0.000000,7,8
1,7.000000,6.005000,0.133000,-67,0.000000,7,8
1,7.000000,5.927000,0.226000,-66,0.000000,7,8
1,7.000000,6.016000,0.120000,-66,0.000000,7,8
1,7.000000,5.832000,0.401000,-66,0.000000,7,8
1,7.000000,6.097000,1.066000,-64,0.000000,7,8
1,7.000000,6.138000,1.100000,-65,0.000000,7,8
1,7.000000,6.026000,0.999000,-64,0.000000,7,8
1,7.000000,6.448000,1.000000,-63,0.000000,7,8
1,7.000000,5.938000,1.213000,-63,0.000000,7,8
1,7.000000,5.754000,1.110000,-66,0.000000,7,8
1,7.000000,5.941000,0.561000,-65,0.000000,7,8
1,7.000000,5.829000,0.606000,-64,0.000000,7,8
1,7.000000,5.513000,0.431000,-64,0.000000,7,8
1,7.000000,5.476000,0.420000,-64,0.000000,7,8
1,7.000000,5.982000,0.431000,-65,0.000000,7,8
1,7.000000,5.791000,0.846000,-64,0.000000,7,8
1,7.000000,5.519000,0.950000,-65,0.000000,7,8
1,7.000000,5.166000,1.052000,-65,0.000000,7,8
1,7.000000,5.348000,1.475000,-64,0.000000,7,8
1,7.000000,5.119000,1.730000,-64,0.000000,7,8
1,7.000000,5.554000,1.527000,-65,0.000000,7,8
1,7.000000,5.469000,1.298000,-66,0.000000,7,8
1,7.000000,5.469000,1.412000,-67,0.000000,7,8
1,7.000000,5.788000,1.186000,-66,0.000000,7,8
1,7.000000,5.585000,1.462000,-65,0.000000,7,8
1,7.000000,5.635000,1.343000,-66,0.000000,7,8
1,7.000000,5.704000,1.187000,-65,0.000000,7,8
1,7.000000,5.745000,1.321000,-66,0.000000,7,8
1,7.000000,5.516000,0.571000,-67,0.000000,7,8
1,7.000000,5.588000,0.716000,-64,0.000000,7,8
1,7.000000,5.469000,0.919000,-63,0.000000,7,8
1,7.000000,5.513000,1.220000,-64,0.000000,7,8
1,7.000000,5.588000,0.943000,-64,0.000000,7,8
1,7.000000,5.779000,1.092000,-64,0.000000,7,8
1,7.000000,5.791000,1.420000,-64,0.000000,7,8
1,7.000000,5.048000,1.847000,-64,0.000000,7,8
1,7.000000,5.554000,1.264000,-65,0.000000,7,8
1,7.000000,5.941000,0.826000,-63,0.000000,7,8
1,7.000000,6.247000,1.456000,-65,0.000000,7,8
1,7.000000,5.551000,1.859000,-67,0.000000,7,8
1,7.000000,5.551000,1.806000,-66,0.000000,7,8
1,7.000000,6.294000,1.241000,-66,0.000000,7,8
1,7.000000,6.916000,1.148000,-70,0.000000,7,8
1,7.000000,6.213000,1.717000,-68,0.000000,7,8
1,7.000000,6.407000,1.170000,-72,0.000000,7,8
1,7.000000,6.213000,1.051000,-72,0.000000,7,8
1,7.000000,6.254000,0.441000,-69,0.000000,7,8
1,7.000000,6.213000,0.467000,-72,0.000000,7,8
1,7.000000,6.254000,0.266000,-69,0.000000,7,8
1,7.000000,6.096000,0.207000,-65,0.000000,7,8
1,7.000000,5.808000,0.216000,-66,0.000000,7,8
1,7.000000,5.576000,0.243000,-70,0.000000,7,8
1,7.000000,6.022000,0.921000,-71,0.000000,7,8
1,7.000000,6.026000,1.071000,-71,0.000000,7,8
1,7.000000,6.488000,0.113000,-70,0.000000,7,8
1,7.000000,6.185000,0.267000,-68,0.000000,7,8
1,7.000000,5.751000,0.332000,-68,0.000000,7,8
1,7.000000,5.604000,0.115000,-72,0.000000,7,8
1,7.000000,5.666000,0.065000,-66,0.000000,7,8
1,7.000000,5.953000,0.230000,-70,0.000000,7,8
1,7.000000,5.866000,0.180000,-66,0.000000,7,8
1,7.000000,6.101000,0.196000,-63,0.000000,7,8
1,7.000000,6.413000,0.395000,-62,0.000000,7,8
1,7.000000,7.082000,0.889000,-63,0.000000,7,8
1,7.000000,6.566000,1.432000,-65,0.000000,7,8
1,7.000000,6.254000,0.991000,-66,0.000000,7,8
1,7.000000,5.810000,0.255000,-71,0.000000,7,8
1,7.000000,6.335000,0.254000,-67,0.000000,7,8
1,7.000000,6.138000,1.026000,-67,0.000000,7,8
1,7.000000,5.895000,0.343000,-69,0.000000,7,8
1,7.000000,5.904000,1.410000,-63,0.000000,7,8
1,7.000000,5.707000,1.405000,-66,0.000000,7,8
1,7.000000,6.098000,1.584000,-65,0.000000,7,8
1,7.000000,5.777000,0.318000,-70,0.000000,7,8
1,7.000000,5.748000,1.518000,-63,0.000000,7,8
1,7.000000,6.448000,0.346000,-65,0.000000,7,8
1,7.000000,6.291000,1.274000,-71,0.000000,7,8
1,7.000000,7.541000,0.938000,-65,0.000000,7,8
1,7.000000,6.526000,0.826000,-68,0.000000,7,8
1,7.000000,5.860000,1.419000,-66,0.000000,7,8
1,7.000000,6.338000,0.304000,-65,0.000000,7,8
1,7.000000,5.948000,0.115000,-68,0.000000,7,8
1,7.000000,5.979000,0.256000,-65,0.000000,7,8
1,7.000000,5.831000,0.197000,-65,0.000000,7,8
1,7.000000,5.788000,0.631000,-66,0.000000,7,8
1,7.000000,5.704000,0.891000,-67,0.000000,7,8
1,7.000000,5.901000,1.331000,-66,0.000000,7,8
1,7.000000,6.132000,0.789000,-68,0.000000,7,8
1,7.000000,6.366000,1.456000,-64,0.000000,7,8
1,7.000000,6.919000,1.273000,-66,0.000000,7,8
1,7.000000,5.871000,0.272000,-68,0.000000,7,8
1,7.000000,5.944000,1.239000,-67,0.000000,7,8
1,7.000000,5.819000,0.413000,-68,0.000000,7,8
1,7.000000,6.173000,0.116000,-67,0.000000,7,8
1,7.000000,5.838000,0.212000,-67,0.000000,7,8
1,7.000000,5.860000,0.905000,-64,0.000000,7,8
1,7.000000,5.516000,1.357000,-65,0.000000,7,8
1,7.000000,5.941000,1.223000,-65,0.000000,7,8
1,7.000000,6.288000,1.048000,-66,0.000000,7,8
1,7.000000,6.060000,1.370000,-66,0.000000,7,8
1,7.000000,6.016000,1.236000,-66,0.000000,7,8
1,7.000000,6.060000,1.123000,-66,0.000000,7,8
1,7.000000,5.901000,1.040000,-66,0.000000,7,8
1,7.000000,5.911000,0.265000,-65,0.000000,7,8
1,7.000000,6.523000,0.511000,-67,0.000000,7,8
1,7.000000,5.676000,1.303000,-65,0.000000,7,8
1,7.000000,5.944000,1.589000,-64,0.000000,7,8
1,7.000000,6.179000,1.410000,-63,0.000000,7,8
1,7.000000,6.057000,1.120000,-66,0.000000,7,8
1,7.000000,6.091000,0.699000,-66,0.000000,7,8
1,7.000000,5.754000,1.434000,-68,0.000000,7,8
1,7.000000,5.976000,0.120000,-66,0.000000,7,8
1,7.000000,6.016000,0.844000,-64,0.000000,7,8
1,7.000000,5.741000,0.684000,-63,0.000000,7,8
1,7.000000,6.016000,0.229000,-63,0.000000,7,8
1,7.000000,5.516000,0.491000,-64,0.000000,7,8
1,7.000000,6.104000,1.369000,-67,0.000000,7,8
1,7.000000,6.835000,0.156000,-68,0.000000,7,8
1,7.000000,6.410000,0.267000,-69,0.000000,7,8
1,7.000000,7.395000,0.604000,-69,0.000000,7,8
1,7.000000,6.551000,1.001000,-68,0.000000,7,8
1,7.000000,6.051000,1.674000,-66,0.000000,7,8
1,7.000000,5.901000,1.070000,-65,0.000000,7,8
1,7.000000,5.904000,0.740000,-66,0.000000,7,8
1,7.000000,5.623000,0.301000,-66,0.000000,7,8
1,7.000000,5.588000,0.501000,-64,0.000000,7,8
1,7.000000,5.554000,1.151000,-65,0.000000,7,8
1,7.000000,5.941000,1.245000,-64,0.000000,7,8
1,7.000000,6.135000,1.213000,-64,0.000000,7,8
1,7.000000,6.790000,0.249000,-65,0.000000,7,8
1,7.000000,6.248000,0.217000,-67,0.000000,7,8
1,7.000000,6.101000,0.374000,-66,0.000000,7,8
1,7.000000,6.097000,0.168000,-66,0.000000,7,8
1,7.000000,5.863000,1.078000,-67,0.000000,7,8
1,7.000000,6.417000,0.470000,-68,0.000000,7,8
1,7.000000,5.673000,0.265000,-70,0.000000,7,8
1,7.000000,6.257000,0.237000,-66,0.000000,7,8
1,7.000000,5.791000,0.877000,-69,0.000000,7,8
1,7.000000,7.226000,0.494000,-65,0.000000,7,8
1,7.000000,6.070000,0.480000,-68,0.000000,7,8
1,7.000000,6.329000,0.636000,-64,0.000000,7,8
1,7.000000,6.254000,0.777000,-64,0.000000,7,8
1,7.000000,6.763000,0.196000,-66,0.000000,7,8
1,7.000000,6.263000,0.488000,-63,0.000000,7,8
1,7.000000,5.741000,0.864000,-63,0.000000,7,8
1,7.000000,6.019000,1.457000,-62,0.000000,7,8
1,7.000000,5.979000,0.416000,-63,0.000000,7,8
1,7.000000,6.097000,1.043000,-66,0.000000,7,8
1,7.000000,6.016000,1.725000,-65,0.000000,7,8
1,7.000000,5.979000,1.325000,-64,0.000000,7,8
1,7.000000,5.979000,0.962000,-64,0.000000,7,8
1,7.000000,5.869000,0.758000,-64,0.000000,7,8
1,7.000000,5.982000,0.355000,-66,0.000000,7,8
1,7.000000,5.630000,0.264000,-70,0.000000,7,8
1,7.000000,6.068000,0.297000,-72,0.000000,7,8
1,7.000000,5.660000,0.125000,-70,0.000000,7,8
1,7.000000,5.944000,0.254000,-66,0.000000,7,8
1,7.000000,5.282000,1.366000,-65,0.000000,7,8
1,7.000000,5.863000,1.062000,-64,0.000000,7,8
1,7.000000,5.907000,1.064000,-64,0.000000,7,8
1,7.000000,5.979000,0.862000,-65,0.000000,7,8
1,7.000000,5.538000,1.246000,-65,0.000000,7,8
1,7.000000,5.541000,1.277000,-65,0.000000,7,8
1,7.000000,5.754000,1.033000,-65,0.000000,7,8
1,7.000000,5.904000,1.195000,-63,0.000000,7,8
1,7.000000,5.898000,1.392000,-62,0.000000,7,8
1,7.000000,6.216000,1.267000,-63,0.000000,7,8
1,7.000000,6.179000,1.227000,-64,0.000000,7,8
1,7.000000,6.413000,0.988000,-66,0.000000,7,8
1,7.000000,6.410000,0.233000,-67,0.000000,7,8
1,7.000000,6.416000,0.149000,-67,0.000000,7,8
1,7.000000,6.413000,0.859000,-66,0.000000,7,8
1,7.000000,6.291000,0.955000,-66,0.000000,7,8
1,7.000000,6.057000,1.056000,-66,0.000000,7,8
1,7.000000,6.057000,1.158000,-67,0.000000,7,8
1,7.000000,5.979000,1.174000,-66,0.000000,7,8
1,7.000000,6.016000,1.165000,-66,0.000000,7,8
1,7.000000,5.904000,1.192000,-66,0.000000,7,8
1,7.000000,5.857000,1.302000,-65,0.000000,7,8
1,7.000000,5.910000,1.261000,-65,0.000000,7,8
1,7.000000,5.901000,1.271000,-65,0.000000,7,8
1,7.000000,5.985000,1.180000,-66,0.000000,7,8
1,7.000000,6.016000,1.155000,-66,0.000000,7,8
1,7.000000,5.866000,1.111000,-66,0.000000,7,8
1,7.000000,5.819000,1.230000,-66,0.000000,7,8
1,7.000000,5.944000,1.180000,-66,0.000000,7,8
1,7.000000,6.013000,1.182000,-66,0.000000,7,8
1,7.000000,5.979000,1.190000,-66,0.000000,7,8
1,7.000000,6.098000,1.123000,-66,0.000000,7,8
1,7.000000,5.941000,1.243000,-66,0.000000,7,8
1,7.000000,6.054000,1.062000,-66,0.000000,7,8
1,7.000000,5.948000,1.160000,-66,0.000000,7,8
1,7.000000,6.063000,1.134000,-66,0.000000,7,8
1,7.000000,6.019000,1.086000,-66,0.000000,7,8
1,7.000000,5.788000,1.163000,-65,0.000000,7,8
1,7.000000,6.029000,1.116000,-65,0.000000,7,8
1,7.000000,5.935000,1.123000,-65,0.000000,7,8
1,7.000000,6.066000,1.062000,-65,0.000000,7,8
1,7.000000,6.104000,1.087000,-65,0.000000,7,8
1,7.000000,5.979000,1.164000,-66,0.000000,7,8
1,7.000000,6.060000,1.132000,-65,0.000000,7,8
1,7.000000,5.982000,1.245000,-65,0.000000,7,8
1,7.000000,6.048000,1.100000,-66,0.000000,7,8
1,7.000000,5.941000,1.129000,-65,0.000000,7,8
1,7.000000,5.979000,1.203000,-66,0.000000,7,8
1,7.000000,6.054000,1.123000,-65,0.000000,7,8
1,7.000000,6.057000,1.115000,-65,0.000000,7,8
1,7.000000,5.976000,1.170000,-65,0.000000,7,8
1,7.000000,6.216000,1.105000,-65,0.000000,7,8
1,7.000000,6.060000,1.221000,-65,0.000000,7,8
1,7.000000,6.254000,1.088000,-66,0.000000,7,8
1,7.000000,6.141000,1.183000,-66,0.000000,7,8
1,7.000000,5.979000,1.222000,-66,0.000000,7,8
1,7.000000,6.173000,1.123000,-66,0.000000,7,8
1,7.000000,6.288000,1.090000,-66,0.000000,7,8
1,7.000000,6.132000,1.104000,-66,0.000000,7,8
1,7.000000,6.097000,1.230000,-66,0.000000,7,8
1,7.000000,6.251000,1.126000,-66,0.000000,7,8
1,7.000000,6.179000,1.099000,-66,0.000000,7,8
1,7.000000,6.013000,1.178000,-66,0.000000,7,8
1,7.000000,6.285000,1.047000,-66,0.000000,7,8
1,7.000000,6.210000,1.077000,-66,0.000000,7,8
1,7.000000,6.054000,1.129000,-66,0.000000,7,8
1,7.000000,6.144000,1.078000,-66,0.000000,7,8
1,7.000000,6.176000,1.100000,-65,0.000000,7,8
1,7.000000,6.173000,1.058000,-65,0.000000,7,8
1,7.000000,6.097000,1.080000,-65,0.000000,7,8
1,7.000000,6.088000,1.145000,-64,0.000000,7,8
1,7.000000,6.138000,1.046000,-64,0.000000,7,8
1,7.000000,5.947000,1.224000,-64,0.000000,7,8
1,7.000000,5.860000,1.253000,-64,0.000000,7,8
1,7.000000,6.016000,1.191000,-64,0.000000,7,8
1,7.000000,6.054000,1.076000,-64,0.000000,7,8
1,7.000000,5.941000,1.293000,-64,0.000000,7,8
1,7.000000,5.935000,1.284000,-63,0.000000,7,8
1,7.000000,6.091000,1.166000,-63,0.000000,7,8
1,7.000000,5.898000,1.256000,-63,0.000000,7,8
1,7.000000,6.054000,1.207000,-63,0.000000,7,8
1,7.000000,6.138000,1.259000,-63,0.000000,7,8
1,7.000000,5.791000,1.336000,-63,0.000000,7,8
1,7.000000,5.947000,1.316000,-63,0.000000,7,8
1,7.000000,6.091000,1.175000,-63,0.000000,7,8
1,7.000000,6.057000,1.179000,-63,0.000000,7,8
1,7.000000,6.054000,1.090000,-63,0.000000,7,8
1,7.000000,6.138000,1.067000,-63,0.000000,7,8
1,7.000000,6.016000,1.136000,-62,0.000000,7,8
1,7.000000,6.107000,1.320000,-62,0.000000,7,8
1,7.000000,6.366000,1.074000,-62,0.000000,7,8
1,7.000000,6.132000,1.376000,-62,0.000000,7,8
1,7.000000,6.301000,1.416000,-62,0.000000,7,8
1,7.000000,6.257000,1.451000,-62,0.000000,7,8
1,7.000000,6.260000,1.520000,-62,0.000000,7,8
1,7.000000,6.216000,1.340000,-62,0.000000,7,8
1,7.000000,6.251000,1.495000,-62,0.000000,7,8
1,7.000000,6.244000,1.390000,-62,0.000000,7,8
1,7.000000,6.216000,1.338000,-62,0.000000,7,8
1,7.000000,6.263000,1.485000,-62,0.000000,7,8
1,7.000000,6.216000,1.479000,-62,0.000000,7,8
1,7.000000,6.207000,1.335000,-62,0.000000,7,8
1,7.000000,6.182000,1.449000,-62,0.000000,7,8
1,7.000000,6.135000,1.351000,-62,0.000000,7,8
1,7.000000,6.132000,1.452000,-62,0.000000,7,8
1,7.000000,6.251000,1.166000,-62,0.000000,7,8
1,7.000000,6.051000,1.294000,-62,0.000000,7,8
1,7.000000,6.132000,1.346000,-62,0.000000,7,8
1,7.000000,6.057000,1.373000,-62,0.000000,7,8
1,7.000000,6.210000,1.400000,-62,0.000000,7,8
1,7.000000,5.979000,1.429000,-62,0.000000,7,8
1,7.000000,6.282000,1.020000,-62,0.000000,7,8
1,7.000000,6.257000,1.165000,-63,0.000000,7,8
1,7.000000,6.254000,1.017000,-63,0.000000,7,8
1,7.000000,6.169000,1.111000,-63,0.000000,7,8
1,7.000000,6.491000,0.900000,-63,0.000000,7,8
1,7.000000,6.329000,0.976000,-63,0.000000,7,8
1,7.000000,6.416000,0.982000,-63,0.000000,7,8
1,7.000000,6.438000,0.916000,-63,0.000000,7,8
1,7.000000,6.251000,1.025000,-63,0.000000,7,8
1,7.000000,6.019000,1.095000,-63,0.000000,7,8
1,7.000000,6.216000,1.066000,-63,0.000000,7,8
1,7.000000,6.254000,1.045000,-62,0.000000,7,8
1,7.000000,6.182000,1.287000,-62,0.000000,7,8
1,7.000000,6.169000,1.361000,-62,0.000000,7,8
1,7.000000,6.141000,1.526000,-62,0.000000,7,8
1,7.000000,6.216000,1.387000,-62,0.000000,7,8
1,7.000000,6.366000,1.476000,-61,0.000000,7,8
1,7.000000,6.257000,1.403000,-62,0.000000,7,8
1,7.000000,6.294000,1.300000,-61,0.000000,7,8
1,7.000000,6.135000,1.250000,-62,0.000000,7,8
1,7.000000,6.251000,1.101000,-63,0.000000,7,8
1,7.000000,6.213000,0.985000,-63,0.000000,7,8
1,7.000000,6.251000,0.961000,-63,0.000000,7,8
1,7.000000,6.257000,1.039000,-63,0.000000,7,8
1,7.000000,6.213000,1.046000,-63,0.000000,7,8
1,7.000000,6.332000,1.018000,-63,0.000000,7,8
1,7.000000,6.248000,1.104000,-63,0.000000,7,8
1,7.000000,6.219000,1.042000,-63,0.000000,7,8
1,7.000000,6.101000,1.084000,-63,0.000000,7,8
1,7.000000,6.132000,1.203000,-63,0.000000,7,8
1,7.000000,6.341000,1.059000,-62,0.000000,7,8
1,7.000000,6.219000,1.394000,-62,0.000000,7,8
1,7.000000,6.169000,1.288000,-61,0.000000,7,8
1,7.000000,6.335000,1.317000,-62,0.000000,7,8
1,7.000000,6.260000,1.428000,-61,0.000000,7,8
1,7.000000,6.210000,1.520000,-61,0.000000,7,8
1,7.000000,6.201000,1.409000,-62,0.000000,7,8
1,7.000000,6.163000,1.305000,-61,0.000000,7,8
1,7.000000,6.291000,1.504000,-61,0.000000,7,8
1,7.000000,6.173000,1.431000,-61,0.000000,7,8
1,7.000000,6.016000,1.417000,-61,0.000000,7,8
1,7.000000,6.288000,1.392000,-61,0.000000,7,8
1,7.000000,6.401000,1.318000,-61,0.000000,7,8
1,7.000000,6.319000,1.268000,-61,0.000000,7,8
1,7.000000,6.288000,1.312000,-62,0.000000,7,8
1,7.000000,6.251000,1.366000,-62,0.000000,7,8
1,7.000000,6.332000,1.293000,-62,0.000000,7,8
1,7.000000,6.329000,1.312000,-62,0.000000,7,8
1,7.000000,6.210000,1.410000,-62,0.000000,7,8
1,7.000000,6.223000,1.298000,-61,0.000000,7,8
1,7.000000,6.254000,1.461000,-62,0.000000,7,8
1,7.000000,6.219000,1.135000,-61,0.000000,7,8
1,7.000000,6.101000,1.500000,-62,0.000000,7,8
1,7.000000,6.141000,1.403000,-61,0.000000,7,8
1,7.000000,6.216000,1.362000,-61,0.000000,7,8
1,7.000000,5.979000,1.528000,-62,0.000000,7,8
1,7.000000,6.213000,1.432000,-61,0.000000,7,8
1,7.000000,6.379000,1.346000,-62,0.000000,7,8
1,7.000000,6.013000,1.350000,-62,0.000000,7,8
1,7.000000,6.107000,1.209000,-62,0.000000,7,8
1,7.000000,6.407000,0.932000,-62,0.000000,7,8
1,7.000000,6.366000,1.028000,-62,0.000000,7,8
1,7.000000,6.257000,0.921000,-63,0.000000,7,8
1,7.000000,6.251000,0.949000,-63,0.000000,7,8
1,7.000000,6.291000,0.951000,-63,0.000000,7,8
1,7.000000,6.254000,1.058000,-62,0.000000,7,8
1,7.000000,6.326000,1.105000,-62,0.000000,7,8
1,7.000000,6.298000,1.130000,-62,0.000000,7,8
1,7.000000,6.176000,1.095000,-62,0.000000,7,8
1,7.000000,6.254000,1.052000,-62,0.000000,7,8
1,7.000000,6.291000,1.108000,-63,0.000000,7,8
1,7.000000,6.141000,1.188000,-62,0.000000,7,8
1,7.000000,6.179000,1.444000,-62,0.000000,7,8
1,7.000000,6.176000,1.190000,-62,0.000000,7,8
1,7.000000,6.369000,1.138000,-62,0.000000,7,8
1,7.000000,6.219000,1.141000,-62,0.000000,7,8
1,7.000000,6.369000,0.982000,-62,0.000000,7,8
1,7.000000,6.129000,1.007000,-62,0.000000,7,8
1,7.000000,6.285000,0.898000,-62,0.000000,7,8
1,7.000000,6.376000,0.849000,-63,0.000000,7,8
1,7.000000,6.323000,0.767000,-63,0.000000,7,8
1,7.000000,6.479000,0.682000,-63,0.000000,7,8
1,7.000000,6.326000,0.652000,-63,0.000000,7,8
1,7.000000,6.407000,0.571000,-63,0.000000,7,8
1,7.000000,6.598000,0.541000,-63,0.000000,7,8
1,7.000000,6.560000,0.474000,-63,0.000000,7,8
1,7.000000,6.526000,0.364000,-63,0.000000,7,8
1,7.000000,6.404000,0.353000,-63,0.000000,7,8
1,7.000000,6.529000,0.213000,-63,0.000000,7,8
1,7.000000,6.526000,0.364000,-63,0.000000,7,8
1,7.000000,6.495000,0.332000,-63,0.000000,7,8
1,7.000000,6.479000,0.325000,-63,0.000000,7,8
1,7.000000,6.526000,0.214000,-64,0.000000,7,8
1,7.000000,6.454000,0.278000,-63,0.000000,7,8
1,7.000000,6.413000,0.245000,-64,0.000000,7,8
1,7.000000,6.410000,0.225000,-63,0.000000,7,8
1,7.000000,6.416000,0.203000,-64,0.000000,7,8
1,7.000000,6.451000,0.236000,-64,0.000000,7,8
1,7.000000,6.330000,0.201000,-65,0.000000,7,8
1,7.000000,6.369000,0.197000,-65,0.000000,7,8
1,7.000000,6.369000,0.205000,-65,0.000000,7,8
1,7.000000,6.257000,0.223000,-64,0.000000,7,8
1,7.000000,6.563000,0.114000,-64,0.000000,7,8
1,7.000000,6.387000,0.301000,-65,0.000000,7,8
1,7.000000,6.302000,0.278000,-65,0.000000,7,8
1,7.000000,6.647000,0.198000,-64,0.000000,7,8
1,7.000000,6.373000,0.178000,-64,0.000000,7,8
1,7.000000,6.391000,0.184000,-65,0.000000,7,8
1,7.000000,6.269000,0.189000,-65,0.000000,7,8
1,7.000000,6.405000,0.280000,-64,0.000000,7,8
1,7.000000,6.410000,0.294000,-64,0.000000,7,8
1,7.000000,6.532000,0.127000,-64,0.000000,7,8
1,7.000000,6.566000,0.181000,-64,0.000000,7,8
1,7.000000,6.526000,0.085000,-64,0.000000,7,8
1,7.000000,6.506000,0.150000,-64,0.000000,7,8
1,7.000000,6.479000,0.190000,-64,0.000000,7,8
1,7.000000,6.389000,0.121000,-64,0.000000,7,8
1,7.000000,6.482000,0.271000,-64,0.000000,7,8
1,7.000000,6.645000,0.176000,-63,0.000000,7,8
1,7.000000,6.485000,0.150000,-64,0.000000,7,8
1,7.000000,6.448000,0.195000,-63,0.000000,7,8
1,7.000000,6.441000,0.172000,-63,0.000000,7,8
1,7.000000,6.329000,0.271000,-63,0.000000,7,8
1,7.000000,6.563000,0.151000,-63,0.000000,7,8
1,7.000000,6.369000,0.209000,-64,0.000000,7,8
1,7.000000,6.529000,0.190000,-63,0.000000,7,8
1,7.000000,6.444000,0.238000,-64,0.000000,7,8
1,7.000000,6.376000,0.173000,-63,0.000000,7,8
1,7.000000,6.407000,0.256000,-63,0.000000,7,8
1,7.000000,6.523000,0.224000,-63,0.000000,7,8
1,7.000000,6.485000,0.164000,-63,0.000000,7,8
1,7.000000,6.454000,0.231000,-63,0.000000,7,8
1,7.000000,6.451000,0.254000,-63,0.000000,7,8
1,7.000000,6.407000,0.208000,-63,0.000000,7,8
1,7.000000,6.482000,0.165000,-63,0.000000,7,8
1,7.000000,6.563000,0.140000,-63,0.000000,7,8
1,7.000000,6.416000,0.156000,-64,0.000000,7,8
1,7.000000,6.529000,0.197000,-64,0.000000,7,8
1,7.000000,6.478000,0.184000,-64,0.000000,7,8
1,7.000000,6.526000,0.113000,-65,0.000000,7,8
1,7.000000,6.499000,0.258000,-65,0.000000,7,8
1,7.000000,6.389000,0.162000,-65,0.000000,7,8
1,7.000000,6.187000,0.205000,-66,0.000000,7,8
1,7.000000,6.370000,0.169000,-66,0.000000,7,8
1,7.000000,6.274000,0.200000,-66,0.000000,7,8
1,7.000000,6.176000,0.220000,-66,0.000000,7,8
1,7.000000,6.124000,0.364000,-65,0.000000,7,8
1,7.000000,6.129000,0.265000,-66,0.000000,7,8
1,7.000000,6.302000,0.154000,-66,0.000000,7,8
1,7.000000,6.281000,0.234000,-66,0.000000,7,8
1,7.000000,6.298000,0.095000,-66,0.000000,7,8
1,7.000000,6.361000,0.301000,-66,0.000000,7,8
1,7.000000,6.298000,0.210000,-65,0.000000,7,8
1,7.000000,6.211000,0.202000,-65,0.000000,7,8
1,7.000000,6.302000,0.188000,-65,0.000000,7,8
1,7.000000,6.394000,0.167000,-65,0.000000,7,8
1,7.000000,6.373000,0.221000,-65,0.000000,7,8
1,7.000000,6.288000,0.119000,-65,0.000000,7,8
1,7.000000,6.330000,0.171000,-65,0.000000,7,8
1,7.000000,6.244000,0.108000,-66,0.000000,7,8
1,7.000000,6.239000,0.157000,-67,0.000000,7,8
1,7.000000,6.019000,0.261000,-68,0.000000,7,8
1,7.000000,5.785000,0.437000,-68,0.000000,7,8
1,7.000000,5.982000,0.152000,-68,0.000000,7,8
1,7.000000,5.833000,0.849000,-70,0.000000,7,8
1,7.000000,6.361000,0.134000,-68,0.000000,7,8
1,7.000000,6.441000,0.635000,-68,0.000000,7,8
1,7.000000,6.621000,0.254000,-68,0.000000,7,8
1,7.000000,6.823000,0.290000,-68,0.000000,7,8
1,7.000000,6.619000,0.611000,-67,0.000000,7,8
1,7.000000,6.288000,0.758000,-65,0.000000,7,8
1,7.000000,5.904000,0.299000,-66,0.000000,7,8
1,7.000000,6.247000,0.156000,-67,0.000000,7,8
1,7.000000,7.505000,0.553000,-66,0.000000,7,8
1,7.000000,6.523000,0.852000,-64,0.000000,7,8
1,7.000000,7.073000,1.015000,-66,0.000000,7,8
1,7.000000,6.954000,0.734000,-69,0.000000,7,8
1,7.000000,6.691000,0.417000,-70,0.000000,7,8
1,7.000000,6.216000,1.317000,-67,0.000000,7,8
1,7.000000,5.923000,0.274000,-68,0.000000,7,8
1,7.000000,6.213000,1.046000,-65,0.000000,7,8
1,7.000000,6.141000,1.078000,-67,0.000000,7,8
1,7.000000,6.091000,0.956000,-69,0.000000,7,8
1,7.000000,5.907000,0.253000,-70,0.000000,7,8
1,7.000000,5.751000,0.740000,-65,0.000000,7,8
1,7.000000,5.866000,1.004000,-65,0.000000,7,8
1,7.000000,5.819000,0.707000,-68,0.000000,7,8
1,7.000000,5.941000,0.849000,-68,0.000000,7,8
1,7.000000,5.904000,1.334000,-68,0.000000,7,8
1,7.000000,6.057000,1.239000,-64,0.000000,7,8
1,7.000000,6.101000,1.186000,-67,0.000000,7,8
1,7.000000,6.288000,0.089000,-69,0.000000,7,8
1,7.000000,5.982000,1.366000,-66,0.000000,7,8
1,7.000000,5.869000,1.392000,-68,0.000000,7,8
1,7.000000,6.192000,0.708000,-67,0.000000,7,8
1,7.000000,6.138000,0.386000,-68,0.000000,7,8
1,7.000000,5.860000,0.764000,-67,0.000000,7,8
1,7.000000,5.744000,0.952000,-67,0.000000,7,8
1,7.000000,5.741000,1.439000,-66,0.000000,7,8
1,7.000000,5.744000,2.067000,-67,0.000000,7,8
1,7.000000,5.904000,2.019000,-67,0.000000,7,8
1,7.000000,5.276000,1.970000,-67,0.000000,7,8
1,7.000000,5.404000,1.876000,-67,0.000000,7,8
1,7.000000,6.016000,1.597000,-67,0.000000,7,8
1,7.000000,6.057000,1.510000,-67,0.000000,7,8
1,7.000000,5.966000,1.658000,-66,0.000000,7,8
1,7.000000,5.741000,1.800000,-66,0.000000,7,8
1,7.000000,5.279000,1.991000,-66,0.000000,7,8
1,7.000000,5.632000,1.823000,-66,0.000000,7,8
1,7.000000,5.388000,2.006000,-66,0.000000,7,8
1,7.000000,5.704000,1.864000,-65,0.000000,7,8
1,7.000000,5.591000,1.899000,-66,0.000000,7,8
1,7.000000,5.741000,1.875000,-66,0.000000,7,8
1,7.000000,5.466000,1.907000,-66,0.000000,7,8
1,7.000000,5.435000,1.888000,-66,0.000000,7,8
1,7.000000,5.985000,1.652000,-66,0.000000,7,8
1,7.000000,5.979000,1.654000,-66,0.000000,7,8
1,7.000000,5.391000,1.936000,-66,0.000000,7,8
1,7.000000,5.591000,1.832000,-66,0.000000,7,8
1,7.000000,5.944000,1.722000,-65,0.000000,7,8
1,7.000000,5.632000,1.798000,-66,0.000000,7,8
1,7.000000,5.704000,1.812000,-66,0.000000,7,8
1,7.000000,6.254000,1.548000,-66,0.000000,7,8
1,7.000000,5.973000,1.663000,-66,0.000000,7,8
1,7.000000,5.554000,1.887000,-66,0.000000,7,8
1,7.000000,5.310000,1.964000,-67,0.000000,7,8
1,7.000000,6.091000,1.625000,-67,0.000000,7,8
1,7.000000,5.713000,1.779000,-67,0.000000,7,8
1,7.000000,5.904000,1.764000,-68,0.000000,7,8
1,7.000000,5.585000,1.916000,-68,0.000000,7,8
1,7.000000,6.185000,1.594000,-68,0.000000,7,8
1,7.000000,5.479000,1.921000,-69,0.000000,7,8
1,7.000000,5.510000,1.924000,-69,0.000000,7,8
1,7.000000,5.716000,1.836000,-68,0.000000,7,8
1,7.000000,5.741000,1.693000,-69,0.000000,7,8
1,7.000000,5.866000,1.636000,-69,0.000000,7,8
1,7.000000,5.391000,1.794000,-69,0.000000,7,8
1,7.000000,5.585000,1.799000,-69,0.000000,7,8
1,7.000000,5.829000,1.552000,-69,0.000000,7,8
1,7.000000,5.354000,1.805000,-69,0.000000,7,8
1,7.000000,5.666000,1.765000,-69,0.000000,7,8
1,7.000000,5.629000,1.758000,-69,0.000000,7,8
1,7.000000,5.673000,2.106000,-69,0.000000,7,8
1,7.000000,5.779000,2.294000,-68,0.000000,7,8
1,7.000000,5.976000,1.608000,-69,0.000000,7,8
1,7.000000,6.291000,0.414000,-69,0.000000,7,8
1,7.000000,6.332000,1.004000,-68,0.000000,7,8
1,7.000000,5.979000,1.736000,-66,0.000000,7,8
1,7.000000,5.423000,1.591000,-70,0.000000,7,8
1,7.000000,5.635000,1.272000,-69,0.000000,7,8
1,7.000000,5.707000,0.601000,-69,0.000000,7,8
1,7.000000,5.869000,0.689000,-70,0.000000,7,8
1,7.000000,6.097000,0.713000,-69,0.000000,7,8
1,7.000000,6.019000,0.516000,-67,0.000000,7,8
1,7.000000,5.826000,0.537000,-67,0.000000,7,8
1,7.000000,6.366000,1.091000,-64,0.000000,7,8
1,7.000000,5.738000,1.281000,-66,0.000000,7,8
1,7.000000,6.057000,1.593000,-65,0.000000,7,8
1,7.000000,5.594000,0.374000,-68,0.000000,7,8
1,7.000000,6.016000,0.941000,-69,0.000000,7,8
1,7.000000,5.714000,0.261000,-69,0.000000,7,8
1,7.000000,6.219000,0.227000,-67,0.000000,7,8
1,7.000000,5.982000,1.121000,-66,0.000000,7,8
1,7.000000,5.941000,1.219000,-67,0.000000,7,8
1,7.000000,6.091000,1.250000,-67,0.000000,7,8
1,7.000000,5.985000,0.617000,-65,0.000000,7,8
1,7.000000,6.213000,0.904000,-70,0.000000,7,8
1,7.000000,6.057000,1.191000,-63,0.000000,7,8
1,7.000000,6.410000,0.848000,-65,0.000000,7,8
1,7.000000,6.097000,0.186000,-70,0.000000,7,8
1,7.000000,5.935000,1.193000,-70,0.000000,7,8
1,7.000000,5.673000,0.061000,-67,0.000000,7,8
1,7.000000,6.101000,0.256000,-67,0.000000,7,8
1,7.000000,7.866000,0.661000,-63,0.000000,7,8
1,7.000000,6.448000,1.089000,-67,0.000000,7,8
1,7.000000,6.457000,0.977000,-66,0.000000,7,8
1,7.000000,5.588000,0.675000,-65,0.000000,7,8
1,7.000000,5.823000,0.305000,-63,0.000000,7,8
1,7.000000,5.429000,0.475000,-64,0.000000,7,8
1,7.000000,5.554000,0.261000,-62,0.000000,7,8
1,7.000000,5.788000,0.133000,-69,0.000000,7,8
1,7.000000,5.707000,0.173000,-63,0.000000,7,8
1,7.000000,5.907000,0.263000,-66,0.000000,7,8
1,7.000000,5.748000,0.388000,-64,0.000000,7,8
1,7.000000,5.932000,0.338000,-65,0.000000,7,8
1,7.000000,5.857000,0.434000,-67,0.000000,7,8
1,7.000000,5.557000,0.521000,-64,0.000000,7,8
1,7.000000,5.866000,0.165000,-62,0.000000,7,8
1,7.000000,5.866000,0.316000,-64,0.000000,7,8
1,7.000000,5.782000,0.275000,-62,0.000000,7,8
1,7.000000,6.051000,0.751000,-65,0.000000,7,8
1,7.000000,6.444000,0.320000,-63,0.000000,7,8
1,7.000000,6.866000,0.718000,-63,0.000000,7,8
1,7.000000,6.288000,0.975000,-63,0.000000,7,8
1,7.000000,6.141000,1.109000,-64,0.000000,7,8
1,7.000000,6.366000,0.945000,-63,0.000000,7,8
1,7.000000,6.063000,0.939000,-65,0.000000,7,8
1,7.000000,6.179000,0.727000,-64,0.000000,7,8
1,7.000000,6.141000,0.903000,-63,0.000000,7,8
1,7.000000,5.835000,1.024000,-62,0.000000,7,8
1,7.000000,6.491000,0.875000,-64,0.000000,7,8
1,7.000000,5.741000,0.572000,-64,0.000000,7,8
1,7.000000,5.894000,0.487000,-64,0.000000,7,8
1,7.000000,6.645000,0.870000,-67,0.000000,7,8
1,7.000000,6.333000,0.193000,-67,0.000000,7,8
1,7.000000,6.602000,0.186000,-64,0.000000,7,8
1,7.000000,6.441000,0.213000,-64,0.000000,7,8
1,7.000000,6.382000,0.208000,-62,0.000000,7,8
1,7.000000,6.534000,0.365000,-63,0.000000,7,8
1,7.000000,6.413000,0.401000,-64,0.000000,7,8
1,7.000000,6.413000,0.439000,-63,0.000000,7,8
1,7.000000,5.932000,0.276000,-65,0.000000,7,8
1,7.000000,6.830000,0.845000,-65,0.000000,7,8
1,7.000000,6.333000,0.220000,-66,0.000000,7,8
1,7.000000,6.376000,0.277000,-66,0.000000,7,8
1,7.000000,5.741000,0.349000,-67,0.000000,7,8
1,7.000000,6.766000,0.967000,-64,0.000000,7,8
1,7.000000,6.595000,0.122000,-67,0.000000,7,8
1,7.000000,6.091000,0.157000,-66,0.000000,7,8
1,7.000000,6.219000,0.268000,-65,0.000000,7,8
1,7.000000,6.351000,0.124000,-65,0.000000,7,8
1,7.000000,6.094000,0.161000,-66,0.000000,7,8
1,7.000000,5.869000,0.404000,-67,0.000000,7,8
1,7.000000,5.557000,0.424000,-66,0.000000,7,8
1,7.000000,5.741000,0.421000,-67,0.000000,7,8
1,7.000000,5.626000,0.498000,-67,0.000000,7,8
1,7.000000,6.157000,0.144000,-67,0.000000,7,8
1,7.000000,5.869000,0.247000,-70,0.000000,7,8
1,7.000000,6.054000,1.108000,-67,0.000000,7,8
1,7.000000,6.016000,0.346000,-66,0.000000,7,8
1,7.000000,5.829000,0.476000,-66,0.000000,7,8
1,7.000000,6.066000,0.428000,-65,0.000000,7,8
1,7.000000,6.216000,0.253000,-67,0.000000,7,8
1,7.000000,5.741000,0.441000,-66,0.000000,7,8
1,7.000000,5.779000,1.229000,-68,0.000000,7,8
1,7.000000,6.010000,0.663000,-66,0.000000,7,8
1,7.000000,6.494000,1.170000,-66,0.000000,7,8
1,7.000000,6.329000,0.973000,-69,0.000000,7,8
1,7.000000,6.029000,0.489000,-72,0.000000,7,8
1,7.000000,5.751000,0.291000,-69,0.000000,7,8
1,7.000000,5.666000,1.191000,-67,0.000000,7,8
1,7.000000,7.579000,0.957000,-67,0.000000,7,8
1,7.000000,6.448000,1.092000,-72,0.000000,7,8
1,7.000000,6.054000,1.189000,-69,0.000000,7,8
1,7.000000,6.057000,1.630000,-69,0.000000,7,8
1,7.000000,6.104000,1.355000,-69,0.000000,7,8
1,7.000000,5.976000,1.298000,-67,0.000000,7,8
1,7.000000,6.026000,1.356000,-68,0.000000,7,8
1,7.000000,6.023000,1.302000,-69,0.000000,7,8
1,7.000000,6.179000,1.212000,-68,0.000000,7,8
1,7.000000,6.091000,0.874000,-66,0.000000,7,8
1,7.000000,6.054000,1.097000,-70,0.000000,7,8
1,7.000000,6.838000,1.173000,-67,0.000000,7,8
1,7.000000,6.019000,1.145000,-68,0.000000,7,8
1,7.000000,5.741000,1.148000,-66,0.000000,7,8
1,7.000000,5.941000,0.840000,-67,0.000000,7,8
1,7.000000,5.629000,0.258000,-66,0.000000,7,8
1,7.000000,5.973000,0.288000,-69,0.000000,7,8
1,7.000000,5.898000,0.366000,-68,0.000000,7,8
1,7.000000,5.973000,0.233000,-67,0.000000,7,8
1,7.000000,5.829000,0.235000,-68,0.000000,7,8
1,7.000000,5.670000,0.171000,-69,0.000000,7,8
1,7.000000,5.741000,0.085000,-69,0.000000,7,8
1,7.000000,5.780000,0.083000,-69,0.000000,7,8
1,7.000000,5.741000,0.086000,-70,0.000000,7,8
1,7.000000,5.826000,0.207000,-69,0.000000,7,8
1,7.000000,5.866000,0.152000,-70,0.000000,7,8
1,7.000000,5.838000,0.118000,-69,0.000000,7,8
1,7.000000,5.741000,0.132000,-68,0.000000,7,8
1,7.000000,5.704000,0.235000,-67,0.000000,7,8
1,7.000000,5.591000,0.577000,-66,0.000000,7,8
1,7.000000,5.701000,0.357000,-68,0.000000,7,8
1,7.000000,5.829000,0.295000,-68,0.000000,7,8
1,7.000000,5.941000,0.230000,-70,0.000000,7,8
1,7.000000,5.854000,0.169000,-71,0.000000,7,8
1,7.000000,5.829000,0.879000,-69,0.000000,7,8
1,7.000000,5.907000,1.156000,-68,0.000000,7,8
1,7.000000,5.866000,1.294000,-66,0.000000,7,8
1,7.000000,5.782000,0.996000,-68,0.000000,7,8
1,7.000000,5.694000,0.284000,-67,0.000000,7,8
1,7.000000,5.866000,0.119000,-67,0.000000,7,8
1,7.000000,5.710000,0.306000,-67,0.000000,7,8
1,7.000000,5.632000,0.491000,-64,0.000000,7,8
1,7.000000,5.779000,0.206000,-66,0.000000,7,8
1,7.000000,5.754000,0.154000,-66,0.000000,7,8
1,7.000000,5.904000,1.071000,-66,0.000000,7,8
1,7.000000,5.666000,1.424000,-68,0.000000,7,8
1,7.000000,6.294000,1.548000,-70,0.000000,7,8
1,7.000000,7.079000,1.369000,-68,0.000000,7,8
1,7.000000,6.101000,2.059000,-68,0.000000,7,8
1,7.000000,6.057000,1.815000,-70,0.000000,7,8
1,7.000000,5.823000,1.374000,-67,0.000000,7,8
1,7.000000,5.826000,1.934000,-68,0.000000,7,8
1,7.000000,5.938000,1.985000,-67,0.000000,7,8
1,7.000000,5.829000,1.213000,-69,0.000000,7,8
1,7.000000,6.063000,2.022000,-65,0.000000,7,8
1,7.000000,5.866000,1.242000,-65,0.000000,7,8
1,7.000000,6.176000,1.269000,-65,0.000000,7,8
1,7.000000,5.863000,1.293000,-65,0.000000,7,8
1,7.000000,6.023000,0.948000,-63,0.000000,7,8
1,7.000000,5.941000,1.197000,-64,0.000000,7,8
1,7.000000,5.979000,0.321000,-65,0.000000,7,8
1,7.000000,5.704000,0.287000,-62,0.000000,7,8
1,7.000000,5.501000,0.347000,-65,0.000000,7,8
1,7.000000,5.899000,0.160000,-65,0.000000,7,8
1,7.000000,6.048000,0.876000,-63,0.000000,7,8
1,7.000000,5.748000,0.376000,-64,0.000000,7,8
1,7.000000,5.391000,1.187000,-62,0.000000,7,8
1,7.000000,5.973000,0.390000,-62,0.000000,7,8
1,7.000000,5.554000,0.743000,-63,0.000000,7,8
1,7.000000,5.201000,0.729000,-62,0.000000,7,8
1,7.000000,5.466000,1.163000,-65,0.000000,7,8
1,7.000000,5.779000,0.842000,-66,0.000000,7,8
1,7.000000,5.976000,0.213000,-65,0.000000,7,8
1,7.000000,5.829000,0.334000,-63,0.000000,7,8
1,7.000000,5.791000,0.387000,-63,0.000000,7,8
1,7.000000,5.748000,0.395000,-62,0.000000,7,8
1,7.000000,6.057000,0.351000,-62,0.000000,7,8
1,7.000000,6.291000,0.208000,-62,0.000000,7,8
1,7.000000,6.012000,0.119000,-64,0.000000,7,8
1,7.000000,5.201000,0.573000,-63,0.000000,7,8
1,7.000000,5.775000,0.086000,-64,0.000000,7,8
1,7.000000,5.594000,0.210000,-64,0.000000,7,8
1,7.000000,5.538000,0.268000,-63,0.000000,7,8
1,7.000000,5.779000,0.273000,-61,0.000000,7,8
1,7.000000,6.054000,0.592000,-63,0.000000,7,8
1,7.000000,5.673000,0.402000,-64,0.000000,7,8
1,7.000000,5.894000,0.227000,-64,0.000000,7,8
1,7.000000,6.307000,0.221000,-65,0.000000,7,8
1,7.000000,5.419000,0.241000,-68,0.000000,7,8
1,7.000000,5.704000,0.320000,-68,0.000000,7,8
1,7.000000,5.710000,1.303000,-68,0.000000,7,8
1,7.000000,5.863000,0.599000,-64,0.000000,7,8
1,7.000000,7.813000,0.295000,-64,0.000000,7,8
1,7.000000,6.107000,1.974000,-65,0.000000,7,8
1,7.000000,6.169000,1.665000,-66,0.000000,7,8
1,7.000000,6.960000,0.619000,-71,0.000000,7,8
1,7.000000,6.298000,0.408000,-72,0.000000,7,8
1,7.000000,6.173000,0.665000,-67,0.000000,7,8
1,7.000000,6.057000,0.847000,-70,0.000000,7,8
1,7.000000,6.454000,0.818000,-68,0.000000,7,8
1,7.000000,6.373000,1.044000,-69,0.000000,7,8
1,7.000000,5.944000,0.766000,-68,0.000000,7,8
1,7.000000,6.223000,0.540000,-69,0.000000,7,8
1,7.000000,5.981000,0.174000,-65,0.000000,7,8
1,7.000000,6.091000,1.111000,-68,0.000000,7,8
1,7.000000,5.866000,0.598000,-71,0.000000,7,8
1,7.000000,6.063000,0.378000,-70,0.000000,7,8
1,7.000000,6.223000,0.435000,-72,0.000000,7,8
1,7.000000,6.957000,0.358000,-70,0.000000,7,8
1,7.000000,5.777000,0.696000,-69,0.000000,7,8
1,7.000000,6.138000,0.220000,-65,0.000000,7,8
1,7.000000,5.738000,0.283000,-67,0.000000,7,8
1,7.000000,6.131000,0.180000,-65,0.000000,7,8
1,7.000000,6.216000,0.131000,-64,0.000000,7,8
1,7.000000,6.040000,0.119000,-64,0.000000,7,8
1,7.000000,5.782000,1.063000,-65,0.000000,7,8
1,7.000000,6.373000,1.058000,-65,0.000000,7,8
1,7.000000,6.016000,1.149000,-67,0.000000,7,8
1,7.000000,5.935000,1.394000,-64,0.000000,7,8
1,7.000000,6.341000,0.988000,-66,0.000000,7,8
1,7.000000,6.094000,1.120000,-65,0.000000,7,8
1,7.000000,7.035000,0.757000,-67,0.000000,7,8
1,7.000000,6.248000,1.646000,-65,0.000000,7,8
1,7.000000,6.830000,0.583000,-70,0.000000,7,8
1,7.000000,8.088000,0.264000,-67,0.000000,7,8
1,7.000000,6.260000,1.091000,-63,0.000000,7,8
1,7.000000,6.673000,0.473000,-68,0.000000,7,8
1,7.000000,5.713000,1.391000,-65,0.000000,7,8
1,7.000000,6.029000,0.390000,-66,0.000000,7,8
1,7.000000,6.054000,1.140000,-65,0.000000,7,8
1,7.000000,6.760000,0.755000,-66,0.000000,7,8
1,7.000000,6.376000,0.240000,-69,0.000000,7,8
1,7.000000,5.947000,0.842000,-65,0.000000,7,8
1,7.000000,6.216000,0.178000,-68,0.000000,7,8
1,7.000000,6.091000,0.324000,-64,0.000000,7,8
1,7.000000,5.866000,1.381000,-64,0.000000,7,8
1,7.000000,6.182000,0.473000,-64,0.000000,7,8
1,7.000000,6.219000,0.908000,-69,0.000000,7,8
1,7.000000,6.573000,0.460000,-64,0.000000,7,8
1,7.000000,6.294000,1.288000,-66,0.000000,7,8
1,7.000000,6.610000,1.450000,-65,0.000000,7,8
1,7.000000,6.302000,0.188000,-66,0.000000,7,8
1,7.000000,5.829000,1.253000,-64,0.000000,7,8
1,7.000000,5.904000,1.156000,-67,0.000000,7,8
1,7.000000,5.973000,0.248000,-67,0.000000,7,8
1,7.000000,5.979000,0.250000,-65,0.000000,7,8
1,7.000000,5.944000,1.057000,-63,0.000000,7,8
1,7.000000,5.791000,1.141000,-68,0.000000,7,8
1,7.000000,5.985000,1.178000,-65,0.000000,7,8
1,7.000000,5.866000,0.399000,-64,0.000000,7,8
1,7.000000,5.941000,1.232000,-63,0.000000,7,8
1,7.000000,5.941000,1.051000,-65,0.000000,7,8
1,7.000000,5.979000,0.336000,-65,0.000000,7,8
1,7.000000,6.254000,0.972000,-66,0.000000,7,8
1,7.000000,6.182000,0.982000,-65,0.000000,7,8
1,7.000000,6.444000,1.008000,-65,0.000000,7,8
1,7.000000,6.410000,1.039000,-65,0.000000,7,8
1,7.000000,6.404000,0.756000,-66,0.000000,7,8
1,7.000000,6.216000,0.214000,-67,0.000000,7,8
1,7.000000,6.210000,0.329000,-67,0.000000,7,8
1,7.000000,6.491000,0.737000,-66,0.000000,7,8
1,7.000000,6.389000,0.207000,-67,0.000000,7,8
1,7.000000,6.332000,0.949000,-66,0.000000,7,8
1,7.000000,6.539000,1.134000,-64,0.000000,7,8
1,7.000000,6.338000,0.428000,-67,0.000000,7,8
1,7.000000,6.301000,1.206000,-64,0.000000,7,8
1,7.000000,6.054000,1.324000,-64,0.000000,7,8
1,7.000000,6.016000,1.273000,-65,0.000000,7,8
1,7.000000,5.901000,1.177000,-66,0.000000,7,8
1,7.000000,5.829000,1.147000,-66,0.000000,7,8
1,7.000000,5.829000,1.062000,-66,0.000000,7,8
1,7.000000,6.057000,0.957000,-65,0.000000,7,8
1,7.000000,6.257000,0.968000,-64,0.000000,7,8
1,7.000000,6.173000,0.985000,-64,0.000000,7,8
1,7.000000,6.101000,0.811000,-64,0.000000,7,8
1,7.000000,6.219000,0.898000,-64,0.000000,7,8
1,7.000000,6.135000,0.750000,-65,0.000000,7,8
1,7.000000,6.407000,0.376000,-65,0.000000,7,8
1,7.000000,6.138000,0.629000,-65,0.000000,7,8
1,7.000000,6.182000,0.990000,-64,0.000000,7,8
1,7.000000,6.326000,1.038000,-64,0.000000,7,8
1,7.000000,6.291000,1.000000,-63,0.000000,7,8
1,7.000000,6.248000,0.944000,-65,0.000000,7,8
1,7.000000,6.144000,0.958000,-66,0.000000,7,8
1,7.000000,5.947000,1.146000,-65,0.000000,7,8
1,7.000000,5.869000,1.082000,-64,0.000000,7,8
1,7.000000,5.944000,1.082000,-65,0.000000,7,8
1,7.000000,6.254000,0.973000,-64,0.000000,7,8
1,7.000000,6.291000,1.015000,-64,0.000000,7,8
1,7.000000,6.291000,1.180000,-64,0.000000,7,8
1,7.000000,6.448000,1.015000,-65,0.000000,7,8
1,7.000000,7.073000,1.089000,-65,0.000000,7,8
1,7.000000,5.944000,1.251000,-64,0.000000,7,8
1,7.000000,5.791000,1.378000,-64,0.000000,7,8
1,7.000000,5.941000,1.312000,-64,0.000000,7,8
1,7.000000,6.141000,1.308000,-64,0.000000,7,8
1,7.000000,6.254000,1.254000,-65,0.000000,7,8
1,7.000000,7.307000,0.723000,-66,0.000000,7,8
1,7.000000,7.738000,0.464000,-66,0.000000,7,8
1,7.000000,6.129000,1.003000,-66,0.000000,7,8
1,7.000000,6.016000,1.142000,-66,0.000000,7,8
1,7.000000,5.819000,1.087000,-65,0.000000,7,8
1,7.000000,6.026000,1.308000,-65,0.000000,7,8
1,7.000000,6.094000,1.677000,-66,0.000000,7,8
1,7.000000,6.407000,1.378000,-66,0.000000,7,8
1,7.000000,5.938000,0.654000,-63,0.000000,7,8
1,7.000000,5.897000,0.202000,-66,0.000000,7,8
1,7.000000,5.981000,0.186000,-67,0.000000,7,8
1,7.000000,6.322000,1.058000,-66,0.000000,7,8
1,7.000000,5.704000,0.738000,-63,0.000000,7,8
1,7.000000,6.179000,1.198000,-64,0.000000,7,8
1,7.000000,6.323000,0.857000,-68,0.000000,7,8
1,7.000000,5.907000,1.102000,-71,0.000000,7,8
1,7.000000,6.129000,1.244000,-62,0.000000,7,8
1,7.000000,5.969000,1.618000,-63,0.000000,7,8
1,7.000000,6.179000,0.894000,-69,0.000000,7,8
1,7.000000,6.376000,0.758000,-70,0.000000,7,8
1,7.000000,5.944000,1.661000,-62,0.000000,7,8
1,7.000000,5.979000,1.677000,-67,0.000000,7,8
1,7.000000,6.132000,1.213000,-63,0.000000,7,8
1,7.000000,6.097000,1.061000,-67,0.000000,7,8
1,7.000000,6.363000,0.403000,-65,0.000000,7,8
1,7.000000,6.176000,0.450000,-62,0.000000,7,8
1,7.000000,5.941000,0.831000,-66,0.000000,7,8
1,7.000000,6.066000,0.824000,-62,0.000000,7,8
1,7.000000,6.454000,0.494000,-63,0.000000,7,8
1,7.000000,5.316000,0.867000,-62,0.000000,7,8
1,7.000000,6.166000,0.574000,-63,0.000000,7,8
1,7.000000,5.479000,0.702000,-63,0.000000,7,8
1,7.000000,6.804000,0.848000,-64,0.000000,7,8
1,7.000000,5.982000,0.284000,-61,0.000000,7,8
1,7.000000,6.138000,1.217000,-65,0.000000,7,8
1,7.000000,5.901000,0.262000,-63,0.000000,7,8
1,7.000000,6.401000,0.185000,-63,0.000000,7,8
1,7.000000,6.794000,0.817000,-63,0.000000,7,8
1,7.000000,7.973000,0.373000,-63,0.000000,7,8
1,7.000000,6.829000,0.297000,-61,0.000000,7,8
1,7.000000,6.855000,0.728000,-63,0.000000,7,8
1,7.000000,7.322000,0.524000,-62,0.000000,7,8
1,7.000000,6.410000,0.222000,-63,0.000000,7,8
1,7.000000,6.457000,0.590000,-63,0.000000,7,8
1,7.000000,6.494000,0.378000,-63,0.000000,7,8
1,7.000000,7.232000,0.940000,-65,0.000000,7,8
1,7.000000,7.894000,0.827000,-66,0.000000,7,8
1,7.000000,6.016000,1.627000,-68,0.000000,7,8
1,7.000000,6.104000,1.155000,-67,0.000000,7,8
1,7.000000,6.810000,1.012000,-65,0.000000,7,8
1,7.000000,6.792000,0.112000,-66,0.000000,7,8
1,7.000000,7.701000,0.791000,-67,0.000000,7,8
1,7.000000,7.188000,0.969000,-67,0.000000,7,8
1,7.000000,6.066000,0.401000,-67,0.000000,7,8
1,7.000000,6.176000,1.366000,-64,0.000000,7,8
1,7.000000,6.682000,1.128000,-66,0.000000,7,8
1,7.000000,6.607000,1.592000,-65,0.000000,7,8
1,7.000000,6.763000,1.226000,-65,0.000000,7,8
1,7.000000,6.329000,0.445000,-67,0.000000,7,8
1,7.000000,6.407000,1.179000,-67,0.000000,7,8
1,7.000000,6.291000,1.131000,-69,0.000000,7,8
1,7.000000,6.526000,1.111000,-66,0.000000,7,8
1,7.000000,6.416000,1.074000,-66,0.000000,7,8
1,7.000000,6.204000,1.127000,-67,0.000000,7,8
1,7.000000,5.941000,0.419000,-66,0.000000,7,8
1,7.000000,5.866000,0.238000,-66,0.000000,7,8
1,7.000000,5.666000,1.176000,-68,0.000000,7,8
1,7.000000,5.704000,0.609000,-69,0.000000,7,8
1,7.000000,5.976000,0.924000,-70,0.000000,7,8
1,7.000000,5.666000,0.684000,-68,0.000000,7,8
1,7.000000,6.244000,0.208000,-69,0.000000,7,8
1,7.000000,6.091000,0.390000,-67,0.000000,7,8
1,7.000000,6.104000,0.875000,-69,0.000000,7,8
1,7.000000,5.904000,0.244000,-67,0.000000,7,8
1,7.000000,5.866000,0.351000,-68,0.000000,7,8
1,7.000000,5.819000,0.455000,-69,0.000000,7,8
1,7.000000,5.741000,0.156000,-69,0.000000,7,8
1,7.000000,5.904000,0.976000,-68,0.000000,7,8
1,7.000000,5.744000,0.772000,-68,0.000000,7,8
1,7.000000,5.626000,1.245000,-68,0.000000,7,8
1,7.000000,5.704000,0.822000,-69,0.000000,7,8
1,7.000000,5.785000,0.797000,-68,0.000000,7,8
1,7.000000,5.935000,0.635000,-69,0.000000,7,8
1,7.000000,5.666000,0.361000,-69,0.000000,7,8
1,7.000000,5.744000,0.581000,-69,0.000000,7,8
1,7.000000,5.704000,0.393000,-69,0.000000,7,8
1,7.000000,5.823000,0.750000,-70,0.000000,7,8
1,7.000000,5.785000,0.660000,-71,0.000000,7,8
1,7.000000,5.710000,0.762000,-70,0.000000,7,8
1,7.000000,5.866000,1.130000,-69,0.000000,7,8
1,7.000000,5.941000,1.127000,-69,0.000000,7,8
1,7.000000,5.941000,0.880000,-68,0.000000,7,8
1,7.000000,5.863000,0.993000,-69,0.000000,7,8
1,7.000000,5.866000,0.986000,-69,0.000000,7,8
1,7.000000,5.829000,0.963000,-70,0.000000,7,8
1,7.000000,5.941000,0.883000,-70,0.000000,7,8
1,7.000000,5.791000,0.940000,-70,0.000000,7,8
1,7.000000,5.823000,0.877000,-70,0.000000,7,8
1,7.000000,5.741000,0.974000,-70,0.000000,7,8
1,7.000000,5.863000,0.910000,-70,0.000000,7,8
1,7.000000,5.791000,0.853000,-70,0.000000,7,8
1,7.000000,5.754000,0.915000,-69,0.000000,7,8
1,7.000000,5.857000,0.907000,-69,0.000000,7,8
1,7.000000,5.791000,1.117000,-68,0.000000,7,8
1,7.000000,5.941000,1.262000,-68,0.000000,7,8
1,7.000000,5.869000,1.034000,-69,0.000000,7,8
1,7.000000,5.832000,0.862000,-69,0.000000,7,8
1,7.000000,5.938000,0.772000,-70,0.000000,7,8
1,7.000000,5.901000,0.772000,-70,0.000000,7,8
1,7.000000,5.869000,0.746000,-70,0.000000,7,8
1,7.000000,5.788000,0.720000,-69,0.000000,7,8
1,7.000000,5.744000,0.913000,-69,0.000000,7,8
1,7.000000,5.869000,0.509000,-69,0.000000,7,8
1,7.000000,5.904000,1.136000,-68,0.000000,7,8
1,7.000000,5.901000,1.006000,-69,0.000000,7,8
1,7.000000,5.857000,0.866000,-69,0.000000,7,8
1,7.000000,6.016000,0.871000,-69,0.000000,7,8
1,7.000000,5.832000,1.173000,-70,0.000000,7,8
1,7.000000,5.907000,0.746000,-70,0.000000,7,8
1,7.000000,6.144000,0.646000,-70,0.000000,7,8
1,7.000000,6.063000,0.288000,-69,0.000000,7,8
1,7.000000,5.979000,1.104000,-70,0.000000,7,8
1,7.000000,5.782000,1.330000,-68,0.000000,7,8
1,7.000000,5.941000,0.561000,-71,0.000000,7,8
1,7.000000,6.060000,1.110000,-70,0.000000,7,8
1,7.000000,6.023000,0.728000,-71,0.000000,7,8
1,7.000000,6.019000,1.027000,-71,0.000000,7,8
1,7.000000,5.941000,1.265000,-70,0.000000,7,8
1,7.000000,5.979000,1.175000,-70,0.000000,7,8
1,7.000000,5.823000,1.123000,-69,0.000000,7,8
1,7.000000,5.907000,0.859000,-68,0.000000,7,8
1,7.000000,6.057000,1.284000,-67,0.000000,7,8
1,7.000000,6.179000,1.213000,-66,0.000000,7,8
1,7.000000,6.176000,1.179000,-67,0.000000,7,8
1,7.000000,5.941000,1.257000,-67,0.000000,7,8
1,7.000000,5.904000,1.282000,-68,0.000000,7,8
1,7.000000,5.941000,0.917000,-68,0.000000,7,8
1,7.000000,5.904000,0.683000,-69,0.000000,7,8
1,7.000000,5.866000,0.258000,-69,0.000000,7,8
1,7.000000,5.863000,0.501000,-69,0.000000,7,8
1,7.000000,5.941000,0.990000,-69,0.000000,7,8
1,7.000000,5.938000,0.301000,-70,0.000000,7,8
1,7.000000,6.016000,0.247000,-70,0.000000,7,8
1,7.000000,6.029000,0.211000,-71,0.000000,7,8
1,7.000000,5.907000,0.231000,-70,0.000000,7,8
1,7.000000,6.016000,0.210000,-70,0.000000,7,8
1,7.000000,5.898000,0.368000,-70,0.000000,7,8
1,7.000000,5.863000,0.439000,-70,0.000000,7,8
1,7.000000,5.782000,0.548000,-70,0.000000,7,8
1,7.000000,5.904000,1.233000,-70,0.000000,7,8
1,7.000000,5.910000,0.598000,-70,0.000000,7,8
1,7.000000,5.829000,1.315000,-70,0.000000,7,8
1,7.000000,5.866000,1.184000,-70,0.000000,7,8
1,7.000000,5.829000,0.496000,-70,0.000000,7,8
1,7.000000,6.016000,0.345000,-70,0.000000,7,8
1,7.000000,5.985000,0.437000,-69,0.000000,7,8
1,7.000000,5.969000,0.322000,-69,0.000000,7,8
1,7.000000,5.866000,0.900000,-69,0.000000,7,8
1,7.000000,6.016000,0.262000,-69,0.000000,7,8
1,7.000000,6.026000,0.862000,-69,0.000000,7,8
1,7.000000,5.829000,0.975000,-69,0.000000,7,8
