1,2.000000,-0.454000,1.158000,-48,0.000000,7,8
1,2.000000,-0.474000,1.114000,-48,0.000000,7,8
1,2.000000,-0.767000,1.268000,-47,0.000000,7,8
1,2.000000,-0.845000,1.394000,-46,0.000000,7,8
1,2.000000,-0.942000,1.444000,-47,0.000000,7,8
1,2.000000,-0.747000,1.497000,-45,0.000000,7,8
1,2.000000,-0.806000,1.408000,-46,0.000000,7,8
1,2.000000,-1.118000,0.309000,-45,0.000000,7,8
1,2.000000,-0.918000,0.254000,-44,0.000000,7,8
1,2.000000,-0.991000,0.269000,-46,0.000000,7,8
1,2.000000,-1.123000,0.370000,-46,0.000000,7,8
1,2.000000,-1.357000,0.284000,-46,0.000000,7,8
1,2.000000,-2.148000,0.931000,-45,0.000000,7,8
1,2.000000,-1.724000,0.530000,-45,0.000000,7,8
1,2.000000,-1.387000,0.366000,-45,0.000000,7,8
1,2.000000,-1.270000,0.388000,-45,0.000000,7,8
1,2.000000,-1.899000,0.631000,-45,0.000000,7,8
1,2.000000,-1.885000,0.511000,-46,0.000000,7,8
1,2.000000,-1.636000,0.466000,-45,0.000000,7,8
1,2.000000,-1.709000,0.625000,-45,0.000000,7,8
1,2.000000,-0.532000,1.887000,-47,0.000000,7,8
1,2.000000,-1.504000,0.768000,-49,0.000000,7,8
1,2.000000,-0.591000,2.062000,-49,0.000000,7,8
1,2.000000,-0.454000,1.651000,-49,0.000000,7,8
1,2.000000,-0.669000,1.766000,-49,0.000000,7,8
1,2.000000,-0.552000,1.847000,-50,0.000000,7,8
1,2.000000,-0.962000,1.580000,-49,0.000000,7,8
1,2.000000,-0.376000,0.639000,-48,0.000000,7,8
1,2.000000,-0.122000,0.388000,-48,0.000000,7,8
1,2.000000,-2.207000,0.903000,-45,0.000000,7,8
1,2.000000,-2.090000,0.709000,-45,0.000000,7,8
1,2.000000,-1.943000,0.631000,-46,0.000000,7,8
1,2.000000,-2.017000,0.576000,-46,0.000000,7,8
1,2.000000,-1.899000,0.574000,-45,0.000000,7,8
1,2.000000,-1.606000,0.549000,-46,0.000000,7,8
1,2.000000,-2.046000,0.596000,-47,0.000000,7,8
1,2.000000,-2.002000,0.709000,-45,0.000000,7,8
1,2.000000,-1.606000,0.380000,-46,0.000000,7,8
1,2.000000,-1.211000,0.528000,-45,0.000000,7,8
1,2.000000,-2.075000,0.579000,-45,0.000000,7,8
1,2.000000,-1.650000,0.613000,-45,0.000000,7,8
1,2.000000,-1.021000,0.494000,-44,0.000000,7,8
1,2.000000,-1.299000,0.383000,-43,0.000000,7,8
1,2.000000,-2.002000,0.709000,-45,0.000000,7,8
1,2.000000,-1.563000,0.399000,-49,0.000000,7,8
1,2.000000,-1.182000,0.204000,-47,0.000000,7,8
1,2.000000,-1.475000,0.460000,-47,0.000000,7,8
1,2.000000,-1.768000,0.702000,-53,0.000000,7,8
1,2.000000,-1.724000,0.392000,-46,0.000000,7,8
1,2.000000,-2.354000,0.804000,-46,0.000000,7,8
1,2.000000,-1.563000,0.327000,-46,0.000000,7,8
1,2.000000,-0.884000,0.790000,-46,0.000000,7,8
1,2.000000,-1.416000,0.366000,-47,0.000000,7,8
1,2.000000,-1.636000,0.560000,-49,0.000000,7,8
1,2.000000,-1.914000,0.509000,-47,0.000000,7,8
1,2.000000,-1.665000,0.496000,-44,0.000000,7,8
1,2.000000,-0.630000,2.352000,-45,0.000000,7,8
1,2.000000,-2.134000,0.575000,-51,0.000000,7,8
1,2.000000,-0.947000,2.043000,-43,0.000000,7,8
1,2.000000,-2.236000,0.846000,-45,0.000000,7,8
1,2.000000,-0.845000,0.190000,-44,0.000000,7,8
1,2.000000,-1.592000,0.422000,-50,0.000000,7,8
1,2.000000,-0.933000,0.259000,-42,0.000000,7,8
1,2.000000,-0.552000,0.247000,-41,0.000000,7,8
1,2.000000,-2.563000,0.488000,-55,0.000000,7,8
1,2.000000,-3.228000,0.838000,-54,0.000000,7,8
1,2.000000,-1.606000,0.351000,-44,0.000000,7,8
1,2.000000,-1.929000,0.511000,-43,0.000000,7,8
1,2.000000,-2.119000,0.752000,-42,0.000000,7,8
1,2.000000,-2.280000,0.739000,-45,0.000000,7,8
1,2.000000,-2.119000,0.647000,-46,0.000000,7,8
1,2.000000,-1.958000,0.445000,-48,0.000000,7,8
1,2.000000,-1.738000,0.460000,-45,0.000000,7,8
1,2.000000,-1.782000,0.441000,-52,0.000000,7,8
1,2.000000,-2.207000,0.488000,-46,0.000000,7,8
1,2.000000,-2.339000,0.807000,-45,0.000000,7,8
1,2.000000,-0.864000,2.083000,-42,0.000000,7,8
1,2.000000,-1.899000,0.384000,-44,0.000000,7,8
1,2.000000,-2.266000,0.914000,-54,0.000000,7,8
1,2.000000,-1.592000,0.512000,-53,0.000000,7,8
1,2.000000,-0.728000,0.932000,-48,0.000000,7,8
1,2.000000,-0.767000,1.821000,-47,0.000000,7,8
1,2.000000,-1.157000,2.349000,-45,0.000000,7,8
1,2.000000,-1.020000,1.918000,-45,0.000000,7,8
1,2.000000,-2.134000,0.644000,-46,0.000000,7,8
1,2.000000,-2.031000,0.692000,-45,0.000000,7,8
1,2.000000,-2.031000,0.526000,-45,0.000000,7,8
1,2.000000,-2.500000,0.732000,-45,0.000000,7,8
1,2.000000,-2.339000,0.747000,-45,0.000000,7,8
1,2.000000,-2.324000,0.807000,-45,0.000000,7,8
1,2.000000,-2.573000,0.871000,-45,0.000000,7,8
1,2.000000,-2.324000,0.648000,-45,0.000000,7,8
1,2.000000,-2.324000,0.705000,-45,0.000000,7,8
1,2.000000,-2.017000,0.627000,-46,0.000000,7,8
1,2.000000,-0.767000,2.212000,-44,0.000000,7,8
1,2.000000,-2.134000,0.743000,-44,0.000000,7,8
1,2.000000,-2.383000,0.806000,-48,0.000000,7,8
1,2.000000,-2.148000,0.659000,-50,0.000000,7,8
1,2.000000,-1.797000,0.566000,-48,0.000000,7,8
1,2.000000,-1.299000,0.598000,-44,0.000000,7,8
1,2.000000,-1.914000,0.558000,-45,0.000000,7,8
1,2.000000,-1.987000,0.719000,-43,0.000000,7,8
1,2.000000,-1.958000,0.574000,-43,0.000000,7,8
1,2.000000,-1.563000,0.297000,-43,0.000000,7,8
1,2.000000,-1.519000,0.270000,-46,0.000000,7,8
1,2.000000,-1.606000,0.315000,-44,0.000000,7,8
1,2.000000,-1.548000,0.351000,-48,0.000000,7,8
1,2.000000,-1.577000,0.303000,-46,0.000000,7,8
1,2.000000,-1.694000,0.239000,-47,0.000000,7,8
1,2.000000,-1.943000,0.642000,-45,0.000000,7,8
1,2.000000,-1.357000,0.310000,-46,0.000000,7,8
1,2.000000,-1.606000,0.312000,-53,0.000000,7,8
1,2.000000,-1.724000,0.476000,-45,0.000000,7,8
1,2.000000,-1.533000,0.450000,-45,0.000000,7,8
1,2.000000,-1.855000,0.650000,-41,0.000000,7,8
1,2.000000,-1.826000,0.540000,-51,0.000000,7,8
1,2.000000,-1.929000,0.644000,-46,0.000000,7,8
1,2.000000,-1.445000,0.359000,-45,0.000000,7,8
1,2.000000,-1.357000,0.198000,-45,0.000000,7,8
1,2.000000,-1.460000,0.430000,-43,0.000000,7,8
1,2.000000,-1.665000,0.482000,-43,0.000000,7,8
1,2.000000,-1.533000,0.418000,-44,0.000000,7,8
1,2.000000,-1.826000,0.488000,-47,0.000000,7,8
1,2.000000,-1.797000,0.396000,-48,0.000000,7,8
1,2.000000,-1.797000,0.324000,-49,0.000000,7,8
1,2.000000,-1.680000,0.271000,-49,0.000000,7,8
1,2.000000,-1.680000,0.503000,-47,0.000000,7,8
1,2.000000,-1.855000,0.630000,-45,0.000000,7,8
1,2.000000,-1.577000,0.312000,-44,0.000000,7,8
1,2.000000,-1.533000,0.279000,-44,0.000000,7,8
1,2.000000,-1.489000,0.320000,-45,0.000000,7,8
1,2.000000,-1.709000,0.383000,-44,0.000000,7,8
1,2.000000,-2.031000,0.762000,-45,0.000000,7,8
1,2.000000,-1.592000,0.220000,-48,0.000000,7,8
1,2.000000,-1.621000,0.341000,-46,0.000000,7,8
1,2.000000,-1.855000,0.553000,-46,0.000000,7,8
1,2.000000,-1.606000,0.242000,-48,0.000000,7,8
1,2.000000,-1.929000,0.563000,-45,0.000000,7,8
1,2.000000,-1.738000,0.475000,-43,0.000000,7,8
1,2.000000,-1.709000,0.460000,-42,0.000000,7,8
1,2.000000,-1.621000,0.360000,-43,0.000000,7,8
1,2.000000,-2.017000,0.664000,-41,0.000000,7,8
1,2.000000,-2.017000,0.687000,-45,0.000000,7,8
1,2.000000,-1.372000,0.287000,-44,0.000000,7,8
1,2.000000,-1.416000,0.318000,-42,0.000000,7,8
1,2.000000,-2.149000,0.680000,-47,0.000000,7,8
1,2.000000,-1.680000,0.441000,-43,0.000000,7,8
1,2.000000,-1.885000,0.641000,-42,0.000000,7,8
1,2.000000,-1.577000,0.492000,-42,0.000000,7,8
1,2.000000,-1.489000,0.436000,-43,0.000000,7,8
1,2.000000,-1.431000,0.356000,-42,0.000000,7,8
1,2.000000,-1.724000,0.575000,-43,0.000000,7,8
1,2.000000,-1.489000,0.250000,-44,0.000000,7,8
1,2.000000,-1.270000,0.316000,-43,0.000000,7,8
1,2.000000,-1.416000,0.262000,-43,0.000000,7,8
1,2.000000,-1.108000,0.197000,-43,0.000000,7,8
1,2.000000,-1.621000,0.441000,-44,0.000000,7,8
1,2.000000,-1.533000,0.359000,-44,0.000000,7,8
1,2.000000,-1.504000,0.321000,-43,0.000000,7,8
1,2.000000,-1.548000,0.351000,-43,0.000000,7,8
1,2.000000,-1.812000,0.533000,-42,0.000000,7,8
1,2.000000,-1.519000,0.409000,-43,0.000000,7,8
1,2.000000,-1.255000,0.200000,-43,0.000000,7,8
1,2.000000,-1.577000,0.410000,-43,0.000000,7,8
1,2.000000,-1.694000,0.435000,-44,0.000000,7,8
1,2.000000,-1.709000,0.337000,-43,0.000000,7,8
1,2.000000,-1.519000,0.296000,-42,0.000000,7,8
1,2.000000,-1.504000,0.404000,-42,0.000000,7,8
1,2.000000,-1.504000,0.389000,-42,0.000000,7,8
1,2.000000,-1.592000,0.445000,-42,0.000000,7,8
1,2.000000,-1.899000,0.598000,-42,0.000000,7,8
1,2.000000,-1.753000,0.661000,-42,0.000000,7,8
1,2.000000,-2.002000,0.619000,-41,0.000000,7,8
1,2.000000,-1.987000,0.636000,-42,0.000000,7,8
1,2.000000,-1.753000,0.447000,-42,0.000000,7,8
1,2.000000,-1.797000,0.568000,-42,0.000000,7,8
1,2.000000,-1.650000,0.452000,-42,0.000000,7,8
1,2.000000,-1.592000,0.408000,-42,0.000000,7,8
1,2.000000,-1.621000,0.430000,-42,0.000000,7,8
1,2.000000,-1.577000,0.497000,-42,0.000000,7,8
1,2.000000,-1.357000,0.414000,-42,0.000000,7,8
1,2.000000,-1.606000,0.378000,-43,0.000000,7,8
1,2.000000,-1.387000,0.302000,-43,0.000000,7,8
1,2.000000,-1.299000,0.278000,-44,0.000000,7,8
1,2.000000,-1.431000,0.376000,-45,0.000000,7,8
1,2.000000,-1.958000,0.547000,-44,0.000000,7,8
1,2.000000,-1.958000,0.542000,-44,0.000000,7,8
1,2.000000,-1.812000,0.527000,-44,0.000000,7,8
1,2.000000,-1.958000,0.534000,-44,0.000000,7,8
1,2.000000,-1.650000,0.481000,-44,0.000000,7,8
1,2.000000,-1.548000,0.436000,-44,0.000000,7,8
1,2.000000,-1.797000,0.563000,-44,0.000000,7,8
1,2.000000,-1.709000,0.455000,-44,0.000000,7,8
1,2.000000,-1.753000,0.540000,-45,0.000000,7,8
1,2.000000,-1.606000,0.476000,-45,0.000000,7,8
1,2.000000,-1.797000,0.593000,-46,0.000000,7,8
1,2.000000,-1.885000,0.495000,-45,0.000000,7,8
1,2.000000,-1.797000,0.549000,-46,0.000000,7,8
1,2.000000,-1.914000,0.675000,-46,0.000000,7,8
1,2.000000,-1.855000,0.654000,-46,0.000000,7,8
1,2.000000,-1.914000,0.603000,-44,0.000000,7,8
1,2.000000,-1.753000,0.537000,-44,0.000000,7,8
1,2.000000,-1.563000,0.363000,-46,0.000000,7,8
1,2.000000,-1.519000,0.370000,-45,0.000000,7,8
1,2.000000,-1.899000,0.690000,-42,0.000000,7,8
1,2.000000,-1.563000,0.470000,-45,0.000000,7,8
1,2.000000,-1.270000,0.276000,-48,0.000000,7,8
1,2.000000,-1.299000,0.437000,-47,0.000000,7,8
1,2.000000,-1.196000,0.754000,-48,0.000000,7,8
1,2.000000,-1.270000,0.967000,-47,0.000000,7,8
1,2.000000,-1.460000,1.001000,-46,0.000000,7,8
1,2.000000,-1.299000,0.982000,-45,0.000000,7,8
1,2.000000,-1.270000,0.446000,-44,0.000000,7,8
1,2.000000,-1.431000,0.432000,-43,0.000000,7,8
1,2.000000,-1.343000,0.283000,-43,0.000000,7,8
1,2.000000,-1.548000,0.393000,-43,0.000000,7,8
1,2.000000,-1.519000,0.389000,-44,0.000000,7,8
1,2.000000,-1.519000,0.406000,-45,0.000000,7,8
1,2.000000,-1.196000,0.225000,-48,0.000000,7,8
1,2.000000,-1.270000,0.311000,-44,0.000000,7,8
1,2.000000,-1.768000,0.559000,-45,0.000000,7,8
1,2.000000,-1.328000,0.318000,-47,0.000000,7,8
1,2.000000,-1.797000,1.101000,-50,0.000000,7,8
1,2.000000,-1.636000,1.084000,-49,0.000000,7,8
1,2.000000,-1.592000,1.166000,-51,0.000000,7,8
1,2.000000,-1.709000,0.548000,-52,0.000000,7,8
1,2.000000,-1.870000,0.631000,-50,0.000000,7,8
1,2.000000,-2.031000,0.665000,-49,0.000000,7,8
1,2.000000,-1.943000,0.583000,-49,0.000000,7,8
1,2.000000,-1.592000,0.378000,-48,0.000000,7,8
1,2.000000,-1.519000,0.362000,-48,0.000000,7,8
1,2.000000,-1.416000,0.281000,-49,0.000000,7,8
1,2.000000,-1.489000,0.440000,-50,0.000000,7,8
1,2.000000,-1.460000,0.400000,-51,0.000000,7,8
1,2.000000,-1.650000,0.528000,-51,0.000000,7,8
1,2.000000,-2.104000,0.660000,-49,0.000000,7,8
1,2.000000,-1.548000,0.451000,-45,0.000000,7,8
1,2.000000,-1.401000,0.282000,-45,0.000000,7,8
1,2.000000,-1.387000,0.243000,-45,0.000000,7,8
1,2.000000,-1.314000,0.298000,-45,0.000000,7,8
1,2.000000,-1.489000,0.267000,-45,0.000000,7,8
1,2.000000,-1.504000,0.427000,-45,0.000000,7,8
1,2.000000,-1.519000,0.297000,-45,0.000000,7,8
1,2.000000,-1.519000,0.342000,-44,0.000000,7,8
1,2.000000,-1.353000,0.132000,-44,0.000000,7,8
1,2.000000,-1.504000,0.192000,-44,0.000000,7,8
1,2.000000,-1.314000,0.218000,-43,0.000000,7,8
1,2.000000,-1.416000,0.188000,-43,0.000000,7,8
1,2.000000,-1.826000,0.532000,-43,0.000000,7,8
1,2.000000,-1.870000,0.563000,-43,0.000000,7,8
1,2.000000,-1.680000,0.398000,-42,0.000000,7,8
1,2.000000,-1.504000,0.240000,-42,0.000000,7,8
1,2.000000,-1.724000,0.522000,-42,0.000000,7,8
1,2.000000,-1.563000,0.350000,-42,0.000000,7,8
1,2.000000,-1.606000,0.349000,-42,0.000000,7,8
1,2.000000,-1.724000,0.366000,-44,0.000000,7,8
1,2.000000,-2.339000,0.652000,-44,0.000000,7,8
1,2.000000,-1.987000,0.545000,-43,0.000000,7,8
1,2.000000,-2.222000,0.700000,-41,0.000000,7,8
1,2.000000,-1.929000,0.559000,-43,0.000000,7,8
1,2.000000,-1.870000,0.414000,-43,0.000000,7,8
1,2.000000,-1.885000,0.549000,-41,0.000000,7,8
1,2.000000,-2.149000,0.655000,-41,0.000000,7,8
1,2.000000,-1.929000,0.562000,-41,0.000000,7,8
1,2.000000,-1.943000,0.668000,-41,0.000000,7,8
1,2.000000,-2.690000,0.907000,-42,0.000000,7,8
1,2.000000,-1.826000,0.533000,-44,0.000000,7,8
1,2.000000,-2.061000,0.776000,-43,0.000000,7,8
1,2.000000,-1.021000,1.698000,-42,0.000000,7,8
1,2.000000,-1.460000,0.306000,-44,0.000000,7,8
1,2.000000,-1.753000,0.323000,-46,0.000000,7,8
1,2.000000,-1.636000,0.144000,-46,0.000000,7,8
1,2.000000,-2.280000,0.612000,-44,0.000000,7,8
1,2.000000,-2.031000,0.586000,-43,0.000000,7,8
1,2.000000,-2.412000,0.794000,-42,0.000000,7,8
1,2.000000,-2.002000,0.612000,-41,0.000000,7,8
1,2.000000,-1.914000,0.731000,-42,0.000000,7,8
1,2.000000,-1.782000,0.592000,-41,0.000000,7,8
1,2.000000,-2.104000,0.638000,-42,0.000000,7,8
1,2.000000,-1.987000,0.563000,-42,0.000000,7,8
1,2.000000,-2.178000,0.669000,-43,0.000000,7,8
1,2.000000,-2.090000,0.659000,-44,0.000000,7,8
1,2.000000,-1.943000,0.580000,-43,0.000000,7,8
1,2.000000,-1.958000,0.607000,-43,0.000000,7,8
1,2.000000,-1.899000,0.512000,-43,0.000000,7,8
1,2.000000,-2.031000,0.663000,-42,0.000000,7,8
1,2.000000,-1.900000,0.594000,-42,0.000000,7,8
1,2.000000,-1.812000,0.480000,-42,0.000000,7,8
1,2.000000,-1.929000,0.558000,-41,0.000000,7,8
1,2.000000,-1.899000,0.579000,-42,0.000000,7,8
1,2.000000,-1.914000,0.542000,-42,0.000000,7,8
1,2.000000,-2.031000,0.596000,-42,0.000000,7,8
1,2.000000,-2.031000,0.604000,-42,0.000000,7,8
1,2.000000,-2.324000,0.706000,-42,0.000000,7,8
1,2.000000,-1.782000,0.490000,-42,0.000000,7,8
1,2.000000,-2.354000,0.705000,-42,0.000000,7,8
1,2.000000,-1.987000,0.554000,-42,0.000000,7,8
1,2.000000,-1.973000,0.478000,-42,0.000000,7,8
1,2.000000,-1.929000,0.446000,-43,0.000000,7,8
1,2.000000,-1.899000,0.580000,-42,0.000000,7,8
1,2.000000,-1.958000,0.541000,-42,0.000000,7,8
1,2.000000,-1.650000,0.516000,-42,0.000000,7,8
1,2.000000,-1.841000,0.531000,-44,0.000000,7,8
1,2.000000,-2.163000,0.709000,-45,0.000000,7,8
1,2.000000,-2.280000,0.814000,-42,0.000000,7,8
1,2.000000,-2.031000,0.660000,-42,0.000000,7,8
1,2.000000,-2.046000,0.677000,-41,0.000000,7,8
1,2.000000,-1.987000,0.653000,-41,0.000000,7,8
1,2.000000,-1.929000,0.599000,-42,0.000000,7,8
1,2.000000,-1.943000,0.586000,-42,0.000000,7,8
1,2.000000,-1.973000,0.659000,-42,0.000000,7,8
1,2.000000,-2.090000,0.615000,-43,0.000000,7,8
1,2.000000,-2.105000,0.681000,-42,0.000000,7,8
1,2.000000,-2.280000,0.838000,-42,0.000000,7,8
1,2.000000,-2.324000,0.833000,-42,0.000000,7,8
1,2.000000,-2.412000,0.873000,-42,0.000000,7,8
1,2.000000,-2.178000,0.674000,-42,0.000000,7,8
1,2.000000,-2.090000,0.731000,-43,0.000000,7,8
1,2.000000,-2.104000,0.734000,-42,0.000000,7,8
1,2.000000,-1.943000,0.719000,-42,0.000000,7,8
1,2.000000,-2.163000,0.804000,-41,0.000000,7,8
1,2.000000,-2.105000,0.730000,-42,0.000000,7,8
1,2.000000,-2.412000,0.950000,-41,0.000000,7,8
1,2.000000,-2.324000,0.890000,-41,0.000000,7,8
1,2.000000,-2.398000,0.982000,-42,0.000000,7,8
1,2.000000,-2.148000,0.783000,-41,0.000000,7,8
1,2.000000,-2.222000,0.798000,-41,0.000000,7,8
1,2.000000,-2.236000,0.770000,-41,0.000000,7,8
1,2.000000,-2.368000,0.867000,-41,0.000000,7,8
1,2.000000,-2.119000,0.705000,-41,0.000000,7,8
1,2.000000,-2.105000,0.844000,-41,0.000000,7,8
1,2.000000,-2.236000,0.761000,-41,0.000000,7,8
1,2.000000,-2.222000,0.833000,-41,0.000000,7,8
1,2.000000,-2.134000,0.724000,-41,0.000000,7,8
1,2.000000,-2.119000,0.737000,-41,0.000000,7,8
1,2.000000,-2.251000,0.897000,-41,0.000000,7,8
1,2.000000,-2.163000,0.721000,-41,0.000000,7,8
1,2.000000,-2.031000,0.711000,-41,0.000000,7,8
1,2.000000,-2.398000,0.902000,-41,0.000000,7,8
1,2.000000,-1.636000,0.412000,-42,0.000000,7,8
1,2.000000,-2.324000,0.750000,-43,0.000000,7,8
1,2.000000,-2.398000,0.924000,-42,0.000000,7,8
1,2.000000,-2.310000,0.744000,-42,0.000000,7,8
1,2.000000,-2.046000,0.648000,-42,0.000000,7,8
1,2.000000,-2.104000,0.728000,-42,0.000000,7,8
1,2.000000,-1.709000,0.601000,-43,0.000000,7,8
1,2.000000,-1.958000,0.561000,-43,0.000000,7,8
1,2.000000,-1.460000,0.495000,-44,0.000000,7,8
1,2.000000,-1.680000,0.738000,-44,0.000000,7,8
1,2.000000,-1.855000,0.496000,-45,0.000000,7,8
1,2.000000,-1.475000,0.445000,-47,0.000000,7,8
1,2.000000,-1.694000,0.510000,-44,0.000000,7,8
1,2.000000,-1.431000,0.636000,-46,0.000000,7,8
1,2.000000,-1.416000,0.310000,-47,0.000000,7,8
1,2.000000,-1.328000,0.393000,-44,0.000000,7,8
1,2.000000,-1.592000,0.382000,-41,0.000000,7,8
1,2.000000,-1.738000,0.463000,-44,0.000000,7,8
1,2.000000,-2.163000,0.696000,-45,0.000000,7,8
1,2.000000,-1.958000,0.495000,-46,0.000000,7,8
1,2.000000,-1.885000,0.529000,-47,0.000000,7,8
1,2.000000,-1.636000,0.341000,-51,0.000000,7,8
1,2.000000,-2.119000,0.459000,-50,0.000000,7,8
1,2.000000,-2.031000,0.721000,-48,0.000000,7,8
1,2.000000,-1.826000,0.484000,-45,0.000000,7,8
1,2.000000,-1.445000,0.310000,-42,0.000000,7,8
1,2.000000,-2.178000,0.764000,-44,0.000000,7,8
1,2.000000,-1.650000,0.447000,-47,0.000000,7,8
1,2.000000,-1.709000,0.502000,-46,0.000000,7,8
1,2.000000,-1.489000,0.349000,-45,0.000000,7,8
1,2.000000,-1.372000,0.312000,-43,0.000000,7,8
1,2.000000,-1.196000,0.288000,-41,0.000000,7,8
1,2.000000,-1.489000,0.450000,-42,0.000000,7,8
1,2.000000,-1.826000,0.522000,-46,0.000000,7,8
1,2.000000,-1.533000,0.438000,-45,0.000000,7,8
1,2.000000,-1.709000,0.412000,-45,0.000000,7,8
1,2.000000,-2.061000,0.509000,-47,0.000000,7,8
1,2.000000,-1.489000,0.530000,-43,0.000000,7,8
1,2.000000,-2.354000,0.795000,-43,0.000000,7,8
1,2.000000,-2.090000,1.147000,-46,0.000000,7,8
1,2.000000,-2.002000,1.209000,-48,0.000000,7,8
1,2.000000,-1.724000,1.184000,-52,0.000000,7,8
1,2.000000,-2.280000,2.113000,-55,0.000000,7,8
1,2.000000,-1.958000,0.738000,-53,0.000000,7,8
1,2.000000,-1.533000,0.252000,-45,0.000000,7,8
1,2.000000,-1.275000,0.141000,-47,0.000000,7,8
1,2.000000,-1.929000,0.723000,-55,0.000000,7,8
1,2.000000,-1.694000,0.368000,-47,0.000000,7,8
1,2.000000,-1.270000,0.199000,-49,0.000000,7,8
1,2.000000,-0.806000,0.170000,-44,0.000000,7,8
1,2.000000,-1.489000,0.314000,-48,0.000000,7,8
1,2.000000,-1.680000,0.515000,-42,0.000000,7,8
1,2.000000,-1.270000,0.350000,-42,0.000000,7,8
1,2.000000,-1.665000,0.388000,-47,0.000000,7,8
1,2.000000,-1.079000,0.240000,-44,0.000000,7,8
1,2.000000,-2.148000,0.595000,-44,0.000000,7,8
1,2.000000,-1.108000,0.180000,-44,0.000000,7,8
1,2.000000,-1.372000,0.379000,-43,0.000000,7,8
1,2.000000,-1.328000,0.304000,-45,0.000000,7,8
1,2.000000,-1.885000,0.398000,-45,0.000000,7,8
1,2.000000,-0.918000,0.177000,-43,0.000000,7,8
1,2.000000,-1.460000,0.173000,-44,0.000000,7,8
1,2.000000,-1.460000,0.229000,-44,0.000000,7,8
1,2.000000,-1.665000,0.464000,-44,0.000000,7,8
1,2.000000,-1.709000,0.590000,-43,0.000000,7,8
1,2.000000,-1.987000,1.320000,-53,0.000000,7,8
1,2.000000,-1.621000,0.504000,-47,0.000000,7,8
1,2.000000,-1.563000,0.322000,-45,0.000000,7,8
1,2.000000,-1.841000,0.391000,-45,0.000000,7,8
1,2.000000,-1.314000,0.252000,-46,0.000000,7,8
1,2.000000,-1.235000,0.284000,-46,0.000000,7,8
1,2.000000,-0.859000,0.223000,-42,0.000000,7,8
1,2.000000,-0.757000,0.262000,-44,0.000000,7,8
1,2.000000,-1.021000,0.223000,-48,0.000000,7,8
1,2.000000,-1.065000,0.173000,-41,0.000000,7,8
1,2.000000,-1.167000,0.093000,-43,0.000000,7,8
1,2.000000,-1.372000,0.317000,-44,0.000000,7,8
1,2.000000,-0.977000,0.299000,-41,0.000000,7,8
1,2.000000,-1.050000,0.189000,-41,0.000000,7,8
1,2.000000,-1.050000,0.139000,-43,0.000000,7,8
1,2.000000,-1.138000,0.483000,-42,0.000000,7,8
1,2.000000,-1.416000,0.587000,-42,0.000000,7,8
1,2.000000,-1.094000,0.298000,-42,0.000000,7,8
1,2.000000,-1.001000,0.199000,-42,0.000000,7,8
1,2.000000,-1.138000,0.279000,-43,0.000000,7,8
1,2.000000,-1.826000,0.584000,-42,0.000000,7,8
1,2.000000,-1.226000,0.361000,-41,0.000000,7,8
1,2.000000,-1.050000,0.192000,-42,0.000000,7,8
1,2.000000,-1.475000,0.320000,-44,0.000000,7,8
1,2.000000,-1.255000,0.197000,-45,0.000000,7,8
1,2.000000,-1.099000,0.271000,-45,0.000000,7,8
1,2.000000,-0.933000,0.311000,-42,0.000000,7,8
1,2.000000,-1.592000,0.474000,-42,0.000000,7,8
1,2.000000,-1.299000,0.298000,-47,0.000000,7,8
1,2.000000,-0.903000,0.341000,-41,0.000000,7,8
1,2.000000,-1.094000,0.297000,-41,0.000000,7,8
1,2.000000,-1.152000,0.252000,-45,0.000000,7,8
1,2.000000,-1.299000,0.304000,-44,0.000000,7,8
1,2.000000,-1.343000,0.361000,-44,0.000000,7,8
1,2.000000,-1.035000,0.265000,-43,0.000000,7,8
1,2.000000,-1.343000,0.190000,-45,0.000000,7,8
1,2.000000,-1.270000,0.199000,-47,0.000000,7,8
1,2.000000,-0.923000,0.490000,-45,0.000000,7,8
1,2.000000,-1.167000,0.202000,-44,0.000000,7,8
1,2.000000,-1.343000,0.278000,-44,0.000000,7,8
1,2.000000,-1.372000,0.319000,-45,0.000000,7,8
1,2.000000,-1.240000,0.246000,-45,0.000000,7,8
1,2.000000,-1.123000,0.177000,-44,0.000000,7,8
1,2.000000,-1.079000,0.244000,-44,0.000000,7,8
1,2.000000,-1.021000,0.242000,-47,0.000000,7,8
1,2.000000,-1.255000,0.285000,-45,0.000000,7,8
1,2.000000,-0.845000,0.378000,-45,0.000000,7,8
1,2.000000,-1.094000,0.227000,-45,0.000000,7,8
1,2.000000,-0.991000,0.182000,-46,0.000000,7,8
1,2.000000,-0.918000,0.263000,-47,0.000000,7,8
1,2.000000,-1.211000,0.173000,-48,0.000000,7,8
1,2.000000,-1.177000,0.150000,-49,0.000000,7,8
1,2.000000,-1.431000,0.246000,-51,0.000000,7,8
1,2.000000,-1.240000,0.127000,-50,0.000000,7,8
1,2.000000,-1.431000,0.408000,-48,0.000000,7,8
1,2.000000,-1.094000,0.306000,-46,0.000000,7,8
1,2.000000,-1.548000,0.543000,-46,0.000000,7,8
1,2.000000,-1.548000,0.290000,-46,0.000000,7,8
1,2.000000,-1.606000,0.586000,-45,0.000000,7,8
1,2.000000,-1.606000,0.410000,-45,0.000000,7,8
1,2.000000,-1.577000,0.429000,-45,0.000000,7,8
1,2.000000,-1.899000,0.401000,-47,0.000000,7,8
1,2.000000,-1.387000,0.353000,-42,0.000000,7,8
1,2.000000,-1.255000,0.238000,-44,0.000000,7,8
1,2.000000,-1.270000,0.400000,-42,0.000000,7,8
1,2.000000,-1.621000,0.517000,-43,0.000000,7,8
1,2.000000,-1.079000,0.300000,-43,0.000000,7,8
1,2.000000,-1.152000,0.352000,-43,0.000000,7,8
1,2.000000,-1.299000,0.329000,-45,0.000000,7,8
1,2.000000,-1.401000,0.367000,-43,0.000000,7,8
1,2.000000,-0.977000,0.197000,-43,0.000000,7,8
1,2.000000,-1.035000,0.208000,-42,0.000000,7,8
1,2.000000,-1.255000,0.423000,-41,0.000000,7,8
1,2.000000,-1.768000,0.615000,-42,0.000000,7,8
1,2.000000,-1.240000,0.340000,-43,0.000000,7,8
1,2.000000,-1.577000,0.480000,-42,0.000000,7,8
1,2.000000,-1.211000,0.391000,-42,0.000000,7,8
1,2.000000,-1.152000,0.429000,-42,0.000000,7,8
1,2.000000,-1.284000,0.410000,-43,0.000000,7,8
1,2.000000,-1.099000,0.377000,-46,0.000000,7,8
1,2.000000,-1.240000,0.340000,-42,0.000000,7,8
1,2.000000,-1.577000,0.345000,-47,0.000000,7,8
1,2.000000,-1.138000,0.379000,-42,0.000000,7,8
1,2.000000,-1.636000,0.669000,-41,0.000000,7,8
1,2.000000,-1.167000,0.309000,-41,0.000000,7,8
1,2.000000,-1.782000,0.478000,-42,0.000000,7,8
1,2.000000,-1.079000,0.352000,-42,0.000000,7,8
1,2.000000,-1.118000,0.233000,-48,0.000000,7,8
1,2.000000,-1.255000,0.406000,-41,0.000000,7,8
1,2.000000,-1.152000,0.300000,-41,0.000000,7,8
1,2.000000,-1.006000,0.179000,-43,0.000000,7,8
1,2.000000,-1.240000,0.285000,-45,0.000000,7,8
1,2.000000,-1.401000,0.418000,-43,0.000000,7,8
1,2.000000,-1.182000,0.257000,-42,0.000000,7,8
1,2.000000,-0.903000,0.234000,-43,0.000000,7,8
1,2.000000,-1.108000,0.373000,-43,0.000000,7,8
1,2.000000,-1.328000,0.297000,-43,0.000000,7,8
1,2.000000,-0.903000,0.271000,-43,0.000000,7,8
1,2.000000,-1.094000,0.361000,-43,0.000000,7,8
1,2.000000,-1.079000,0.132000,-44,0.000000,7,8
1,2.000000,-1.065000,0.318000,-44,0.000000,7,8
1,2.000000,-0.977000,0.181000,-44,0.000000,7,8
1,2.000000,-1.021000,0.162000,-44,0.000000,7,8
1,2.000000,-0.933000,0.105000,-43,0.000000,7,8
1,2.000000,-1.240000,0.278000,-44,0.000000,7,8
1,2.000000,-1.284000,0.379000,-43,0.000000,7,8
1,2.000000,-1.079000,0.054000,-43,0.000000,7,8
1,2.000000,-1.270000,0.237000,-43,0.000000,7,8
1,2.000000,-1.079000,0.246000,-43,0.000000,7,8
1,2.000000,-1.035000,0.165000,-43,0.000000,7,8
1,2.000000,-1.123000,0.287000,-42,0.000000,7,8
1,2.000000,-1.006000,0.280000,-42,0.000000,7,8
1,2.000000,-1.489000,0.608000,-42,0.000000,7,8
1,2.000000,-1.167000,0.253000,-44,0.000000,7,8
1,2.000000,-1.152000,0.236000,-42,0.000000,7,8
1,2.000000,-1.226000,0.271000,-42,0.000000,7,8
1,2.000000,-1.167000,0.439000,-42,0.000000,7,8
1,2.000000,-1.006000,0.472000,-41,0.000000,7,8
1,2.000000,-1.050000,0.339000,-42,0.000000,7,8
1,2.000000,-1.138000,0.231000,-42,0.000000,7,8
1,2.000000,-1.357000,0.359000,-42,0.000000,7,8
1,2.000000,-1.475000,0.447000,-42,0.000000,7,8
1,2.000000,-1.606000,0.572000,-41,0.000000,7,8
1,2.000000,-1.460000,0.504000,-43,0.000000,7,8
1,2.000000,-1.460000,0.489000,-43,0.000000,7,8
1,2.000000,-1.563000,0.563000,-42,0.000000,7,8
1,2.000000,-1.401000,0.423000,-43,0.000000,7,8
1,2.000000,-1.387000,0.388000,-43,0.000000,7,8
1,2.000000,-1.475000,0.513000,-42,0.000000,7,8
1,2.000000,-1.387000,0.433000,-42,0.000000,7,8
1,2.000000,-1.387000,0.190000,-44,0.000000,7,8
1,2.000000,-1.299000,0.266000,-43,0.000000,7,8
1,2.000000,-1.270000,0.375000,-43,0.000000,7,8
1,2.000000,-1.416000,0.378000,-43,0.000000,7,8
1,2.000000,-1.343000,0.453000,-41,0.000000,7,8
1,2.000000,-1.196000,0.452000,-43,0.000000,7,8
1,2.000000,-1.226000,0.426000,-42,0.000000,7,8
1,2.000000,-1.006000,0.394000,-43,0.000000,7,8
1,2.000000,-1.211000,0.318000,-43,0.000000,7,8
1,2.000000,-0.947000,0.218000,-42,0.000000,7,8
1,2.000000,-0.947000,0.359000,-42,0.000000,7,8
1,2.000000,-1.445000,0.444000,-43,0.000000,7,8
1,2.000000,-1.343000,0.480000,-42,0.000000,7,8
1,2.000000,-1.548000,0.508000,-42,0.000000,7,8
1,2.000000,-1.152000,0.338000,-42,0.000000,7,8
1,2.000000,-1.138000,0.387000,-42,0.000000,7,8
1,2.000000,-1.401000,0.544000,-42,0.000000,7,8
1,2.000000,-1.060000,0.250000,-43,0.000000,7,8
1,2.000000,-1.563000,0.471000,-43,0.000000,7,8
1,2.000000,-1.431000,0.367000,-43,0.000000,7,8
1,2.000000,-1.284000,0.286000,-44,0.000000,7,8
1,2.000000,-1.343000,0.301000,-44,0.000000,7,8
1,2.000000,-1.240000,0.409000,-44,0.000000,7,8
1,2.000000,-0.962000,0.231000,-43,0.000000,7,8
1,2.000000,-1.079000,0.153000,-43,0.000000,7,8
1,2.000000,-1.152000,0.253000,-43,0.000000,7,8
1,2.000000,-1.387000,0.331000,-43,0.000000,7,8
1,2.000000,-1.299000,0.279000,-43,0.000000,7,8
1,2.000000,-1.079000,0.305000,-43,0.000000,7,8
1,2.000000,-1.021000,0.370000,-43,0.000000,7,8
1,2.000000,-0.747000,0.415000,-43,0.000000,7,8
1,2.000000,-0.947000,0.350000,-42,0.000000,7,8
1,2.000000,-1.079000,0.422000,-42,0.000000,7,8
1,2.000000,-0.933000,0.206000,-42,0.000000,7,8
1,2.000000,-1.050000,0.418000,-42,0.000000,7,8
1,2.000000,-1.050000,0.326000,-42,0.000000,7,8
1,2.000000,-1.240000,0.494000,-41,0.000000,7,8
1,2.000000,-1.284000,0.493000,-41,0.000000,7,8
1,2.000000,-0.889000,0.284000,-42,0.000000,7,8
1,2.000000,-1.519000,0.577000,-42,0.000000,7,8
1,2.000000,-1.314000,0.543000,-41,0.000000,7,8
1,2.000000,-1.138000,0.491000,-41,0.000000,7,8
1,2.000000,-1.050000,0.521000,-41,0.000000,7,8
1,2.000000,-1.152000,0.479000,-41,0.000000,7,8
1,2.000000,-1.240000,0.460000,-41,0.000000,7,8
1,2.000000,-1.240000,0.510000,-41,0.000000,7,8
1,2.000000,-1.592000,0.703000,-41,0.000000,7,8
1,2.000000,-1.431000,0.606000,-41,0.000000,7,8
1,2.000000,-1.357000,0.589000,-41,0.000000,7,8
1,2.000000,-1.533000,0.623000,-41,0.000000,7,8
1,2.000000,-1.563000,0.751000,-41,0.000000,7,8
1,2.000000,-1.343000,0.685000,-41,0.000000,7,8
1,2.000000,-1.343000,0.459000,-41,0.000000,7,8
1,2.000000,-1.094000,0.495000,-41,0.000000,7,8
1,2.000000,-1.372000,0.591000,-41,0.000000,7,8
1,2.000000,-1.343000,0.518000,-41,0.000000,7,8
1,2.000000,-0.977000,0.493000,-41,0.000000,7,8
1,2.000000,-1.343000,0.494000,-41,0.000000,7,8
1,2.000000,-1.226000,0.471000,-41,0.000000,7,8
1,2.000000,-1.255000,0.495000,-41,0.000000,7,8
1,2.000000,-1.357000,0.469000,-41,0.000000,7,8
1,2.000000,-1.401000,0.547000,-41,0.000000,7,8
1,2.000000,-1.357000,0.557000,-41,0.000000,7,8
1,2.000000,-1.357000,0.577000,-41,0.000000,7,8
1,2.000000,-1.255000,0.492000,-41,0.000000,7,8
1,2.000000,-1.504000,0.654000,-41,0.000000,7,8
1,2.000000,-1.401000,0.510000,-41,0.000000,7,8
1,2.000000,-1.240000,0.452000,-41,0.000000,7,8
1,2.000000,-1.065000,0.341000,-41,0.000000,7,8
1,2.000000,-1.123000,0.367000,-41,0.000000,7,8
1,2.000000,-1.182000,0.439000,-41,0.000000,7,8
1,2.000000,-1.182000,0.426000,-41,0.000000,7,8
1,2.000000,-1.270000,0.540000,-41,0.000000,7,8
1,2.000000,-0.977000,0.390000,-41,0.000000,7,8
1,2.000000,-1.328000,0.615000,-41,0.000000,7,8
1,2.000000,-1.152000,0.517000,-41,0.000000,7,8
1,2.000000,-0.947000,0.371000,-41,0.000000,7,8
1,2.000000,-1.152000,0.431000,-41,0.000000,7,8
1,2.000000,-1.006000,0.433000,-41,0.000000,7,8
1,2.000000,-1.372000,0.545000,-41,0.000000,7,8
1,2.000000,-1.416000,0.564000,-41,0.000000,7,8
1,2.000000,-1.328000,0.576000,-41,0.000000,7,8
1,2.000000,-0.933000,0.506000,-41,0.000000,7,8
1,2.000000,-1.196000,0.473000,-41,0.000000,7,8
1,2.000000,-1.284000,0.432000,-41,0.000000,7,8
1,2.000000,-1.431000,0.498000,-41,0.000000,7,8
1,2.000000,-1.299000,0.483000,-41,0.000000,7,8
1,2.000000,-1.211000,0.441000,-40,0.000000,7,8
1,2.000000,-1.226000,0.561000,-41,0.000000,7,8
1,2.000000,-1.343000,0.543000,-41,0.000000,7,8
1,2.000000,-1.372000,0.529000,-41,0.000000,7,8
1,2.000000,-1.196000,0.415000,-41,0.000000,7,8
1,2.000000,-1.167000,0.480000,-41,0.000000,7,8
1,2.000000,-1.196000,0.533000,-41,0.000000,7,8
1,2.000000,-1.182000,0.464000,-41,0.000000,7,8
1,2.000000,-1.196000,0.455000,-41,0.000000,7,8
1,2.000000,-1.065000,0.445000,-41,0.000000,7,8
1,2.000000,-1.226000,0.426000,-41,0.000000,7,8
1,2.000000,-0.991000,0.614000,-41,0.000000,7,8
1,2.000000,-0.991000,0.406000,-41,0.000000,7,8
1,2.000000,-0.991000,0.446000,-40,0.000000,7,8
1,2.000000,-0.933000,0.344000,-41,0.000000,7,8
1,2.000000,-1.328000,0.620000,-41,0.000000,7,8
1,2.000000,-1.167000,0.545000,-41,0.000000,7,8
1,2.000000,-1.489000,0.632000,-41,0.000000,7,8
1,2.000000,-1.006000,0.437000,-41,0.000000,7,8
1,2.000000,-1.182000,0.465000,-41,0.000000,7,8
1,2.000000,-0.816000,0.323000,-41,0.000000,7,8
1,2.000000,-1.035000,0.353000,-41,0.000000,7,8
1,2.000000,-1.196000,0.592000,-41,0.000000,7,8
1,2.000000,-0.830000,0.364000,-40,0.000000,7,8
1,2.000000,-1.416000,0.562000,-41,0.000000,7,8
1,2.000000,-1.123000,0.458000,-41,0.000000,7,8
1,2.000000,-1.138000,0.468000,-41,0.000000,7,8
1,2.000000,-0.933000,0.348000,-41,0.000000,7,8
1,2.000000,-1.006000,0.516000,-41,0.000000,7,8
1,2.000000,-1.299000,0.493000,-41,0.000000,7,8
1,2.000000,-1.284000,0.510000,-41,0.000000,7,8
1,2.000000,-1.079000,0.512000,-41,0.000000,7,8
1,2.000000,-1.123000,0.613000,-41,0.000000,7,8
1,2.000000,-1.240000,0.522000,-41,0.000000,7,8
1,2.000000,-1.138000,0.491000,-40,0.000000,7,8
1,2.000000,-0.918000,0.356000,-41,0.000000,7,8
1,2.000000,-0.962000,0.413000,-41,0.000000,7,8
1,2.000000,-1.021000,0.446000,-41,0.000000,7,8
1,2.000000,-1.152000,0.595000,-41,0.000000,7,8
1,2.000000,-0.845000,0.344000,-41,0.000000,7,8
1,2.000000,-1.299000,0.469000,-41,0.000000,7,8
1,2.000000,-0.889000,0.378000,-41,0.000000,7,8
1,2.000000,-1.006000,0.456000,-41,0.000000,7,8
1,2.000000,-1.094000,0.429000,-41,0.000000,7,8
1,2.000000,-1.108000,0.424000,-40,0.000000,7,8
1,2.000000,-1.372000,0.586000,-41,0.000000,7,8
1,2.000000,-0.962000,0.394000,-40,0.000000,7,8
1,2.000000,-0.771000,0.323000,-41,0.000000,7,8
1,2.000000,-1.167000,0.477000,-40,0.000000,7,8
1,2.000000,-1.094000,0.422000,-41,0.000000,7,8
1,2.000000,-1.079000,0.482000,-40,0.000000,7,8
1,2.000000,-1.108000,0.426000,-41,0.000000,7,8
1,2.000000,-1.138000,0.500000,-41,0.000000,7,8
1,2.000000,-1.255000,0.533000,-41,0.000000,7,8
1,2.000000,-1.021000,0.440000,-41,0.000000,7,8
1,2.000000,-1.021000,0.370000,-40,0.000000,7,8
1,2.000000,-1.314000,0.626000,-41,0.000000,7,8
1,2.000000,-0.947000,0.437000,-41,0.000000,7,8
1,2.000000,-1.021000,0.326000,-41,0.000000,7,8
1,2.000000,-1.065000,0.438000,-41,0.000000,7,8
1,2.000000,-1.108000,0.512000,-41,0.000000,7,8
1,2.000000,-1.094000,0.493000,-41,0.000000,7,8
1,2.000000,-0.815000,0.465000,-41,0.000000,7,8
1,2.000000,-1.006000,0.423000,-41,0.000000,7,8
1,2.000000,-1.270000,0.532000,-41,0.000000,7,8
1,2.000000,-1.079000,0.438000,-41,0.000000,7,8
1,2.000000,-1.182000,0.406000,-41,0.000000,7,8
1,2.000000,-0.874000,0.374000,-41,0.000000,7,8
1,2.000000,-1.050000,0.673000,-41,0.000000,7,8
1,2.000000,-1.152000,0.409000,-41,0.000000,7,8
1,2.000000,-1.123000,0.568000,-41,0.000000,7,8
1,2.000000,-1.372000,0.651000,-41,0.000000,7,8
1,2.000000,-1.270000,0.532000,-41,0.000000,7,8
1,2.000000,-0.962000,0.496000,-41,0.000000,7,8
1,2.000000,-1.401000,0.598000,-41,0.000000,7,8
1,2.000000,-1.255000,0.584000,-41,0.000000,7,8
1,2.000000,-0.962000,0.446000,-41,0.000000,7,8
1,2.000000,-0.962000,0.499000,-41,0.000000,7,8
1,2.000000,-1.035000,0.443000,-41,0.000000,7,8
1,2.000000,-1.328000,0.546000,-41,0.000000,7,8
1,2.000000,-1.182000,0.442000,-41,0.000000,7,8
1,2.000000,-1.138000,0.514000,-41,0.000000,7,8
1,2.000000,-1.240000,0.448000,-41,0.000000,7,8
1,2.000000,-1.152000,0.525000,-41,0.000000,7,8
1,2.000000,-1.182000,0.656000,-41,0.000000,7,8
1,2.000000,-1.152000,0.657000,-41,0.000000,7,8
1,2.000000,-0.889000,0.335000,-41,0.000000,7,8
1,2.000000,-1.167000,0.437000,-41,0.000000,7,8
1,2.000000,-0.962000,0.463000,-41,0.000000,7,8
1,2.000000,-1.504000,0.593000,-41,0.000000,7,8
1,2.000000,-0.991000,0.479000,-41,0.000000,7,8
1,2.000000,-1.299000,0.541000,-41,0.000000,7,8
1,2.000000,-1.416000,0.594000,-41,0.000000,7,8
1,2.000000,-1.006000,0.414000,-41,0.000000,7,8
1,2.000000,-0.947000,0.348000,-41,0.000000,7,8
1,2.000000,-0.830000,0.329000,-41,0.000000,7,8
1,2.000000,-1.138000,0.435000,-41,0.000000,7,8
1,2.000000,-1.035000,0.424000,-41,0.000000,7,8
1,2.000000,-0.859000,0.484000,-40,0.000000,7,8
1,2.000000,-0.889000,0.351000,-41,0.000000,7,8
1,2.000000,-1.035000,0.471000,-40,0.000000,7,8
1,2.000000,-1.270000,0.497000,-40,0.000000,7,8
1,2.000000,-0.918000,0.439000,-41,0.000000,7,8
1,2.000000,-1.094000,0.441000,-41,0.000000,7,8
1,2.000000,-0.962000,0.398000,-41,0.000000,7,8
1,2.000000,-1.196000,0.429000,-41,0.000000,7,8
1,2.000000,-1.065000,0.499000,-41,0.000000,7,8
1,2.000000,-1.123000,0.451000,-41,0.000000,7,8
1,2.000000,-1.094000,0.496000,-41,0.000000,7,8
1,2.000000,-0.918000,0.351000,-41,0.000000,7,8
1,2.000000,-0.962000,0.433000,-41,0.000000,7,8
1,2.000000,-0.977000,0.568000,-40,0.000000,7,8
1,2.000000,-1.182000,0.458000,-41,0.000000,7,8
1,2.000000,-1.152000,0.507000,-41,0.000000,7,8
1,2.000000,-1.299000,0.628000,-41,0.000000,7,8
1,2.000000,-1.123000,0.488000,-41,0.000000,7,8
1,2.000000,-1.094000,0.358000,-41,0.000000,7,8
1,2.000000,-1.328000,0.562000,-41,0.000000,7,8
1,2.000000,-1.196000,0.518000,-41,0.000000,7,8
1,2.000000,-1.606000,0.693000,-41,0.000000,7,8
1,2.000000,-1.240000,0.415000,-41,0.000000,7,8
1,2.000000,-1.680000,0.753000,-41,0.000000,7,8
1,2.000000,-1.694000,0.670000,-41,0.000000,7,8
1,2.000000,-1.782000,0.735000,-41,0.000000,7,8
1,2.000000,-1.709000,0.701000,-41,0.000000,7,8
1,2.000000,-1.372000,0.548000,-41,0.000000,7,8
1,2.000000,-1.885000,0.763000,-41,0.000000,7,8
1,2.000000,-1.460000,0.628000,-41,0.000000,7,8
1,2.000000,-1.284000,0.428000,-41,0.000000,7,8
1,2.000000,-1.650000,0.638000,-41,0.000000,7,8
1,2.000000,-1.211000,0.456000,-41,0.000000,7,8
1,2.000000,-1.401000,0.511000,-41,0.000000,7,8
1,2.000000,-1.592000,0.668000,-41,0.000000,7,8
1,2.000000,-1.606000,0.752000,-41,0.000000,7,8
1,2.000000,-1.445000,0.617000,-42,0.000000,7,8
1,2.000000,-1.738000,0.773000,-41,0.000000,7,8
1,2.000000,-1.504000,0.681000,-41,0.000000,7,8
1,2.000000,-1.504000,0.614000,-41,0.000000,7,8
1,2.000000,-1.372000,0.701000,-41,0.000000,7,8
1,2.000000,-1.460000,0.687000,-41,0.000000,7,8
1,2.000000,-1.431000,0.547000,-41,0.000000,7,8
1,2.000000,-1.504000,0.555000,-41,0.000000,7,8
1,2.000000,-1.416000,0.568000,-41,0.000000,7,8
1,2.000000,-1.738000,0.720000,-42,0.000000,7,8
1,2.000000,-1.445000,0.640000,-41,0.000000,7,8
1,2.000000,-1.108000,0.552000,-41,0.000000,7,8
1,2.000000,-0.918000,0.315000,-42,0.000000,7,8
1,2.000000,-0.918000,0.432000,-41,0.000000,7,8
1,2.000000,-1.079000,0.494000,-41,0.000000,7,8
1,2.000000,-1.108000,0.444000,-41,0.000000,7,8
1,2.000000,-1.065000,0.546000,-40,0.000000,7,8
1,2.000000,-1.196000,0.579000,-41,0.000000,7,8
1,2.000000,-1.152000,0.545000,-41,0.000000,7,8
1,2.000000,-0.903000,0.424000,-41,0.000000,7,8
1,2.000000,-0.845000,0.549000,-41,0.000000,7,8
1,2.000000,-0.874000,0.416000,-41,0.000000,7,8
1,2.000000,-1.196000,0.490000,-41,0.000000,7,8
1,2.000000,-1.035000,0.438000,-41,0.000000,7,8
1,2.000000,-1.138000,0.528000,-41,0.000000,7,8
1,2.000000,-1.035000,0.417000,-41,0.000000,7,8
1,2.000000,-1.240000,0.584000,-41,0.000000,7,8
1,2.000000,-0.977000,0.512000,-41,0.000000,7,8
1,2.000000,-1.270000,0.598000,-41,0.000000,7,8
1,2.000000,-0.889000,0.345000,-41,0.000000,7,8
1,2.000000,-1.182000,0.544000,-41,0.000000,7,8
1,2.000000,-1.196000,0.543000,-41,0.000000,7,8
1,2.000000,-1.211000,0.537000,-41,0.000000,7,8
1,2.000000,-1.152000,0.572000,-41,0.000000,7,8
1,2.000000,-1.328000,0.650000,-41,0.000000,7,8
1,2.000000,-1.445000,0.602000,-41,0.000000,7,8
1,2.000000,-1.621000,0.683000,-41,0.000000,7,8
1,2.000000,-1.563000,0.740000,-41,0.000000,7,8
1,2.000000,-1.299000,0.490000,-41,0.000000,7,8
1,2.000000,-1.519000,0.596000,-41,0.000000,7,8
1,2.000000,-1.621000,0.633000,-41,0.000000,7,8
1,2.000000,-1.636000,0.669000,-42,0.000000,7,8
1,2.000000,-1.226000,0.493000,-41,0.000000,7,8
1,2.000000,-1.694000,0.690000,-41,0.000000,7,8
1,2.000000,-1.460000,0.591000,-41,0.000000,7,8
1,2.000000,-1.533000,0.636000,-41,0.000000,7,8
1,2.000000,-1.636000,0.630000,-41,0.000000,7,8
1,2.000000,-1.475000,0.571000,-42,0.000000,7,8
1,2.000000,-1.431000,0.586000,-41,0.000000,7,8
1,2.000000,-1.328000,0.604000,-41,0.000000,7,8
1,2.000000,-1.665000,0.730000,-41,0.000000,7,8
1,2.000000,-1.563000,0.684000,-42,0.000000,7,8
1,2.000000,-1.460000,0.636000,-41,0.000000,7,8
1,2.000000,-1.416000,0.572000,-41,0.000000,7,8
1,2.000000,-1.445000,0.531000,-41,0.000000,7,8
1,2.000000,-1.533000,0.604000,-41,0.000000,7,8
1,2.000000,-1.533000,0.625000,-41,0.000000,7,8
1,2.000000,-1.357000,0.682000,-42,0.000000,7,8
1,2.000000,-1.724000,0.694000,-42,0.000000,7,8
1,2.000000,-1.475000,0.610000,-41,0.000000,7,8
1,2.000000,-1.870000,0.782000,-41,0.000000,7,8
1,2.000000,-1.621000,0.688000,-42,0.000000,7,8
1,2.000000,-1.563000,0.586000,-42,0.000000,7,8
1,2.000000,-1.636000,0.744000,-42,0.000000,7,8
1,2.000000,-1.709000,0.737000,-41,0.000000,7,8
1,2.000000,-1.387000,0.555000,-41,0.000000,7,8
1,2.000000,-1.387000,0.563000,-41,0.000000,7,8
1,2.000000,-1.372000,0.562000,-41,0.000000,7,8
1,2.000000,-1.343000,0.565000,-41,0.000000,7,8
1,2.000000,-1.504000,0.647000,-41,0.000000,7,8
1,2.000000,-1.445000,0.635000,-41,0.000000,7,8
1,2.000000,-1.548000,0.705000,-42,0.000000,7,8
1,2.000000,-1.445000,0.486000,-41,0.000000,7,8
1,2.000000,-1.270000,0.447000,-41,0.000000,7,8
1,2.000000,-1.299000,0.518000,-42,0.000000,7,8
1,2.000000,-1.621000,0.696000,-41,0.000000,7,8
1,2.000000,-1.167000,0.643000,-41,0.000000,7,8
1,2.000000,-1.387000,0.618000,-41,0.000000,7,8
1,2.000000,-1.519000,0.705000,-41,0.000000,7,8
1,2.000000,-1.509000,0.634000,-41,0.000000,7,8
1,2.000000,-1.768000,0.736000,-41,0.000000,7,8
1,2.000000,-1.636000,0.688000,-41,0.000000,7,8
1,2.000000,-1.079000,0.456000,-41,0.000000,7,8
1,2.000000,-1.812000,0.833000,-41,0.000000,7,8
1,2.000000,-1.738000,0.775000,-41,0.000000,7,8
1,2.000000,-1.445000,0.531000,-42,0.000000,7,8
1,2.000000,-1.401000,0.615000,-42,0.000000,7,8
1,2.000000,-1.606000,0.621000,-41,0.000000,7,8
1,2.000000,-1.504000,0.553000,-41,0.000000,7,8
1,2.000000,-0.977000,0.667000,-41,0.000000,7,8
1,2.000000,-1.445000,0.582000,-41,0.000000,7,8
1,2.000000,-1.475000,0.616000,-41,0.000000,7,8
1,2.000000,-1.548000,0.638000,-41,0.000000,7,8
1,2.000000,-1.226000,0.603000,-41,0.000000,7,8
1,2.000000,-1.563000,0.639000,-42,0.000000,7,8
1,2.000000,-1.621000,0.658000,-41,0.000000,7,8
1,2.000000,-1.401000,0.519000,-42,0.000000,7,8
1,2.000000,-1.694000,0.697000,-42,0.000000,7,8
1,2.000000,-1.768000,0.705000,-41,0.000000,7,8
1,2.000000,-1.519000,0.533000,-42,0.000000,7,8
1,2.000000,-1.460000,0.622000,-42,0.000000,7,8
1,2.000000,-1.768000,0.709000,-41,0.000000,7,8
1,2.000000,-1.592000,0.716000,-42,0.000000,7,8
1,2.000000,-1.606000,0.676000,-42,0.000000,7,8
1,2.000000,-1.841000,0.695000,-42,0.000000,7,8
1,2.000000,-1.680000,0.663000,-42,0.000000,7,8
1,2.000000,-1.606000,0.595000,-42,0.000000,7,8
1,2.000000,-1.636000,0.605000,-42,0.000000,7,8
1,2.000000,-1.563000,0.634000,-42,0.000000,7,8
1,2.000000,-1.797000,0.759000,-42,0.000000,7,8
1,2.000000,-1.841000,0.608000,-42,0.000000,7,8
1,2.000000,-1.665000,0.696000,-42,0.000000,7,8
1,2.000000,-1.885000,0.740000,-42,0.000000,7,8
1,2.000000,-1.240000,0.456000,-42,0.000000,7,8
1,2.000000,-1.445000,0.626000,-41,0.000000,7,8
1,2.000000,-1.343000,0.490000,-42,0.000000,7,8
1,2.000000,-1.079000,0.588000,-41,0.000000,7,8
1,2.000000,-1.489000,0.629000,-42,0.000000,7,8
1,2.000000,-1.270000,0.496000,-41,0.000000,7,8
1,2.000000,-1.592000,0.607000,-41,0.000000,7,8
1,2.000000,-1.299000,0.688000,-42,0.000000,7,8
1,2.000000,-1.650000,0.706000,-41,0.000000,7,8
1,2.000000,-1.343000,0.551000,-42,0.000000,7,8
1,2.000000,-1.533000,0.558000,-41,0.000000,7,8
1,2.000000,-1.650000,0.683000,-41,0.000000,7,8
1,2.000000,-1.357000,0.544000,-41,0.000000,7,8
1,2.000000,-1.445000,0.536000,-42,0.000000,7,8
1,2.000000,-1.577000,0.627000,-41,0.000000,7,8
1,2.000000,-1.592000,0.700000,-41,0.000000,7,8
1,2.000000,-1.709000,0.698000,-41,0.000000,7,8
1,2.000000,-1.665000,0.591000,-41,0.000000,7,8
1,2.000000,-1.753000,0.745000,-42,0.000000,7,8
1,2.000000,-1.870000,0.785000,-41,0.000000,7,8
1,2.000000,-1.738000,0.767000,-41,0.000000,7,8
1,2.000000,-1.665000,0.725000,-42,0.000000,7,8
1,2.000000,-1.753000,0.664000,-41,0.000000,7,8
1,2.000000,-1.768000,0.705000,-42,0.000000,7,8
1,2.000000,-1.533000,0.539000,-41,0.000000,7,8
1,2.000000,-1.709000,0.760000,-42,0.000000,7,8
1,2.000000,-1.753000,0.773000,-41,0.000000,7,8
1,2.000000,-1.621000,0.607000,-42,0.000000,7,8
1,2.000000,-1.724000,0.680000,-42,0.000000,7,8
1,2.000000,-1.431000,0.691000,-42,0.000000,7,8
1,2.000000,-1.709000,0.684000,-41,0.000000,7,8
1,2.000000,-1.445000,0.585000,-42,0.000000,7,8
1,2.000000,-1.724000,0.641000,-42,0.000000,7,8
1,2.000000,-1.724000,0.725000,-42,0.000000,7,8
1,2.000000,-1.782000,0.633000,-41,0.000000,7,8
1,2.000000,-1.753000,0.682000,-41,0.000000,7,8
1,2.000000,-1.709000,0.664000,-42,0.000000,7,8
1,2.000000,-1.694000,0.743000,-41,0.000000,7,8
1,2.000000,-1.606000,0.506000,-42,0.000000,7,8
1,2.000000,-1.504000,0.556000,-42,0.000000,7,8
1,2.000000,-1.753000,0.633000,-42,0.000000,7,8
1,2.000000,-1.680000,0.643000,-42,0.000000,7,8
1,2.000000,-1.445000,0.553000,-42,0.000000,7,8
1,2.000000,-1.504000,0.477000,-41,0.000000,7,8
1,2.000000,-1.738000,0.660000,-42,0.000000,7,8
1,2.000000,-1.812000,0.863000,-42,0.000000,7,8
1,2.000000,-1.958000,0.784000,-42,0.000000,7,8
1,2.000000,-1.768000,0.642000,-42,0.000000,7,8
1,2.000000,-1.724000,0.662000,-42,0.000000,7,8
1,2.000000,-1.841000,0.795000,-42,0.000000,7,8
1,2.000000,-1.650000,0.641000,-42,0.000000,7,8
1,2.000000,-1.812000,0.723000,-42,0.000000,7,8
1,2.000000,-1.855000,0.703000,-41,0.000000,7,8
1,2.000000,-1.665000,0.655000,-42,0.000000,7,8
1,2.000000,-1.709000,0.675000,-42,0.000000,7,8
1,2.000000,-1.650000,0.655000,-42,0.000000,7,8
1,2.000000,-1.914000,0.820000,-42,0.000000,7,8
1,2.000000,-1.724000,0.723000,-42,0.000000,7,8
1,2.000000,-1.387000,0.530000,-42,0.000000,7,8
1,2.000000,-1.621000,0.742000,-42,0.000000,7,8
1,2.000000,-1.548000,0.769000,-42,0.000000,7,8
1,2.000000,-1.504000,0.556000,-42,0.000000,7,8
1,2.000000,-1.357000,0.486000,-41,0.000000,7,8
1,2.000000,-1.650000,0.562000,-41,0.000000,7,8
1,2.000000,-1.650000,0.801000,-41,0.000000,7,8
1,2.000000,-1.592000,0.633000,-42,0.000000,7,8
1,2.000000,-1.563000,0.608000,-41,0.000000,7,8
1,2.000000,-1.782000,0.779000,-41,0.000000,7,8
1,2.000000,-1.855000,0.729000,-42,0.000000,7,8
1,2.000000,-1.650000,0.674000,-42,0.000000,7,8
1,2.000000,-1.577000,0.592000,-42,0.000000,7,8
1,2.000000,-1.753000,0.715000,-42,0.000000,7,8
1,2.000000,-1.826000,0.877000,-42,0.000000,7,8
1,2.000000,-1.050000,0.599000,-42,0.000000,7,8
1,2.000000,-1.680000,0.705000,-42,0.000000,7,8
1,2.000000,-1.768000,0.699000,-42,0.000000,7,8
1,2.000000,-1.577000,0.707000,-42,0.000000,7,8
1,2.000000,-1.563000,0.641000,-42,0.000000,7,8
1,2.000000,-1.738000,0.673000,-42,0.000000,7,8
1,2.000000,-1.797000,0.799000,-42,0.000000,7,8
1,2.000000,-1.724000,0.594000,-42,0.000000,7,8
1,2.000000,-1.665000,0.664000,-42,0.000000,7,8
1,2.000000,-1.577000,0.590000,-42,0.000000,7,8
1,2.000000,-1.431000,0.505000,-42,0.000000,7,8
1,2.000000,-1.519000,0.629000,-42,0.000000,7,8
1,2.000000,-1.504000,0.563000,-42,0.000000,7,8
1,2.000000,-1.504000,0.588000,-42,0.000000,7,8
1,2.000000,-1.606000,0.599000,-42,0.000000,7,8
1,2.000000,-1.387000,0.501000,-42,0.000000,7,8
1,2.000000,-1.343000,0.461000,-41,0.000000,7,8
1,2.000000,-1.416000,0.509000,-41,0.000000,7,8
1,2.000000,-1.475000,0.566000,-41,0.000000,7,8
1,2.000000,-1.577000,0.599000,-42,0.000000,7,8
1,2.000000,-1.738000,0.616000,-42,0.000000,7,8
1,2.000000,-1.665000,0.629000,-42,0.000000,7,8
1,2.000000,-1.577000,0.615000,-42,0.000000,7,8
1,2.000000,-1.519000,0.548000,-42,0.000000,7,8
1,2.000000,-1.533000,0.454000,-42,0.000000,7,8
1,2.000000,-1.753000,0.760000,-42,0.000000,7,8
1,2.000000,-1.460000,0.514000,-42,0.000000,7,8
1,2.000000,-1.563000,0.630000,-42,0.000000,7,8
1,2.000000,-1.563000,0.525000,-42,0.000000,7,8
1,2.000000,-1.504000,0.561000,-42,0.000000,7,8
1,2.000000,-1.475000,0.566000,-42,0.000000,7,8
1,2.000000,-1.606000,0.597000,-42,0.000000,7,8
1,2.000000,-1.826000,0.786000,-42,0.000000,7,8
1,2.000000,-1.636000,0.608000,-42,0.000000,7,8
1,2.000000,-1.694000,0.592000,-42,0.000000,7,8
1,2.000000,-1.665000,0.676000,-42,0.000000,7,8
1,2.000000,-1.885000,0.706000,-42,0.000000,7,8
1,2.000000,-1.694000,0.693000,-42,0.000000,7,8
1,2.000000,-1.621000,0.707000,-42,0.000000,7,8
1,2.000000,-1.606000,0.654000,-42,0.000000,7,8
1,2.000000,-1.768000,0.723000,-42,0.000000,7,8
1,2.000000,-1.797000,0.757000,-42,0.000000,7,8
1,2.000000,-1.460000,0.562000,-42,0.000000,7,8
1,2.000000,-1.650000,0.664000,-41,0.000000,7,8
1,2.000000,-1.929000,0.748000,-41,0.000000,7,8
1,2.000000,-1.680000,0.742000,-42,0.000000,7,8
1,2.000000,-1.743000,0.737000,-42,0.000000,7,8
1,2.000000,-1.665000,0.813000,-41,0.000000,7,8
1,2.000000,-1.709000,0.666000,-41,0.000000,7,8
1,2.000000,-1.606000,0.668000,-41,0.000000,7,8
1,2.000000,-1.650000,0.678000,-42,0.000000,7,8
1,2.000000,-1.738000,0.731000,-41,0.000000,7,8
1,2.000000,-1.694000,0.751000,-42,0.000000,7,8
1,2.000000,-1.563000,0.620000,-42,0.000000,7,8
1,2.000000,-1.724000,0.699000,-41,0.000000,7,8
1,2.000000,-1.577000,0.608000,-42,0.000000,7,8
1,2.000000,-1.431000,0.598000,-42,0.000000,7,8
1,2.000000,-1.563000,0.621000,-41,0.000000,7,8
1,2.000000,-1.548000,0.582000,-42,0.000000,7,8
1,2.000000,-1.606000,0.608000,-41,0.000000,7,8
1,2.000000,-1.563000,0.620000,-42,0.000000,7,8
1,2.000000,-1.606000,0.601000,-41,0.000000,7,8
1,2.000000,-1.387000,0.508000,-42,0.000000,7,8
1,2.000000,-1.563000,0.691000,-41,0.000000,7,8
1,2.000000,-1.563000,0.588000,-42,0.000000,7,8
1,2.000000,-1.489000,0.511000,-42,0.000000,7,8
1,2.000000,-1.650000,0.713000,-42,0.000000,7,8
1,2.000000,-1.431000,0.643000,-42,0.000000,7,8
1,2.000000,-1.387000,0.639000,-42,0.000000,7,8
1,2.000000,-1.519000,0.574000,-41,0.000000,7,8
1,2.000000,-1.328000,0.531000,-42,0.000000,7,8
1,2.000000,-1.650000,0.685000,-41,0.000000,7,8
1,2.000000,-1.665000,0.659000,-42,0.000000,7,8
1,2.000000,-1.416000,0.489000,-41,0.000000,7,8
1,2.000000,-1.460000,0.610000,-42,0.000000,7,8
1,2.000000,-1.357000,0.460000,-42,0.000000,7,8
1,2.000000,-1.460000,0.585000,-42,0.000000,7,8
1,2.000000,-1.314000,0.685000,-42,0.000000,7,8
1,2.000000,-1.563000,0.682000,-41,0.000000,7,8
1,2.000000,-1.738000,0.670000,-41,0.000000,7,8
1,2.000000,-1.431000,0.621000,-41,0.000000,7,8
1,2.000000,-1.621000,0.626000,-42,0.000000,7,8
1,2.000000,-1.489000,0.659000,-41,0.000000,7,8
1,2.000000,-1.665000,0.641000,-41,0.000000,7,8
1,2.000000,-1.563000,0.624000,-41,0.000000,7,8
1,2.000000,-1.533000,0.625000,-41,0.000000,7,8
1,2.000000,-1.592000,0.764000,-41,0.000000,7,8
1,2.000000,-1.519000,0.564000,-42,0.000000,7,8
1,2.000000,-1.621000,0.631000,-42,0.000000,7,8
1,2.000000,-1.650000,0.593000,-41,0.000000,7,8
1,2.000000,-1.680000,0.699000,-42,0.000000,7,8
1,2.000000,-1.768000,0.703000,-42,0.000000,7,8
1,2.000000,-1.680000,0.654000,-42,0.000000,7,8
1,2.000000,-1.724000,0.666000,-42,0.000000,7,8
1,2.000000,-1.694000,0.647000,-42,0.000000,7,8
1,2.000000,-1.738000,0.634000,-41,0.000000,7,8
1,2.000000,-1.577000,0.641000,-42,0.000000,7,8
1,2.000000,-1.738000,0.735000,-42,0.000000,7,8
1,2.000000,-1.738000,0.690000,-42,0.000000,7,8
1,2.000000,-1.724000,0.669000,-42,0.000000,7,8
1,2.000000,-1.724000,0.693000,-42,0.000000,7,8
1,2.000000,-1.826000,0.800000,-42,0.000000,7,8
1,2.000000,-1.504000,0.559000,-42,0.000000,7,8
1,2.000000,-1.621000,0.658000,-42,0.000000,7,8
1,2.000000,-1.856000,0.708000,-41,0.000000,7,8
1,2.000000,-1.738000,0.770000,-42,0.000000,7,8
1,2.000000,-1.607000,0.620000,-42,0.000000,7,8
1,2.000000,-1.533000,0.643000,-42,0.000000,7,8
1,2.000000,-1.724000,0.687000,-41,0.000000,7,8
1,2.000000,-1.709000,0.570000,-42,0.000000,7,8
1,2.000000,-1.841000,0.780000,-42,0.000000,7,8
1,2.000000,-1.812000,0.852000,-41,0.000000,7,8
1,2.000000,-1.665000,0.689000,-42,0.000000,7,8
1,2.000000,-1.504000,0.524000,-42,0.000000,7,8
1,2.000000,-1.592000,0.741000,-41,0.000000,7,8
1,2.000000,-1.782000,0.736000,-42,0.000000,7,8
1,2.000000,-1.519000,0.619000,-41,0.000000,7,8
1,2.000000,-1.650000,0.635000,-41,0.000000,7,8
1,2.000000,-1.826000,0.771000,-42,0.000000,7,8
1,2.000000,-1.709000,0.690000,-42,0.000000,7,8
1,2.000000,-1.973000,0.851000,-42,0.000000,7,8
1,2.000000,-1.475000,0.587000,-42,0.000000,7,8
1,2.000000,-1.665000,0.563000,-42,0.000000,7,8
1,2.000000,-1.489000,0.610000,-42,0.000000,7,8
1,2.000000,-1.577000,0.703000,-42,0.000000,7,8
1,2.000000,-1.504000,0.568000,-42,0.000000,7,8
1,2.000000,-2.061000,0.799000,-42,0.000000,7,8
1,2.000000,-1.621000,0.687000,-42,0.000000,7,8
1,2.000000,-1.636000,0.713000,-42,0.000000,7,8
1,2.000000,-1.826000,0.771000,-41,0.000000,7,8
1,2.000000,-1.753000,0.682000,-42,0.000000,7,8
1,2.000000,-1.768000,0.732000,-42,0.000000,7,8
1,2.000000,-1.504000,0.648000,-42,0.000000,7,8
1,2.000000,-1.650000,0.602000,-42,0.000000,7,8
1,2.000000,-1.563000,0.619000,-42,0.000000,7,8
1,2.000000,-1.563000,0.581000,-41,0.000000,7,8
1,2.000000,-1.899000,0.773000,-42,0.000000,7,8
1,2.000000,-1.577000,0.593000,-42,0.000000,7,8
1,2.000000,-1.680000,0.602000,-42,0.000000,7,8
1,2.000000,-1.782000,0.703000,-42,0.000000,7,8
1,2.000000,-1.768000,0.693000,-42,0.000000,7,8
1,2.000000,-1.563000,0.640000,-42,0.000000,7,8
1,2.000000,-1.768000,0.681000,-41,0.000000,7,8
1,2.000000,-1.914000,0.622000,-42,0.000000,7,8
1,2.000000,-1.548000,0.596000,-42,0.000000,7,8
1,2.000000,-1.621000,0.619000,-42,0.000000,7,8
1,2.000000,-1.621000,0.670000,-42,0.000000,7,8
1,2.000000,-1.387000,0.582000,-42,0.000000,7,8
1,2.000000,-1.606000,0.629000,-41,0.000000,7,8
1,2.000000,-1.387000,0.560000,-42,0.000000,7,8
1,2.000000,-1.665000,0.758000,-42,0.000000,7,8
1,2.000000,-1.694000,0.661000,-42,0.000000,7,8
1,2.000000,-1.636000,0.735000,-42,0.000000,7,8
1,2.000000,-1.709000,0.831000,-41,0.000000,7,8
1,2.000000,-1.563000,0.622000,-42,0.000000,7,8
1,2.000000,-1.577000,0.724000,-41,0.000000,7,8
1,2.000000,-1.680000,0.719000,-41,0.000000,7,8
1,2.000000,-1.314000,0.475000,-42,0.000000,7,8
1,2.000000,-1.943000,0.808000,-42,0.000000,7,8
1,2.000000,-1.885000,0.844000,-42,0.000000,7,8
1,2.000000,-1.812000,0.793000,-42,0.000000,7,8
1,2.000000,-1.812000,0.764000,-42,0.000000,7,8
1,2.000000,-1.914000,0.809000,-42,0.000000,7,8
1,2.000000,-1.855000,0.806000,-42,0.000000,7,8
1,2.000000,-1.753000,0.676000,-42,0.000000,7,8
1,2.000000,-1.768000,0.635000,-42,0.000000,7,8
1,2.000000,-1.489000,0.567000,-42,0.000000,7,8
1,2.000000,-1.929000,0.823000,-42,0.000000,7,8
1,2.000000,-1.694000,0.631000,-42,0.000000,7,8
1,2.000000,-1.797000,0.612000,-42,0.000000,7,8
1,2.000000,-1.943000,0.815000,-42,0.000000,7,8
1,2.000000,-1.768000,0.707000,-42,0.000000,7,8
1,2.000000,-1.753000,0.643000,-42,0.000000,7,8
1,2.000000,-1.665000,0.571000,-42,0.000000,7,8
1,2.000000,-1.885000,0.807000,-42,0.000000,7,8
1,2.000000,-1.519000,0.606000,-42,0.000000,7,8
1,2.000000,-1.504000,0.543000,-42,0.000000,7,8
1,2.000000,-1.328000,0.451000,-41,0.000000,7,8
1,2.000000,-1.577000,0.616000,-42,0.000000,7,8
1,2.000000,-1.460000,0.606000,-42,0.000000,7,8
1,2.000000,-1.255000,0.495000,-42,0.000000,7,8
1,2.000000,-1.196000,0.531000,-42,0.000000,7,8
1,2.000000,-1.401000,0.569000,-42,0.000000,7,8
1,2.000000,-1.592000,0.619000,-42,0.000000,7,8
1,2.000000,-1.563000,0.606000,-42,0.000000,7,8
1,2.000000,-1.577000,0.600000,-42,0.000000,7,8
1,2.000000,-1.372000,0.584000,-42,0.000000,7,8
1,2.000000,-1.548000,0.641000,-42,0.000000,7,8
1,2.000000,-1.401000,0.590000,-42,0.000000,7,8
1,2.000000,-1.592000,0.582000,-42,0.000000,7,8
1,2.000000,-1.606000,0.666000,-42,0.000000,7,8
1,2.000000,-1.826000,0.781000,-42,0.000000,7,8
1,2.000000,-1.357000,0.558000,-42,0.000000,7,8
1,2.000000,-1.563000,0.659000,-42,0.000000,7,8
1,2.000000,-1.738000,0.768000,-41,0.000000,7,8
1,2.000000,-1.475000,0.616000,-42,0.000000,7,8
1,2.000000,-1.694000,0.676000,-42,0.000000,7,8
1,2.000000,-1.914000,0.835000,-42,0.000000,7,8
1,2.000000,-1.504000,0.555000,-42,0.000000,7,8
1,2.000000,-1.724000,0.654000,-42,0.000000,7,8
1,2.000000,-1.694000,0.654000,-42,0.000000,7,8
1,2.000000,-1.563000,0.629000,-41,0.000000,7,8
1,2.000000,-1.812000,0.696000,-42,0.000000,7,8
1,2.000000,-1.855000,0.738000,-42,0.000000,7,8
1,2.000000,-1.709000,0.690000,-42,0.000000,7,8
1,2.000000,-1.724000,0.681000,-42,0.000000,7,8
1,2.000000,-1.782000,0.823000,-42,0.000000,7,8
1,2.000000,-1.460000,0.530000,-42,0.000000,7,8
1,2.000000,-1.914000,0.786000,-42,0.000000,7,8
1,2.000000,-1.899000,0.730000,-42,0.000000,7,8
1,2.000000,-1.650000,0.631000,-42,0.000000,7,8
1,2.000000,-1.563000,0.596000,-42,0.000000,7,8
1,2.000000,-1.519000,0.575000,-42,0.000000,7,8
1,2.000000,-1.709000,0.695000,-42,0.000000,7,8
1,2.000000,-1.899000,0.727000,-42,0.000000,7,8
1,2.000000,-1.650000,0.595000,-42,0.000000,7,8
1,2.000000,-1.738000,0.674000,-42,0.000000,7,8
1,2.000000,-1.899000,0.758000,-42,0.000000,7,8
1,2.000000,-1.797000,0.690000,-42,0.000000,7,8
1,2.000000,-1.709000,0.692000,-42,0.000000,7,8
1,2.000000,-1.504000,0.502000,-42,0.000000,7,8
1,2.000000,-1.563000,0.572000,-42,0.000000,7,8
1,2.000000,-1.782000,0.632000,-42,0.000000,7,8
1,2.000000,-2.002000,0.765000,-42,0.000000,7,8
1,2.000000,-1.812000,0.738000,-42,0.000000,7,8
1,2.000000,-1.680000,0.616000,-41,0.000000,7,8
1,2.000000,-1.401000,0.560000,-42,0.000000,7,8
1,2.000000,-1.460000,0.516000,-42,0.000000,7,8
1,2.000000,-1.563000,0.652000,-42,0.000000,7,8
1,2.000000,-1.548000,0.545000,-42,0.000000,7,8
1,2.000000,-1.636000,0.760000,-41,0.000000,7,8
1,2.000000,-1.519000,0.627000,-42,0.000000,7,8
1,2.000000,-1.856000,0.739000,-42,0.000000,7,8
1,2.000000,-1.489000,0.582000,-42,0.000000,7,8
1,2.000000,-1.577000,0.539000,-42,0.000000,7,8
1,2.000000,-1.475000,0.501000,-41,0.000000,7,8
1,2.000000,-1.797000,0.757000,-42,0.000000,7,8
1,2.000000,-1.650000,0.659000,-41,0.000000,7,8
1,2.000000,-1.680000,0.673000,-42,0.000000,7,8
1,2.000000,-1.738000,0.720000,-42,0.000000,7,8
1,2.000000,-1.533000,0.656000,-41,0.000000,7,8
1,2.000000,-1.899000,0.840000,-42,0.000000,7,8
1,2.000000,-1.709000,0.698000,-42,0.000000,7,8
1,2.000000,-1.797000,0.733000,-42,0.000000,7,8
1,2.000000,-1.797000,0.649000,-41,0.000000,7,8
1,2.000000,-1.812000,0.825000,-42,0.000000,7,8
1,2.000000,-1.753000,0.707000,-42,0.000000,7,8
1,2.000000,-1.563000,0.566000,-42,0.000000,7,8
1,2.000000,-1.621000,0.600000,-42,0.000000,7,8
1,2.000000,-1.533000,0.559000,-41,0.000000,7,8
1,2.000000,-2.017000,0.836000,-42,0.000000,7,8
1,2.000000,-1.724000,0.712000,-42,0.000000,7,8
1,2.000000,-1.753000,0.718000,-42,0.000000,7,8
1,2.000000,-1.841000,0.746000,-42,0.000000,7,8
1,2.000000,-1.826000,0.785000,-42,0.000000,7,8
1,2.000000,-1.724000,0.750000,-42,0.000000,7,8
1,2.000000,-1.812000,0.731000,-42,0.000000,7,8
1,2.000000,-1.504000,0.594000,-42,0.000000,7,8
1,2.000000,-1.475000,0.445000,-41,0.000000,7,8
1,2.000000,-1.738000,0.685000,-42,0.000000,7,8
1,2.000000,-1.328000,0.586000,-42,0.000000,7,8
1,2.000000,-1.577000,0.566000,-42,0.000000,7,8
1,2.000000,-1.929000,0.776000,-42,0.000000,7,8
1,2.000000,-1.724000,0.683000,-42,0.000000,7,8
1,2.000000,-1.738000,0.588000,-41,0.000000,7,8
1,2.000000,-1.782000,0.624000,-42,0.000000,7,8
1,2.000000,-1.489000,0.484000,-42,0.000000,7,8
1,2.000000,-1.724000,0.621000,-42,0.000000,7,8
1,2.000000,-1.782000,0.631000,-42,0.000000,7,8
1,2.000000,-1.768000,0.622000,-42,0.000000,7,8
1,2.000000,-1.826000,0.661000,-42,0.000000,7,8
1,2.000000,-1.797000,0.705000,-42,0.000000,7,8
1,2.000000,-1.870000,0.705000,-42,0.000000,7,8
1,2.000000,-1.973000,0.729000,-42,0.000000,7,8
1,2.000000,-1.768000,0.683000,-42,0.000000,7,8
1,2.000000,-1.885000,0.682000,-42,0.000000,7,8
1,2.000000,-1.416000,0.475000,-42,0.000000,7,8
1,2.000000,-1.855000,0.729000,-42,0.000000,7,8
1,2.000000,-1.782000,0.625000,-42,0.000000,7,8
1,2.000000,-1.899000,0.810000,-42,0.000000,7,8
1,2.000000,-1.812000,0.775000,-42,0.000000,7,8
1,2.000000,-1.577000,0.590000,-42,0.000000,7,8
1,2.000000,-1.694000,0.622000,-42,0.000000,7,8
1,2.000000,-1.914000,0.665000,-42,0.000000,7,8
1,2.000000,-1.826000,0.699000,-42,0.000000,7,8
1,2.000000,-2.017000,0.837000,-42,0.000000,7,8
1,2.000000,-1.694000,0.668000,-42,0.000000,7,8
1,2.000000,-1.738000,0.676000,-42,0.000000,7,8
1,2.000000,-1.665000,0.645000,-42,0.000000,7,8
1,2.000000,-1.841000,0.760000,-42,0.000000,7,8
1,2.000000,-1.475000,0.627000,-42,0.000000,7,8
1,2.000000,-1.577000,0.582000,-41,0.000000,7,8
1,2.000000,-1.636000,0.635000,-42,0.000000,7,8
1,2.000000,-1.797000,0.673000,-41,0.000000,7,8
1,2.000000,-1.812000,0.698000,-42,0.000000,7,8
1,2.000000,-1.724000,0.529000,-41,0.000000,7,8
1,2.000000,-1.606000,0.582000,-42,0.000000,7,8
1,2.000000,-1.724000,0.664000,-42,0.000000,7,8
1,2.000000,-1.519000,0.587000,-42,0.000000,7,8
1,2.000000,-1.724000,0.690000,-41,0.000000,7,8
1,2.000000,-1.299000,0.480000,-42,0.000000,7,8
1,2.000000,-1.665000,0.648000,-42,0.000000,7,8
1,2.000000,-1.841000,0.748000,-42,0.000000,7,8
1,2.000000,-1.563000,0.610000,-42,0.000000,7,8
1,2.000000,-1.987000,0.696000,-42,0.000000,7,8
1,2.000000,-1.899000,0.760000,-42,0.000000,7,8
1,2.000000,-1.694000,0.557000,-42,0.000000,7,8
1,2.000000,-1.768000,0.739000,-42,0.000000,7,8
1,2.000000,-1.826000,0.683000,-42,0.000000,7,8
1,2.000000,-1.870000,0.718000,-42,0.000000,7,8
1,2.000000,-1.563000,0.535000,-43,0.000000,7,8
1,2.000000,-1.812000,0.613000,-42,0.000000,7,8
1,2.000000,-1.870000,0.724000,-42,0.000000,7,8
1,2.000000,-1.826000,0.621000,-42,0.000000,7,8
1,2.000000,-1.519000,0.551000,-42,0.000000,7,8
1,2.000000,-1.387000,0.475000,-42,0.000000,7,8
1,2.000000,-1.753000,0.902000,-42,0.000000,7,8
1,2.000000,-1.768000,0.611000,-43,0.000000,7,8
1,2.000000,-1.680000,0.669000,-42,0.000000,7,8
1,2.000000,-1.709000,0.614000,-42,0.000000,7,8
1,2.000000,-1.855000,0.658000,-42,0.000000,7,8
1,2.000000,-1.548000,0.650000,-42,0.000000,7,8
1,2.000000,-1.782000,0.652000,-42,0.000000,7,8
1,2.000000,-1.885000,0.663000,-42,0.000000,7,8
1,2.000000,-1.577000,0.540000,-42,0.000000,7,8
1,2.000000,-1.665000,0.606000,-42,0.000000,7,8
1,2.000000,-1.636000,0.494000,-42,0.000000,7,8
1,2.000000,-1.826000,0.632000,-42,0.000000,7,8
1,2.000000,-1.724000,0.739000,-42,0.000000,7,8
1,2.000000,-1.885000,0.720000,-42,0.000000,7,8
1,2.000000,-1.782000,0.647000,-42,0.000000,7,8
1,2.000000,-1.797000,0.633000,-42,0.000000,7,8
1,2.000000,-1.636000,0.592000,-42,0.000000,7,8
1,2.000000,-1.636000,0.593000,-42,0.000000,7,8
1,2.000000,-1.841000,0.709000,-42,0.000000,7,8
1,2.000000,-1.899000,0.709000,-42,0.000000,7,8
1,2.000000,-1.870000,0.681000,-42,0.000000,7,8
1,2.000000,-2.002000,0.754000,-42,0.000000,7,8
1,2.000000,-1.606000,0.719000,-42,0.000000,7,8
1,2.000000,-1.929000,0.712000,-42,0.000000,7,8
1,2.000000,-1.782000,0.562000,-42,0.000000,7,8
1,2.000000,-1.709000,0.556000,-42,0.000000,7,8
1,2.000000,-1.650000,0.612000,-42,0.000000,7,8
1,2.000000,-1.841000,0.750000,-42,0.000000,7,8
1,2.000000,-1.709000,0.606000,-42,0.000000,7,8
1,2.000000,-1.914000,0.716000,-42,0.000000,7,8
1,2.000000,-1.621000,0.594000,-42,0.000000,7,8
1,2.000000,-1.768000,0.682000,-42,0.000000,7,8
1,2.000000,-1.826000,0.673000,-42,0.000000,7,8
1,2.000000,-1.738000,0.556000,-42,0.000000,7,8
1,2.000000,-1.855000,0.685000,-42,0.000000,7,8
1,2.000000,-1.797000,0.803000,-42,0.000000,7,8
1,2.000000,-1.841000,0.688000,-42,0.000000,7,8
1,2.000000,-1.357000,0.446000,-42,0.000000,7,8
1,2.000000,-1.738000,0.587000,-42,0.000000,7,8
1,2.000000,-1.738000,0.718000,-42,0.000000,7,8
1,2.000000,-1.519000,0.478000,-42,0.000000,7,8
1,2.000000,-1.533000,0.645000,-42,0.000000,7,8
1,2.000000,-1.416000,0.517000,-42,0.000000,7,8
1,2.000000,-1.680000,0.644000,-42,0.000000,7,8
1,2.000000,-1.445000,0.568000,-42,0.000000,7,8
1,2.000000,-1.533000,0.663000,-42,0.000000,7,8
1,2.000000,-1.431000,0.484000,-42,0.000000,7,8
1,2.000000,-1.123000,0.440000,-42,0.000000,7,8
1,2.000000,-1.519000,0.627000,-42,0.000000,7,8
1,2.000000,-1.372000,0.540000,-42,0.000000,7,8
1,2.000000,-1.328000,0.480000,-42,0.000000,7,8
1,2.000000,-1.489000,0.649000,-42,0.000000,7,8
1,2.000000,-1.240000,0.492000,-42,0.000000,7,8
1,2.000000,-1.387000,0.416000,-42,0.000000,7,8
1,2.000000,-1.416000,0.418000,-42,0.000000,7,8
1,2.000000,-1.299000,0.502000,-42,0.000000,7,8
1,2.000000,-1.504000,0.598000,-42,0.000000,7,8
1,2.000000,-1.548000,0.624000,-42,0.000000,7,8
1,2.000000,-1.489000,0.621000,-42,0.000000,7,8
1,2.000000,-1.621000,0.573000,-42,0.000000,7,8
1,2.000000,-1.519000,0.795000,-41,0.000000,7,8
1,2.000000,-1.606000,0.589000,-42,0.000000,7,8
1,2.000000,-1.636000,0.619000,-42,0.000000,7,8
1,2.000000,-1.694000,0.651000,-42,0.000000,7,8
1,2.000000,-1.724000,0.686000,-42,0.000000,7,8
1,2.000000,-1.519000,0.473000,-42,0.000000,7,8
1,2.000000,-1.680000,0.625000,-42,0.000000,7,8
1,2.000000,-1.592000,0.525000,-42,0.000000,7,8
1,2.000000,-1.475000,0.558000,-42,0.000000,7,8
1,2.000000,-1.504000,0.464000,-42,0.000000,7,8
1,2.000000,-1.533000,0.519000,-42,0.000000,7,8
1,2.000000,-1.592000,0.652000,-41,0.000000,7,8
1,2.000000,-1.606000,0.654000,-42,0.000000,7,8
1,2.000000,-1.577000,0.665000,-42,0.000000,7,8
1,2.000000,-1.563000,0.549000,-42,0.000000,7,8
1,2.000000,-1.475000,0.476000,-42,0.000000,7,8
1,2.000000,-1.606000,0.567000,-42,0.000000,7,8
1,2.000000,-1.577000,0.597000,-42,0.000000,7,8
1,2.000000,-1.519000,0.622000,-42,0.000000,7,8
1,2.000000,-1.519000,0.561000,-42,0.000000,7,8
1,2.000000,-1.563000,0.574000,-42,0.000000,7,8
1,2.000000,-1.636000,0.669000,-42,0.000000,7,8
1,2.000000,-1.812000,0.660000,-42,0.000000,7,8
1,2.000000,-1.519000,0.622000,-42,0.000000,7,8
1,2.000000,-1.548000,0.592000,-42,0.000000,7,8
1,2.000000,-1.533000,0.619000,-42,0.000000,7,8
1,2.000000,-1.519000,0.449000,-42,0.000000,7,8
1,2.000000,-1.357000,0.458000,-42,0.000000,7,8
1,2.000000,-1.606000,0.637000,-42,0.000000,7,8
1,2.000000,-1.416000,0.626000,-42,0.000000,7,8
1,2.000000,-1.314000,0.444000,-42,0.000000,7,8
1,2.000000,-1.606000,0.636000,-42,0.000000,7,8
1,2.000000,-1.460000,0.634000,-41,0.000000,7,8
1,2.000000,-1.431000,0.580000,-42,0.000000,7,8
1,2.000000,-1.445000,0.498000,-42,0.000000,7,8
1,2.000000,-1.489000,0.605000,-42,0.000000,7,8
1,2.000000,-1.255000,0.484000,-41,0.000000,7,8
1,2.000000,-1.519000,0.595000,-41,0.000000,7,8
1,2.000000,-1.240000,0.413000,-41,0.000000,7,8
1,2.000000,-1.475000,0.516000,-42,0.000000,7,8
1,2.000000,-1.460000,0.538000,-42,0.000000,7,8
1,2.000000,-1.284000,0.557000,-42,0.000000,7,8
1,2.000000,-1.416000,0.531000,-41,0.000000,7,8
1,2.000000,-1.401000,0.476000,-42,0.000000,7,8
1,2.000000,-1.460000,0.540000,-42,0.000000,7,8
1,2.000000,-1.563000,0.510000,-42,0.000000,7,8
1,2.000000,-1.694000,0.700000,-42,0.000000,7,8
1,2.000000,-1.782000,0.733000,-42,0.000000,7,8
1,2.000000,-1.958000,0.720000,-42,0.000000,7,8
1,2.000000,-1.665000,0.581000,-42,0.000000,7,8
1,2.000000,-1.650000,0.650000,-42,0.000000,7,8
1,2.000000,-1.621000,0.571000,-42,0.000000,7,8
1,2.000000,-1.592000,0.576000,-42,0.000000,7,8
1,2.000000,-1.694000,0.606000,-42,0.000000,7,8
1,2.000000,-1.519000,0.719000,-42,0.000000,7,8
1,2.000000,-1.577000,0.684000,-42,0.000000,7,8
1,2.000000,-1.651000,0.613000,-42,0.000000,7,8
1,2.000000,-1.753000,0.652000,-42,0.000000,7,8
1,2.000000,-1.592000,0.591000,-42,0.000000,7,8
1,2.000000,-1.724000,0.699000,-42,0.000000,7,8
1,2.000000,-1.650000,0.610000,-42,0.000000,7,8
1,2.000000,-1.636000,0.534000,-42,0.000000,7,8
1,2.000000,-1.694000,0.632000,-42,0.000000,7,8
1,2.000000,-1.753000,0.658000,-42,0.000000,7,8
1,2.000000,-1.841000,0.751000,-42,0.000000,7,8
1,2.000000,-1.460000,0.584000,-42,0.000000,7,8
1,2.000000,-1.782000,0.615000,-42,0.000000,7,8
1,2.000000,-1.768000,0.676000,-42,0.000000,7,8
1,2.000000,-1.826000,0.689000,-42,0.000000,7,8
1,2.000000,-1.738000,0.602000,-42,0.000000,7,8
1,2.000000,-1.504000,0.545000,-42,0.000000,7,8
1,2.000000,-1.665000,0.630000,-42,0.000000,7,8
1,2.000000,-1.650000,0.540000,-42,0.000000,7,8
1,2.000000,-1.782000,0.683000,-42,0.000000,7,8
1,2.000000,-1.724000,0.681000,-42,0.000000,7,8
1,2.000000,-1.416000,0.503000,-42,0.000000,7,8
1,2.000000,-1.621000,0.669000,-42,0.000000,7,8
1,2.000000,-1.533000,0.629000,-42,0.000000,7,8
1,2.000000,-1.504000,0.587000,-42,0.000000,7,8
1,2.000000,-1.460000,0.579000,-42,0.000000,7,8
1,2.000000,-1.621000,0.670000,-41,0.000000,7,8
1,2.000000,-1.621000,0.678000,-42,0.000000,7,8
1,2.000000,-1.563000,0.611000,-42,0.000000,7,8
1,2.000000,-1.606000,0.560000,-42,0.000000,7,8
1,2.000000,-1.650000,0.599000,-42,0.000000,7,8
1,2.000000,-1.475000,0.568000,-42,0.000000,7,8
1,2.000000,-1.489000,0.605000,-42,0.000000,7,8
1,2.000000,-1.533000,0.569000,-42,0.000000,7,8
1,2.000000,-1.621000,0.633000,-42,0.000000,7,8
1,2.000000,-1.563000,0.523000,-42,0.000000,7,8
1,2.000000,-1.665000,0.669000,-41,0.000000,7,8
1,2.000000,-1.489000,0.502000,-42,0.000000,7,8
1,2.000000,-1.504000,0.541000,-42,0.000000,7,8
1,2.000000,-1.563000,0.610000,-42,0.000000,7,8
1,2.000000,-1.563000,0.626000,-42,0.000000,7,8
1,2.000000,-1.328000,0.436000,-42,0.000000,7,8
1,2.000000,-1.475000,0.580000,-42,0.000000,7,8
1,2.000000,-1.519000,0.633000,-42,0.000000,7,8
1,2.000000,-1.387000,0.598000,-42,0.000000,7,8
1,2.000000,-1.284000,0.557000,-42,0.000000,7,8
1,2.000000,-1.504000,0.576000,-42,0.000000,7,8
1,2.000000,-1.606000,0.663000,-42,0.000000,7,8
1,2.000000,-1.533000,0.656000,-42,0.000000,7,8
1,2.000000,-1.299000,0.546000,-42,0.000000,7,8
1,2.000000,-1.021000,0.444000,-42,0.000000,7,8
1,2.000000,-1.489000,0.521000,-42,0.000000,7,8
1,2.000000,-1.533000,0.463000,-42,0.000000,7,8
1,2.000000,-1.548000,0.504000,-42,0.000000,7,8
1,2.000000,-1.563000,0.603000,-42,0.000000,7,8
1,2.000000,-1.314000,0.516000,-42,0.000000,7,8
1,2.000000,-1.445000,0.698000,-42,0.000000,7,8
1,2.000000,-1.416000,0.513000,-42,0.000000,7,8
1,2.000000,-1.548000,0.600000,-42,0.000000,7,8
1,2.000000,-1.343000,0.469000,-42,0.000000,7,8
1,2.000000,-1.606000,0.600000,-42,0.000000,7,8
1,2.000000,-1.416000,0.599000,-42,0.000000,7,8
1,2.000000,-1.563000,0.666000,-42,0.000000,7,8
1,2.000000,-1.504000,0.464000,-42,0.000000,7,8
1,2.000000,-1.680000,0.648000,-42,0.000000,7,8
1,2.000000,-1.519000,0.634000,-42,0.000000,7,8
1,2.000000,-1.533000,0.555000,-42,0.000000,7,8
1,2.000000,-1.577000,0.576000,-42,0.000000,7,8
1,2.000000,-1.416000,0.561000,-42,0.000000,7,8
1,2.000000,-1.592000,0.541000,-42,0.000000,7,8
1,2.000000,-1.475000,0.538000,-42,0.000000,7,8
1,2.000000,-1.387000,0.597000,-42,0.000000,7,8
1,2.000000,-1.416000,0.501000,-42,0.000000,7,8
1,2.000000,-1.357000,0.567000,-42,0.000000,7,8
1,2.000000,-1.050000,0.440000,-42,0.000000,7,8
1,2.000000,-1.416000,0.581000,-42,0.000000,7,8
1,2.000000,-1.328000,0.423000,-42,0.000000,7,8
1,2.000000,-1.211000,0.420000,-42,0.000000,7,8
1,2.000000,-1.489000,0.499000,-42,0.000000,7,8
1,2.000000,-1.460000,0.521000,-42,0.000000,7,8
1,2.000000,-1.445000,0.649000,-42,0.000000,7,8
1,2.000000,-1.431000,0.509000,-42,0.000000,7,8
1,2.000000,-1.606000,0.601000,-42,0.000000,7,8
1,2.000000,-1.577000,0.664000,-42,0.000000,7,8
1,2.000000,-1.606000,0.686000,-42,0.000000,7,8
1,2.000000,-1.328000,0.578000,-42,0.000000,7,8
1,2.000000,-1.738000,0.770000,-42,0.000000,7,8
1,2.000000,-1.299000,0.523000,-42,0.000000,7,8
1,2.000000,-1.328000,0.499000,-42,0.000000,7,8
1,2.000000,-1.504000,0.580000,-42,0.000000,7,8
1,2.000000,-1.548000,0.570000,-42,0.000000,7,8
1,2.000000,-1.328000,0.528000,-42,0.000000,7,8
1,2.000000,-1.328000,0.539000,-42,0.000000,7,8
1,2.000000,-1.533000,0.600000,-42,0.000000,7,8
1,2.000000,-1.724000,0.753000,-42,0.000000,7,8
1,2.000000,-1.504000,0.572000,-42,0.000000,7,8
1,2.000000,-1.357000,0.452000,-42,0.000000,7,8
1,2.000000,-1.563000,0.586000,-42,0.000000,7,8
1,2.000000,-1.548000,0.696000,-42,0.000000,7,8
1,2.000000,-1.533000,0.564000,-42,0.000000,7,8
1,2.000000,-1.387000,0.559000,-42,0.000000,7,8
1,2.000000,-1.475000,0.517000,-42,0.000000,7,8
1,2.000000,-1.387000,0.543000,-42,0.000000,7,8
1,2.000000,-1.621000,0.536000,-42,0.000000,7,8
1,2.000000,-1.314000,0.516000,-42,0.000000,7,8
1,2.000000,-1.387000,0.612000,-42,0.000000,7,8
1,2.000000,-1.240000,0.463000,-42,0.000000,7,8
1,2.000000,-1.460000,0.562000,-42,0.000000,7,8
1,2.000000,-1.577000,0.650000,-42,0.000000,7,8
1,2.000000,-1.899000,0.635000,-42,0.000000,7,8
1,2.000000,-1.724000,0.594000,-42,0.000000,7,8
1,2.000000,-1.621000,0.584000,-42,0.000000,7,8
1,2.000000,-1.694000,0.743000,-42,0.000000,7,8
1,2.000000,-1.621000,0.667000,-42,0.000000,7,8
1,2.000000,-1.709000,0.566000,-42,0.000000,7,8
1,2.000000,-1.548000,0.507000,-42,0.000000,7,8
1,2.000000,-1.416000,0.417000,-42,0.000000,7,8
1,2.000000,-1.445000,0.491000,-42,0.000000,7,8
1,2.000000,-1.445000,0.551000,-42,0.000000,7,8
1,2.000000,-1.401000,0.484000,-42,0.000000,7,8
1,2.000000,-1.445000,0.621000,-42,0.000000,7,8
1,2.000000,-1.460000,0.491000,-42,0.000000,7,8
1,2.000000,-1.548000,0.636000,-42,0.000000,7,8
1,2.000000,-1.475000,0.509000,-42,0.000000,7,8
1,2.000000,-1.577000,0.643000,-42,0.000000,7,8
1,2.000000,-1.489000,0.599000,-42,0.000000,7,8
1,2.000000,-1.460000,0.566000,-42,0.000000,7,8
1,2.000000,-1.753000,0.709000,-42,0.000000,7,8
1,2.000000,-1.563000,0.621000,-42,0.000000,7,8
1,2.000000,-1.504000,0.623000,-42,0.000000,7,8
1,2.000000,-1.416000,0.493000,-42,0.000000,7,8
1,2.000000,-1.489000,0.598000,-42,0.000000,7,8
1,2.000000,-1.284000,0.536000,-42,0.000000,7,8
1,2.000000,-1.533000,0.585000,-42,0.000000,7,8
1,2.000000,-1.416000,0.496000,-42,0.000000,7,8
1,2.000000,-1.138000,0.293000,-42,0.000000,7,8
1,2.000000,-1.445000,0.543000,-42,0.000000,7,8
1,2.000000,-1.445000,0.513000,-42,0.000000,7,8
1,2.000000,-1.328000,0.504000,-42,0.000000,7,8
1,2.000000,-1.328000,0.430000,-42,0.000000,7,8
1,2.000000,-1.460000,0.520000,-42,0.000000,7,8
1,2.000000,-1.357000,0.464000,-42,0.000000,7,8
1,2.000000,-1.504000,0.585000,-42,0.000000,7,8
1,2.000000,-1.167000,0.430000,-42,0.000000,7,8
1,2.000000,-1.328000,0.498000,-42,0.000000,7,8
1,2.000000,-1.460000,0.543000,-42,0.000000,7,8
1,2.000000,-1.314000,0.512000,-42,0.000000,7,8
1,2.000000,-1.431000,0.432000,-42,0.000000,7,8
1,2.000000,-1.606000,0.559000,-42,0.000000,7,8
1,2.000000,-1.094000,0.566000,-42,0.000000,7,8
1,2.000000,-1.372000,0.440000,-42,0.000000,7,8
1,2.000000,-1.519000,0.565000,-42,0.000000,7,8
1,2.000000,-1.460000,0.537000,-42,0.000000,7,8
1,2.000000,-1.504000,0.544000,-42,0.000000,7,8
1,2.000000,-1.577000,0.536000,-43,0.000000,7,8
1,2.000000,-1.621000,0.597000,-42,0.000000,7,8
1,2.000000,-1.387000,0.421000,-42,0.000000,7,8
1,2.000000,-1.416000,0.541000,-42,0.000000,7,8
1,2.000000,-1.533000,0.656000,-42,0.000000,7,8
1,2.000000,-1.431000,0.578000,-42,0.000000,7,8
1,2.000000,-1.489000,0.572000,-42,0.000000,7,8
1,2.000000,-1.621000,0.611000,-42,0.000000,7,8
1,2.000000,-1.548000,0.523000,-42,0.000000,7,8
1,2.000000,-1.533000,0.590000,-42,0.000000,7,8
1,2.000000,-1.416000,0.517000,-42,0.000000,7,8
1,2.000000,-1.621000,0.594000,-42,0.000000,7,8
1,2.000000,-1.357000,0.438000,-42,0.000000,7,8
1,2.000000,-1.504000,0.553000,-42,0.000000,7,8
1,2.000000,-1.343000,0.466000,-42,0.000000,7,8
1,2.000000,-1.211000,0.532000,-42,0.000000,7,8
1,2.000000,-1.431000,0.551000,-42,0.000000,7,8
1,2.000000,-1.372000,0.490000,-42,0.000000,7,8
1,2.000000,-1.387000,0.475000,-42,0.000000,7,8
1,2.000000,-1.387000,0.522000,-42,0.000000,7,8
1,2.000000,-1.431000,0.639000,-42,0.000000,7,8
1,2.000000,-1.431000,0.503000,-42,0.000000,7,8
1,2.000000,-1.255000,0.477000,-42,0.000000,7,8
1,2.000000,-1.328000,0.529000,-42,0.000000,7,8
1,2.000000,-1.284000,0.535000,-41,0.000000,7,8
1,2.000000,-1.357000,0.545000,-42,0.000000,7,8
1,2.000000,-1.431000,0.579000,-42,0.000000,7,8
1,2.000000,-1.314000,0.422000,-42,0.000000,7,8
1,2.000000,-1.387000,0.576000,-42,0.000000,7,8
1,2.000000,-1.152000,0.384000,-42,0.000000,7,8
1,2.000000,-1.328000,0.403000,-42,0.000000,7,8
1,2.000000,-1.416000,0.491000,-42,0.000000,7,8
1,2.000000,-1.504000,0.736000,-42,0.000000,7,8
1,2.000000,-1.196000,0.475000,-42,0.000000,7,8
1,2.000000,-1.152000,0.443000,-42,0.000000,7,8
1,2.000000,-1.387000,0.480000,-42,0.000000,7,8
1,2.000000,-1.167000,0.416000,-42,0.000000,7,8
1,2.000000,-1.284000,0.485000,-42,0.000000,7,8
1,2.000000,-1.270000,0.457000,-42,0.000000,7,8
1,2.000000,-1.211000,0.353000,-42,0.000000,7,8
1,2.000000,-1.226000,0.371000,-42,0.000000,7,8
1,2.000000,-1.387000,0.608000,-42,0.000000,7,8
1,2.000000,-1.387000,0.544000,-42,0.000000,7,8
1,2.000000,-1.182000,0.379000,-42,0.000000,7,8
1,2.000000,-1.387000,0.486000,-42,0.000000,7,8
1,2.000000,-1.182000,0.436000,-42,0.000000,7,8
1,2.000000,-1.270000,0.371000,-42,0.000000,7,8
1,2.000000,-1.460000,0.540000,-42,0.000000,7,8
1,2.000000,-1.387000,0.420000,-42,0.000000,7,8
1,2.000000,-1.445000,0.484000,-42,0.000000,7,8
1,2.000000,-1.416000,0.497000,-42,0.000000,7,8
1,2.000000,-1.519000,0.733000,-42,0.000000,7,8
1,2.000000,-1.519000,0.546000,-42,0.000000,7,8
1,2.000000,-1.284000,0.450000,-42,0.000000,7,8
1,2.000000,-1.182000,0.352000,-42,0.000000,7,8
1,2.000000,-1.548000,0.576000,-42,0.000000,7,8
1,2.000000,-0.962000,0.319000,-42,0.000000,7,8
1,2.000000,-1.343000,0.674000,-42,0.000000,7,8
1,2.000000,-1.431000,0.540000,-42,0.000000,7,8
1,2.000000,-1.328000,0.385000,-42,0.000000,7,8
1,2.000000,-1.167000,0.393000,-42,0.000000,7,8
1,2.000000,-1.519000,0.473000,-42,0.000000,7,8
1,2.000000,-1.196000,0.522000,-42,0.000000,7,8
1,2.000000,-1.065000,0.712000,-42,0.000000,7,8
1,2.000000,-1.460000,0.485000,-42,0.000000,7,8
1,2.000000,-1.445000,0.471000,-42,0.000000,7,8
1,2.000000,-1.431000,0.583000,-42,0.000000,7,8
1,2.000000,-1.460000,0.618000,-42,0.000000,7,8
1,2.000000,-1.240000,0.377000,-42,0.000000,7,8
1,2.000000,-1.328000,0.531000,-42,0.000000,7,8
1,2.000000,-1.299000,0.412000,-42,0.000000,7,8
1,2.000000,-1.270000,0.426000,-42,0.000000,7,8
1,2.000000,-1.328000,0.604000,-42,0.000000,7,8
1,2.000000,-1.548000,0.638000,-42,0.000000,7,8
1,2.000000,-1.255000,0.370000,-42,0.000000,7,8
1,2.000000,-1.182000,0.487000,-42,0.000000,7,8
1,2.000000,-1.401000,0.522000,-42,0.000000,7,8
1,2.000000,-1.328000,0.498000,-41,0.000000,7,8
1,2.000000,-1.182000,0.375000,-42,0.000000,7,8
1,2.000000,-1.299000,0.513000,-42,0.000000,7,8
1,2.000000,-1.314000,0.399000,-42,0.000000,7,8
1,2.000000,-1.328000,0.560000,-42,0.000000,7,8
1,2.000000,-1.475000,0.534000,-42,0.000000,7,8
1,2.000000,-1.226000,0.371000,-42,0.000000,7,8
1,2.000000,-1.460000,0.477000,-42,0.000000,7,8
1,2.000000,-1.387000,0.553000,-42,0.000000,7,8
1,2.000000,-1.314000,0.398000,-42,0.000000,7,8
1,2.000000,-1.314000,0.523000,-42,0.000000,7,8
1,2.000000,-1.343000,0.423000,-42,0.000000,7,8
1,2.000000,-1.211000,0.550000,-42,0.000000,7,8
1,2.000000,-1.152000,0.411000,-41,0.000000,7,8
1,2.000000,-1.372000,0.466000,-41,0.000000,7,8
1,2.000000,-1.475000,0.603000,-42,0.000000,7,8
1,2.000000,-1.343000,0.506000,-41,0.000000,7,8
1,2.000000,-1.255000,0.538000,-42,0.000000,7,8
1,2.000000,-1.489000,0.567000,-42,0.000000,7,8
1,2.000000,-1.533000,0.644000,-42,0.000000,7,8
1,2.000000,-1.211000,0.497000,-42,0.000000,7,8
1,2.000000,-1.475000,0.595000,-42,0.000000,7,8
1,2.000000,-1.460000,0.611000,-42,0.000000,7,8
1,2.000000,-1.328000,0.565000,-42,0.000000,7,8
1,2.000000,-1.533000,0.550000,-42,0.000000,7,8
1,2.000000,-1.636000,0.683000,-42,0.000000,7,8
1,2.000000,-1.621000,0.769000,-42,0.000000,7,8
1,2.000000,-1.489000,0.574000,-42,0.000000,7,8
1,2.000000,-1.650000,0.665000,-42,0.000000,7,8
1,2.000000,-1.489000,0.467000,-41,0.000000,7,8
1,2.000000,-1.270000,0.472000,-42,0.000000,7,8
1,2.000000,-1.416000,0.537000,-41,0.000000,7,8
1,2.000000,-1.431000,0.484000,-42,0.000000,7,8
1,2.000000,-1.519000,0.615000,-42,0.000000,7,8
1,2.000000,-1.431000,0.492000,-42,0.000000,7,8
1,2.000000,-1.475000,0.577000,-42,0.000000,7,8
1,2.000000,-1.416000,0.630000,-42,0.000000,7,8
1,2.000000,-1.563000,0.644000,-41,0.000000,7,8
1,2.000000,-1.343000,0.547000,-42,0.000000,7,8
1,2.000000,-1.431000,0.555000,-42,0.000000,7,8
1,2.000000,-1.284000,0.508000,-42,0.000000,7,8
1,2.000000,-1.343000,0.585000,-42,0.000000,7,8
1,2.000000,-1.475000,0.603000,-41,0.000000,7,8
1,2.000000,-1.211000,0.448000,-41,0.000000,7,8
1,2.000000,-1.314000,0.525000,-41,0.000000,7,8
1,2.000000,-1.519000,0.523000,-41,0.000000,7,8
1,2.000000,-1.343000,0.565000,-42,0.000000,7,8
1,2.000000,-1.343000,0.513000,-42,0.000000,7,8
1,2.000000,-1.387000,0.585000,-41,0.000000,7,8
1,2.000000,-1.357000,0.510000,-42,0.000000,7,8
1,2.000000,-1.416000,0.470000,-42,0.000000,7,8
1,2.000000,-1.475000,0.562000,-42,0.000000,7,8
1,2.000000,-1.563000,0.528000,-42,0.000000,7,8
1,2.000000,-1.533000,0.554000,-41,0.000000,7,8
1,2.000000,-1.211000,0.440000,-42,0.000000,7,8
1,2.000000,-1.226000,0.488000,-41,0.000000,7,8
1,2.000000,-1.328000,0.530000,-42,0.000000,7,8
1,2.000000,-1.401000,0.599000,-41,0.000000,7,8
1,2.000000,-1.255000,0.372000,-42,0.000000,7,8
1,2.000000,-1.357000,0.566000,-41,0.000000,7,8
1,2.000000,-1.460000,0.534000,-41,0.000000,7,8
1,2.000000,-1.343000,0.403000,-42,0.000000,7,8
1,2.000000,-1.357000,0.559000,-42,0.000000,7,8
1,2.000000,-1.460000,0.532000,-42,0.000000,7,8
1,2.000000,-1.167000,0.428000,-42,0.000000,7,8
1,2.000000,-1.563000,0.658000,-42,0.000000,7,8
1,2.000000,-1.460000,0.612000,-42,0.000000,7,8
1,2.000000,-1.196000,0.605000,-42,0.000000,7,8
1,2.000000,-1.372000,0.550000,-42,0.000000,7,8
1,2.000000,-1.504000,0.508000,-42,0.000000,7,8
1,2.000000,-1.548000,0.560000,-42,0.000000,7,8
1,2.000000,-1.504000,0.530000,-42,0.000000,7,8
1,2.000000,-1.343000,0.481000,-42,0.000000,7,8
1,2.000000,-1.431000,0.581000,-41,0.000000,7,8
1,2.000000,-1.416000,0.526000,-42,0.000000,7,8
1,2.000000,-1.519000,0.559000,-41,0.000000,7,8
1,2.000000,-1.416000,0.571000,-42,0.000000,7,8
1,2.000000,-1.401000,0.520000,-42,0.000000,7,8
1,2.000000,-1.504000,0.595000,-42,0.000000,7,8
1,2.000000,-1.533000,0.528000,-42,0.000000,7,8
1,2.000000,-1.284000,0.401000,-42,0.000000,7,8
1,2.000000,-1.460000,0.673000,-41,0.000000,7,8
1,2.000000,-1.577000,0.677000,-41,0.000000,7,8
1,2.000000,-1.401000,0.463000,-42,0.000000,7,8
1,2.000000,-1.563000,0.647000,-42,0.000000,7,8
1,2.000000,-1.709000,0.647000,-42,0.000000,7,8
1,2.000000,-1.460000,0.550000,-42,0.000000,7,8
1,2.000000,-1.606000,0.549000,-42,0.000000,7,8
1,2.000000,-1.709000,0.686000,-42,0.000000,7,8
1,2.000000,-1.548000,0.478000,-42,0.000000,7,8
1,2.000000,-1.577000,0.653000,-42,0.000000,7,8
1,2.000000,-1.416000,0.483000,-42,0.000000,7,8
1,2.000000,-1.621000,0.688000,-42,0.000000,7,8
1,2.000000,-1.621000,0.730000,-42,0.000000,7,8
1,2.000000,-1.563000,0.478000,-41,0.000000,7,8
1,2.000000,-1.445000,0.513000,-42,0.000000,7,8
1,2.000000,-1.475000,0.563000,-42,0.000000,7,8
1,2.000000,-1.533000,0.612000,-42,0.000000,7,8
1,2.000000,-1.694000,0.664000,-41,0.000000,7,8
1,2.000000,-1.328000,0.480000,-42,0.000000,7,8
1,2.000000,-1.650000,0.627000,-42,0.000000,7,8
1,2.000000,-1.401000,0.585000,-42,0.000000,7,8
1,2.000000,-1.445000,0.545000,-42,0.000000,7,8
1,2.000000,-1.387000,0.583000,-42,0.000000,7,8
1,2.000000,-1.416000,0.496000,-42,0.000000,7,8
1,2.000000,-1.343000,0.470000,-42,0.000000,7,8
1,2.000000,-1.314000,0.504000,-42,0.000000,7,8
1,2.000000,-1.196000,0.414000,-42,0.000000,7,8
1,2.000000,-1.240000,0.435000,-42,0.000000,7,8
1,2.000000,-1.182000,0.494000,-42,0.000000,7,8
1,2.000000,-1.314000,0.462000,-41,0.000000,7,8
1,2.000000,-1.328000,0.499000,-41,0.000000,7,8
1,2.000000,-1.314000,0.500000,-42,0.000000,7,8
1,2.000000,-1.240000,0.443000,-42,0.000000,7,8
1,2.000000,-1.284000,0.507000,-42,0.000000,7,8
1,2.000000,-1.504000,0.585000,-42,0.000000,7,8
1,2.000000,-1.357000,0.580000,-42,0.000000,7,8
1,2.000000,-1.401000,0.539000,-42,0.000000,7,8
1,2.000000,-1.343000,0.560000,-42,0.000000,7,8
1,2.000000,-1.489000,0.490000,-42,0.000000,7,8
1,2.000000,-1.431000,0.544000,-41,0.000000,7,8
1,2.000000,-1.240000,0.496000,-42,0.000000,7,8
1,2.000000,-1.519000,0.597000,-42,0.000000,7,8
1,2.000000,-1.460000,0.487000,-42,0.000000,7,8
1,2.000000,-1.592000,0.574000,-42,0.000000,7,8
1,2.000000,-1.563000,0.648000,-41,0.000000,7,8
1,2.000000,-1.504000,0.515000,-41,0.000000,7,8
1,2.000000,-1.577000,0.615000,-42,0.000000,7,8
1,2.000000,-1.504000,0.557000,-41,0.000000,7,8
1,2.000000,-1.563000,0.576000,-42,0.000000,7,8
1,2.000000,-1.445000,0.601000,-42,0.000000,7,8
1,2.000000,-1.504000,0.637000,-41,0.000000,7,8
1,2.000000,-1.431000,0.559000,-42,0.000000,7,8
1,2.000000,-1.460000,0.463000,-42,0.000000,7,8
1,2.000000,-1.533000,0.651000,-42,0.000000,7,8
1,2.000000,-1.533000,0.589000,-41,0.000000,7,8
1,2.000000,-1.460000,0.534000,-42,0.000000,7,8
1,2.000000,-1.460000,0.658000,-42,0.000000,7,8
1,2.000000,-1.504000,0.590000,-42,0.000000,7,8
1,2.000000,-1.401000,0.522000,-42,0.000000,7,8
1,2.000000,-1.314000,0.344000,-42,0.000000,7,8
1,2.000000,-1.270000,0.372000,-42,0.000000,7,8
1,2.000000,-0.918000,0.355000,-42,0.000000,7,8
1,2.000000,-1.445000,0.484000,-42,0.000000,7,8
1,2.000000,-1.431000,0.516000,-42,0.000000,7,8
1,2.000000,-1.372000,0.489000,-42,0.000000,7,8
1,2.000000,-1.328000,0.557000,-42,0.000000,7,8
1,2.000000,-1.328000,0.465000,-41,0.000000,7,8
1,2.000000,-1.445000,0.477000,-42,0.000000,7,8
1,2.000000,-1.357000,0.502000,-42,0.000000,7,8
1,2.000000,-1.548000,0.555000,-42,0.000000,7,8
1,2.000000,-1.548000,0.575000,-42,0.000000,7,8
1,2.000000,-1.519000,0.568000,-42,0.000000,7,8
1,2.000000,-1.504000,0.549000,-42,0.000000,7,8
1,2.000000,-1.387000,0.531000,-42,0.000000,7,8
1,2.000000,-1.401000,0.466000,-42,0.000000,7,8
1,2.000000,-1.372000,0.506000,-42,0.000000,7,8
1,2.000000,-1.504000,0.547000,-42,0.000000,7,8
1,2.000000,-1.445000,0.549000,-42,0.000000,7,8
1,2.000000,-1.431000,0.549000,-42,0.000000,7,8
1,2.000000,-1.299000,0.687000,-42,0.000000,7,8
1,2.000000,-1.094000,0.341000,-42,0.000000,7,8
1,2.000000,-1.328000,0.459000,-42,0.000000,7,8
1,2.000000,-1.372000,0.566000,-42,0.000000,7,8
1,2.000000,-1.328000,0.491000,-42,0.000000,7,8
1,2.000000,-1.475000,0.490000,-42,0.000000,7,8
1,2.000000,-1.431000,0.449000,-42,0.000000,7,8
1,2.000000,-1.343000,0.514000,-41,0.000000,7,8
1,2.000000,-1.416000,0.515000,-42,0.000000,7,8
1,2.000000,-1.343000,0.489000,-42,0.000000,7,8
1,2.000000,-1.489000,0.501000,-42,0.000000,7,8
1,2.000000,-1.431000,0.611000,-41,0.000000,7,8
1,2.000000,-1.357000,0.581000,-42,0.000000,7,8
1,2.000000,-1.460000,0.515000,-42,0.000000,7,8
1,2.000000,-1.533000,0.512000,-42,0.000000,7,8
1,2.000000,-1.431000,0.572000,-42,0.000000,7,8
1,2.000000,-1.533000,0.532000,-42,0.000000,7,8
1,2.000000,-1.519000,0.459000,-42,0.000000,7,8
1,2.000000,-1.226000,0.466000,-42,0.000000,7,8
1,2.000000,-1.357000,0.731000,-42,0.000000,7,8
1,2.000000,-1.240000,0.552000,-42,0.000000,7,8
1,2.000000,-1.240000,0.470000,-42,0.000000,7,8
1,2.000000,-1.636000,0.641000,-41,0.000000,7,8
1,2.000000,-1.489000,0.679000,-42,0.000000,7,8
1,2.000000,-1.504000,0.515000,-42,0.000000,7,8
1,2.000000,-1.226000,0.441000,-42,0.000000,7,8
1,2.000000,-1.504000,0.504000,-42,0.000000,7,8
1,2.000000,-1.343000,0.458000,-42,0.000000,7,8
1,2.000000,-1.460000,0.556000,-42,0.000000,7,8
1,2.000000,-1.460000,0.561000,-41,0.000000,7,8
1,2.000000,-1.401000,0.544000,-42,0.000000,7,8
1,2.000000,-1.431000,0.494000,-42,0.000000,7,8
1,2.000000,-1.416000,0.558000,-42,0.000000,7,8
1,2.000000,-1.401000,0.495000,-42,0.000000,7,8
1,2.000000,-1.343000,0.435000,-42,0.000000,7,8
1,2.000000,-1.050000,0.494000,-41,0.000000,7,8
1,2.000000,-1.152000,0.365000,-42,0.000000,7,8
1,2.000000,-1.284000,0.499000,-42,0.000000,7,8
1,2.000000,-1.314000,0.471000,-41,0.000000,7,8
1,2.000000,-1.328000,0.553000,-42,0.000000,7,8
1,2.000000,-1.460000,0.586000,-42,0.000000,7,8
1,2.000000,-1.284000,0.390000,-42,0.000000,7,8
1,2.000000,-1.314000,0.526000,-42,0.000000,7,8
1,2.000000,-1.299000,0.516000,-42,0.000000,7,8
1,2.000000,-1.416000,0.492000,-42,0.000000,7,8
1,2.000000,-1.372000,0.627000,-42,0.000000,7,8
1,2.000000,-1.094000,0.576000,-42,0.000000,7,8
1,2.000000,-1.445000,0.488000,-42,0.000000,7,8
1,2.000000,-1.431000,0.486000,-42,0.000000,7,8
1,2.000000,-1.314000,0.494000,-42,0.000000,7,8
1,2.000000,-1.343000,0.491000,-42,0.000000,7,8
1,2.000000,-1.211000,0.387000,-41,0.000000,7,8
1,2.000000,-1.328000,0.465000,-42,0.000000,7,8
1,2.000000,-1.138000,0.439000,-42,0.000000,7,8
1,2.000000,-1.138000,0.407000,-42,0.000000,7,8
1,2.000000,-1.343000,0.499000,-42,0.000000,7,8
1,2.000000,-1.431000,0.559000,-42,0.000000,7,8
1,2.000000,-1.372000,0.466000,-41,0.000000,7,8
1,2.000000,-1.372000,0.525000,-42,0.000000,7,8
1,2.000000,-1.401000,0.573000,-42,0.000000,7,8
1,2.000000,-1.445000,0.547000,-42,0.000000,7,8
1,2.000000,-1.343000,0.634000,-42,0.000000,7,8
1,2.000000,-1.226000,0.468000,-41,0.000000,7,8
1,2.000000,-1.270000,0.421000,-42,0.000000,7,8
1,2.000000,-1.357000,0.468000,-42,0.000000,7,8
1,2.000000,-1.343000,0.512000,-42,0.000000,7,8
1,2.000000,-1.460000,0.607000,-42,0.000000,7,8
1,2.000000,-1.460000,0.459000,-42,0.000000,7,8
1,2.000000,-1.357000,0.504000,-42,0.000000,7,8
1,2.000000,-1.401000,0.498000,-42,0.000000,7,8
1,2.000000,-1.387000,0.494000,-42,0.000000,7,8
1,2.000000,-1.431000,0.518000,-42,0.000000,7,8
1,2.000000,-1.431000,0.622000,-42,0.000000,7,8
1,2.000000,-1.328000,0.531000,-42,0.000000,7,8
1,2.000000,-1.401000,0.463000,-42,0.000000,7,8
1,2.000000,-1.431000,0.547000,-41,0.000000,7,8
1,2.000000,-1.270000,0.518000,-42,0.000000,7,8
1,2.000000,-1.401000,0.534000,-42,0.000000,7,8
1,2.000000,-1.401000,0.607000,-42,0.000000,7,8
1,2.000000,-1.445000,0.572000,-41,0.000000,7,8
1,2.000000,-1.445000,0.495000,-42,0.000000,7,8
1,2.000000,-1.270000,0.440000,-41,0.000000,7,8
1,2.000000,-1.167000,0.515000,-41,0.000000,7,8
1,2.000000,-1.284000,0.414000,-42,0.000000,7,8
1,2.000000,-1.431000,0.556000,-41,0.000000,7,8
1,2.000000,-1.284000,0.432000,-42,0.000000,7,8
1,2.000000,-1.050000,0.382000,-42,0.000000,7,8
1,2.000000,-1.387000,0.593000,-42,0.000000,7,8
1,2.000000,-1.211000,0.518000,-42,0.000000,7,8
1,2.000000,-1.357000,0.444000,-42,0.000000,7,8
1,2.000000,-1.167000,0.465000,-41,0.000000,7,8
1,2.000000,-1.357000,0.570000,-41,0.000000,7,8
1,2.000000,-1.328000,0.562000,-41,0.000000,7,8
1,2.000000,-1.387000,0.581000,-42,0.000000,7,8
1,2.000000,-1.118000,0.342000,-42,0.000000,7,8
1,2.000000,-1.401000,0.468000,-41,0.000000,7,8
1,2.000000,-1.431000,0.510000,-42,0.000000,7,8
1,2.000000,-1.314000,0.638000,-42,0.000000,7,8
1,2.000000,-1.445000,0.508000,-42,0.000000,7,8
1,2.000000,-1.284000,0.439000,-41,0.000000,7,8
1,2.000000,-1.152000,0.454000,-41,0.000000,7,8
1,2.000000,-1.372000,0.463000,-41,0.000000,7,8
1,2.000000,-1.299000,0.555000,-42,0.000000,7,8
1,2.000000,-1.475000,0.511000,-42,0.000000,7,8
1,2.000000,-1.123000,0.398000,-42,0.000000,7,8
1,2.000000,-1.226000,0.348000,-42,0.000000,7,8
1,2.000000,-1.416000,0.409000,-42,0.000000,7,8
1,2.000000,-1.445000,0.583000,-41,0.000000,7,8
1,2.000000,-1.577000,0.528000,-42,0.000000,7,8
1,2.000000,-1.328000,0.592000,-42,0.000000,7,8
1,2.000000,-1.621000,0.659000,-42,0.000000,7,8
1,2.000000,-1.123000,0.430000,-42,0.000000,7,8
1,2.000000,-1.328000,0.475000,-42,0.000000,7,8
1,2.000000,-1.314000,0.538000,-42,0.000000,7,8
1,2.000000,-1.357000,0.548000,-42,0.000000,7,8
1,2.000000,-1.343000,0.438000,-42,0.000000,7,8
1,2.000000,-1.577000,0.565000,-42,0.000000,7,8
1,2.000000,-1.387000,0.392000,-42,0.000000,7,8
1,2.000000,-1.431000,0.538000,-42,0.000000,7,8
1,2.000000,-1.475000,0.578000,-42,0.000000,7,8
1,2.000000,-1.548000,0.583000,-42,0.000000,7,8
1,2.000000,-1.533000,0.493000,-42,0.000000,7,8
1,2.000000,-1.299000,0.485000,-42,0.000000,7,8
1,2.000000,-1.401000,0.405000,-42,0.000000,7,8
1,2.000000,-1.431000,0.479000,-42,0.000000,7,8
1,2.000000,-1.475000,0.550000,-42,0.000000,7,8
1,2.000000,-1.606000,0.582000,-42,0.000000,7,8
1,2.000000,-1.709000,0.693000,-42,0.000000,7,8
1,2.000000,-1.812000,0.623000,-42,0.000000,7,8
1,2.000000,-1.694000,0.618000,-42,0.000000,7,8
1,2.000000,-1.826000,0.714000,-42,0.000000,7,8
1,2.000000,-1.694000,0.659000,-42,0.000000,7,8
1,2.000000,-1.401000,0.550000,-42,0.000000,7,8
1,2.000000,-1.504000,0.561000,-41,0.000000,7,8
1,2.000000,-1.445000,0.504000,-41,0.000000,7,8
1,2.000000,-1.577000,0.592000,-42,0.000000,7,8
1,2.000000,-1.533000,0.578000,-42,0.000000,7,8
1,2.000000,-1.211000,0.463000,-42,0.000000,7,8
1,2.000000,-1.519000,0.502000,-42,0.000000,7,8
1,2.000000,-1.475000,0.511000,-42,0.000000,7,8
1,2.000000,-1.445000,0.514000,-42,0.000000,7,8
1,2.000000,-1.445000,0.504000,-41,0.000000,7,8
1,2.000000,-1.680000,0.628000,-42,0.000000,7,8
1,2.000000,-1.489000,0.580000,-42,0.000000,7,8
1,2.000000,-1.416000,0.474000,-42,0.000000,7,8
1,2.000000,-1.548000,0.511000,-42,0.000000,7,8
1,2.000000,-1.533000,0.622000,-42,0.000000,7,8
1,2.000000,-1.489000,0.538000,-41,0.000000,7,8
1,2.000000,-1.328000,0.492000,-42,0.000000,7,8
1,2.000000,-1.357000,0.487000,-41,0.000000,7,8
1,2.000000,-1.255000,0.534000,-41,0.000000,7,8
1,2.000000,-1.314000,0.588000,-41,0.000000,7,8
1,2.000000,-1.138000,0.522000,-42,0.000000,7,8
1,2.000000,-1.108000,0.416000,-41,0.000000,7,8
1,2.000000,-1.284000,0.514000,-41,0.000000,7,8
1,2.000000,-1.167000,0.528000,-40,0.000000,7,8
1,2.000000,-1.182000,0.442000,-41,0.000000,7,8
1,2.000000,-1.240000,0.525000,-41,0.000000,7,8
1,2.000000,-1.094000,0.493000,-41,0.000000,7,8
1,2.000000,-1.138000,0.557000,-41,0.000000,7,8
1,2.000000,-1.255000,0.502000,-41,0.000000,7,8
1,2.000000,-1.050000,0.428000,-42,0.000000,7,8
1,2.000000,-0.991000,0.520000,-41,0.000000,7,8
1,2.000000,-1.211000,0.584000,-41,0.000000,7,8
1,2.000000,-1.343000,0.561000,-41,0.000000,7,8
1,2.000000,-1.167000,0.478000,-41,0.000000,7,8
1,2.000000,-1.196000,0.527000,-41,0.000000,7,8
1,2.000000,-1.284000,0.568000,-41,0.000000,7,8
1,2.000000,-1.343000,0.560000,-41,0.000000,7,8
1,2.000000,-1.255000,0.504000,-41,0.000000,7,8
1,2.000000,-1.079000,0.447000,-41,0.000000,7,8
1,2.000000,-1.108000,0.434000,-42,0.000000,7,8
1,2.000000,-1.548000,0.581000,-42,0.000000,7,8
1,2.000000,-1.123000,0.529000,-41,0.000000,7,8
1,2.000000,-0.977000,0.359000,-41,0.000000,7,8
1,2.000000,-1.182000,0.456000,-41,0.000000,7,8
1,2.000000,-1.357000,0.464000,-41,0.000000,7,8
1,2.000000,-1.738000,0.677000,-42,0.000000,7,8
1,2.000000,-1.621000,0.547000,-42,0.000000,7,8
1,2.000000,-1.152000,0.416000,-42,0.000000,7,8
1,2.000000,-1.577000,0.571000,-42,0.000000,7,8
1,2.000000,-1.621000,0.681000,-42,0.000000,7,8
1,2.000000,-1.694000,0.676000,-42,0.000000,7,8
1,2.000000,-1.650000,0.653000,-42,0.000000,7,8
1,2.000000,-1.665000,0.682000,-42,0.000000,7,8
1,2.000000,-1.665000,0.625000,-42,0.000000,7,8
1,2.000000,-1.650000,0.617000,-42,0.000000,7,8
1,2.000000,-1.606000,0.585000,-42,0.000000,7,8
1,2.000000,-1.636000,0.547000,-42,0.000000,7,8
1,2.000000,-1.563000,0.616000,-42,0.000000,7,8
1,2.000000,-1.211000,0.510000,-41,0.000000,7,8
1,2.000000,-1.021000,0.376000,-41,0.000000,7,8
1,2.000000,-1.211000,0.364000,-42,0.000000,7,8
1,2.000000,-1.489000,0.463000,-42,0.000000,7,8
1,2.000000,-1.343000,0.456000,-42,0.000000,7,8
1,2.000000,-1.519000,0.574000,-42,0.000000,7,8
1,2.000000,-1.416000,0.449000,-42,0.000000,7,8
1,2.000000,-1.724000,0.602000,-42,0.000000,7,8
1,2.000000,-1.401000,0.470000,-42,0.000000,7,8
1,2.000000,-1.504000,0.527000,-42,0.000000,7,8
1,2.000000,-1.401000,0.477000,-42,0.000000,7,8
1,2.000000,-1.343000,0.413000,-42,0.000000,7,8
1,2.000000,-1.475000,0.535000,-42,0.000000,7,8
1,2.000000,-1.592000,0.559000,-42,0.000000,7,8
1,2.000000,-1.475000,0.454000,-42,0.000000,7,8
1,2.000000,-1.592000,0.613000,-43,0.000000,7,8
1,2.000000,-1.372000,0.450000,-42,0.000000,7,8
1,2.000000,-1.665000,0.548000,-42,0.000000,7,8
1,2.000000,-1.314000,0.459000,-42,0.000000,7,8
1,2.000000,-1.108000,0.341000,-42,0.000000,7,8
1,2.000000,-1.299000,0.467000,-42,0.000000,7,8
1,2.000000,-1.343000,0.462000,-42,0.000000,7,8
1,2.000000,-1.065000,0.371000,-42,0.000000,7,8
1,2.000000,-1.299000,0.432000,-42,0.000000,7,8
1,2.000000,-1.006000,0.348000,-42,0.000000,7,8
1,2.000000,-1.006000,0.460000,-41,0.000000,7,8
1,2.000000,-1.489000,0.597000,-42,0.000000,7,8
1,2.000000,-1.753000,0.580000,-43,0.000000,7,8
1,2.000000,-1.636000,0.690000,-42,0.000000,7,8
1,2.000000,-1.211000,0.477000,-42,0.000000,7,8
1,2.000000,-1.460000,0.507000,-42,0.000000,7,8
1,2.000000,-1.489000,0.551000,-42,0.000000,7,8
1,2.000000,-1.665000,0.594000,-42,0.000000,7,8
1,2.000000,-1.519000,0.486000,-42,0.000000,7,8
1,2.000000,-1.255000,0.545000,-42,0.000000,7,8
1,2.000000,-1.694000,0.610000,-42,0.000000,7,8
1,2.000000,-1.475000,0.575000,-42,0.000000,7,8
1,2.000000,-1.577000,0.580000,-42,0.000000,7,8
1,2.000000,-1.416000,0.532000,-42,0.000000,7,8
1,2.000000,-1.621000,0.600000,-42,0.000000,7,8
1,2.000000,-1.724000,0.657000,-42,0.000000,7,8
1,2.000000,-1.899000,0.665000,-42,0.000000,7,8
1,2.000000,-1.123000,0.630000,-42,0.000000,7,8
1,2.000000,-1.738000,0.613000,-42,0.000000,7,8
1,2.000000,-1.812000,0.674000,-42,0.000000,7,8
1,2.000000,-1.797000,0.671000,-42,0.000000,7,8
1,2.000000,-1.753000,0.635000,-42,0.000000,7,8
1,2.000000,-1.592000,0.539000,-42,0.000000,7,8
