1,8.000000,12.787000,1.233000,-56,0.000000,7,8
1,8.000000,13.846000,1.759000,-56,0.000000,7,8
1,8.000000,13.968000,0.997000,-56,0.000000,7,8
1,8.000000,13.612000,1.305000,-56,0.000000,7,8
1,8.000000,14.362000,1.198000,-55,0.000000,7,8
1,8.000000,13.612000,1.202000,-56,0.000000,7,8
1,8.000000,12.909000,2.195000,-56,0.000000,7,8
1,8.000000,15.028000,0.733000,-55,0.000000,7,8
1,8.000000,14.662000,0.842000,-55,0.000000,7,8
1,8.000000,14.671000,0.688000,-56,0.000000,7,8
1,8.000000,13.737000,1.465000,-57,0.000000,7,8
1,8.000000,13.856000,1.000000,-57,0.000000,7,8
1,8.000000,13.500000,1.574000,-57,0.000000,7,8
1,8.000000,15.018000,0.415000,-57,0.000000,7,8
1,8.000000,13.031000,1.643000,-57,0.000000,7,8
1,8.000000,14.824000,0.506000,-57,0.000000,7,8
1,8.000000,15.131000,0.468000,-57,0.000000,6,8
1,8.000000,14.559000,0.680000,-57,0.000000,7,8
1,8.000000,14.437000,0.784000,-58,0.000000,7,8
1,8.000000,13.743000,1.619000,-57,0.000000,7,8
1,8.000000,14.349000,1.030000,-58,0.000000,6,8
1,8.000000,13.575000,1.337000,-57,0.000000,7,8
1,8.000000,13.587000,1.288000,-57,0.000000,7,8
1,8.000000,14.437000,0.590000,-57,0.000000,7,8
1,8.000000,13.612000,1.147000,-57,0.000000,7,8
1,8.000000,14.550000,0.701000,-57,0.000000,7,8
1,8.000000,13.737000,0.959000,-57,0.000000,7,8
1,8.000000,14.325000,0.694000,-56,0.000000,7,8
1,8.000000,13.275000,1.406000,-56,0.000000,7,8
1,8.000000,14.315000,0.863000,-57,0.000000,7,8
1,8.000000,14.325000,0.922000,-57,0.000000,7,8
1,8.000000,13.575000,1.258000,-57,0.000000,7,8
1,8.000000,13.612000,1.696000,-57,0.000000,7,8
1,8.000000,13.734000,1.322000,-57,0.000000,7,8
1,8.000000,14.325000,1.296000,-56,0.000000,7,8
1,8.000000,14.437000,1.733000,-57,0.000000,7,8
1,8.000000,13.968000,0.968000,-57,0.000000,4,8
1,8.000000,13.743000,1.291000,-57,0.000000,7,8
1,8.000000,13.256000,1.738000,-57,0.000000,7,8
1,8.000000,13.425000,1.114000,-57,0.000000,7,8
1,8.000000,13.500000,1.198000,-56,0.000000,7,8
1,8.000000,14.906000,0.693000,-57,0.000000,2,8
1,8.000000,14.437000,0.826000,-57,0.000000,7,8
1,8.000000,13.612000,1.274000,-57,0.000000,7,8
1,8.000000,13.500000,1.321000,-57,0.000000,7,8
1,8.000000,13.387000,1.188000,-57,0.000000,7,8
1,8.000000,13.490000,1.809000,-58,0.000000,7,8
1,8.000000,13.021000,1.808000,-57,0.000000,7,8
1,8.000000,13.621000,1.022000,-57,0.000000,7,8
1,8.000000,12.918000,1.647000,-56,0.000000,7,8
1,8.000000,13.031000,1.849000,-56,0.000000,7,8
1,8.000000,16.434000,0.390000,-57,0.000000,7,8
1,8.000000,13.256000,1.504000,-57,0.000000,7,8
1,8.000000,14.662000,0.788000,-57,0.000000,7,8
1,8.000000,13.153000,2.040000,-56,0.000000,7,8
1,8.000000,14.203000,1.198000,-56,0.000000,7,8
1,8.000000,13.612000,1.350000,-57,0.000000,7,8
1,8.000000,14.362000,0.812000,-56,0.000000,7,8
1,8.000000,13.968000,1.194000,-57,0.000000,7,8
1,8.000000,13.509000,2.235000,-57,0.000000,7,8
1,8.000000,13.725000,1.984000,-57,0.000000,7,8
1,8.000000,12.918000,1.932000,-58,0.000000,7,8
1,8.000000,13.846000,1.644000,-57,0.000000,7,8
1,8.000000,13.856000,0.953000,-56,0.000000,7,8
1,8.000000,13.387000,1.278000,-60,0.000000,7,8
1,8.000000,14.793000,0.460000,-56,0.000000,7,8
1,8.000000,13.256000,0.905000,-58,0.000000,7,8
1,8.000000,14.437000,0.658000,-57,0.000000,7,8
1,8.000000,13.031000,1.341000,-58,0.000000,7,8
1,8.000000,12.637000,1.751000,-55,0.000000,7,8
1,8.000000,14.681000,1.336000,-58,0.000000,7,8
1,8.000000,14.081000,1.089000,-57,0.000000,7,8
1,8.000000,14.049000,0.586000,-58,0.000000,7,8
1,8.000000,13.725000,1.133000,-59,0.000000,7,8
1,8.000000,14.203000,1.562000,-57,0.000000,7,8
1,8.000000,13.265000,1.458000,-56,0.000000,7,8
1,8.000000,14.681000,0.512000,-57,0.000000,7,8
1,8.000000,14.081000,0.950000,-56,0.000000,7,8
1,8.000000,13.425000,1.683000,-56,0.000000,7,8
1,8.000000,13.425000,2.176000,-54,0.000000,7,8
1,8.000000,13.968000,0.487000,-54,0.000000,7,8
1,8.000000,13.734000,0.759000,-55,0.000000,7,8
1,8.000000,13.587000,1.062000,-54,0.000000,7,8
1,8.000000,12.787000,1.460000,-55,0.000000,7,8
1,8.000000,13.265000,0.928000,-54,0.000000,7,8
1,8.000000,13.500000,1.089000,-54,0.000000,7,8
1,8.000000,14.081000,0.495000,-53,0.000000,7,8
1,8.000000,13.968000,0.632000,-54,0.000000,7,8
1,8.000000,13.734000,0.821000,-56,0.000000,7,8
1,8.000000,14.325000,0.789000,-55,0.000000,7,8
1,8.000000,14.437000,0.276000,-54,0.000000,7,8
1,8.000000,14.906000,0.224000,-53,0.000000,7,8
1,8.000000,13.846000,0.225000,-54,0.000000,7,8
1,8.000000,13.387000,0.982000,-55,0.000000,7,8
1,8.000000,13.575000,1.045000,-55,0.000000,7,8
1,8.000000,14.315000,0.468000,-54,0.000000,7,8
1,8.000000,14.212000,0.805000,-54,0.000000,7,8
1,8.000000,13.153000,1.260000,-55,0.000000,7,8
1,8.000000,14.437000,0.481000,-54,0.000000,7,8
1,8.000000,12.918000,1.183000,-55,0.000000,7,8
1,8.000000,13.621000,1.080000,-56,0.000000,7,8
1,8.000000,12.795000,1.311000,-55,0.000000,7,8
1,8.000000,13.734000,0.903000,-55,0.000000,7,8
1,8.000000,13.275000,0.959000,-55,0.000000,5,8
1,8.000000,13.743000,1.159000,-55,0.000000,7,8
1,8.000000,12.675000,1.388000,-55,0.000000,7,8
1,8.000000,12.799000,1.747000,-54,0.000000,7,8
1,8.000000,12.562000,1.303000,-55,0.000000,7,8
1,8.000000,13.737000,0.956000,-55,0.000000,7,8
1,8.000000,13.040000,0.697000,-55,0.000000,7,8
1,8.000000,14.987000,0.413000,-53,0.000000,7,8
1,8.000000,12.474000,1.175000,-55,0.000000,7,8
1,8.000000,12.215000,1.142000,-57,0.000000,7,8
1,8.000000,12.562000,1.251000,-54,0.000000,7,8
1,8.000000,13.265000,1.410000,-56,0.000000,7,8
1,8.000000,12.684000,1.027000,-55,0.000000,7,8
1,8.000000,13.262000,1.174000,-56,0.000000,7,8
1,8.000000,13.265000,1.112000,-56,0.000000,7,8
1,8.000000,13.387000,0.697000,-56,0.000000,7,8
1,8.000000,14.212000,0.566000,-55,0.000000,7,8
1,8.000000,14.199000,0.477000,-54,0.000000,7,8
1,8.000000,13.621000,0.982000,-55,0.000000,7,8
1,8.000000,13.737000,0.419000,-54,0.000000,7,8
1,8.000000,13.887000,0.561000,-53,0.000000,7,8
1,8.000000,13.968000,0.598000,-54,0.000000,7,8
1,8.000000,13.737000,0.779000,-53,0.000000,7,8
1,8.000000,12.909000,0.826000,-57,0.000000,7,8
1,8.000000,13.153000,0.550000,-54,0.000000,7,8
1,8.000000,14.199000,0.775000,-52,0.000000,7,8
1,8.000000,13.500000,0.658000,-55,0.000000,7,8
1,8.000000,14.674000,0.427000,-54,0.000000,7,8
1,8.000000,13.262000,0.938000,-53,0.000000,7,8
1,8.000000,13.887000,0.603000,-54,0.000000,7,8
1,8.000000,14.662000,0.000000,-55,0.000000,1,8
1,8.000000,13.734000,0.585000,-55,0.000000,7,8
1,8.000000,13.265000,0.783000,-55,0.000000,7,8
1,8.000000,13.737000,0.606000,-54,0.000000,7,8
1,8.000000,13.378000,0.843000,-53,0.000000,7,8
1,8.000000,12.909000,1.034000,-54,0.000000,7,8
1,8.000000,13.262000,1.056000,-54,0.000000,7,8
1,8.000000,14.362000,0.421000,-54,0.000000,7,8
1,8.000000,12.675000,0.933000,-54,0.000000,7,8
1,8.000000,13.725000,0.000000,-54,0.000000,4,8
1,8.000000,13.275000,0.384000,-54,0.000000,7,8
1,8.000000,13.725000,1.079000,-55,0.000000,7,8
1,8.000000,12.337000,0.000000,-55,0.000000,7,8
1,8.000000,12.787000,0.000000,-55,0.000000,7,8
1,8.000000,12.318000,0.919000,-56,0.000000,7,8
1,8.000000,12.487000,0.591000,-56,0.000000,7,8
1,8.000000,13.031000,0.919000,-56,0.000000,7,8
1,8.000000,13.500000,0.810000,-56,0.000000,7,8
1,8.000000,13.575000,0.212000,-56,0.000000,7,8
1,8.000000,12.487000,1.328000,-56,0.000000,7,8
1,8.000000,13.968000,0.560000,-56,0.000000,7,8
1,8.000000,13.734000,0.793000,-56,0.000000,7,8
1,8.000000,13.265000,0.902000,-56,0.000000,7,8
1,8.000000,13.612000,0.784000,-55,0.000000,7,8
1,8.000000,13.743000,0.624000,-55,0.000000,7,8
1,8.000000,13.846000,0.585000,-55,0.000000,7,8
1,8.000000,13.265000,1.284000,-54,0.000000,7,8
1,8.000000,13.734000,0.987000,-54,0.000000,7,8
1,8.000000,12.806000,0.765000,-54,0.000000,7,8
1,8.000000,12.637000,0.633000,-54,0.000000,7,8
1,8.000000,14.824000,0.336000,-53,0.000000,7,8
1,8.000000,14.437000,0.585000,-54,0.000000,7,8
1,8.000000,14.512000,0.653000,-54,0.000000,7,8
1,8.000000,14.896000,0.550000,-53,0.000000,7,8
1,8.000000,13.387000,0.694000,-54,0.000000,7,8
1,8.000000,13.734000,0.594000,-55,0.000000,7,8
1,8.000000,13.968000,1.424000,-54,0.000000,7,8
1,8.000000,12.787000,0.672000,-54,0.000000,7,8
1,8.000000,14.671000,0.491000,-55,0.000000,7,8
1,8.000000,13.887000,0.702000,-54,0.000000,7,8
1,8.000000,14.674000,0.423000,-55,0.000000,7,8
1,8.000000,14.193000,0.765000,-54,0.000000,7,8
1,8.000000,14.037000,0.585000,-54,0.000000,7,8
1,8.000000,13.153000,0.962000,-54,0.000000,7,8
1,8.000000,13.621000,0.615000,-54,0.000000,7,8
1,8.000000,12.918000,0.680000,-54,0.000000,7,8
1,8.000000,13.621000,0.819000,-55,0.000000,7,8
1,8.000000,13.265000,0.902000,-55,0.000000,7,8
1,8.000000,13.887000,0.248000,-54,0.000000,7,8
1,8.000000,13.112000,0.962000,-55,0.000000,7,8
1,8.000000,13.856000,0.744000,-55,0.000000,7,8
1,8.000000,13.500000,0.922000,-55,0.000000,7,8
1,8.000000,13.275000,0.762000,-54,0.000000,7,8
1,8.000000,13.143000,0.799000,-55,0.000000,7,8
1,8.000000,12.918000,0.891000,-55,0.000000,7,8
1,8.000000,14.437000,0.194000,-54,0.000000,7,8
1,8.000000,13.737000,0.540000,-55,0.000000,7,8
1,8.000000,12.440000,1.273000,-54,0.000000,7,8
1,8.000000,14.671000,0.491000,-54,0.000000,7,8
1,8.000000,14.315000,0.488000,-55,0.000000,7,8
1,8.000000,14.203000,0.549000,-54,0.000000,7,8
1,8.000000,13.887000,0.805000,-54,0.000000,7,8
1,8.000000,14.090000,0.726000,-54,0.000000,7,8
1,8.000000,15.018000,0.352000,-54,0.000000,7,8
1,8.000000,13.575000,0.768000,-54,0.000000,7,8
1,8.000000,14.081000,1.000000,-54,0.000000,7,8
1,8.000000,13.734000,0.919000,-54,0.000000,7,8
1,8.000000,13.500000,0.982000,-54,0.000000,7,8
1,8.000000,13.612000,1.037000,-54,0.000000,7,8
1,8.000000,13.612000,1.167000,-55,0.000000,7,8
1,8.000000,14.315000,0.563000,-55,0.000000,7,8
1,8.000000,14.203000,0.871000,-54,0.000000,7,8
1,8.000000,14.193000,0.639000,-54,0.000000,7,8
1,8.000000,13.734000,0.787000,-54,0.000000,7,8
1,8.000000,13.265000,0.997000,-54,0.000000,7,8
1,8.000000,14.049000,0.664000,-54,0.000000,7,8
1,8.000000,14.325000,0.663000,-54,0.000000,7,8
1,8.000000,13.968000,0.697000,-54,0.000000,7,8
1,8.000000,14.446000,0.601000,-54,0.000000,7,8
1,8.000000,14.203000,0.763000,-54,0.000000,7,8
1,8.000000,13.846000,0.936000,-54,0.000000,7,8
1,8.000000,14.081000,1.173000,-54,0.000000,7,8
1,8.000000,14.437000,0.540000,-54,0.000000,7,8
1,8.000000,14.081000,0.849000,-53,0.000000,7,8
1,8.000000,13.143000,1.748000,-54,0.000000,7,8
1,8.000000,13.425000,1.037000,-54,0.000000,7,8
1,8.000000,13.490000,1.105000,-54,0.000000,7,8
1,8.000000,14.325000,0.789000,-54,0.000000,7,8
1,8.000000,13.846000,1.200000,-54,0.000000,7,8
1,8.000000,13.899000,0.857000,-54,0.000000,7,8
1,8.000000,14.203000,0.583000,-54,0.000000,7,8
1,8.000000,13.846000,0.833000,-55,0.000000,7,8
1,8.000000,13.725000,0.575000,-55,0.000000,7,8
1,8.000000,14.203000,1.092000,-55,0.000000,7,8
1,8.000000,14.671000,0.427000,-54,0.000000,7,8
1,8.000000,13.387000,0.895000,-54,0.000000,7,8
1,8.000000,13.621000,1.105000,-54,0.000000,7,8
1,8.000000,14.437000,0.225000,-53,0.000000,7,8
1,8.000000,13.968000,0.598000,-54,0.000000,7,8
1,8.000000,13.725000,0.852000,-53,0.000000,7,8
1,8.000000,14.974000,0.421000,-53,0.000000,7,8
1,8.000000,14.203000,0.678000,-53,0.000000,7,8
1,8.000000,13.734000,0.802000,-54,0.000000,7,8
1,8.000000,14.362000,0.497000,-54,0.000000,7,8
1,8.000000,13.968000,1.056000,-54,0.000000,7,8
1,8.000000,14.315000,1.117000,-54,0.000000,7,8
1,8.000000,13.856000,1.014000,-54,0.000000,7,8
1,8.000000,13.887000,0.929000,-55,0.000000,7,8
1,8.000000,14.090000,0.692000,-55,0.000000,7,8
1,8.000000,13.143000,1.035000,-55,0.000000,7,8
1,8.000000,13.153000,1.190000,-55,0.000000,7,8
1,8.000000,14.906000,0.506000,-56,0.000000,7,8
1,8.000000,13.425000,1.105000,-56,0.000000,7,8
1,8.000000,13.500000,1.160000,-56,0.000000,7,8
1,8.000000,13.425000,1.270000,-57,0.000000,7,8
1,8.000000,13.612000,0.938000,-56,0.000000,7,8
1,8.000000,13.425000,0.927000,-56,0.000000,7,8
1,8.000000,13.412000,1.029000,-57,0.000000,7,8
1,8.000000,13.725000,0.640000,-57,0.000000,7,8
1,8.000000,13.968000,0.768000,-56,0.000000,7,8
1,8.000000,13.265000,1.160000,-56,0.000000,7,8
1,8.000000,13.575000,1.209000,-56,0.000000,7,8
1,8.000000,14.512000,0.475000,-56,0.000000,7,8
1,8.000000,13.031000,1.056000,-55,0.000000,7,8
1,8.000000,14.037000,0.752000,-55,0.000000,7,8
1,8.000000,12.562000,1.390000,-56,0.000000,7,8
1,8.000000,14.090000,0.948000,-56,0.000000,7,8
1,8.000000,12.962000,1.291000,-56,0.000000,7,8
1,8.000000,12.796000,1.437000,-56,0.000000,7,8
1,8.000000,13.621000,1.095000,-56,0.000000,7,8
1,8.000000,12.562000,1.398000,-56,0.000000,7,8
1,8.000000,14.315000,0.751000,-56,0.000000,7,8
1,8.000000,13.031000,1.375000,-56,0.000000,7,8
1,8.000000,14.212000,0.443000,-56,0.000000,7,8
1,8.000000,13.031000,1.299000,-56,0.000000,7,8
1,8.000000,13.153000,0.896000,-57,0.000000,7,8
1,8.000000,13.500000,1.003000,-57,0.000000,7,8
1,8.000000,12.562000,0.987000,-56,0.000000,7,8
1,8.000000,13.265000,1.052000,-56,0.000000,7,8
1,8.000000,13.734000,0.903000,-57,0.000000,7,8
1,8.000000,12.949000,1.056000,-56,0.000000,7,8
1,8.000000,13.743000,1.022000,-56,0.000000,7,8
1,8.000000,12.787000,0.986000,-56,0.000000,7,8
1,8.000000,13.500000,1.114000,-56,0.000000,7,8
1,8.000000,13.031000,1.220000,-56,0.000000,7,8
1,8.000000,13.509000,1.240000,-55,0.000000,7,8
1,8.000000,13.031000,1.249000,-55,0.000000,7,8
1,8.000000,13.265000,1.182000,-55,0.000000,7,8
1,8.000000,13.968000,0.860000,-55,0.000000,7,8
1,8.000000,14.559000,0.547000,-54,0.000000,7,8
1,8.000000,14.315000,0.743000,-54,0.000000,7,8
1,8.000000,14.212000,0.602000,-54,0.000000,7,8
1,8.000000,13.887000,0.917000,-54,0.000000,7,8
1,8.000000,13.725000,1.145000,-54,0.000000,7,8
1,8.000000,13.968000,0.769000,-54,0.000000,7,8
1,8.000000,13.968000,1.135000,-55,0.000000,7,8
1,8.000000,13.856000,0.966000,-54,0.000000,7,8
1,8.000000,13.575000,0.591000,-54,0.000000,7,8
1,8.000000,14.550000,0.649000,-54,0.000000,7,8
1,8.000000,13.153000,1.116000,-55,0.000000,7,8
1,8.000000,12.796000,1.260000,-55,0.000000,7,8
1,8.000000,13.968000,0.860000,-55,0.000000,7,8
1,8.000000,13.265000,1.310000,-54,0.000000,7,8
1,8.000000,13.387000,1.005000,-55,0.000000,7,8
1,8.000000,13.621000,1.022000,-55,0.000000,7,8
1,8.000000,14.315000,0.585000,-55,0.000000,7,8
1,8.000000,13.357000,0.908000,-55,0.000000,7,8
1,8.000000,13.490000,1.143000,-55,0.000000,7,8
1,8.000000,13.500000,1.114000,-55,0.000000,7,8
1,8.000000,13.143000,1.027000,-55,0.000000,7,8
1,8.000000,14.315000,0.585000,-55,0.000000,7,8
1,8.000000,14.212000,0.693000,-55,0.000000,7,8
1,8.000000,13.378000,1.134000,-55,0.000000,7,8
1,8.000000,14.090000,0.841000,-55,0.000000,7,8
1,8.000000,14.349000,0.710000,-55,0.000000,7,8
1,8.000000,14.671000,0.501000,-55,0.000000,7,8
1,8.000000,14.203000,0.753000,-56,0.000000,7,8
1,8.000000,13.737000,1.027000,-56,0.000000,7,8
1,8.000000,13.031000,1.197000,-56,0.000000,7,8
1,8.000000,13.575000,0.970000,-56,0.000000,6,8
1,8.000000,13.734000,0.990000,-56,0.000000,7,8
1,8.000000,12.962000,0.955000,-56,0.000000,7,8
1,8.000000,13.262000,1.004000,-56,0.000000,7,8
1,8.000000,13.959000,0.899000,-56,0.000000,7,8
1,8.000000,13.500000,0.966000,-56,0.000000,7,8
1,8.000000,13.968000,0.997000,-56,0.000000,7,8
1,8.000000,13.737000,1.119000,-56,0.000000,7,8
1,8.000000,13.031000,1.177000,-56,0.000000,7,8
1,8.000000,14.437000,0.481000,-56,0.000000,7,8
1,8.000000,13.725000,0.842000,-56,0.000000,7,8
1,8.000000,13.387000,0.961000,-56,0.000000,7,8
1,8.000000,13.621000,1.538000,-56,0.000000,7,8
1,8.000000,13.490000,1.143000,-56,0.000000,7,8
1,8.000000,13.575000,1.071000,-56,0.000000,7,8
1,8.000000,12.918000,1.098000,-56,0.000000,7,8
1,8.000000,13.265000,1.171000,-56,0.000000,7,8
1,8.000000,14.199000,0.650000,-56,0.000000,7,8
1,8.000000,13.143000,0.902000,-56,0.000000,7,8
1,8.000000,13.575000,1.252000,-56,0.000000,7,8
1,8.000000,14.203000,0.678000,-56,0.000000,7,8
1,8.000000,13.490000,1.484000,-55,0.000000,7,8
1,8.000000,14.049000,0.524000,-55,0.000000,7,8
1,8.000000,12.909000,1.239000,-55,0.000000,7,8
1,8.000000,13.734000,1.008000,-56,0.000000,7,8
1,8.000000,13.378000,0.997000,-55,0.000000,7,8
1,8.000000,13.846000,0.963000,-54,0.000000,7,8
1,8.000000,13.275000,1.186000,-54,0.000000,7,8
1,8.000000,13.734000,0.903000,-54,0.000000,7,8
1,8.000000,13.856000,0.688000,-54,0.000000,7,8
1,8.000000,14.362000,1.222000,-54,0.000000,7,8
1,8.000000,13.968000,0.933000,-54,0.000000,7,8
1,8.000000,14.906000,0.243000,-54,0.000000,4,8
1,8.000000,14.315000,0.820000,-54,0.000000,7,8
1,8.000000,14.987000,0.336000,-54,0.000000,7,8
1,8.000000,14.987000,0.336000,-54,0.000000,7,8
1,8.000000,14.793000,0.460000,-54,0.000000,7,8
1,8.000000,15.253000,0.327000,-54,0.000000,7,8
1,8.000000,15.028000,0.253000,-53,0.000000,7,8
1,8.000000,15.262000,0.204000,-54,0.000000,7,8
1,8.000000,13.734000,0.780000,-55,0.000000,7,8
1,8.000000,13.500000,1.160000,-55,0.000000,7,8
1,8.000000,14.512000,0.441000,-54,0.000000,7,8
1,8.000000,13.500000,0.896000,-54,0.000000,7,8
1,8.000000,14.037000,0.529000,-54,0.000000,7,8
1,8.000000,14.203000,0.793000,-54,0.000000,7,8
1,8.000000,14.437000,0.212000,-54,0.000000,7,8
1,8.000000,13.265000,1.142000,-53,0.000000,7,8
1,8.000000,14.437000,0.601000,-53,0.000000,7,8
1,8.000000,13.846000,1.394000,-53,0.000000,7,8
1,8.000000,13.968000,0.551000,-53,0.000000,7,8
1,8.000000,14.824000,0.336000,-53,0.000000,7,8
1,8.000000,14.987000,0.506000,-53,0.000000,7,8
1,8.000000,13.978000,0.860000,-53,0.000000,7,8
1,8.000000,14.199000,0.645000,-53,0.000000,7,8
1,8.000000,14.315000,0.736000,-54,0.000000,7,8
1,8.000000,14.090000,0.581000,-54,0.000000,7,8
1,8.000000,14.090000,0.854000,-54,0.000000,7,8
1,8.000000,13.256000,0.933000,-54,0.000000,7,8
1,8.000000,13.887000,0.741000,-54,0.000000,7,8
1,8.000000,13.612000,0.995000,-54,0.000000,7,8
1,8.000000,14.662000,0.697000,-55,0.000000,7,8
1,8.000000,14.559000,0.743000,-55,0.000000,7,8
1,8.000000,14.362000,0.491000,-55,0.000000,7,8
1,8.000000,14.437000,0.535000,-55,0.000000,7,8
1,8.000000,12.806000,1.123000,-55,0.000000,7,8
1,8.000000,13.968000,0.704000,-55,0.000000,7,8
1,8.000000,14.662000,0.000000,-55,0.000000,1,8
1,8.000000,13.500000,0.857000,-55,0.000000,7,8
1,8.000000,13.725000,0.899000,-55,0.000000,7,8
1,8.000000,13.112000,0.825000,-55,0.000000,7,8
1,8.000000,12.562000,1.147000,-55,0.000000,7,8
1,8.000000,14.199000,0.494000,-55,0.000000,7,8
1,8.000000,14.049000,0.216000,-55,0.000000,7,8
1,8.000000,13.743000,0.492000,-55,0.000000,7,8
1,8.000000,13.612000,0.507000,-54,0.000000,7,8
1,8.000000,13.425000,0.700000,-54,0.000000,7,8
1,8.000000,14.203000,0.427000,-54,0.000000,7,8
1,8.000000,13.265000,0.799000,-54,0.000000,7,8
1,8.000000,13.846000,0.393000,-54,0.000000,7,8
1,8.000000,13.500000,0.987000,-54,0.000000,7,8
1,8.000000,12.949000,0.752000,-55,0.000000,7,8
1,8.000000,13.734000,0.460000,-55,0.000000,7,8
1,8.000000,13.500000,0.748000,-54,0.000000,7,8
1,8.000000,13.500000,0.672000,-54,0.000000,7,8
1,8.000000,12.918000,0.426000,-54,0.000000,7,8
1,8.000000,14.362000,0.481000,-55,0.000000,7,8
1,8.000000,13.612000,1.089000,-55,0.000000,7,8
1,8.000000,14.325000,0.550000,-54,0.000000,7,8
1,8.000000,12.637000,0.888000,-54,0.000000,7,8
1,8.000000,13.031000,0.860000,-54,0.000000,7,8
1,8.000000,13.575000,0.819000,-55,0.000000,7,8
1,8.000000,13.275000,0.895000,-54,0.000000,7,8
1,8.000000,13.425000,0.825000,-53,0.000000,7,8
1,8.000000,13.968000,0.966000,-54,0.000000,7,8
1,8.000000,12.787000,1.181000,-54,0.000000,7,8
1,8.000000,13.734000,0.860000,-54,0.000000,7,8
1,8.000000,14.315000,0.488000,-54,0.000000,7,8
1,8.000000,14.212000,0.468000,-54,0.000000,7,8
1,8.000000,13.500000,0.961000,-54,0.000000,7,8
1,8.000000,13.725000,0.591000,-54,0.000000,7,8
1,8.000000,13.743000,0.662000,-55,0.000000,7,8
1,8.000000,12.949000,0.895000,-56,0.000000,7,8
1,8.000000,12.324000,1.307000,-55,0.000000,7,8
1,8.000000,13.968000,0.931000,-54,0.000000,7,8
1,8.000000,13.968000,0.550000,-54,0.000000,7,8
1,8.000000,13.153000,0.917000,-54,0.000000,7,8
1,8.000000,13.968000,0.551000,-53,0.000000,7,8
1,8.000000,14.512000,0.427000,-53,0.000000,7,8
1,8.000000,14.212000,0.000000,-54,0.000000,4,8
1,8.000000,14.437000,0.586000,-54,0.000000,7,8
1,8.000000,12.918000,0.712000,-54,0.000000,7,8
1,8.000000,12.450000,0.583000,-56,0.000000,7,8
1,8.000000,14.437000,0.225000,-54,0.000000,7,8
1,8.000000,14.674000,0.301000,-53,0.000000,7,8
1,8.000000,12.949000,1.143000,-55,0.000000,7,8
1,8.000000,12.799000,0.590000,-55,0.000000,7,8
1,8.000000,13.737000,0.702000,-54,0.000000,7,8
1,8.000000,12.562000,1.068000,-55,0.000000,7,8
1,8.000000,13.737000,0.441000,-54,0.000000,7,8
1,8.000000,12.637000,0.968000,-56,0.000000,6,8
1,8.000000,15.600000,0.000000,-57,0.000000,7,8
1,8.000000,13.275000,0.765000,-55,0.000000,7,8
1,8.000000,11.850000,1.219000,-54,0.000000,7,8
1,8.000000,12.318000,1.422000,-54,0.000000,7,8
1,8.000000,14.199000,0.800000,-54,0.000000,7,8
1,8.000000,13.887000,0.769000,-57,0.000000,7,8
1,8.000000,14.662000,0.243000,-56,0.000000,7,8
1,8.000000,14.662000,0.000000,-53,0.000000,3,8
1,8.000000,18.412001,0.000000,-53,0.000000,4,8
1,8.000000,13.500000,1.303000,-54,0.000000,7,8
1,8.000000,15.600000,0.243000,-53,0.000000,3,8
1,8.000000,13.575000,0.927000,-54,0.000000,7,8
1,8.000000,12.918000,1.014000,-53,0.000000,7,8
1,8.000000,15.150000,0.000000,-54,0.000000,2,8
1,8.000000,13.265000,1.649000,-55,0.000000,7,8
1,8.000000,13.737000,1.195000,-54,0.000000,7,8
1,8.000000,13.387000,0.882000,-54,0.000000,7,8
1,8.000000,14.090000,0.975000,-56,0.000000,7,8
1,8.000000,13.143000,1.241000,-57,0.000000,7,8
1,8.000000,13.734000,0.982000,-56,0.000000,7,8
1,8.000000,13.275000,0.960000,-55,0.000000,7,8
1,8.000000,14.037000,0.551000,-56,0.000000,5,8
1,8.000000,13.968000,0.441000,-55,0.000000,7,8
1,8.000000,14.081000,0.653000,-54,0.000000,7,8
1,8.000000,13.846000,0.924000,-55,0.000000,7,8
1,8.000000,12.637000,1.680000,-55,0.000000,7,8
1,8.000000,13.734000,0.777000,-55,0.000000,7,8
1,8.000000,14.325000,0.793000,-55,0.000000,7,8
1,8.000000,14.437000,0.419000,-55,0.000000,7,8
1,8.000000,13.387000,0.638000,-56,0.000000,7,8
1,8.000000,15.018000,0.438000,-57,0.000000,7,8
1,8.000000,13.031000,1.586000,-57,0.000000,7,8
1,8.000000,14.315000,0.425000,-55,0.000000,7,8
1,8.000000,13.968000,0.522000,-56,0.000000,7,8
1,8.000000,14.199000,0.450000,-56,0.000000,7,8
1,8.000000,14.212000,0.342000,-56,0.000000,7,8
1,8.000000,14.315000,0.775000,-56,0.000000,7,8
1,8.000000,14.193000,0.581000,-56,0.000000,7,8
1,8.000000,13.612000,0.703000,-56,0.000000,7,8
1,8.000000,13.153000,0.866000,-56,0.000000,7,8
1,8.000000,13.378000,1.191000,-57,0.000000,7,8
1,8.000000,13.737000,0.514000,-57,0.000000,7,8
1,8.000000,12.562000,0.919000,-56,0.000000,7,8
1,8.000000,13.612000,0.857000,-57,0.000000,7,8
1,8.000000,14.362000,0.497000,-57,0.000000,7,8
1,8.000000,14.199000,0.581000,-57,0.000000,7,8
1,8.000000,14.212000,0.443000,-56,0.000000,7,8
1,8.000000,14.199000,0.585000,-56,0.000000,7,8
1,8.000000,13.387000,0.457000,-56,0.000000,7,8
1,8.000000,13.275000,0.794000,-56,0.000000,5,8
1,8.000000,13.978000,0.501000,-56,0.000000,7,8
1,8.000000,13.927000,0.834000,-56,0.000000,7,8
1,8.000000,13.899000,0.460000,-56,0.000000,7,8
1,8.000000,13.621000,0.973000,-56,0.000000,7,8
1,8.000000,13.575000,0.864000,-56,0.000000,7,8
1,8.000000,14.037000,0.896000,-55,0.000000,7,8
1,8.000000,14.315000,0.563000,-55,0.000000,7,8
1,8.000000,13.612000,0.987000,-55,0.000000,7,8
1,8.000000,14.671000,0.348000,-55,0.000000,7,8
1,8.000000,14.325000,0.706000,-55,0.000000,7,8
1,8.000000,13.734000,1.436000,-55,0.000000,7,8
1,8.000000,14.037000,0.958000,-55,0.000000,7,8
1,8.000000,13.500000,0.763000,-55,0.000000,5,8
1,8.000000,13.725000,0.956000,-55,0.000000,7,8
1,8.000000,14.824000,0.508000,-54,0.000000,7,8
1,8.000000,13.612000,0.891000,-54,0.000000,7,8
1,8.000000,14.203000,0.871000,-54,0.000000,7,8
1,8.000000,13.275000,1.325000,-54,0.000000,7,8
1,8.000000,14.524000,0.580000,-54,0.000000,7,8
1,8.000000,14.784000,0.860000,-54,0.000000,7,8
1,8.000000,15.150000,0.390000,-54,0.000000,7,8
1,8.000000,13.612000,1.452000,-54,0.000000,7,8
1,8.000000,15.253000,0.444000,-54,0.000000,7,8
1,8.000000,14.362000,0.820000,-54,0.000000,7,8
1,8.000000,13.856000,1.242000,-54,0.000000,7,8
1,8.000000,14.512000,0.491000,-54,0.000000,7,8
1,8.000000,14.325000,0.862000,-54,0.000000,7,8
1,8.000000,15.028000,0.415000,-54,0.000000,7,8
1,8.000000,13.500000,1.089000,-54,0.000000,7,8
1,8.000000,14.437000,0.541000,-54,0.000000,7,8
1,8.000000,14.793000,0.561000,-54,0.000000,7,8
1,8.000000,15.018000,0.390000,-54,0.000000,7,8
1,8.000000,14.315000,0.563000,-54,0.000000,7,8
1,8.000000,14.662000,0.243000,-54,0.000000,7,8
1,8.000000,14.437000,0.934000,-54,0.000000,7,8
1,8.000000,13.959000,0.652000,-54,0.000000,7,8
1,8.000000,15.140000,0.426000,-54,0.000000,7,8
1,8.000000,14.987000,0.604000,-54,0.000000,7,8
1,8.000000,14.315000,1.282000,-54,0.000000,7,8
1,8.000000,15.253000,0.484000,-53,0.000000,7,8
1,8.000000,13.978000,1.341000,-54,0.000000,7,8
1,8.000000,14.793000,0.498000,-54,0.000000,7,8
1,8.000000,14.681000,0.765000,-54,0.000000,4,8
1,8.000000,14.428000,1.027000,-54,0.000000,7,8
1,8.000000,14.037000,1.007000,-53,0.000000,7,8
1,8.000000,14.974000,0.423000,-54,0.000000,7,8
1,8.000000,14.090000,1.384000,-54,0.000000,7,8
1,8.000000,14.437000,0.804000,-54,0.000000,7,8
1,8.000000,13.887000,1.107000,-54,0.000000,7,8
1,8.000000,13.734000,1.143000,-54,0.000000,7,8
1,8.000000,14.550000,0.732000,-54,0.000000,7,8
1,8.000000,13.587000,1.297000,-54,0.000000,7,8
1,8.000000,14.987000,0.643000,-55,0.000000,7,8
1,8.000000,14.212000,1.347000,-55,0.000000,4,8
1,8.000000,14.437000,0.918000,-55,0.000000,7,8
1,8.000000,14.203000,0.897000,-55,0.000000,7,8
1,8.000000,14.199000,1.023000,-55,0.000000,7,8
1,8.000000,14.315000,1.180000,-55,0.000000,7,8
1,8.000000,14.559000,0.866000,-55,0.000000,7,8
1,8.000000,14.081000,1.046000,-54,0.000000,7,8
1,8.000000,13.968000,1.176000,-55,0.000000,7,8
1,8.000000,13.856000,1.563000,-55,0.000000,7,8
1,8.000000,14.550000,0.800000,-55,0.000000,7,8
1,8.000000,13.968000,0.918000,-55,0.000000,7,8
1,8.000000,13.621000,1.320000,-54,0.000000,7,8
1,8.000000,15.150000,0.225000,-55,0.000000,6,8
1,8.000000,13.725000,1.170000,-55,0.000000,5,8
1,8.000000,13.153000,2.031000,-55,0.000000,7,8
1,8.000000,13.968000,1.271000,-55,0.000000,7,8
1,8.000000,14.446000,0.826000,-55,0.000000,7,8
1,8.000000,14.197000,1.023000,-55,0.000000,7,8
1,8.000000,14.049000,1.270000,-55,0.000000,7,8
1,8.000000,13.500000,1.030000,-55,0.000000,7,8
1,8.000000,13.968000,0.938000,-55,0.000000,7,8
1,8.000000,14.906000,1.130000,-54,0.000000,7,8
1,8.000000,13.612000,1.285000,-55,0.000000,7,8
1,8.000000,14.325000,0.868000,-55,0.000000,7,8
1,8.000000,14.193000,1.140000,-55,0.000000,7,8
1,8.000000,13.612000,1.483000,-55,0.000000,7,8
1,8.000000,14.437000,0.507000,-55,0.000000,7,8
1,8.000000,14.081000,0.653000,-55,0.000000,7,8
1,8.000000,13.612000,1.234000,-55,0.000000,7,8
1,8.000000,13.621000,1.452000,-55,0.000000,7,8
1,8.000000,14.559000,0.649000,-55,0.000000,7,8
1,8.000000,15.600000,0.000000,-55,0.000000,4,8
1,8.000000,14.199000,1.093000,-55,0.000000,7,8
1,8.000000,14.081000,1.052000,-55,0.000000,7,8
1,8.000000,13.846000,1.511000,-55,0.000000,7,8
1,8.000000,14.362000,0.528000,-55,0.000000,7,8
1,8.000000,13.856000,1.274000,-55,0.000000,7,8
1,8.000000,13.734000,1.176000,-54,0.000000,7,8
1,8.000000,13.612000,1.350000,-55,0.000000,7,8
1,8.000000,12.787000,1.406000,-55,0.000000,7,8
1,8.000000,13.500000,1.008000,-55,0.000000,5,8
1,8.000000,13.887000,1.419000,-55,0.000000,7,8
1,8.000000,15.253000,1.497000,-54,0.000000,7,8
1,8.000000,15.137000,0.563000,-54,0.000000,7,8
1,8.000000,16.087000,0.000000,-54,0.000000,2,8
1,8.000000,14.784000,1.214000,-54,0.000000,7,8
1,8.000000,15.375000,0.454000,-54,0.000000,7,8
1,8.000000,15.028000,0.415000,-54,0.000000,7,8
1,8.000000,14.784000,0.730000,-54,0.000000,7,8
1,8.000000,14.671000,0.777000,-54,0.000000,7,8
1,8.000000,14.212000,1.006000,-54,0.000000,5,8
1,8.000000,15.618000,0.468000,-54,0.000000,7,8
1,8.000000,15.018000,0.541000,-54,0.000000,7,8
1,8.000000,14.193000,0.940000,-55,0.000000,7,8
1,8.000000,14.090000,1.056000,-55,0.000000,7,8
1,8.000000,14.987000,0.273000,-54,0.000000,7,8
1,8.000000,13.725000,0.930000,-54,0.000000,7,8
1,8.000000,13.425000,1.117000,-54,0.000000,7,8
1,8.000000,14.081000,0.727000,-54,0.000000,7,8
1,8.000000,13.500000,1.113000,-54,0.000000,7,8
1,8.000000,13.412000,1.076000,-54,0.000000,7,8
1,8.000000,13.968000,0.781000,-54,0.000000,7,8
1,8.000000,14.315000,1.068000,-55,0.000000,7,8
1,8.000000,13.725000,0.820000,-56,0.000000,7,8
1,8.000000,12.909000,0.966000,-56,0.000000,7,8
1,8.000000,13.275000,0.384000,-56,0.000000,6,8
1,8.000000,12.675000,1.086000,-58,0.000000,7,8
1,8.000000,12.799000,1.202000,-56,0.000000,7,8
1,8.000000,13.621000,0.694000,-55,0.000000,7,8
1,8.000000,13.734000,0.703000,-54,0.000000,7,8
1,8.000000,14.203000,0.561000,-53,0.000000,7,8
1,8.000000,13.734000,0.926000,-53,0.000000,7,8
1,8.000000,14.362000,0.604000,-54,0.000000,7,8
1,8.000000,13.500000,1.047000,-55,0.000000,7,8
1,8.000000,13.425000,0.702000,-56,0.000000,7,8
1,8.000000,12.918000,1.131000,-56,0.000000,7,8
1,8.000000,13.265000,1.182000,-57,0.000000,7,8
1,8.000000,13.031000,1.168000,-57,0.000000,7,8
1,8.000000,12.918000,1.388000,-57,0.000000,7,8
1,8.000000,12.328000,1.036000,-58,0.000000,7,8
1,8.000000,11.981000,1.713000,-58,0.000000,7,8
1,8.000000,13.378000,0.936000,-57,0.000000,7,8
1,8.000000,12.918000,2.348000,-56,0.000000,7,8
1,8.000000,13.031000,2.024000,-56,0.000000,7,8
1,8.000000,13.621000,1.599000,-57,0.000000,7,8
1,8.000000,14.793000,1.223000,-58,0.000000,7,8
1,8.000000,12.337000,2.568000,-58,0.000000,4,8
1,8.000000,13.612000,0.809000,-56,0.000000,7,8
1,8.000000,13.153000,1.846000,-55,0.000000,7,8
1,8.000000,13.899000,1.893000,-54,0.000000,7,8
1,8.000000,13.959000,1.940000,-55,0.000000,7,8
1,8.000000,13.262000,2.026000,-57,0.000000,7,8
1,8.000000,12.918000,1.524000,-60,0.000000,7,8
1,8.000000,13.968000,1.251000,-58,0.000000,7,8
1,8.000000,13.153000,1.492000,-59,0.000000,7,8
1,8.000000,13.031000,1.046000,-57,0.000000,7,8
1,8.000000,14.203000,0.965000,-56,0.000000,7,8
1,8.000000,14.203000,0.678000,-57,0.000000,7,8
1,8.000000,13.612000,0.820000,-58,0.000000,7,8
1,8.000000,13.612000,1.117000,-58,0.000000,7,8
1,8.000000,12.806000,0.806000,-56,0.000000,7,8
1,8.000000,13.509000,0.898000,-56,0.000000,7,8
1,8.000000,13.899000,1.186000,-55,0.000000,7,8
1,8.000000,13.734000,0.896000,-55,0.000000,7,8
1,8.000000,12.918000,1.360000,-57,0.000000,7,8
1,8.000000,13.621000,0.962000,-59,0.000000,7,8
1,8.000000,13.968000,0.568000,-56,0.000000,7,8
1,8.000000,13.575000,0.550000,-55,0.000000,7,8
1,8.000000,13.500000,0.706000,-53,0.000000,7,8
1,8.000000,13.899000,0.746000,-54,0.000000,7,8
1,8.000000,14.793000,0.333000,-55,0.000000,7,8
1,8.000000,12.337000,1.665000,-55,0.000000,7,8
1,8.000000,13.425000,1.640000,-55,0.000000,7,8
1,8.000000,13.734000,0.966000,-56,0.000000,7,8
1,8.000000,13.734000,1.297000,-55,0.000000,7,8
1,8.000000,14.193000,1.171000,-55,0.000000,7,8
1,8.000000,13.725000,2.269000,-56,0.000000,5,8
1,8.000000,13.040000,1.876000,-57,0.000000,7,8
1,8.000000,13.500000,1.533000,-57,0.000000,7,8
1,8.000000,13.265000,1.737000,-57,0.000000,7,8
1,8.000000,14.362000,1.054000,-57,0.000000,7,8
1,8.000000,12.909000,2.047000,-58,0.000000,7,8
1,8.000000,13.378000,1.496000,-57,0.000000,7,8
1,8.000000,14.203000,0.993000,-57,0.000000,7,8
1,8.000000,13.968000,1.251000,-57,0.000000,7,8
1,8.000000,14.193000,0.866000,-57,0.000000,7,8
1,8.000000,13.846000,1.858000,-57,0.000000,7,8
1,8.000000,13.725000,1.651000,-56,0.000000,7,8
1,8.000000,14.559000,0.891000,-56,0.000000,7,8
1,8.000000,13.959000,1.344000,-56,0.000000,7,8
1,8.000000,13.612000,1.604000,-55,0.000000,7,8
1,8.000000,13.387000,1.341000,-53,0.000000,7,8
1,8.000000,14.315000,1.027000,-52,0.000000,6,0
1,8.000000,13.500000,1.461000,-54,0.000000,7,8
1,8.000000,13.500000,1.834000,-54,0.000000,7,8
1,8.000000,13.378000,1.496000,-55,0.000000,7,8
1,8.000000,12.909000,2.745000,-53,0.000000,7,8
1,8.000000,13.734000,1.322000,-53,0.000000,7,8
1,8.000000,13.412000,1.641000,-53,0.000000,7,8
1,8.000000,13.734000,0.992000,-54,0.000000,7,8
1,8.000000,13.968000,1.274000,-53,0.000000,7,8
1,8.000000,13.968000,0.744000,-53,0.000000,7,8
1,8.000000,14.437000,0.748000,-52,0.000000,7,8
1,8.000000,15.150000,0.194000,-53,0.000000,7,8
1,8.000000,14.325000,0.744000,-55,0.000000,7,8
1,8.000000,13.575000,1.079000,-54,0.000000,7,8
1,8.000000,14.049000,0.937000,-54,0.000000,7,8
1,8.000000,13.031000,1.373000,-53,0.000000,7,8
1,8.000000,14.671000,0.491000,-53,0.000000,7,8
1,8.000000,13.968000,0.970000,-54,0.000000,7,8
1,8.000000,14.437000,0.357000,-54,0.000000,7,8
1,8.000000,14.784000,0.242000,-54,0.000000,7,8
1,8.000000,13.887000,0.805000,-54,0.000000,7,8
1,8.000000,13.734000,0.931000,-54,0.000000,7,8
1,8.000000,13.262000,0.850000,-55,0.000000,7,8
1,8.000000,13.734000,1.114000,-55,0.000000,7,8
1,8.000000,14.081000,0.558000,-56,0.000000,7,8
1,8.000000,13.725000,0.842000,-56,0.000000,7,8
1,8.000000,13.500000,0.784000,-56,0.000000,7,8
1,8.000000,13.112000,1.194000,-57,0.000000,7,8
1,8.000000,12.487000,1.445000,-57,0.000000,7,8
1,8.000000,13.725000,1.136000,-57,0.000000,7,8
1,8.000000,13.425000,1.124000,-57,0.000000,7,8
1,8.000000,12.796000,1.727000,-57,0.000000,7,8
1,8.000000,13.743000,0.860000,-57,0.000000,7,8
1,8.000000,14.681000,1.023000,-56,0.000000,7,8
1,8.000000,12.787000,1.406000,-56,0.000000,7,8
1,8.000000,13.275000,1.220000,-56,0.000000,7,8
1,8.000000,13.143000,1.228000,-56,0.000000,7,8
1,8.000000,14.193000,0.639000,-56,0.000000,7,8
1,8.000000,13.737000,0.797000,-56,0.000000,7,8
1,8.000000,13.737000,1.248000,-56,0.000000,7,8
1,8.000000,13.968000,0.878000,-56,0.000000,7,8
1,8.000000,12.337000,1.296000,-56,0.000000,5,8
1,8.000000,14.049000,0.524000,-56,0.000000,7,8
1,8.000000,13.040000,1.111000,-56,0.000000,7,8
1,8.000000,13.500000,1.076000,-56,0.000000,5,8
1,8.000000,14.037000,0.838000,-56,0.000000,7,8
1,8.000000,13.509000,0.809000,-55,0.000000,7,8
1,8.000000,13.040000,1.088000,-56,0.000000,7,8
1,8.000000,12.787000,0.936000,-56,0.000000,7,8
1,8.000000,14.203000,0.680000,-56,0.000000,7,8
1,8.000000,13.265000,1.052000,-56,0.000000,7,8
1,8.000000,14.362000,0.225000,-56,0.000000,7,8
1,8.000000,13.612000,1.113000,-56,0.000000,7,8
1,8.000000,13.887000,0.885000,-56,0.000000,7,8
1,8.000000,13.968000,1.527000,-56,0.000000,7,8
1,8.000000,13.846000,0.864000,-55,0.000000,7,8
1,8.000000,14.049000,0.776000,-55,0.000000,7,8
1,8.000000,14.437000,0.696000,-55,0.000000,7,8
1,8.000000,14.203000,0.615000,-55,0.000000,7,8
1,8.000000,13.737000,0.865000,-55,0.000000,7,8
1,8.000000,13.265000,1.201000,-55,0.000000,7,8
1,8.000000,12.796000,1.249000,-55,0.000000,7,8
1,8.000000,12.328000,1.393000,-55,0.000000,7,8
1,8.000000,13.734000,0.585000,-55,0.000000,7,8
1,8.000000,13.031000,0.519000,-54,0.000000,7,8
1,8.000000,13.143000,1.167000,-55,0.000000,7,8
1,8.000000,13.621000,0.919000,-55,0.000000,7,8
1,8.000000,13.899000,0.845000,-54,0.000000,7,8
1,8.000000,13.265000,1.056000,-54,0.000000,7,8
1,8.000000,14.325000,0.526000,-54,0.000000,7,8
1,8.000000,13.500000,0.938000,-55,0.000000,7,8
1,8.000000,13.968000,0.860000,-55,0.000000,7,8
1,8.000000,13.968000,0.794000,-55,0.000000,7,8
1,8.000000,13.621000,0.655000,-55,0.000000,7,8
1,8.000000,13.500000,1.000000,-55,0.000000,7,8
1,8.000000,13.031000,1.173000,-55,0.000000,7,8
1,8.000000,13.031000,0.883000,-55,0.000000,7,8
1,8.000000,13.153000,0.953000,-55,0.000000,7,8
1,8.000000,12.796000,1.211000,-55,0.000000,7,8
1,8.000000,14.437000,0.334000,-55,0.000000,7,8
1,8.000000,13.846000,0.787000,-55,0.000000,7,8
1,8.000000,14.081000,0.653000,-55,0.000000,7,8
1,8.000000,12.487000,0.961000,-55,0.000000,7,8
1,8.000000,13.490000,1.080000,-55,0.000000,7,8
1,8.000000,13.387000,0.692000,-55,0.000000,7,8
1,8.000000,14.049000,0.506000,-55,0.000000,7,8
1,8.000000,14.437000,0.488000,-54,0.000000,7,8
1,8.000000,13.734000,0.423000,-54,0.000000,7,8
1,8.000000,12.787000,0.706000,-54,0.000000,7,8
1,8.000000,13.575000,0.520000,-54,0.000000,7,8
1,8.000000,13.265000,0.680000,-54,0.000000,7,8
1,8.000000,13.275000,0.953000,-54,0.000000,7,8
1,8.000000,14.203000,0.551000,-54,0.000000,7,8
1,8.000000,13.378000,0.862000,-54,0.000000,7,8
1,8.000000,13.887000,0.550000,-54,0.000000,7,8
1,8.000000,12.799000,0.794000,-54,0.000000,7,8
1,8.000000,14.203000,0.425000,-55,0.000000,7,8
1,8.000000,12.675000,0.999000,-54,0.000000,7,8
1,8.000000,13.265000,1.031000,-55,0.000000,7,8
1,8.000000,13.846000,0.833000,-55,0.000000,7,8
1,8.000000,12.796000,0.854000,-55,0.000000,7,8
1,8.000000,13.978000,0.541000,-55,0.000000,7,8
1,8.000000,13.500000,0.519000,-55,0.000000,7,8
1,8.000000,13.490000,0.530000,-55,0.000000,7,8
1,8.000000,13.143000,0.739000,-55,0.000000,7,8
1,8.000000,13.899000,0.746000,-55,0.000000,7,8
1,8.000000,14.193000,0.468000,-55,0.000000,7,8
1,8.000000,13.387000,0.732000,-55,0.000000,7,8
1,8.000000,13.978000,0.658000,-55,0.000000,7,8
1,8.000000,13.500000,0.586000,-55,0.000000,7,8
1,8.000000,12.918000,1.098000,-55,0.000000,7,8
1,8.000000,13.143000,0.652000,-55,0.000000,7,8
1,8.000000,14.049000,0.645000,-55,0.000000,7,8
1,8.000000,13.968000,0.650000,-55,0.000000,7,8
1,8.000000,13.734000,0.713000,-55,0.000000,7,8
1,8.000000,14.325000,0.860000,-56,0.000000,7,8
1,8.000000,13.099000,1.176000,-55,0.000000,7,8
1,8.000000,12.909000,0.531000,-55,0.000000,7,8
1,8.000000,13.143000,0.685000,-55,0.000000,7,8
1,8.000000,12.949000,0.950000,-56,0.000000,7,8
1,8.000000,14.325000,0.394000,-56,0.000000,7,8
1,8.000000,13.621000,0.919000,-55,0.000000,7,8
1,8.000000,13.968000,0.604000,-55,0.000000,7,8
1,8.000000,14.212000,0.658000,-55,0.000000,7,8
1,8.000000,14.090000,0.678000,-55,0.000000,7,8
1,8.000000,12.949000,0.867000,-56,0.000000,7,8
1,8.000000,14.081000,0.531000,-55,0.000000,7,8
1,8.000000,13.262000,0.896000,-56,0.000000,7,8
1,8.000000,13.500000,1.007000,-56,0.000000,7,8
1,8.000000,13.262000,1.017000,-56,0.000000,7,8
1,8.000000,13.021000,0.910000,-56,0.000000,7,8
1,8.000000,13.737000,0.606000,-56,0.000000,7,8
1,8.000000,13.612000,0.886000,-56,0.000000,7,8
1,8.000000,12.562000,1.147000,-56,0.000000,7,8
1,8.000000,13.734000,0.743000,-56,0.000000,7,8
1,8.000000,13.587000,0.953000,-56,0.000000,7,8
1,8.000000,14.671000,0.326000,-56,0.000000,7,8
1,8.000000,13.725000,0.445000,-56,0.000000,4,8
1,8.000000,14.437000,0.357000,-56,0.000000,7,8
1,8.000000,13.265000,1.032000,-56,0.000000,7,8
1,8.000000,12.787000,1.113000,-55,0.000000,7,8
1,8.000000,14.674000,0.629000,-55,0.000000,7,8
1,8.000000,14.349000,0.470000,-55,0.000000,7,8
1,8.000000,13.968000,0.742000,-55,0.000000,7,8
1,8.000000,13.500000,0.895000,-55,0.000000,7,8
1,8.000000,15.150000,0.194000,-55,0.000000,7,8
1,8.000000,14.090000,1.059000,-55,0.000000,7,8
1,8.000000,15.150000,0.000000,-56,0.000000,7,8
1,8.000000,14.662000,0.000000,-55,0.000000,7,8
1,8.000000,13.725000,0.966000,-56,0.000000,7,8
1,8.000000,13.737000,0.658000,-56,0.000000,7,8
1,8.000000,13.500000,1.061000,-56,0.000000,7,8
1,8.000000,13.387000,0.896000,-55,0.000000,7,8
1,8.000000,13.968000,0.854000,-55,0.000000,7,8
1,8.000000,14.212000,0.794000,-55,0.000000,7,8
1,8.000000,15.600000,0.000000,-55,0.000000,7,8
1,8.000000,12.799000,1.528000,-55,0.000000,7,8
1,8.000000,13.612000,0.933000,-55,0.000000,7,8
1,8.000000,13.734000,1.259000,-55,0.000000,7,8
1,8.000000,13.378000,1.032000,-55,0.000000,7,8
1,8.000000,13.856000,0.785000,-55,0.000000,7,8
1,8.000000,13.612000,1.086000,-55,0.000000,7,8
1,8.000000,13.856000,0.785000,-55,0.000000,7,8
1,8.000000,13.262000,1.131000,-55,0.000000,7,8
1,8.000000,13.887000,0.583000,-55,0.000000,7,8
1,8.000000,13.575000,0.811000,-55,0.000000,7,8
1,8.000000,13.734000,0.860000,-55,0.000000,7,8
1,8.000000,12.796000,1.291000,-55,0.000000,7,8
1,8.000000,13.112000,1.226000,-55,0.000000,7,8
1,8.000000,15.600000,0.000000,-55,0.000000,7,8
1,8.000000,12.787000,1.142000,-55,0.000000,7,8
1,8.000000,14.081000,0.808000,-55,0.000000,7,8
1,8.000000,13.734000,0.966000,-55,0.000000,7,8
1,8.000000,13.978000,0.932000,-55,0.000000,7,8
1,8.000000,13.968000,0.235000,-55,0.000000,7,8
1,8.000000,14.987000,0.507000,-55,0.000000,7,8
1,8.000000,13.734000,0.777000,-55,0.000000,7,8
1,8.000000,14.212000,0.000000,-55,0.000000,7,8
1,8.000000,12.949000,1.437000,-55,0.000000,7,8
1,8.000000,12.918000,1.530000,-55,0.000000,7,8
1,8.000000,13.265000,1.299000,-56,0.000000,7,8
1,8.000000,14.049000,0.966000,-55,0.000000,7,8
1,8.000000,13.734000,0.713000,-55,0.000000,7,8
1,8.000000,13.959000,0.864000,-55,0.000000,7,8
1,8.000000,13.256000,1.048000,-55,0.000000,7,8
1,8.000000,13.021000,1.089000,-55,0.000000,7,8
1,8.000000,13.899000,0.787000,-56,0.000000,7,8
1,8.000000,14.362000,0.645000,-55,0.000000,7,8
1,8.000000,13.575000,0.645000,-55,0.000000,7,8
1,8.000000,13.621000,0.743000,-55,0.000000,7,8
1,8.000000,13.387000,1.090000,-56,0.000000,7,8
1,8.000000,13.968000,0.982000,-56,0.000000,7,8
1,8.000000,13.262000,1.085000,-56,0.000000,7,8
1,8.000000,12.637000,1.424000,-56,0.000000,7,8
1,8.000000,13.734000,0.966000,-56,0.000000,7,8
1,8.000000,14.212000,0.408000,-56,0.000000,7,8
1,8.000000,13.425000,0.998000,-56,0.000000,7,8
1,8.000000,13.621000,0.919000,-56,0.000000,7,8
1,8.000000,12.675000,1.093000,-56,0.000000,7,8
1,8.000000,12.962000,0.929000,-56,0.000000,7,8
1,8.000000,13.621000,0.680000,-56,0.000000,7,8
1,8.000000,12.337000,1.406000,-56,0.000000,4,8
1,8.000000,13.846000,0.771000,-56,0.000000,7,8
1,8.000000,12.796000,1.155000,-56,0.000000,7,8
1,8.000000,13.737000,0.908000,-56,0.000000,7,8
1,8.000000,13.378000,0.668000,-56,0.000000,7,8
1,8.000000,13.725000,0.742000,-56,0.000000,7,8
1,8.000000,13.500000,1.061000,-56,0.000000,7,8
1,8.000000,13.612000,0.784000,-56,0.000000,7,8
1,8.000000,13.378000,0.863000,-56,0.000000,7,8
1,8.000000,13.031000,0.740000,-56,0.000000,7,8
1,8.000000,13.143000,0.972000,-56,0.000000,7,8
1,8.000000,12.909000,0.864000,-56,0.000000,7,8
1,8.000000,13.612000,0.999000,-56,0.000000,7,8
1,8.000000,13.490000,0.908000,-56,0.000000,7,8
1,8.000000,13.734000,0.896000,-56,0.000000,7,8
1,8.000000,13.846000,0.607000,-56,0.000000,7,8
1,8.000000,15.375000,0.225000,-56,0.000000,4,8
1,8.000000,12.553000,1.176000,-56,0.000000,7,8
1,8.000000,13.031000,1.074000,-56,0.000000,5,8
1,8.000000,12.949000,0.977000,-56,0.000000,7,8
1,8.000000,13.734000,0.777000,-56,0.000000,7,8
1,8.000000,12.450000,1.160000,-56,0.000000,7,8
1,8.000000,13.031000,0.991000,-56,0.000000,7,8
1,8.000000,14.090000,0.495000,-56,0.000000,7,8
1,8.000000,12.949000,0.965000,-56,0.000000,7,8
1,8.000000,13.153000,1.060000,-56,0.000000,7,8
1,8.000000,13.262000,0.995000,-56,0.000000,7,8
1,8.000000,12.909000,0.986000,-56,0.000000,7,8
1,8.000000,12.675000,1.267000,-56,0.000000,7,8
1,8.000000,13.612000,0.732000,-56,0.000000,7,8
1,8.000000,12.918000,1.324000,-56,0.000000,7,8
1,8.000000,12.440000,1.068000,-56,0.000000,7,8
1,8.000000,13.734000,0.854000,-56,0.000000,7,8
1,8.000000,13.743000,0.750000,-56,0.000000,7,8
1,8.000000,13.387000,0.895000,-56,0.000000,7,8
1,8.000000,13.575000,1.279000,-56,0.000000,7,8
1,8.000000,13.887000,0.583000,-57,0.000000,7,8
1,8.000000,13.737000,0.867000,-56,0.000000,7,8
1,8.000000,13.737000,0.912000,-56,0.000000,7,8
1,8.000000,13.265000,1.088000,-56,0.000000,7,8
1,8.000000,13.265000,1.055000,-56,0.000000,7,8
1,8.000000,13.500000,0.881000,-56,0.000000,7,8
1,8.000000,13.500000,0.579000,-56,0.000000,6,8
1,8.000000,13.031000,1.111000,-56,0.000000,7,8
1,8.000000,13.734000,1.089000,-57,0.000000,7,8
1,8.000000,12.337000,0.937000,-57,0.000000,7,8
1,8.000000,13.425000,1.059000,-57,0.000000,7,8
1,8.000000,13.031000,1.046000,-57,0.000000,7,8
1,8.000000,13.500000,0.805000,-56,0.000000,7,8
1,8.000000,12.799000,1.559000,-57,0.000000,7,8
1,8.000000,13.856000,0.820000,-56,0.000000,7,8
1,8.000000,13.387000,1.052000,-56,0.000000,7,8
1,8.000000,13.412000,0.887000,-56,0.000000,7,8
1,8.000000,13.378000,0.833000,-56,0.000000,7,8
1,8.000000,12.684000,1.057000,-56,0.000000,7,8
1,8.000000,13.031000,1.143000,-56,0.000000,7,8
1,8.000000,13.612000,0.833000,-56,0.000000,7,8
1,8.000000,13.031000,0.982000,-56,0.000000,7,8
1,8.000000,13.575000,0.702000,-56,0.000000,7,8
1,8.000000,13.153000,1.051000,-56,0.000000,7,8
1,8.000000,13.265000,1.087000,-57,0.000000,7,8
1,8.000000,13.725000,0.790000,-57,0.000000,7,8
1,8.000000,13.153000,1.084000,-56,0.000000,7,8
1,8.000000,13.856000,0.650000,-57,0.000000,7,8
1,8.000000,13.265000,1.060000,-56,0.000000,7,8
1,8.000000,12.918000,1.000000,-56,0.000000,7,8
1,8.000000,14.824000,0.972000,-57,0.000000,5,8
1,8.000000,12.675000,1.140000,-57,0.000000,7,8
1,8.000000,13.968000,0.657000,-57,0.000000,7,8
1,8.000000,13.112000,1.074000,-57,0.000000,7,8
1,8.000000,14.203000,0.488000,-57,0.000000,7,8
1,8.000000,12.684000,1.057000,-57,0.000000,7,8
1,8.000000,13.153000,1.216000,-57,0.000000,7,8
1,8.000000,12.787000,1.093000,-57,0.000000,5,8
1,8.000000,14.437000,0.357000,-57,0.000000,7,8
1,8.000000,13.153000,0.992000,-56,0.000000,7,8
1,8.000000,13.545000,0.831000,-57,0.000000,7,8
1,8.000000,13.612000,0.782000,-56,0.000000,7,8
1,8.000000,13.031000,1.190000,-57,0.000000,7,8
1,8.000000,13.031000,0.871000,-57,0.000000,7,8
1,8.000000,13.887000,0.687000,-57,0.000000,7,8
1,8.000000,13.734000,0.780000,-57,0.000000,7,8
1,8.000000,12.337000,0.636000,-57,0.000000,7,8
1,8.000000,13.737000,0.888000,-57,0.000000,7,8
1,8.000000,13.378000,0.918000,-57,0.000000,7,8
1,8.000000,13.153000,0.953000,-57,0.000000,7,8
1,8.000000,13.387000,0.982000,-57,0.000000,7,8
1,8.000000,13.425000,0.658000,-57,0.000000,7,8
1,8.000000,13.734000,0.860000,-57,0.000000,7,8
1,8.000000,12.918000,0.820000,-57,0.000000,7,8
1,8.000000,13.734000,0.713000,-57,0.000000,7,8
1,8.000000,13.143000,1.172000,-57,0.000000,7,8
1,8.000000,12.796000,1.054000,-57,0.000000,7,8
1,8.000000,13.262000,0.890000,-57,0.000000,7,8
1,8.000000,13.455000,0.694000,-57,0.000000,7,8
1,8.000000,13.265000,1.056000,-57,0.000000,7,8
1,8.000000,12.787000,1.074000,-57,0.000000,7,8
1,8.000000,13.275000,1.026000,-57,0.000000,7,8
1,8.000000,13.887000,0.514000,-57,0.000000,7,8
1,8.000000,13.500000,0.784000,-57,0.000000,7,8
1,8.000000,12.949000,0.700000,-57,0.000000,7,8
1,8.000000,12.637000,1.147000,-57,0.000000,7,8
1,8.000000,12.562000,0.938000,-57,0.000000,7,8
1,8.000000,13.262000,0.883000,-57,0.000000,7,8
1,8.000000,13.262000,0.863000,-57,0.000000,7,8
1,8.000000,12.796000,0.858000,-57,0.000000,7,8
1,8.000000,13.743000,0.765000,-57,0.000000,7,8
1,8.000000,13.153000,0.913000,-57,0.000000,7,8
1,8.000000,13.387000,0.960000,-57,0.000000,7,8
1,8.000000,13.743000,0.781000,-57,0.000000,7,8
1,8.000000,12.909000,0.751000,-57,0.000000,7,8
1,8.000000,12.440000,1.390000,-57,0.000000,7,8
1,8.000000,14.090000,0.495000,-57,0.000000,7,8
1,8.000000,13.031000,0.743000,-57,0.000000,7,8
1,8.000000,14.212000,0.468000,-57,0.000000,7,8
1,8.000000,12.684000,0.845000,-57,0.000000,7,8
1,8.000000,12.684000,1.163000,-57,0.000000,7,8
1,8.000000,12.337000,1.436000,-57,0.000000,4,8
1,8.000000,13.737000,0.928000,-57,0.000000,7,8
1,8.000000,13.262000,0.803000,-57,0.000000,7,8
1,8.000000,14.199000,0.507000,-57,0.000000,7,8
1,8.000000,12.675000,0.972000,-57,0.000000,7,8
1,8.000000,13.265000,1.268000,-57,0.000000,7,8
1,8.000000,12.637000,0.969000,-57,0.000000,7,8
1,8.000000,13.968000,0.743000,-57,0.000000,7,8
1,8.000000,12.787000,0.972000,-57,0.000000,7,8
1,8.000000,12.675000,0.931000,-57,0.000000,7,8
1,8.000000,13.737000,0.519000,-57,0.000000,7,8
1,8.000000,13.743000,0.652000,-57,0.000000,7,8
1,8.000000,13.031000,0.963000,-57,0.000000,7,8
1,8.000000,13.425000,0.698000,-57,0.000000,7,8
1,8.000000,13.031000,0.887000,-57,0.000000,7,8
1,8.000000,13.734000,0.780000,-57,0.000000,7,8
1,8.000000,13.887000,0.848000,-57,0.000000,7,8
1,8.000000,13.500000,0.924000,-57,0.000000,7,8
1,8.000000,14.090000,0.637000,-57,0.000000,7,8
1,8.000000,14.203000,0.615000,-57,0.000000,7,8
1,8.000000,12.909000,0.823000,-57,0.000000,7,8
1,8.000000,13.265000,0.770000,-57,0.000000,7,8
1,8.000000,13.968000,0.897000,-57,0.000000,7,8
1,8.000000,12.562000,0.957000,-57,0.000000,7,8
1,8.000000,12.909000,1.034000,-57,0.000000,7,8
1,8.000000,13.968000,0.743000,-57,0.000000,7,8
1,8.000000,12.562000,0.993000,-57,0.000000,7,8
1,8.000000,13.856000,0.680000,-57,0.000000,7,8
1,8.000000,14.090000,0.606000,-57,0.000000,7,8
1,8.000000,13.031000,0.834000,-57,0.000000,7,8
1,8.000000,12.918000,0.953000,-57,0.000000,7,8
1,8.000000,13.031000,0.938000,-57,0.000000,7,8
1,8.000000,13.743000,0.765000,-57,0.000000,7,8
1,8.000000,13.387000,1.041000,-57,0.000000,7,8
1,8.000000,13.425000,0.690000,-57,0.000000,5,8
1,8.000000,13.425000,0.833000,-56,0.000000,7,8
1,8.000000,13.500000,0.826000,-57,0.000000,7,8
1,8.000000,13.887000,0.771000,-57,0.000000,7,8
1,8.000000,14.212000,0.895000,-57,0.000000,7,8
1,8.000000,12.806000,0.815000,-56,0.000000,7,8
1,8.000000,13.031000,0.995000,-56,0.000000,7,8
1,8.000000,13.425000,0.610000,-56,0.000000,7,8
1,8.000000,13.031000,0.604000,-56,0.000000,7,8
1,8.000000,12.562000,0.966000,-56,0.000000,7,8
1,8.000000,13.387000,0.762000,-56,0.000000,7,8
1,8.000000,13.500000,0.883000,-56,0.000000,7,8
1,8.000000,13.031000,0.691000,-56,0.000000,7,8
1,8.000000,13.725000,0.810000,-56,0.000000,7,8
1,8.000000,13.387000,0.694000,-56,0.000000,7,8
1,8.000000,13.968000,0.650000,-56,0.000000,7,8
1,8.000000,13.968000,0.851000,-56,0.000000,7,8
1,8.000000,13.143000,0.652000,-56,0.000000,7,8
1,8.000000,13.099000,0.890000,-56,0.000000,7,8
1,8.000000,14.090000,0.604000,-56,0.000000,7,8
1,8.000000,14.193000,0.523000,-56,0.000000,7,8
1,8.000000,13.968000,0.692000,-56,0.000000,7,8
1,8.000000,13.153000,0.650000,-56,0.000000,7,8
1,8.000000,13.490000,0.743000,-56,0.000000,7,8
1,8.000000,13.725000,0.816000,-56,0.000000,7,8
1,8.000000,14.203000,0.583000,-56,0.000000,7,8
1,8.000000,13.387000,0.725000,-57,0.000000,7,8
1,8.000000,14.193000,0.592000,-56,0.000000,7,8
1,8.000000,13.256000,0.822000,-57,0.000000,7,8
1,8.000000,12.909000,0.986000,-56,0.000000,7,8
1,8.000000,13.031000,0.917000,-56,0.000000,7,8
1,8.000000,13.887000,0.557000,-56,0.000000,7,8
1,8.000000,13.968000,0.903000,-56,0.000000,7,8
1,8.000000,14.049000,0.629000,-56,0.000000,7,8
1,8.000000,13.099000,0.752000,-56,0.000000,6,8
1,8.000000,13.143000,0.598000,-56,0.000000,7,8
1,8.000000,13.968000,0.692000,-56,0.000000,7,8
1,8.000000,13.260000,0.963000,-56,0.000000,7,8
1,8.000000,13.856000,0.785000,-56,0.000000,7,8
1,8.000000,13.265000,0.583000,-56,0.000000,7,8
1,8.000000,12.949000,0.966000,-56,0.000000,7,8
1,8.000000,13.725000,0.702000,-56,0.000000,7,8
1,8.000000,14.203000,0.583000,-56,0.000000,7,8
1,8.000000,11.850000,0.937000,-56,0.000000,7,8
1,8.000000,14.081000,0.653000,-56,0.000000,7,8
1,8.000000,13.734000,0.860000,-56,0.000000,7,8
1,8.000000,12.909000,0.531000,-56,0.000000,7,8
1,8.000000,13.265000,0.938000,-56,0.000000,7,8
1,8.000000,14.049000,0.631000,-56,0.000000,7,8
1,8.000000,13.031000,0.794000,-56,0.000000,7,8
1,8.000000,12.787000,0.468000,-56,0.000000,7,8
1,8.000000,13.031000,0.871000,-56,0.000000,7,8
1,8.000000,13.143000,0.871000,-56,0.000000,7,8
1,8.000000,13.978000,0.821000,-57,0.000000,7,8
1,8.000000,14.212000,0.794000,-56,0.000000,7,8
1,8.000000,12.796000,0.780000,-57,0.000000,7,8
1,8.000000,13.262000,1.252000,-57,0.000000,7,8
1,8.000000,13.500000,0.687000,-57,0.000000,5,8
1,8.000000,13.500000,0.965000,-57,0.000000,7,8
1,8.000000,13.500000,0.881000,-57,0.000000,7,8
1,8.000000,13.612000,0.887000,-57,0.000000,7,8
1,8.000000,13.968000,0.657000,-57,0.000000,7,8
1,8.000000,12.675000,1.253000,-57,0.000000,7,8
1,8.000000,13.500000,0.639000,-57,0.000000,7,8
1,8.000000,13.143000,0.850000,-57,0.000000,7,8
1,8.000000,12.796000,0.827000,-57,0.000000,7,8
1,8.000000,13.887000,0.763000,-57,0.000000,7,8
1,8.000000,13.500000,0.784000,-57,0.000000,7,8
1,8.000000,14.212000,0.649000,-57,0.000000,7,8
1,8.000000,13.575000,0.852000,-57,0.000000,7,8
1,8.000000,13.143000,0.935000,-57,0.000000,7,8
1,8.000000,12.637000,0.723000,-57,0.000000,7,8
1,8.000000,13.612000,1.018000,-57,0.000000,7,8
1,8.000000,14.081000,0.653000,-57,0.000000,7,8
1,8.000000,13.968000,0.791000,-56,0.000000,7,8
1,8.000000,13.887000,0.741000,-57,0.000000,7,8
1,8.000000,13.621000,0.593000,-57,0.000000,7,8
1,8.000000,12.909000,0.635000,-57,0.000000,7,8
1,8.000000,13.899000,0.754000,-57,0.000000,7,8
1,8.000000,13.031000,0.768000,-56,0.000000,7,8
1,8.000000,13.968000,0.235000,-56,0.000000,7,8
1,8.000000,13.500000,0.874000,-56,0.000000,7,8
1,8.000000,13.031000,0.657000,-56,0.000000,7,8
1,8.000000,13.621000,0.828000,-56,0.000000,7,8
1,8.000000,14.362000,0.664000,-56,0.000000,7,8
1,8.000000,13.959000,0.791000,-56,0.000000,7,8
1,8.000000,14.212000,0.212000,-56,0.000000,7,8
1,8.000000,13.275000,0.579000,-56,0.000000,5,8
1,8.000000,13.112000,0.630000,-56,0.000000,7,8
1,8.000000,13.265000,0.768000,-56,0.000000,7,8
1,8.000000,13.734000,0.547000,-56,0.000000,7,8
1,8.000000,13.378000,0.607000,-56,0.000000,7,8
1,8.000000,13.143000,0.868000,-56,0.000000,7,8
1,8.000000,13.725000,0.673000,-56,0.000000,7,8
1,8.000000,13.734000,0.556000,-56,0.000000,7,8
1,8.000000,13.500000,0.913000,-56,0.000000,7,8
1,8.000000,14.049000,0.840000,-56,0.000000,7,8
1,8.000000,14.437000,0.460000,-56,0.000000,7,8
1,8.000000,14.212000,0.000000,-57,0.000000,1,8
1,8.000000,13.265000,0.699000,-56,0.000000,7,8
1,8.000000,14.437000,0.441000,-56,0.000000,7,8
1,8.000000,13.856000,0.650000,-56,0.000000,7,8
1,8.000000,13.737000,0.845000,-56,0.000000,7,8
1,8.000000,13.265000,0.615000,-56,0.000000,7,8
1,8.000000,13.734000,0.744000,-56,0.000000,7,8
1,8.000000,13.968000,0.615000,-56,0.000000,7,8
1,8.000000,13.737000,0.481000,-56,0.000000,7,8
1,8.000000,13.031000,0.849000,-56,0.000000,7,8
1,8.000000,13.968000,0.699000,-56,0.000000,7,8
1,8.000000,13.887000,0.752000,-56,0.000000,7,8
1,8.000000,14.325000,0.413000,-56,0.000000,7,8
1,8.000000,14.325000,0.645000,-56,0.000000,7,8
1,8.000000,13.256000,0.883000,-56,0.000000,7,8
1,8.000000,13.031000,0.860000,-56,0.000000,7,8
1,8.000000,14.325000,0.593000,-56,0.000000,7,8
1,8.000000,14.362000,0.528000,-56,0.000000,7,8
1,8.000000,13.500000,0.784000,-56,0.000000,7,8
1,8.000000,13.621000,0.857000,-56,0.000000,7,8
1,8.000000,14.512000,0.350000,-56,0.000000,7,8
1,8.000000,12.787000,0.000000,-57,0.000000,1,8
1,8.000000,13.575000,0.583000,-56,0.000000,7,8
1,8.000000,13.846000,0.787000,-56,0.000000,7,8
1,8.000000,13.265000,1.051000,-56,0.000000,7,8
1,8.000000,13.265000,0.938000,-57,0.000000,7,8
1,8.000000,13.378000,0.867000,-56,0.000000,7,8
1,8.000000,14.203000,0.685000,-56,0.000000,7,8
1,8.000000,13.737000,0.751000,-56,0.000000,7,8
1,8.000000,13.031000,1.143000,-56,0.000000,7,8
1,8.000000,13.612000,0.887000,-56,0.000000,7,8
1,8.000000,12.949000,0.992000,-57,0.000000,7,8
1,8.000000,13.425000,0.702000,-56,0.000000,7,8
1,8.000000,14.049000,0.768000,-57,0.000000,7,8
1,8.000000,13.737000,0.961000,-57,0.000000,7,8
1,8.000000,14.446000,0.434000,-57,0.000000,7,8
1,8.000000,12.796000,0.633000,-57,0.000000,7,8
1,8.000000,13.612000,0.995000,-57,0.000000,7,8
1,8.000000,13.846000,0.531000,-57,0.000000,7,8
1,8.000000,13.725000,0.864000,-57,0.000000,7,8
1,8.000000,14.325000,0.565000,-57,0.000000,7,8
1,8.000000,13.587000,0.737000,-57,0.000000,7,8
1,8.000000,14.325000,0.421000,-57,0.000000,7,8
1,8.000000,13.734000,0.514000,-57,0.000000,7,8
1,8.000000,13.265000,0.935000,-57,0.000000,7,8
1,8.000000,13.887000,0.844000,-57,0.000000,7,8
1,8.000000,13.031000,0.598000,-56,0.000000,7,8
1,8.000000,14.662000,0.000000,-57,0.000000,7,8
1,8.000000,13.378000,0.820000,-56,0.000000,7,8
1,8.000000,13.968000,0.794000,-57,0.000000,3,8
1,8.000000,13.425000,1.032000,-57,0.000000,7,8
1,8.000000,13.575000,0.837000,-57,0.000000,7,8
1,8.000000,13.387000,0.638000,-57,0.000000,7,8
1,8.000000,13.734000,0.982000,-56,0.000000,7,8
1,8.000000,13.500000,0.784000,-56,0.000000,7,8
1,8.000000,13.959000,0.866000,-57,0.000000,7,8
1,8.000000,13.500000,0.748000,-57,0.000000,7,8
1,8.000000,13.725000,0.697000,-56,0.000000,7,8
1,8.000000,13.725000,0.000000,-57,0.000000,1,8
1,8.000000,13.387000,0.821000,-56,0.000000,7,8
1,8.000000,13.153000,0.997000,-56,0.000000,7,8
1,8.000000,12.806000,0.812000,-56,0.000000,7,8
1,8.000000,13.262000,0.827000,-56,0.000000,7,8
1,8.000000,13.734000,0.770000,-56,0.000000,7,8
1,8.000000,13.856000,0.854000,-56,0.000000,7,8
1,8.000000,13.846000,0.809000,-56,0.000000,7,8
1,8.000000,13.575000,0.636000,-56,0.000000,7,8
1,8.000000,13.500000,0.591000,-56,0.000000,7,8
1,8.000000,12.799000,0.957000,-56,0.000000,7,8
1,8.000000,13.387000,0.842000,-56,0.000000,7,8
1,8.000000,14.212000,0.212000,-56,0.000000,7,8
1,8.000000,13.262000,0.562000,-56,0.000000,7,8
1,8.000000,12.962000,1.073000,-56,0.000000,7,8
1,8.000000,14.203000,0.488000,-56,0.000000,7,8
1,8.000000,13.743000,0.649000,-56,0.000000,7,8
1,8.000000,13.500000,1.211000,-56,0.000000,7,8
1,8.000000,13.621000,0.733000,-56,0.000000,7,8
1,8.000000,13.265000,0.992000,-56,0.000000,7,8
1,8.000000,13.856000,0.483000,-56,0.000000,7,8
1,8.000000,14.199000,0.692000,-55,0.000000,7,8
1,8.000000,13.856000,0.460000,-55,0.000000,7,8
1,8.000000,14.193000,0.373000,-55,0.000000,7,8
1,8.000000,14.049000,0.747000,-55,0.000000,7,8
1,8.000000,13.737000,0.526000,-55,0.000000,7,8
1,8.000000,13.725000,0.672000,-55,0.000000,7,8
1,8.000000,13.425000,1.182000,-55,0.000000,7,8
1,8.000000,13.412000,0.703000,-55,0.000000,7,8
1,8.000000,13.968000,0.860000,-55,0.000000,7,8
1,8.000000,14.315000,0.585000,-55,0.000000,7,8
1,8.000000,13.737000,0.857000,-55,0.000000,7,8
1,8.000000,14.081000,0.598000,-55,0.000000,7,8
1,8.000000,14.674000,0.326000,-55,0.000000,7,8
1,8.000000,13.387000,0.649000,-55,0.000000,7,8
1,8.000000,13.153000,0.924000,-55,0.000000,7,8
1,8.000000,12.787000,0.834000,-54,0.000000,7,8
1,8.000000,13.153000,0.678000,-54,0.000000,7,8
1,8.000000,13.621000,0.593000,-54,0.000000,7,8
1,8.000000,12.949000,0.902000,-53,0.000000,7,8
1,8.000000,13.500000,0.743000,-53,0.000000,7,8
1,8.000000,13.846000,0.725000,-53,0.000000,7,8
1,8.000000,13.500000,0.918000,-53,0.000000,7,8
1,8.000000,13.968000,0.633000,-53,0.000000,7,8
1,8.000000,13.743000,0.778000,-53,0.000000,7,8
1,8.000000,14.090000,0.581000,-53,0.000000,7,8
1,8.000000,13.621000,0.610000,-53,0.000000,7,8
1,8.000000,12.949000,0.850000,-53,0.000000,7,8
1,8.000000,13.887000,0.794000,-53,0.000000,7,8
1,8.000000,14.199000,0.615000,-54,0.000000,7,8
1,8.000000,12.796000,1.045000,-54,0.000000,7,8
1,8.000000,13.265000,0.783000,-54,0.000000,7,8
1,8.000000,14.049000,0.498000,-54,0.000000,7,8
1,8.000000,13.737000,0.606000,-54,0.000000,7,8
1,8.000000,13.968000,1.019000,-54,0.000000,5,8
1,8.000000,13.968000,0.519000,-54,0.000000,7,8
1,8.000000,14.203000,0.657000,-55,0.000000,7,8
1,8.000000,13.500000,0.702000,-56,0.000000,7,8
1,8.000000,14.512000,0.507000,-56,0.000000,7,8
1,8.000000,13.425000,0.565000,-55,0.000000,7,8
1,8.000000,13.612000,0.743000,-55,0.000000,7,8
1,8.000000,13.725000,0.890000,-55,0.000000,7,8
1,8.000000,13.725000,0.000000,-55,0.000000,7,8
1,8.000000,14.193000,0.386000,-55,0.000000,7,8
1,8.000000,13.725000,0.937000,-54,0.000000,7,8
1,8.000000,14.193000,0.390000,-54,0.000000,7,8
1,8.000000,14.671000,0.460000,-55,0.000000,7,8
1,8.000000,13.968000,0.483000,-55,0.000000,7,8
1,8.000000,13.968000,1.030000,-54,0.000000,7,8
1,8.000000,13.575000,1.252000,-56,0.000000,7,8
1,8.000000,12.562000,0.225000,-60,0.000000,7,8
1,8.000000,14.193000,0.690000,-55,0.000000,7,8
1,8.000000,14.037000,0.413000,-57,0.000000,7,8
1,8.000000,13.425000,0.958000,-54,0.000000,7,8
1,8.000000,14.199000,0.541000,-57,0.000000,7,8
1,8.000000,13.725000,0.800000,-58,0.000000,7,8
1,8.000000,13.612000,0.970000,-56,0.000000,7,8
1,8.000000,13.275000,1.004000,-55,0.000000,7,8
1,8.000000,12.487000,1.307000,-57,0.000000,7,8
1,8.000000,14.081000,0.868000,-57,0.000000,7,8
1,8.000000,14.437000,1.000000,-57,0.000000,7,8
1,8.000000,14.203000,0.986000,-59,0.000000,7,8
1,8.000000,13.725000,0.750000,-57,0.000000,7,8
1,8.000000,12.918000,1.098000,-56,0.000000,7,8
1,8.000000,14.325000,0.525000,-55,0.000000,7,8
1,8.000000,12.796000,1.431000,-55,0.000000,7,8
1,8.000000,14.203000,0.583000,-55,0.000000,7,8
1,8.000000,13.275000,0.845000,-55,0.000000,7,8
1,8.000000,13.959000,0.791000,-56,0.000000,7,8
1,8.000000,14.212000,0.765000,-57,0.000000,7,8
1,8.000000,14.037000,0.933000,-58,0.000000,7,8
1,8.000000,13.887000,0.967000,-59,0.000000,7,8
1,8.000000,14.325000,1.002000,-58,0.000000,7,8
1,8.000000,13.734000,0.723000,-58,0.000000,7,8
1,8.000000,13.612000,1.299000,-57,0.000000,7,8
1,8.000000,13.387000,1.249000,-57,0.000000,7,8
1,8.000000,13.031000,1.594000,-57,0.000000,7,8
1,8.000000,13.575000,1.299000,-58,0.000000,7,8
1,8.000000,13.968000,1.737000,-59,0.000000,7,8
1,8.000000,14.793000,0.413000,-60,0.000000,7,8
1,8.000000,13.153000,0.755000,-60,0.000000,7,8
1,8.000000,13.968000,0.601000,-60,0.000000,7,8
1,8.000000,14.049000,0.551000,-59,0.000000,7,8
1,8.000000,14.559000,0.357000,-58,0.000000,7,8
1,8.000000,14.824000,0.238000,-58,0.000000,7,8
1,8.000000,13.959000,0.832000,-57,0.000000,7,8
1,8.000000,13.099000,1.010000,-57,0.000000,7,8
1,8.000000,12.909000,1.235000,-56,0.000000,7,8
1,8.000000,14.049000,0.586000,-56,0.000000,7,8
1,8.000000,13.256000,0.771000,-56,0.000000,7,8
1,8.000000,12.787000,0.712000,-57,0.000000,7,8
1,8.000000,12.450000,0.338000,-57,0.000000,7,8
1,8.000000,12.012000,1.068000,-56,0.000000,7,8
1,8.000000,12.562000,1.241000,-55,0.000000,7,8
1,8.000000,12.324000,1.235000,-56,0.000000,7,8
1,8.000000,13.500000,0.769000,-55,0.000000,7,8
1,8.000000,13.612000,0.933000,-54,0.000000,7,8
1,8.000000,13.621000,1.187000,-55,0.000000,7,8
1,8.000000,12.949000,1.701000,-55,0.000000,7,8
1,8.000000,14.212000,0.959000,-56,0.000000,7,8
1,8.000000,13.031000,1.690000,-56,0.000000,7,8
1,8.000000,13.846000,1.441000,-56,0.000000,7,8
1,8.000000,13.262000,1.509000,-55,0.000000,7,8
1,8.000000,14.212000,0.811000,-55,0.000000,7,8
1,8.000000,13.743000,0.635000,-55,0.000000,7,8
1,8.000000,13.968000,0.739000,-55,0.000000,7,8
1,8.000000,13.968000,0.820000,-56,0.000000,7,8
1,8.000000,13.978000,0.601000,-55,0.000000,7,8
1,8.000000,13.856000,0.854000,-55,0.000000,7,8
1,8.000000,13.856000,1.388000,-56,0.000000,7,8
1,8.000000,13.500000,1.709000,-54,0.000000,7,8
1,8.000000,14.674000,0.801000,-54,0.000000,7,8
1,8.000000,13.500000,1.198000,-55,0.000000,7,8
1,8.000000,13.425000,1.345000,-56,0.000000,7,8
1,8.000000,13.846000,1.667000,-56,0.000000,7,8
1,8.000000,13.031000,2.168000,-55,0.000000,7,8
1,8.000000,12.806000,2.367000,-56,0.000000,7,8
1,8.000000,13.031000,1.898000,-55,0.000000,7,8
1,8.000000,13.387000,1.917000,-54,0.000000,7,8
1,8.000000,14.090000,1.022000,-54,0.000000,7,8
1,8.000000,13.737000,1.520000,-54,0.000000,7,8
1,8.000000,13.378000,1.415000,-54,0.000000,7,8
1,8.000000,14.559000,0.770000,-54,0.000000,7,8
1,8.000000,14.199000,1.313000,-54,0.000000,7,8
1,8.000000,13.968000,1.299000,-55,0.000000,7,8
1,8.000000,13.500000,1.704000,-55,0.000000,7,8
1,8.000000,14.049000,1.131000,-55,0.000000,7,8
1,8.000000,13.846000,1.470000,-55,0.000000,7,8
1,8.000000,14.212000,1.037000,-54,0.000000,7,8
1,8.000000,13.968000,0.991000,-54,0.000000,7,8
1,8.000000,14.349000,1.022000,-54,0.000000,7,8
1,8.000000,14.090000,1.399000,-54,0.000000,7,8
1,8.000000,14.512000,1.037000,-54,0.000000,7,8
1,8.000000,14.203000,1.320000,-54,0.000000,7,8
1,8.000000,14.315000,1.171000,-54,0.000000,7,8
1,8.000000,12.806000,1.647000,-54,0.000000,7,8
1,8.000000,14.090000,1.138000,-54,0.000000,7,8
1,8.000000,13.143000,1.729000,-54,0.000000,7,8
1,8.000000,14.437000,0.690000,-54,0.000000,5,8
1,8.000000,13.743000,1.766000,-55,0.000000,7,8
1,8.000000,14.325000,0.726000,-55,0.000000,7,8
1,8.000000,14.081000,1.094000,-55,0.000000,7,8
1,8.000000,14.203000,0.993000,-54,0.000000,7,8
1,8.000000,13.575000,1.579000,-54,0.000000,7,8
1,8.000000,13.737000,1.206000,-55,0.000000,7,8
1,8.000000,13.887000,1.198000,-54,0.000000,7,8
1,8.000000,14.559000,0.752000,-54,0.000000,7,8
1,8.000000,14.325000,0.982000,-54,0.000000,7,8
1,8.000000,13.737000,1.366000,-54,0.000000,7,8
1,8.000000,13.846000,1.164000,-54,0.000000,7,8
1,8.000000,13.112000,1.491000,-54,0.000000,7,8
1,8.000000,13.500000,0.922000,-55,0.000000,7,8
1,8.000000,14.203000,0.814000,-55,0.000000,7,8
1,8.000000,13.143000,1.751000,-55,0.000000,7,8
1,8.000000,13.725000,1.273000,-55,0.000000,7,8
1,8.000000,14.362000,1.444000,-55,0.000000,7,8
1,8.000000,13.612000,1.520000,-55,0.000000,7,8
1,8.000000,14.793000,1.306000,-54,0.000000,7,8
1,8.000000,13.968000,1.546000,-54,0.000000,7,8
1,8.000000,13.378000,1.522000,-54,0.000000,7,8
1,8.000000,13.387000,1.653000,-54,0.000000,7,8
1,8.000000,13.500000,1.677000,-54,0.000000,7,8
1,8.000000,13.378000,1.442000,-54,0.000000,7,8
1,8.000000,13.856000,1.059000,-54,0.000000,7,8
1,8.000000,13.378000,1.226000,-54,0.000000,7,8
1,8.000000,14.437000,0.857000,-54,0.000000,7,8
1,8.000000,13.143000,1.367000,-54,0.000000,7,8
1,8.000000,14.837000,0.649000,-54,0.000000,7,8
1,8.000000,14.681000,0.883000,-54,0.000000,7,8
1,8.000000,14.203000,0.971000,-54,0.000000,7,8
1,8.000000,12.949000,1.637000,-54,0.000000,7,8
1,8.000000,14.674000,0.797000,-54,0.000000,7,8
1,8.000000,14.524000,0.950000,-54,0.000000,7,8
1,8.000000,14.325000,0.825000,-54,0.000000,7,8
1,8.000000,13.856000,1.062000,-54,0.000000,7,8
1,8.000000,13.856000,1.164000,-54,0.000000,7,8
1,8.000000,14.090000,1.143000,-54,0.000000,7,8
1,8.000000,13.262000,1.267000,-54,0.000000,7,8
1,8.000000,13.856000,0.976000,-54,0.000000,7,8
1,8.000000,14.090000,1.120000,-54,0.000000,7,8
1,8.000000,13.031000,1.227000,-54,0.000000,7,8
1,8.000000,13.378000,1.706000,-54,0.000000,7,8
1,8.000000,14.081000,1.120000,-54,0.000000,7,8
1,8.000000,14.199000,1.333000,-54,0.000000,7,8
1,8.000000,13.612000,1.733000,-54,0.000000,7,8
1,8.000000,14.037000,1.093000,-54,0.000000,7,8
1,8.000000,14.906000,0.794000,-53,0.000000,7,8
1,8.000000,14.193000,1.260000,-53,0.000000,7,8
1,8.000000,13.378000,1.471000,-53,0.000000,7,8
1,8.000000,14.437000,0.964000,-53,0.000000,7,8
1,8.000000,14.325000,0.825000,-53,0.000000,7,8
1,8.000000,13.725000,0.897000,-55,0.000000,7,8
1,8.000000,14.049000,1.031000,-56,0.000000,7,8
1,8.000000,14.906000,0.463000,-56,0.000000,7,8
1,8.000000,14.824000,0.506000,-57,0.000000,7,8
1,8.000000,14.315000,1.036000,-56,0.000000,7,8
1,8.000000,13.031000,1.538000,-57,0.000000,7,8
1,8.000000,12.440000,2.672000,-55,0.000000,7,8
1,8.000000,13.412000,1.190000,-55,0.000000,7,8
1,8.000000,13.500000,1.747000,-54,0.000000,7,8
1,8.000000,14.203000,1.412000,-53,0.000000,7,8
1,8.000000,13.968000,1.367000,-53,0.000000,7,8
1,8.000000,13.621000,1.637000,-53,0.000000,7,8
1,8.000000,13.612000,1.285000,-53,0.000000,7,8
1,8.000000,14.049000,0.825000,-54,0.000000,7,8
1,8.000000,14.362000,0.911000,-55,0.000000,7,8
1,8.000000,13.734000,1.059000,-56,0.000000,7,8
1,8.000000,12.487000,1.659000,-57,0.000000,7,8
1,8.000000,13.031000,1.493000,-56,0.000000,7,8
1,8.000000,13.575000,1.345000,-55,0.000000,7,8
1,8.000000,13.621000,1.206000,-54,0.000000,7,8
1,8.000000,13.500000,1.321000,-54,0.000000,7,8
1,8.000000,13.378000,1.068000,-53,0.000000,7,8
1,8.000000,12.909000,1.696000,-53,0.000000,7,8
1,8.000000,13.031000,1.315000,-53,0.000000,7,8
1,8.000000,13.378000,0.863000,-53,0.000000,7,8
1,8.000000,13.265000,1.211000,-53,0.000000,7,8
1,8.000000,13.425000,1.032000,-53,0.000000,7,8
1,8.000000,13.968000,0.704000,-53,0.000000,7,8
1,8.000000,14.315000,0.563000,-54,0.000000,7,8
1,8.000000,13.256000,1.059000,-54,0.000000,7,8
1,8.000000,13.262000,1.167000,-55,0.000000,7,8
1,8.000000,13.143000,1.089000,-55,0.000000,7,8
1,8.000000,13.725000,0.937000,-55,0.000000,2,8
1,8.000000,13.856000,0.785000,-54,0.000000,7,8
1,8.000000,12.799000,1.111000,-54,0.000000,7,8
1,8.000000,13.262000,0.924000,-54,0.000000,7,8
1,8.000000,12.562000,1.142000,-54,0.000000,7,8
1,8.000000,12.918000,1.341000,-55,0.000000,7,8
1,8.000000,12.918000,1.289000,-55,0.000000,7,8
1,8.000000,12.562000,1.803000,-55,0.000000,7,8
1,8.000000,12.787000,1.406000,-54,0.000000,7,8
1,8.000000,13.412000,0.957000,-54,0.000000,7,8
1,8.000000,13.500000,0.585000,-54,0.000000,7,8
1,8.000000,13.425000,0.904000,-54,0.000000,7,8
1,8.000000,12.649000,1.068000,-54,0.000000,7,8
1,8.000000,13.387000,0.957000,-53,0.000000,7,8
1,8.000000,13.621000,0.913000,-53,0.000000,7,8
1,8.000000,14.362000,0.604000,-53,0.000000,7,8
1,8.000000,14.512000,0.540000,-53,0.000000,7,8
1,8.000000,13.856000,0.706000,-54,0.000000,7,8
1,8.000000,13.143000,1.319000,-54,0.000000,7,8
1,8.000000,13.740000,0.828000,-54,0.000000,7,8
1,8.000000,13.621000,1.110000,-55,0.000000,7,8
1,8.000000,14.090000,0.726000,-55,0.000000,7,8
1,8.000000,13.621000,1.057000,-55,0.000000,7,8
1,8.000000,12.796000,1.437000,-55,0.000000,7,8
1,8.000000,13.846000,1.015000,-55,0.000000,7,8
1,8.000000,12.799000,1.394000,-55,0.000000,7,8
1,8.000000,13.378000,1.093000,-55,0.000000,7,8
1,8.000000,13.031000,1.502000,-55,0.000000,7,8
1,8.000000,13.575000,0.986000,-55,0.000000,7,8
1,8.000000,13.725000,1.181000,-55,0.000000,7,8
1,8.000000,13.153000,1.400000,-55,0.000000,7,8
1,8.000000,14.212000,0.000000,-55,0.000000,7,8
1,8.000000,13.031000,1.359000,-55,0.000000,7,8
1,8.000000,12.675000,1.622000,-55,0.000000,7,8
1,8.000000,13.256000,1.122000,-55,0.000000,7,8
1,8.000000,13.959000,0.991000,-55,0.000000,7,8
1,8.000000,12.909000,1.700000,-55,0.000000,7,8
1,8.000000,13.387000,1.090000,-55,0.000000,7,8
1,8.000000,13.968000,0.871000,-55,0.000000,7,8
1,8.000000,13.500000,1.199000,-55,0.000000,7,8
1,8.000000,14.081000,0.753000,-55,0.000000,7,8
1,8.000000,13.256000,1.392000,-55,0.000000,7,8
1,8.000000,14.090000,0.924000,-55,0.000000,7,8
1,8.000000,14.212000,1.499000,-55,0.000000,7,8
1,8.000000,13.425000,1.434000,-55,0.000000,7,8
1,8.000000,12.796000,1.953000,-55,0.000000,7,8
1,8.000000,13.734000,1.032000,-55,0.000000,7,8
1,8.000000,13.387000,1.447000,-55,0.000000,7,8
1,8.000000,13.725000,1.100000,-55,0.000000,7,8
1,8.000000,13.734000,0.966000,-55,0.000000,7,8
1,8.000000,12.909000,1.927000,-55,0.000000,7,8
1,8.000000,14.199000,0.811000,-55,0.000000,7,8
1,8.000000,13.153000,1.291000,-55,0.000000,7,8
1,8.000000,13.143000,1.565000,-55,0.000000,7,8
1,8.000000,13.455000,1.087000,-55,0.000000,7,8
1,8.000000,13.856000,0.912000,-55,0.000000,7,8
1,8.000000,13.500000,1.444000,-55,0.000000,7,8
1,8.000000,13.143000,1.219000,-55,0.000000,7,8
1,8.000000,13.021000,1.600000,-55,0.000000,7,8
1,8.000000,12.962000,1.517000,-55,0.000000,7,8
1,8.000000,14.199000,0.934000,-55,0.000000,7,8
1,8.000000,14.550000,0.491000,-55,0.000000,7,8
1,8.000000,14.512000,1.349000,-55,0.000000,7,8
1,8.000000,13.153000,1.579000,-55,0.000000,7,8
1,8.000000,13.500000,1.518000,-55,0.000000,7,8
1,8.000000,12.949000,1.448000,-55,0.000000,7,8
1,8.000000,12.796000,1.739000,-55,0.000000,7,8
1,8.000000,13.143000,1.597000,-55,0.000000,7,8
1,8.000000,14.199000,1.161000,-56,0.000000,7,8
1,8.000000,13.378000,1.123000,-55,0.000000,7,8
1,8.000000,13.490000,1.473000,-55,0.000000,7,8
1,8.000000,13.031000,1.348000,-55,0.000000,7,8
1,8.000000,13.275000,1.443000,-55,0.000000,7,8
1,8.000000,13.575000,0.998000,-55,0.000000,7,8
1,8.000000,13.968000,0.777000,-55,0.000000,7,8
1,8.000000,13.612000,0.857000,-55,0.000000,7,8
1,8.000000,13.737000,0.867000,-55,0.000000,7,8
1,8.000000,13.734000,0.896000,-55,0.000000,7,8
1,8.000000,13.031000,1.000000,-55,0.000000,7,8
1,8.000000,14.437000,0.662000,-55,0.000000,7,8
1,8.000000,12.806000,0.986000,-55,0.000000,7,8
1,8.000000,13.265000,1.084000,-55,0.000000,7,8
1,8.000000,13.968000,0.538000,-55,0.000000,7,8
1,8.000000,13.387000,0.933000,-55,0.000000,7,8
1,8.000000,14.199000,0.645000,-55,0.000000,7,8
1,8.000000,12.487000,1.119000,-55,0.000000,7,8
1,8.000000,12.909000,1.129000,-55,0.000000,7,8
1,8.000000,13.256000,1.380000,-55,0.000000,7,8
1,8.000000,14.203000,0.425000,-55,0.000000,7,8
1,8.000000,13.387000,1.194000,-55,0.000000,7,8
1,8.000000,13.265000,1.257000,-55,0.000000,7,8
1,8.000000,13.153000,1.356000,-55,0.000000,7,8
1,8.000000,14.203000,0.733000,-55,0.000000,7,8
1,8.000000,13.612000,1.147000,-55,0.000000,7,8
1,8.000000,13.725000,0.918000,-55,0.000000,7,8
1,8.000000,14.203000,0.827000,-55,0.000000,7,8
1,8.000000,14.203000,0.905000,-55,0.000000,7,8
1,8.000000,12.637000,1.658000,-56,0.000000,7,8
1,8.000000,13.378000,1.368000,-56,0.000000,7,8
1,8.000000,13.621000,1.581000,-56,0.000000,7,8
1,8.000000,13.262000,1.854000,-56,0.000000,7,8
1,8.000000,13.031000,1.932000,-56,0.000000,7,8
1,8.000000,12.909000,1.710000,-56,0.000000,7,8
1,8.000000,13.725000,1.406000,-56,0.000000,7,8
1,8.000000,13.887000,1.349000,-56,0.000000,7,8
1,8.000000,13.021000,1.737000,-56,0.000000,7,8
1,8.000000,13.387000,1.160000,-56,0.000000,7,8
1,8.000000,12.562000,1.636000,-56,0.000000,7,8
1,8.000000,14.559000,0.547000,-56,0.000000,7,8
1,8.000000,13.153000,1.141000,-55,0.000000,7,8
1,8.000000,13.968000,1.056000,-55,0.000000,7,8
1,8.000000,13.265000,1.360000,-55,0.000000,7,8
1,8.000000,13.500000,1.249000,-55,0.000000,7,8
1,8.000000,12.562000,1.572000,-55,0.000000,7,8
1,8.000000,13.734000,1.372000,-55,0.000000,7,8
1,8.000000,13.968000,1.005000,-55,0.000000,7,8
1,8.000000,14.315000,0.687000,-55,0.000000,7,8
1,8.000000,13.725000,1.070000,-55,0.000000,7,8
1,8.000000,14.203000,1.000000,-55,0.000000,7,8
1,8.000000,14.090000,0.762000,-55,0.000000,7,8
1,8.000000,14.325000,0.958000,-55,0.000000,7,8
1,8.000000,14.437000,0.610000,-55,0.000000,7,8
1,8.000000,13.587000,0.765000,-55,0.000000,7,8
1,8.000000,12.949000,1.319000,-55,0.000000,7,8
1,8.000000,13.612000,0.938000,-55,0.000000,7,8
1,8.000000,14.212000,0.557000,-55,0.000000,7,8
1,8.000000,13.500000,0.895000,-55,0.000000,7,8
1,8.000000,13.621000,0.895000,-55,0.000000,7,8
1,8.000000,13.490000,0.957000,-55,0.000000,7,8
1,8.000000,14.090000,0.604000,-55,0.000000,7,8
1,8.000000,13.856000,0.706000,-55,0.000000,7,8
1,8.000000,13.500000,0.938000,-55,0.000000,7,8
1,8.000000,12.787000,1.367000,-55,0.000000,7,8
1,8.000000,12.684000,1.416000,-55,0.000000,7,8
1,8.000000,12.796000,1.410000,-55,0.000000,7,8
1,8.000000,13.265000,1.345000,-55,0.000000,7,8
1,8.000000,13.725000,1.090000,-55,0.000000,7,8
1,8.000000,13.500000,0.938000,-55,0.000000,7,8
1,8.000000,12.684000,1.406000,-55,0.000000,7,8
1,8.000000,12.949000,1.594000,-55,0.000000,7,8
1,8.000000,13.968000,0.943000,-55,0.000000,7,8
1,8.000000,13.856000,0.928000,-55,0.000000,7,8
1,8.000000,13.575000,0.826000,-55,0.000000,7,8
1,8.000000,13.031000,1.071000,-55,0.000000,7,8
1,8.000000,13.621000,1.022000,-55,0.000000,7,8
1,8.000000,13.887000,0.741000,-55,0.000000,7,8
1,8.000000,13.621000,0.990000,-55,0.000000,7,8
1,8.000000,12.787000,1.406000,-55,0.000000,6,8
1,8.000000,13.425000,1.274000,-55,0.000000,7,8
1,8.000000,13.725000,0.643000,-55,0.000000,7,8
1,8.000000,13.153000,1.393000,-55,0.000000,7,8
1,8.000000,12.474000,1.394000,-55,0.000000,7,8
1,8.000000,12.796000,1.310000,-55,0.000000,7,8
1,8.000000,13.968000,0.781000,-55,0.000000,7,8
1,8.000000,13.621000,1.138000,-55,0.000000,7,8
1,8.000000,13.425000,1.105000,-55,0.000000,7,8
1,8.000000,13.737000,0.913000,-55,0.000000,7,8
1,8.000000,13.031000,1.375000,-55,0.000000,7,8
1,8.000000,13.031000,1.107000,-55,0.000000,7,8
1,8.000000,12.909000,1.511000,-55,0.000000,7,8
1,8.000000,12.918000,1.650000,-55,0.000000,7,8
1,8.000000,13.143000,0.987000,-55,0.000000,7,8
1,8.000000,13.143000,1.174000,-55,0.000000,7,8
1,8.000000,13.743000,0.955000,-55,0.000000,7,8
1,8.000000,12.909000,1.470000,-55,0.000000,7,8
1,8.000000,13.256000,1.352000,-55,0.000000,7,8
1,8.000000,13.737000,0.390000,-55,0.000000,7,8
1,8.000000,14.203000,0.868000,-55,0.000000,7,8
1,8.000000,12.949000,1.619000,-55,0.000000,7,8
1,8.000000,13.265000,1.324000,-55,0.000000,7,8
1,8.000000,13.968000,0.986000,-54,0.000000,7,8
1,8.000000,13.256000,1.207000,-55,0.000000,7,8
1,8.000000,14.362000,0.583000,-55,0.000000,7,8
1,8.000000,13.275000,1.195000,-55,0.000000,7,8
1,8.000000,13.887000,0.919000,-55,0.000000,7,8
1,8.000000,14.681000,0.538000,-55,0.000000,7,8
1,8.000000,12.675000,1.527000,-55,0.000000,7,8
1,8.000000,13.734000,0.777000,-55,0.000000,7,8
1,8.000000,13.031000,1.613000,-54,0.000000,7,8
1,8.000000,12.949000,1.637000,-55,0.000000,7,8
1,8.000000,13.153000,1.321000,-55,0.000000,7,8
1,8.000000,13.500000,1.345000,-55,0.000000,7,8
1,8.000000,12.796000,1.291000,-55,0.000000,7,8
1,8.000000,12.675000,1.489000,-54,0.000000,7,8
1,8.000000,13.031000,1.930000,-55,0.000000,7,8
1,8.000000,13.500000,1.089000,-54,0.000000,7,8
1,8.000000,13.387000,1.137000,-54,0.000000,7,8
1,8.000000,13.112000,1.552000,-55,0.000000,7,8
1,8.000000,13.500000,0.696000,-54,0.000000,7,8
1,8.000000,13.509000,1.073000,-54,0.000000,7,8
1,8.000000,13.387000,1.211000,-54,0.000000,7,8
1,8.000000,13.490000,1.143000,-55,0.000000,7,8
1,8.000000,13.500000,1.268000,-55,0.000000,7,8
1,8.000000,13.500000,0.925000,-54,0.000000,7,8
1,8.000000,12.909000,1.511000,-54,0.000000,7,8
1,8.000000,13.887000,1.052000,-55,0.000000,7,8
1,8.000000,13.509000,1.134000,-54,0.000000,7,8
1,8.000000,14.090000,0.882000,-54,0.000000,7,8
1,8.000000,13.143000,1.117000,-54,0.000000,7,8
1,8.000000,13.500000,1.217000,-55,0.000000,7,8
1,8.000000,13.275000,1.492000,-54,0.000000,7,8
1,8.000000,13.846000,0.823000,-54,0.000000,7,8
1,8.000000,13.500000,1.412000,-55,0.000000,7,8
1,8.000000,14.212000,0.748000,-55,0.000000,7,8
1,8.000000,13.968000,0.887000,-54,0.000000,7,8
1,8.000000,13.734000,0.927000,-54,0.000000,7,8
1,8.000000,13.856000,0.858000,-54,0.000000,7,8
1,8.000000,13.031000,1.314000,-54,0.000000,7,8
1,8.000000,13.500000,1.148000,-55,0.000000,7,8
1,8.000000,14.203000,0.615000,-55,0.000000,7,8
1,8.000000,14.315000,0.743000,-54,0.000000,7,8
1,8.000000,13.490000,1.037000,-55,0.000000,7,8
1,8.000000,13.275000,1.144000,-55,0.000000,7,8
1,8.000000,14.203000,0.733000,-54,0.000000,7,8
1,8.000000,13.978000,0.882000,-54,0.000000,7,8
1,8.000000,12.918000,1.223000,-55,0.000000,7,8
1,8.000000,13.153000,1.502000,-54,0.000000,7,8
1,8.000000,13.621000,0.919000,-54,0.000000,7,8
1,8.000000,15.150000,0.000000,-54,0.000000,7,8
1,8.000000,13.265000,1.153000,-55,0.000000,7,8
1,8.000000,14.203000,0.733000,-54,0.000000,7,8
1,8.000000,13.575000,1.140000,-55,0.000000,7,8
1,8.000000,13.378000,1.226000,-54,0.000000,7,8
1,8.000000,13.112000,1.342000,-54,0.000000,7,8
1,8.000000,13.275000,0.000000,-55,0.000000,7,8
1,8.000000,14.081000,0.905000,-54,0.000000,7,8
1,8.000000,14.081000,0.849000,-55,0.000000,7,8
1,8.000000,13.425000,1.037000,-55,0.000000,7,8
1,8.000000,13.378000,1.112000,-54,0.000000,7,8
1,8.000000,13.500000,0.844000,-54,0.000000,7,8
1,8.000000,12.675000,1.435000,-54,0.000000,7,8
1,8.000000,13.425000,1.068000,-54,0.000000,5,8
1,8.000000,13.743000,0.825000,-55,0.000000,7,8
1,8.000000,14.081000,0.808000,-54,0.000000,7,8
1,8.000000,13.031000,1.284000,-55,0.000000,7,8
1,8.000000,12.949000,1.254000,-54,0.000000,7,8
1,8.000000,13.743000,1.023000,-55,0.000000,7,8
1,8.000000,13.143000,1.241000,-54,0.000000,7,8
1,8.000000,13.275000,1.223000,-54,0.000000,7,8
1,8.000000,12.562000,1.867000,-55,0.000000,7,8
1,8.000000,14.203000,0.783000,-54,0.000000,7,8
1,8.000000,13.968000,1.136000,-54,0.000000,7,8
1,8.000000,13.275000,0.000000,-55,0.000000,7,8
1,8.000000,13.031000,1.580000,-54,0.000000,7,8
1,8.000000,13.846000,0.933000,-54,0.000000,7,8
1,8.000000,13.378000,1.518000,-55,0.000000,7,8
1,8.000000,13.031000,1.546000,-54,0.000000,7,8
1,8.000000,13.031000,1.577000,-54,0.000000,7,8
1,8.000000,13.387000,1.296000,-54,0.000000,7,8
1,8.000000,13.734000,0.768000,-54,0.000000,7,8
1,8.000000,13.575000,1.258000,-54,0.000000,7,8
1,8.000000,12.909000,1.414000,-54,0.000000,7,8
1,8.000000,13.153000,1.026000,-54,0.000000,7,8
1,8.000000,13.265000,1.333000,-54,0.000000,7,8
1,8.000000,13.968000,1.102000,-54,0.000000,7,8
1,8.000000,13.143000,0.972000,-54,0.000000,7,8
1,8.000000,13.959000,0.746000,-54,0.000000,7,8
1,8.000000,13.265000,1.314000,-54,0.000000,7,8
1,8.000000,13.275000,1.170000,-54,0.000000,7,8
1,8.000000,12.909000,1.768000,-54,0.000000,7,8
1,8.000000,14.325000,0.498000,-54,0.000000,7,8
1,8.000000,13.725000,1.019000,-54,0.000000,7,8
1,8.000000,13.734000,0.827000,-54,0.000000,7,8
1,8.000000,13.500000,1.114000,-54,0.000000,7,8
1,8.000000,12.909000,1.696000,-54,0.000000,7,8
1,8.000000,13.968000,0.833000,-54,0.000000,7,8
1,8.000000,13.500000,1.321000,-54,0.000000,7,8
1,8.000000,12.637000,1.375000,-54,0.000000,7,8
1,8.000000,14.559000,0.649000,-54,0.000000,7,8
1,8.000000,14.212000,0.684000,-54,0.000000,7,8
1,8.000000,13.725000,0.883000,-54,0.000000,7,8
1,8.000000,14.446000,0.781000,-54,0.000000,7,8
1,8.000000,13.734000,1.267000,-54,0.000000,7,8
1,8.000000,13.378000,1.134000,-54,0.000000,7,8
1,8.000000,14.049000,0.726000,-55,0.000000,7,8
1,8.000000,13.612000,1.267000,-55,0.000000,7,8
1,8.000000,13.968000,0.938000,-55,0.000000,7,8
1,8.000000,12.796000,1.933000,-55,0.000000,7,8
1,8.000000,14.203000,0.747000,-55,0.000000,7,8
1,8.000000,13.143000,1.416000,-55,0.000000,7,8
1,8.000000,14.090000,0.997000,-55,0.000000,7,8
1,8.000000,13.021000,1.519000,-55,0.000000,7,8
1,8.000000,13.153000,1.211000,-55,0.000000,7,8
1,8.000000,12.675000,1.503000,-55,0.000000,7,8
1,8.000000,13.021000,1.405000,-55,0.000000,7,8
1,8.000000,13.031000,1.641000,-55,0.000000,7,8
1,8.000000,14.437000,0.826000,-55,0.000000,7,8
1,8.000000,12.684000,1.314000,-55,0.000000,7,8
1,8.000000,13.265000,1.469000,-55,0.000000,7,8
1,8.000000,13.031000,1.367000,-55,0.000000,7,8
1,8.000000,12.487000,1.533000,-55,0.000000,7,8
1,8.000000,13.153000,1.430000,-55,0.000000,7,8
1,8.000000,13.021000,1.883000,-55,0.000000,7,8
1,8.000000,13.978000,1.111000,-55,0.000000,7,8
1,8.000000,13.143000,1.527000,-55,0.000000,7,8
1,8.000000,12.799000,1.480000,-55,0.000000,7,8
1,8.000000,12.684000,1.674000,-55,0.000000,7,8
1,8.000000,13.846000,1.363000,-55,0.000000,7,8
1,8.000000,13.500000,1.408000,-55,0.000000,7,8
1,8.000000,13.846000,1.110000,-55,0.000000,7,8
1,8.000000,13.737000,0.706000,-55,0.000000,7,8
1,8.000000,14.193000,0.639000,-55,0.000000,7,8
1,8.000000,13.265000,1.268000,-55,0.000000,7,8
1,8.000000,12.562000,1.672000,-55,0.000000,7,8
1,8.000000,12.562000,1.600000,-55,0.000000,7,8
1,8.000000,13.968000,0.933000,-55,0.000000,7,8
1,8.000000,13.621000,1.084000,-55,0.000000,7,8
1,8.000000,13.153000,1.447000,-54,0.000000,7,8
1,8.000000,13.612000,1.147000,-55,0.000000,7,8
1,8.000000,14.090000,0.604000,-54,0.000000,7,8
1,8.000000,13.887000,0.873000,-55,0.000000,7,8
1,8.000000,13.968000,0.826000,-55,0.000000,7,8
1,8.000000,13.725000,0.712000,-55,0.000000,7,8
1,8.000000,13.737000,0.991000,-54,0.000000,7,8
1,8.000000,13.621000,0.990000,-55,0.000000,7,8
1,8.000000,12.337000,1.883000,-54,0.000000,7,8
1,8.000000,13.734000,0.927000,-55,0.000000,7,8
1,8.000000,12.637000,1.540000,-55,0.000000,7,8
1,8.000000,13.737000,1.172000,-54,0.000000,7,8
1,8.000000,14.199000,0.872000,-55,0.000000,7,8
1,8.000000,12.918000,1.503000,-55,0.000000,7,8
1,8.000000,13.575000,1.165000,-54,0.000000,7,8
1,8.000000,13.887000,0.992000,-54,0.000000,7,8
1,8.000000,12.675000,1.417000,-54,0.000000,7,8
1,8.000000,13.734000,0.858000,-54,0.000000,7,8
1,8.000000,14.049000,0.762000,-54,0.000000,7,8
1,8.000000,13.265000,1.314000,-55,0.000000,7,8
1,8.000000,12.562000,2.121000,-55,0.000000,7,8
1,8.000000,13.500000,1.115000,-54,0.000000,7,8
1,8.000000,12.562000,2.037000,-54,0.000000,7,8
1,8.000000,13.968000,0.843000,-54,0.000000,7,8
1,8.000000,13.734000,0.994000,-54,0.000000,7,8
1,8.000000,13.856000,0.820000,-55,0.000000,7,8
1,8.000000,13.040000,1.657000,-55,0.000000,7,8
1,8.000000,13.734000,1.192000,-54,0.000000,7,8
1,8.000000,13.153000,1.635000,-54,0.000000,7,8
1,8.000000,12.675000,1.811000,-54,0.000000,7,8
1,8.000000,13.621000,1.117000,-54,0.000000,7,8
1,8.000000,13.031000,1.274000,-54,0.000000,7,8
1,8.000000,13.846000,1.095000,-54,0.000000,7,8
1,8.000000,14.212000,0.000000,-54,0.000000,1,8
1,8.000000,13.846000,1.034000,-54,0.000000,7,8
1,8.000000,13.575000,1.140000,-55,0.000000,7,8
1,8.000000,13.500000,1.119000,-54,0.000000,7,8
1,8.000000,13.856000,1.314000,-54,0.000000,7,8
1,8.000000,13.425000,1.539000,-54,0.000000,7,8
1,8.000000,14.090000,0.992000,-55,0.000000,7,8
1,8.000000,14.662000,0.516000,-54,0.000000,7,8
1,8.000000,13.968000,0.997000,-54,0.000000,7,8
1,8.000000,13.856000,1.035000,-54,0.000000,7,8
1,8.000000,12.949000,0.579000,-54,0.000000,7,8
1,8.000000,13.387000,1.492000,-54,0.000000,7,8
1,8.000000,13.734000,1.291000,-54,0.000000,7,8
1,8.000000,13.500000,0.800000,-54,0.000000,7,8
1,8.000000,14.090000,1.080000,-55,0.000000,7,8
1,8.000000,12.796000,1.613000,-54,0.000000,7,8
1,8.000000,13.112000,1.307000,-54,0.000000,7,8
1,8.000000,14.081000,0.607000,-54,0.000000,7,8
1,8.000000,13.612000,1.278000,-54,0.000000,7,8
1,8.000000,12.799000,2.377000,-54,0.000000,7,8
1,8.000000,13.143000,1.643000,-54,0.000000,7,8
1,8.000000,12.796000,1.772000,-54,0.000000,7,8
1,8.000000,13.500000,1.371000,-54,0.000000,7,8
1,8.000000,13.612000,1.466000,-54,0.000000,7,8
1,8.000000,13.031000,1.577000,-55,0.000000,7,8
1,8.000000,13.575000,1.279000,-54,0.000000,7,8
1,8.000000,13.387000,1.615000,-54,0.000000,7,8
1,8.000000,11.850000,2.461000,-54,0.000000,7,8
1,8.000000,12.909000,1.256000,-54,0.000000,7,8
1,8.000000,13.112000,1.177000,-55,0.000000,7,8
1,8.000000,13.509000,1.385000,-55,0.000000,7,8
1,8.000000,13.509000,1.017000,-55,0.000000,7,8
1,8.000000,13.378000,1.139000,-55,0.000000,7,8
1,8.000000,12.637000,1.911000,-55,0.000000,7,8
1,8.000000,13.500000,1.167000,-55,0.000000,7,8
1,8.000000,13.734000,1.147000,-55,0.000000,7,8
1,8.000000,13.500000,1.064000,-55,0.000000,7,8
1,8.000000,12.949000,1.076000,-55,0.000000,7,8
1,8.000000,13.256000,1.313000,-55,0.000000,7,8
1,8.000000,13.725000,1.234000,-55,0.000000,7,8
1,8.000000,12.787000,1.505000,-55,0.000000,7,8
1,8.000000,13.275000,1.260000,-55,0.000000,7,8
1,8.000000,13.734000,1.147000,-55,0.000000,7,8
1,8.000000,13.737000,0.700000,-55,0.000000,7,8
1,8.000000,13.621000,0.968000,-55,0.000000,7,8
1,8.000000,12.799000,1.457000,-55,0.000000,7,8
1,8.000000,13.021000,1.378000,-55,0.000000,7,8
1,8.000000,13.725000,1.000000,-55,0.000000,7,8
1,8.000000,13.378000,1.147000,-55,0.000000,7,8
1,8.000000,13.365000,1.306000,-55,0.000000,7,8
1,8.000000,12.787000,1.507000,-55,0.000000,7,8
1,8.000000,14.203000,0.929000,-55,0.000000,7,8
1,8.000000,13.575000,0.802000,-55,0.000000,7,8
1,8.000000,13.265000,0.831000,-55,0.000000,7,8
1,8.000000,13.153000,1.384000,-54,0.000000,7,8
1,8.000000,13.500000,1.119000,-55,0.000000,7,8
1,8.000000,13.031000,1.425000,-55,0.000000,7,8
1,8.000000,13.725000,0.000000,-55,0.000000,1,8
1,8.000000,13.612000,0.972000,-54,0.000000,7,8
1,8.000000,13.612000,1.440000,-55,0.000000,7,8
1,8.000000,13.387000,1.148000,-55,0.000000,7,8
1,8.000000,13.887000,0.862000,-55,0.000000,7,8
1,8.000000,12.799000,1.514000,-55,0.000000,7,8
1,8.000000,13.734000,1.062000,-55,0.000000,7,8
1,8.000000,12.675000,1.566000,-55,0.000000,7,8
1,8.000000,13.490000,1.105000,-55,0.000000,7,8
1,8.000000,15.375000,0.712000,-55,0.000000,7,8
1,8.000000,13.099000,1.255000,-55,0.000000,7,8
1,8.000000,13.143000,1.382000,-55,0.000000,7,8
1,8.000000,13.031000,1.499000,-54,0.000000,7,8
1,8.000000,12.562000,1.616000,-55,0.000000,7,8
1,8.000000,13.265000,1.454000,-55,0.000000,7,8
1,8.000000,12.806000,1.710000,-55,0.000000,7,8
1,8.000000,12.562000,1.436000,-55,0.000000,7,8
1,8.000000,13.378000,1.307000,-55,0.000000,7,8
1,8.000000,13.031000,1.750000,-55,0.000000,7,8
1,8.000000,13.959000,0.910000,-55,0.000000,7,8
1,8.000000,12.918000,1.530000,-55,0.000000,7,8
1,8.000000,12.440000,1.656000,-55,0.000000,7,8
1,8.000000,13.612000,0.933000,-55,0.000000,7,8
1,8.000000,13.500000,1.163000,-55,0.000000,7,8
1,8.000000,12.675000,1.476000,-55,0.000000,7,8
1,8.000000,13.112000,1.317000,-55,0.000000,7,8
1,8.000000,13.612000,0.933000,-55,0.000000,7,8
1,8.000000,12.796000,1.435000,-55,0.000000,7,8
1,8.000000,12.787000,1.560000,-55,0.000000,7,8
1,8.000000,13.275000,0.779000,-55,0.000000,7,8
1,8.000000,13.387000,0.960000,-55,0.000000,7,8
1,8.000000,13.612000,1.117000,-55,0.000000,7,8
1,8.000000,12.796000,1.252000,-55,0.000000,7,8
1,8.000000,13.621000,1.117000,-55,0.000000,7,8
1,8.000000,13.846000,0.923000,-55,0.000000,7,8
1,8.000000,13.412000,0.937000,-55,0.000000,7,8
1,8.000000,13.378000,0.649000,-55,0.000000,7,8
1,8.000000,12.450000,1.692000,-55,0.000000,7,8
1,8.000000,12.487000,1.442000,-55,0.000000,7,8
1,8.000000,13.500000,1.026000,-55,0.000000,7,8
1,8.000000,13.153000,1.311000,-55,0.000000,7,8
1,8.000000,12.799000,1.435000,-55,0.000000,7,8
1,8.000000,13.725000,1.027000,-55,0.000000,7,8
1,8.000000,12.949000,1.699000,-55,0.000000,7,8
1,8.000000,12.562000,1.474000,-55,0.000000,7,8
1,8.000000,13.031000,1.260000,-55,0.000000,7,8
1,8.000000,13.725000,0.000000,-56,0.000000,1,8
1,8.000000,12.806000,1.216000,-55,0.000000,7,8
1,8.000000,13.378000,1.064000,-56,0.000000,7,8
1,8.000000,13.425000,1.229000,-56,0.000000,7,8
1,8.000000,15.600000,0.000000,-55,0.000000,7,8
1,8.000000,13.500000,0.938000,-55,0.000000,7,8
1,8.000000,13.265000,1.112000,-55,0.000000,7,8
1,8.000000,14.081000,0.653000,-55,0.000000,7,8
1,8.000000,12.562000,1.309000,-55,0.000000,7,8
1,8.000000,13.143000,0.997000,-55,0.000000,7,8
1,8.000000,12.571000,1.730000,-55,0.000000,7,8
1,8.000000,13.112000,1.525000,-55,0.000000,7,8
1,8.000000,13.575000,1.108000,-55,0.000000,7,8
1,8.000000,13.265000,0.993000,-55,0.000000,7,8
1,8.000000,12.909000,1.553000,-55,0.000000,7,8
1,8.000000,13.112000,1.449000,-55,0.000000,7,8
1,8.000000,13.587000,0.602000,-55,0.000000,7,8
1,8.000000,13.425000,0.901000,-55,0.000000,7,8
1,8.000000,12.796000,1.588000,-55,0.000000,7,8
1,8.000000,13.743000,1.169000,-55,0.000000,7,8
1,8.000000,13.378000,1.134000,-55,0.000000,7,8
1,8.000000,12.637000,1.347000,-55,0.000000,7,8
1,8.000000,12.918000,1.215000,-55,0.000000,7,8
1,8.000000,13.500000,1.054000,-55,0.000000,7,8
1,8.000000,13.265000,1.264000,-55,0.000000,7,8
1,8.000000,12.337000,1.674000,-55,0.000000,7,8
1,8.000000,13.856000,1.019000,-55,0.000000,7,8
1,8.000000,12.918000,1.164000,-55,0.000000,7,8
1,8.000000,13.031000,1.348000,-55,0.000000,7,8
1,8.000000,13.621000,1.057000,-55,0.000000,7,8
1,8.000000,13.612000,0.833000,-55,0.000000,7,8
1,8.000000,13.734000,1.245000,-55,0.000000,7,8
1,8.000000,13.737000,0.938000,-55,0.000000,7,8
1,8.000000,13.500000,0.938000,-55,0.000000,7,8
1,8.000000,13.968000,1.347000,-55,0.000000,7,8
1,8.000000,13.500000,1.412000,-55,0.000000,7,8
1,8.000000,13.575000,1.249000,-55,0.000000,7,8
1,8.000000,14.049000,0.686000,-55,0.000000,7,8
1,8.000000,12.474000,1.576000,-55,0.000000,7,8
1,8.000000,13.378000,1.134000,-55,0.000000,7,8
1,8.000000,13.031000,1.089000,-55,0.000000,7,8
1,8.000000,13.153000,1.349000,-55,0.000000,7,8
1,8.000000,12.787000,1.267000,-55,0.000000,7,8
1,8.000000,13.856000,0.953000,-55,0.000000,7,8
1,8.000000,13.275000,1.054000,-55,0.000000,7,8
1,8.000000,14.212000,0.655000,-55,0.000000,7,8
1,8.000000,14.090000,0.793000,-55,0.000000,7,8
1,8.000000,13.031000,1.461000,-55,0.000000,7,8
1,8.000000,12.562000,1.616000,-55,0.000000,7,8
1,8.000000,13.737000,1.219000,-55,0.000000,7,8
1,8.000000,13.265000,1.109000,-55,0.000000,7,8
1,8.000000,12.553000,1.624000,-55,0.000000,7,8
1,8.000000,12.949000,1.411000,-55,0.000000,7,8
1,8.000000,12.440000,1.616000,-55,0.000000,7,8
1,8.000000,13.887000,0.793000,-55,0.000000,7,8
1,8.000000,13.378000,1.180000,-55,0.000000,7,8
1,8.000000,13.887000,0.919000,-55,0.000000,7,8
1,8.000000,12.553000,1.651000,-55,0.000000,7,8
1,8.000000,12.949000,1.425000,-55,0.000000,7,8
1,8.000000,12.962000,1.094000,-55,0.000000,7,8
1,8.000000,14.203000,0.661000,-55,0.000000,7,8
1,8.000000,12.909000,1.194000,-55,0.000000,7,8
1,8.000000,12.637000,1.715000,-55,0.000000,7,8
1,8.000000,12.787000,0.000000,-55,0.000000,7,8
1,8.000000,13.612000,1.148000,-55,0.000000,7,8
1,8.000000,13.978000,0.900000,-55,0.000000,7,8
1,8.000000,13.587000,0.858000,-54,0.000000,7,8
1,8.000000,13.725000,0.698000,-54,0.000000,7,8
1,8.000000,14.090000,1.161000,-54,0.000000,7,8
1,8.000000,13.575000,1.140000,-54,0.000000,7,8
1,8.000000,12.796000,1.653000,-54,0.000000,7,8
1,8.000000,14.662000,0.000000,-54,0.000000,2,8
1,8.000000,13.612000,0.962000,-54,0.000000,7,8
1,8.000000,13.256000,1.219000,-55,0.000000,7,8
1,8.000000,13.387000,1.278000,-54,0.000000,7,8
1,8.000000,13.387000,1.156000,-54,0.000000,7,8
1,8.000000,13.612000,1.000000,-55,0.000000,7,8
1,8.000000,13.575000,1.091000,-55,0.000000,7,8
1,8.000000,13.968000,0.699000,-55,0.000000,7,8
1,8.000000,13.031000,1.434000,-54,0.000000,7,8
1,8.000000,13.734000,1.214000,-54,0.000000,7,8
1,8.000000,13.143000,1.241000,-54,0.000000,7,8
1,8.000000,13.899000,0.754000,-54,0.000000,7,8
1,8.000000,12.799000,1.085000,-55,0.000000,7,8
1,8.000000,14.090000,0.787000,-55,0.000000,7,8
1,8.000000,12.806000,1.538000,-55,0.000000,7,8
1,8.000000,12.918000,1.289000,-56,0.000000,7,8
1,8.000000,13.425000,1.203000,-56,0.000000,7,8
1,8.000000,13.587000,1.220000,-56,0.000000,7,8
1,8.000000,13.500000,1.114000,-56,0.000000,7,8
1,8.000000,12.675000,1.289000,-56,0.000000,7,8
1,8.000000,13.500000,1.198000,-55,0.000000,7,8
1,8.000000,13.387000,1.767000,-55,0.000000,7,8
1,8.000000,15.150000,0.000000,-55,0.000000,7,8
1,8.000000,14.315000,0.961000,-55,0.000000,7,8
1,8.000000,13.734000,1.123000,-55,0.000000,7,8
1,8.000000,14.049000,0.733000,-54,0.000000,7,8
1,8.000000,14.212000,0.778000,-55,0.000000,5,8
1,8.000000,14.199000,0.842000,-55,0.000000,7,8
1,8.000000,13.856000,0.854000,-55,0.000000,7,8
1,8.000000,13.635000,1.128000,-55,0.000000,7,8
1,8.000000,13.737000,1.213000,-55,0.000000,7,8
1,8.000000,12.795000,1.823000,-56,0.000000,7,8
1,8.000000,14.090000,0.924000,-57,0.000000,7,8
1,8.000000,13.725000,1.272000,-55,0.000000,7,8
1,8.000000,14.212000,0.000000,-56,0.000000,1,8
1,8.000000,14.203000,0.538000,-55,0.000000,7,8
1,8.000000,13.099000,1.950000,-55,0.000000,7,8
1,8.000000,12.675000,2.091000,-57,0.000000,7,8
1,8.000000,12.787000,1.738000,-56,0.000000,7,8
1,8.000000,13.734000,1.192000,-56,0.000000,7,8
1,8.000000,13.153000,1.579000,-56,0.000000,7,8
1,8.000000,13.734000,1.249000,-56,0.000000,7,8
1,8.000000,13.387000,1.461000,-55,0.000000,7,8
1,8.000000,13.734000,1.415000,-57,0.000000,7,8
1,8.000000,12.684000,2.044000,-55,0.000000,7,8
1,8.000000,13.725000,1.203000,-54,0.000000,7,8
1,8.000000,14.203000,0.862000,-55,0.000000,7,8
1,8.000000,12.787000,1.734000,-57,0.000000,7,8
1,8.000000,13.734000,0.860000,-56,0.000000,7,8
1,8.000000,13.265000,1.479000,-54,0.000000,7,8
1,8.000000,14.090000,1.649000,-54,0.000000,7,8
1,8.000000,13.968000,0.968000,-55,0.000000,7,8
1,8.000000,13.846000,1.248000,-56,0.000000,7,8
1,8.000000,17.025000,0.000000,-55,0.000000,7,8
1,8.000000,12.806000,1.791000,-55,0.000000,7,8
1,8.000000,13.265000,1.504000,-56,0.000000,7,8
1,8.000000,12.799000,1.834000,-55,0.000000,7,8
1,8.000000,13.153000,1.060000,-57,0.000000,7,8
1,8.000000,12.487000,1.739000,-55,0.000000,7,8
1,8.000000,13.621000,1.551000,-55,0.000000,7,8
1,8.000000,14.446000,0.526000,-56,0.000000,7,8
1,8.000000,12.909000,1.107000,-56,0.000000,7,8
1,8.000000,13.621000,0.752000,-54,0.000000,7,8
1,8.000000,14.437000,0.680000,-54,0.000000,7,8
1,8.000000,13.856000,0.912000,-56,0.000000,7,8
1,8.000000,13.621000,0.535000,-57,0.000000,7,8
1,8.000000,13.846000,0.559000,-57,0.000000,7,8
