1,21.000000,23.112000,0.415000,-66,0.000000,7,8
1,21.000000,24.393000,0.525000,-65,0.000000,7,8
1,21.000000,23.100000,0.253000,-65,0.000000,7,8
1,21.000000,24.662001,0.509000,-65,0.000000,7,8
1,21.000000,23.424000,0.307000,-65,0.000000,7,8
1,21.000000,23.424000,0.770000,-66,0.000000,7,8
1,21.000000,23.424000,0.254000,-67,0.000000,7,8
1,21.000000,23.573999,0.444000,-66,0.000000,7,8
1,21.000000,24.740000,0.470000,-67,0.000000,7,8
1,21.000000,23.424000,0.997000,-66,0.000000,7,8
1,21.000000,24.975000,0.240000,-66,0.000000,4,8
1,21.000000,23.100000,0.612000,-67,0.000000,7,8
1,21.000000,24.983999,0.424000,-65,0.000000,7,8
1,21.000000,23.424000,0.793000,-66,0.000000,7,8
1,21.000000,26.156000,0.693000,-65,0.000000,2,8
1,21.000000,24.825001,0.485000,-65,0.000000,7,8
1,21.000000,23.261999,0.775000,-66,0.000000,7,8
1,21.000000,23.737000,1.156000,-66,0.000000,7,8
1,21.000000,23.261999,1.198000,-65,0.000000,7,8
1,21.000000,23.455999,0.686000,-65,0.000000,7,8
1,21.000000,24.049000,0.821000,-64,0.000000,7,8
1,21.000000,24.362000,0.974000,-64,0.000000,7,8
1,21.000000,23.261999,1.166000,-61,0.000000,7,8
1,21.000000,24.198999,0.999000,-64,0.000000,7,8
1,21.000000,25.299000,0.526000,-65,0.000000,7,8
1,21.000000,23.737000,1.375000,-63,0.000000,7,8
1,21.000000,23.424000,0.790000,-64,0.000000,7,8
1,21.000000,23.587000,1.043000,-67,0.000000,7,8
1,21.000000,23.112000,1.578000,-65,0.000000,7,8
1,21.000000,23.886999,1.335000,-64,0.000000,7,8
1,21.000000,24.987000,0.791000,-62,0.000000,7,8
1,21.000000,25.462000,0.499000,-62,0.000000,7,8
1,21.000000,23.587000,0.986000,-64,0.000000,7,8
1,21.000000,24.349001,0.828000,-64,0.000000,7,8
1,21.000000,24.975000,0.791000,-65,0.000000,7,8
1,21.000000,24.212000,0.838000,-65,0.000000,7,8
1,21.000000,24.825001,0.744000,-64,0.000000,7,8
1,21.000000,24.825001,0.753000,-65,0.000000,7,8
1,21.000000,25.136999,0.442000,-64,0.000000,7,8
1,21.000000,24.662001,0.801000,-65,0.000000,7,8
1,21.000000,23.899000,0.923000,-65,0.000000,7,8
1,21.000000,24.212000,0.901000,-64,0.000000,7,8
1,21.000000,23.812000,0.580000,-64,0.000000,3,8
1,21.000000,23.812000,0.831000,-63,0.000000,7,8
1,21.000000,23.886999,0.708000,-64,0.000000,7,8
1,21.000000,24.525000,0.996000,-61,0.000000,7,8
1,21.000000,22.799999,1.884000,-61,0.000000,7,8
1,21.000000,22.950001,0.970000,-63,0.000000,7,8
1,21.000000,23.573999,0.686000,-65,0.000000,7,8
1,21.000000,23.231001,0.587000,-67,0.000000,7,8
1,21.000000,23.100000,1.674000,-63,0.000000,6,8
1,21.000000,23.724001,1.444000,-61,0.000000,7,8
1,21.000000,23.690001,1.075000,-62,0.000000,7,8
1,21.000000,25.687000,0.712000,-63,0.000000,2,8
1,21.000000,22.962000,1.323000,-63,0.000000,7,8
1,21.000000,23.737000,1.055000,-63,0.000000,7,8
1,21.000000,23.424000,1.430000,-63,0.000000,7,8
1,21.000000,23.424000,1.558000,-65,0.000000,7,8
1,21.000000,23.886999,0.585000,-67,0.000000,7,8
1,21.000000,23.587000,1.164000,-65,0.000000,7,8
1,21.000000,23.100000,0.561000,-65,0.000000,7,8
1,21.000000,22.962000,0.949000,-65,0.000000,7,8
1,21.000000,22.950001,1.335000,-64,0.000000,7,8
1,21.000000,23.424000,1.072000,-64,0.000000,7,8
1,21.000000,23.812000,0.645000,-65,0.000000,7,8
1,21.000000,24.511999,0.585000,-65,0.000000,7,8
1,21.000000,23.924999,0.470000,-66,0.000000,7,8
1,21.000000,24.046000,0.423000,-67,0.000000,7,8
1,21.000000,24.750000,0.541000,-67,0.000000,5,8
1,21.000000,24.271000,1.792000,-68,0.000000,7,8
1,21.000000,24.046000,0.663000,-66,0.000000,7,8
1,21.000000,24.198999,0.238000,-68,0.000000,7,8
1,21.000000,23.343000,1.280000,-65,0.000000,7,8
1,21.000000,24.662001,0.664000,-67,0.000000,7,8
1,21.000000,23.587000,0.881000,-65,0.000000,7,8
1,21.000000,23.812000,1.443000,-64,0.000000,4,8
1,21.000000,23.112000,1.061000,-64,0.000000,7,8
1,21.000000,23.100000,0.885000,-63,0.000000,7,8
1,21.000000,22.950001,1.714000,-63,0.000000,7,8
1,21.000000,23.412001,1.129000,-63,0.000000,7,8
1,21.000000,24.037001,0.608000,-62,0.000000,7,8
1,21.000000,23.274000,1.448000,-63,0.000000,7,8
1,21.000000,23.924999,1.509000,-64,0.000000,7,8
1,21.000000,23.465000,1.389000,-62,0.000000,7,8
1,21.000000,24.525000,1.005000,-63,0.000000,7,8
1,21.000000,24.362000,1.107000,-65,0.000000,7,8
1,21.000000,22.962000,1.866000,-63,0.000000,7,8
1,21.000000,24.349001,0.868000,-64,0.000000,7,8
1,21.000000,23.587000,1.061000,-64,0.000000,7,8
1,21.000000,23.274000,1.492000,-64,0.000000,7,8
1,21.000000,23.886999,1.252000,-64,0.000000,7,8
1,21.000000,23.261999,1.561000,-64,0.000000,7,8
1,21.000000,23.424000,1.416000,-64,0.000000,7,8
1,21.000000,23.424000,1.486000,-63,0.000000,7,8
1,21.000000,23.261999,1.577000,-63,0.000000,7,8
1,21.000000,24.049000,0.992000,-64,0.000000,7,8
1,21.000000,23.334000,0.975000,-64,0.000000,7,8
1,21.000000,23.886999,1.075000,-65,0.000000,7,8
1,21.000000,23.412001,0.834000,-64,0.000000,7,8
1,21.000000,23.221001,0.894000,-64,0.000000,7,8
1,21.000000,23.577999,0.967000,-64,0.000000,7,8
1,21.000000,23.737000,1.101000,-64,0.000000,7,8
1,21.000000,23.587000,1.321000,-64,0.000000,7,8
1,21.000000,23.424000,1.578000,-64,0.000000,7,8
1,21.000000,23.812000,1.420000,-63,0.000000,7,8
1,21.000000,23.737000,1.168000,-63,0.000000,7,8
1,21.000000,23.573999,1.592000,-64,0.000000,7,8
1,21.000000,23.274000,1.574000,-64,0.000000,7,8
1,21.000000,22.962000,1.337000,-64,0.000000,7,8
1,21.000000,23.261999,1.767000,-64,0.000000,7,8
1,21.000000,23.274000,1.431000,-63,0.000000,7,8
1,21.000000,22.875000,1.825000,-64,0.000000,7,8
1,21.000000,24.049000,1.198000,-64,0.000000,7,8
1,21.000000,23.455999,1.544000,-64,0.000000,7,8
1,21.000000,23.465000,1.350000,-64,0.000000,7,8
1,21.000000,23.737000,1.022000,-63,0.000000,7,8
1,21.000000,23.231001,1.765000,-64,0.000000,7,8
1,21.000000,23.424000,1.277000,-64,0.000000,7,8
1,21.000000,23.587000,1.403000,-63,0.000000,7,8
1,21.000000,24.975000,0.000000,-64,0.000000,1,8
1,21.000000,25.462000,0.000000,-64,0.000000,1,8
1,21.000000,23.587000,1.071000,-64,0.000000,4,8
1,21.000000,24.525000,0.996000,-64,0.000000,7,8
1,21.000000,24.975000,0.840000,-64,0.000000,5,8
1,21.000000,23.820999,1.475000,-63,0.000000,7,8
1,21.000000,23.886999,0.949000,-64,0.000000,7,8
1,21.000000,23.737000,1.055000,-64,0.000000,7,8
1,21.000000,23.261999,1.353000,-64,0.000000,7,8
1,21.000000,23.690001,1.221000,-64,0.000000,7,8
1,21.000000,24.212000,0.961000,-64,0.000000,7,8
1,21.000000,23.424000,1.663000,-64,0.000000,7,8
1,21.000000,23.573999,1.343000,-64,0.000000,7,8
1,21.000000,24.525000,0.822000,-64,0.000000,7,8
1,21.000000,23.812000,1.200000,-64,0.000000,7,8
1,21.000000,23.424000,1.543000,-64,0.000000,7,8
1,21.000000,24.281000,1.040000,-64,0.000000,7,8
1,21.000000,23.886999,0.829000,-65,0.000000,7,8
1,21.000000,23.424000,1.200000,-65,0.000000,7,8
1,21.000000,23.737000,1.022000,-64,0.000000,7,8
1,21.000000,22.950001,1.676000,-64,0.000000,7,8
1,21.000000,24.750000,1.162000,-65,0.000000,2,8
1,21.000000,23.737000,1.062000,-65,0.000000,7,8
1,21.000000,23.724001,1.419000,-64,0.000000,7,8
1,21.000000,23.274000,1.491000,-65,0.000000,7,8
1,21.000000,22.950001,1.363000,-64,0.000000,7,8
1,21.000000,23.112000,1.453000,-65,0.000000,7,8
1,21.000000,23.573999,1.254000,-65,0.000000,7,8
1,21.000000,24.281000,1.181000,-65,0.000000,2,8
1,21.000000,23.112000,1.764000,-64,0.000000,7,8
1,21.000000,23.261999,1.564000,-64,0.000000,7,8
1,21.000000,24.750000,1.650000,-64,0.000000,2,8
1,21.000000,23.221001,1.594000,-64,0.000000,7,8
1,21.000000,23.112000,1.435000,-64,0.000000,7,8
1,21.000000,22.636999,1.592000,-64,0.000000,7,8
1,21.000000,22.636999,2.055000,-64,0.000000,7,8
1,21.000000,24.037001,0.937000,-65,0.000000,2,8
1,21.000000,22.950001,1.618000,-64,0.000000,7,8
1,21.000000,23.573999,1.484000,-64,0.000000,7,8
1,21.000000,23.112000,1.596000,-64,0.000000,7,8
1,21.000000,23.587000,1.162000,-64,0.000000,4,8
1,21.000000,22.950001,1.775000,-64,0.000000,7,8
1,21.000000,24.750000,2.100000,-64,0.000000,2,8
1,21.000000,23.274000,1.787000,-64,0.000000,7,8
1,21.000000,22.787001,1.872000,-64,0.000000,7,8
1,21.000000,23.100000,1.819000,-64,0.000000,7,8
1,21.000000,23.587000,1.597000,-64,0.000000,7,8
1,21.000000,23.274000,1.292000,-64,0.000000,7,8
1,21.000000,23.274000,1.364000,-65,0.000000,7,8
1,21.000000,22.636999,1.937000,-64,0.000000,7,8
1,21.000000,23.737000,1.329000,-64,0.000000,7,8
1,21.000000,23.724001,1.137000,-65,0.000000,7,8
1,21.000000,25.912001,0.000000,-65,0.000000,1,8
1,21.000000,23.737000,1.219000,-64,0.000000,7,8
1,21.000000,23.587000,1.042000,-64,0.000000,7,8
1,21.000000,23.568001,0.931000,-64,0.000000,7,8
1,21.000000,25.218000,0.243000,-64,0.000000,2,8
1,21.000000,23.100000,0.885000,-65,0.000000,3,8
1,21.000000,26.400000,0.000000,-64,0.000000,1,8
1,21.000000,23.568001,0.858000,-64,0.000000,6,8
1,21.000000,23.100000,0.968000,-64,0.000000,7,8
1,21.000000,23.455999,0.935000,-64,0.000000,7,8
1,21.000000,23.573999,0.873000,-64,0.000000,7,8
1,21.000000,24.037001,1.113000,-64,0.000000,3,8
1,21.000000,23.690001,1.303000,-63,0.000000,7,8
1,21.000000,23.231001,0.602000,-63,0.000000,4,8
1,21.000000,24.212000,1.117000,-63,0.000000,7,8
1,21.000000,23.274000,1.468000,-64,0.000000,7,8
1,21.000000,23.587000,1.286000,-63,0.000000,7,8
1,21.000000,23.573999,1.267000,-64,0.000000,7,8
1,21.000000,24.049000,1.013000,-64,0.000000,7,8
1,21.000000,23.577999,1.547000,-64,0.000000,7,8
1,21.000000,23.424000,1.434000,-64,0.000000,7,8
1,21.000000,23.886999,1.303000,-64,0.000000,7,8
1,21.000000,24.037001,1.113000,-65,0.000000,3,8
1,21.000000,24.159000,1.173000,-64,0.000000,7,8
1,21.000000,23.737000,1.146000,-64,0.000000,7,8
1,21.000000,24.362000,1.053000,-65,0.000000,7,8
1,21.000000,23.261999,1.215000,-64,0.000000,7,8
1,21.000000,24.212000,0.806000,-65,0.000000,7,8
1,21.000000,23.737000,1.445000,-65,0.000000,7,8
1,21.000000,23.886999,1.348000,-65,0.000000,7,8
1,21.000000,23.886999,0.949000,-64,0.000000,7,8
1,21.000000,23.886999,1.066000,-65,0.000000,7,8
1,21.000000,23.261999,0.993000,-64,0.000000,7,8
1,21.000000,23.587000,0.835000,-65,0.000000,4,8
1,21.000000,26.224001,0.444000,-64,0.000000,3,8
1,21.000000,23.737000,0.961000,-64,0.000000,7,8
1,21.000000,23.812000,0.951000,-64,0.000000,7,8
1,21.000000,23.100000,1.684000,-64,0.000000,7,8
1,21.000000,23.261999,1.525000,-64,0.000000,7,8
1,21.000000,23.274000,1.292000,-64,0.000000,7,8
1,21.000000,23.424000,1.298000,-64,0.000000,5,8
1,21.000000,23.724001,1.190000,-64,0.000000,7,8
1,21.000000,23.886999,1.075000,-64,0.000000,7,8
1,21.000000,23.886999,1.173000,-64,0.000000,7,8
1,21.000000,23.587000,1.286000,-64,0.000000,7,8
1,21.000000,24.198999,1.166000,-64,0.000000,7,8
1,21.000000,23.100000,1.065000,-65,0.000000,7,8
1,21.000000,23.886999,1.006000,-64,0.000000,7,8
1,21.000000,24.525000,1.875000,-64,0.000000,2,8
1,21.000000,24.037001,0.831000,-64,0.000000,7,8
1,21.000000,24.037001,1.000000,-64,0.000000,7,8
1,21.000000,22.406000,1.983000,-63,0.000000,7,8
1,21.000000,23.261999,1.542000,-64,0.000000,7,8
1,21.000000,26.850000,0.000000,-64,0.000000,1,8
1,21.000000,23.573999,1.333000,-64,0.000000,7,8
1,21.000000,24.049000,1.191000,-65,0.000000,7,8
1,21.000000,24.037001,1.019000,-64,0.000000,7,8
1,21.000000,25.462000,0.000000,-64,0.000000,1,8
1,21.000000,23.261999,1.468000,-64,0.000000,7,8
1,21.000000,23.587000,1.380000,-64,0.000000,7,8
1,21.000000,23.573999,1.314000,-64,0.000000,7,8
1,21.000000,23.724001,1.001000,-64,0.000000,7,8
1,21.000000,23.568001,1.462000,-64,0.000000,7,8
1,21.000000,23.899000,1.390000,-63,0.000000,7,8
1,21.000000,24.159000,1.431000,-64,0.000000,7,8
1,21.000000,24.049000,1.061000,-64,0.000000,6,8
1,21.000000,23.261999,1.509000,-63,0.000000,7,8
1,21.000000,23.112000,1.360000,-34,0.000000,7,8
1,21.000000,23.108999,1.410000,-64,0.000000,7,8
1,21.000000,23.424000,1.402000,-65,0.000000,7,8
1,21.000000,23.455999,1.570000,-63,0.000000,7,8
1,21.000000,23.412001,1.524000,-63,0.000000,7,8
1,21.000000,23.112000,0.982000,-64,0.000000,7,8
1,21.000000,23.112000,1.596000,-63,0.000000,7,8
1,21.000000,23.465000,0.707000,-64,0.000000,7,8
1,21.000000,23.261999,1.478000,-64,0.000000,7,8
1,21.000000,24.403000,0.992000,-63,0.000000,7,8
1,21.000000,24.049000,1.191000,-63,0.000000,7,8
1,21.000000,24.825001,0.741000,-65,0.000000,7,8
1,21.000000,23.343000,1.462000,-64,0.000000,7,8
1,21.000000,25.912001,0.000000,-65,0.000000,1,8
1,21.000000,23.899000,1.855000,-62,0.000000,7,8
1,21.000000,24.212000,1.098000,-63,0.000000,7,8
1,21.000000,19.593000,3.554000,-64,0.000000,7,8
1,21.000000,24.056000,0.968000,-64,0.000000,7,8
1,21.000000,22.650000,2.158000,-63,0.000000,7,8
1,21.000000,23.231001,1.404000,-66,0.000000,7,8
1,21.000000,23.587000,0.970000,-64,0.000000,6,8
1,21.000000,24.037001,1.303000,-64,0.000000,4,8
1,21.000000,25.136999,0.701000,-65,0.000000,7,8
1,21.000000,23.100000,1.359000,-63,0.000000,7,8
1,21.000000,23.261999,1.273000,-64,0.000000,7,8
1,21.000000,23.700001,1.314000,-64,0.000000,7,8
1,21.000000,22.162001,0.000000,-66,0.000000,4,8
1,21.000000,23.261999,0.904000,-64,0.000000,7,8
1,21.000000,24.037001,0.991000,-66,0.000000,7,8
1,21.000000,23.221001,0.532000,-65,0.000000,7,8
1,21.000000,24.514999,0.337000,-65,0.000000,7,8
1,21.000000,23.568001,0.943000,-65,0.000000,7,8
1,21.000000,23.812000,0.569000,-65,0.000000,4,8
1,21.000000,23.261999,0.489000,-67,0.000000,7,8
1,21.000000,23.274000,1.239000,-64,0.000000,7,8
1,21.000000,24.037001,1.051000,-62,0.000000,7,8
1,21.000000,23.587000,1.185000,-63,0.000000,7,8
1,21.000000,24.049000,1.207000,-65,0.000000,7,8
1,21.000000,24.290001,0.393000,-64,0.000000,7,8
1,21.000000,23.100000,1.581000,-64,0.000000,7,8
1,21.000000,24.037001,0.644000,-64,0.000000,7,8
1,21.000000,23.412001,1.019000,-64,0.000000,7,8
1,21.000000,22.650000,1.594000,-65,0.000000,7,8
1,21.000000,25.218000,0.918000,-62,0.000000,7,8
1,21.000000,23.573999,1.500000,-62,0.000000,7,8
1,21.000000,22.962000,1.617000,-63,0.000000,7,8
1,21.000000,23.924999,1.314000,-62,0.000000,7,8
1,21.000000,22.962000,1.341000,-62,0.000000,7,8
1,21.000000,23.343000,1.373000,-61,0.000000,7,8
1,21.000000,23.412001,1.473000,-61,0.000000,7,8
1,21.000000,23.261999,1.492000,-62,0.000000,7,8
1,21.000000,23.587000,1.162000,-62,0.000000,7,8
1,21.000000,24.511999,0.996000,-61,0.000000,7,8
1,21.000000,25.687000,0.712000,-61,0.000000,2,8
1,21.000000,24.198999,1.166000,-62,0.000000,7,8
1,21.000000,24.049000,1.088000,-62,0.000000,7,8
1,21.000000,23.737000,0.835000,-63,0.000000,7,8
1,21.000000,24.049000,1.143000,-62,0.000000,7,8
1,21.000000,23.886999,0.781000,-62,0.000000,7,8
1,21.000000,23.812000,0.850000,-62,0.000000,7,8
1,21.000000,23.424000,1.110000,-61,0.000000,7,8
1,21.000000,25.218000,1.181000,-61,0.000000,2,8
1,21.000000,23.886999,1.118000,-62,0.000000,7,8
1,21.000000,23.343000,0.759000,-63,0.000000,7,8
1,21.000000,23.112000,1.476000,-64,0.000000,7,8
1,21.000000,22.799999,1.167000,-65,0.000000,7,8
1,21.000000,23.573999,1.113000,-66,0.000000,7,8
1,21.000000,23.573999,0.664000,-66,0.000000,7,8
1,21.000000,22.950001,1.661000,-65,0.000000,7,8
1,21.000000,22.487000,1.623000,-65,0.000000,7,8
1,21.000000,23.274000,1.513000,-64,0.000000,7,8
1,21.000000,24.046000,1.319000,-63,0.000000,7,8
1,21.000000,23.737000,1.278000,-64,0.000000,7,8
1,21.000000,23.100000,0.837000,-64,0.000000,7,8
1,21.000000,23.573999,0.749000,-64,0.000000,7,8
1,21.000000,23.737000,1.020000,-66,0.000000,7,8
1,21.000000,23.412001,1.570000,-66,0.000000,7,8
1,21.000000,23.812000,0.779000,-66,0.000000,7,8
1,21.000000,23.737000,1.206000,-65,0.000000,7,8
1,21.000000,25.462000,0.000000,-67,0.000000,1,8
1,21.000000,23.353001,0.918000,-67,0.000000,7,8
1,21.000000,23.812000,1.257000,-66,0.000000,5,8
1,21.000000,23.737000,0.803000,-66,0.000000,7,8
1,21.000000,22.996000,1.029000,-67,0.000000,7,8
1,21.000000,22.962000,0.823000,-67,0.000000,7,8
1,21.000000,23.100000,0.956000,-67,0.000000,7,8
1,21.000000,23.899000,0.922000,-67,0.000000,7,8
1,21.000000,23.573999,1.235000,-67,0.000000,7,8
1,21.000000,22.950001,0.861000,-67,0.000000,7,8
1,21.000000,23.274000,1.151000,-67,0.000000,7,8
1,21.000000,22.875000,0.941000,-67,0.000000,7,8
1,21.000000,23.100000,1.346000,-68,0.000000,7,8
1,21.000000,23.700001,1.142000,-67,0.000000,7,8
1,21.000000,22.950001,0.791000,-67,0.000000,7,8
1,21.000000,23.261999,0.474000,-67,0.000000,7,8
1,21.000000,23.343000,1.174000,-67,0.000000,7,8
1,21.000000,23.261999,1.245000,-67,0.000000,7,8
1,21.000000,23.112000,1.144000,-67,0.000000,7,8
1,21.000000,23.100000,0.702000,-67,0.000000,7,8
1,21.000000,23.112000,0.906000,-67,0.000000,7,8
1,21.000000,23.100000,0.646000,-67,0.000000,7,8
1,21.000000,23.100000,1.219000,-67,0.000000,7,8
1,21.000000,23.118000,0.468000,-67,0.000000,3,8
1,21.000000,23.274000,1.083000,-68,0.000000,7,8
1,21.000000,23.112000,0.954000,-66,0.000000,7,8
1,21.000000,23.587000,0.468000,-68,0.000000,3,8
1,21.000000,24.349001,0.592000,-66,0.000000,7,8
1,21.000000,23.724001,1.474000,-66,0.000000,7,8
1,21.000000,23.424000,1.144000,-68,0.000000,7,8
1,21.000000,23.737000,0.541000,-67,0.000000,7,8
1,21.000000,23.724001,0.345000,-67,0.000000,7,8
1,21.000000,23.100000,0.176000,-67,0.000000,7,8
1,21.000000,23.424000,0.783000,-67,0.000000,7,8
1,21.000000,23.424000,1.127000,-68,0.000000,7,8
1,21.000000,23.112000,1.142000,-67,0.000000,7,8
1,21.000000,22.650000,0.915000,-67,0.000000,7,8
1,21.000000,23.820999,0.960000,-67,0.000000,7,8
1,21.000000,24.281000,0.922000,-66,0.000000,7,8
1,21.000000,23.737000,1.072000,-66,0.000000,7,8
1,21.000000,23.886999,1.046000,-65,0.000000,7,8
1,21.000000,23.737000,0.922000,-64,0.000000,7,8
1,21.000000,24.825001,0.690000,-64,0.000000,7,8
1,21.000000,23.899000,0.996000,-63,0.000000,7,8
1,21.000000,25.106001,0.562000,-63,0.000000,7,8
1,21.000000,24.198999,1.138000,-63,0.000000,7,8
1,21.000000,23.886999,0.904000,-62,0.000000,7,8
1,21.000000,23.700001,1.273000,-62,0.000000,7,8
1,21.000000,23.737000,1.146000,-62,0.000000,7,8
1,21.000000,23.886999,1.222000,-62,0.000000,7,8
1,21.000000,23.577999,1.193000,-62,0.000000,7,8
1,21.000000,23.737000,1.078000,-62,0.000000,7,8
1,21.000000,25.912001,0.000000,-62,0.000000,1,8
1,21.000000,23.424000,0.974000,-62,0.000000,7,8
1,21.000000,23.412001,0.868000,-62,0.000000,7,8
1,21.000000,23.587000,1.222000,-62,0.000000,7,8
1,21.000000,23.724001,1.054000,-62,0.000000,7,8
1,21.000000,23.100000,1.581000,-62,0.000000,7,8
1,21.000000,23.343000,1.285000,-62,0.000000,7,8
1,21.000000,23.261999,1.348000,-62,0.000000,7,8
1,21.000000,23.343000,1.131000,-62,0.000000,7,8
1,21.000000,23.343000,0.885000,-63,0.000000,7,8
1,21.000000,24.198999,0.892000,-63,0.000000,7,8
1,21.000000,23.886999,1.073000,-63,0.000000,7,8
1,21.000000,24.511999,0.939000,-63,0.000000,7,8
1,21.000000,23.812000,1.248000,-63,0.000000,7,8
1,21.000000,23.724001,1.146000,-63,0.000000,7,8
1,21.000000,24.198999,1.099000,-63,0.000000,7,8
1,21.000000,23.587000,0.898000,-62,0.000000,7,8
1,21.000000,22.962000,0.986000,-62,0.000000,7,8
1,21.000000,23.424000,1.242000,-62,0.000000,7,8
1,21.000000,23.274000,1.634000,-62,0.000000,7,8
1,21.000000,22.799999,0.991000,-62,0.000000,7,8
1,21.000000,23.100000,1.074000,-62,0.000000,7,8
1,21.000000,23.100000,1.560000,-62,0.000000,7,8
1,21.000000,23.261999,1.409000,-62,0.000000,7,8
1,21.000000,22.162001,2.176000,-62,0.000000,7,8
1,21.000000,23.261999,1.164000,-62,0.000000,7,8
1,21.000000,22.950001,1.006000,-62,0.000000,7,8
1,21.000000,23.100000,1.633000,-62,0.000000,7,8
1,21.000000,23.899000,1.191000,-62,0.000000,7,8
1,21.000000,23.412001,1.270000,-62,0.000000,7,8
1,21.000000,22.962000,1.224000,-62,0.000000,7,8
1,21.000000,23.924999,1.267000,-62,0.000000,7,8
1,21.000000,23.261999,1.124000,-62,0.000000,7,8
1,21.000000,23.412001,1.270000,-62,0.000000,7,8
1,21.000000,24.525000,0.498000,-62,0.000000,7,8
1,21.000000,23.424000,1.242000,-62,0.000000,7,8
1,21.000000,23.424000,1.536000,-62,0.000000,7,8
1,21.000000,23.568001,1.318000,-62,0.000000,7,8
1,21.000000,23.587000,1.150000,-62,0.000000,7,8
1,21.000000,23.112000,1.581000,-62,0.000000,7,8
1,21.000000,23.812000,1.085000,-62,0.000000,5,8
1,21.000000,22.950001,1.764000,-62,0.000000,7,8
1,21.000000,23.587000,0.813000,-62,0.000000,7,8
1,21.000000,24.049000,0.965000,-62,0.000000,7,8
1,21.000000,23.112000,0.812000,-62,0.000000,7,8
1,21.000000,23.343000,1.373000,-62,0.000000,7,8
1,21.000000,22.950001,1.676000,-61,0.000000,7,8
1,21.000000,23.261999,1.113000,-62,0.000000,7,8
1,21.000000,23.812000,1.386000,-62,0.000000,7,8
1,21.000000,23.573999,1.375000,-62,0.000000,5,8
1,21.000000,22.950001,1.139000,-62,0.000000,7,8
1,21.000000,23.690001,1.536000,-62,0.000000,7,8
1,21.000000,23.690001,1.277000,-62,0.000000,7,8
1,21.000000,23.112000,1.330000,-62,0.000000,7,8
1,21.000000,22.950001,1.046000,-62,0.000000,7,8
1,21.000000,23.100000,1.722000,-62,0.000000,7,8
1,21.000000,23.412001,0.896000,-62,0.000000,7,8
1,21.000000,23.886999,1.273000,-61,0.000000,7,8
1,21.000000,23.100000,1.121000,-62,0.000000,7,8
1,21.000000,23.231001,1.165000,-62,0.000000,7,8
1,21.000000,23.261999,1.240000,-61,0.000000,7,8
1,21.000000,22.011999,2.218000,-61,0.000000,7,8
1,21.000000,22.799999,1.156000,-62,0.000000,7,8
1,21.000000,23.424000,1.415000,-61,0.000000,7,8
1,21.000000,22.787001,1.725000,-62,0.000000,7,8
1,21.000000,22.875000,1.565000,-62,0.000000,7,8
1,21.000000,23.112000,1.646000,-62,0.000000,7,8
1,21.000000,23.100000,0.967000,-61,0.000000,7,8
1,21.000000,22.650000,1.513000,-62,0.000000,7,8
1,21.000000,23.100000,1.070000,-62,0.000000,7,8
1,21.000000,23.343000,1.569000,-62,0.000000,7,8
1,21.000000,23.261999,1.164000,-61,0.000000,7,8
1,21.000000,24.037001,0.783000,-62,0.000000,7,8
1,21.000000,23.100000,1.753000,-62,0.000000,7,8
1,21.000000,23.424000,1.391000,-61,0.000000,7,8
1,21.000000,23.118000,1.634000,-61,0.000000,7,8
1,21.000000,23.424000,1.373000,-62,0.000000,7,8
1,21.000000,23.587000,1.251000,-62,0.000000,7,8
1,21.000000,23.108999,0.936000,-62,0.000000,7,8
1,21.000000,24.212000,1.185000,-62,0.000000,7,8
1,21.000000,26.400000,0.000000,-62,0.000000,1,8
1,21.000000,23.899000,1.291000,-61,0.000000,7,8
1,21.000000,23.424000,1.001000,-61,0.000000,7,8
1,21.000000,22.950001,1.579000,-61,0.000000,7,8
1,21.000000,23.274000,1.634000,-61,0.000000,7,8
1,21.000000,23.587000,1.255000,-61,0.000000,7,8
1,21.000000,23.573999,1.369000,-61,0.000000,7,8
1,21.000000,23.343000,1.399000,-61,0.000000,7,8
1,21.000000,23.261999,0.941000,-62,0.000000,7,8
1,21.000000,23.886999,1.323000,-61,0.000000,7,8
1,21.000000,23.412001,1.570000,-61,0.000000,7,8
1,21.000000,23.343000,1.285000,-61,0.000000,7,8
1,21.000000,23.587000,1.347000,-62,0.000000,7,8
1,21.000000,24.037001,1.200000,-61,0.000000,7,8
1,21.000000,23.587000,1.256000,-61,0.000000,6,8
1,21.000000,23.261999,1.548000,-61,0.000000,7,8
1,21.000000,23.343000,1.642000,-61,0.000000,7,8
1,21.000000,23.737000,1.034000,-61,0.000000,7,8
1,21.000000,22.950001,1.148000,-61,0.000000,7,8
1,21.000000,23.568001,1.210000,-61,0.000000,7,8
1,21.000000,24.212000,1.190000,-61,0.000000,7,8
1,21.000000,24.049000,1.051000,-61,0.000000,7,8
1,21.000000,23.573999,1.482000,-61,0.000000,7,8
1,21.000000,23.573999,1.328000,-61,0.000000,7,8
1,21.000000,23.573999,1.019000,-61,0.000000,7,8
1,21.000000,23.112000,1.253000,-61,0.000000,7,8
1,21.000000,23.221001,1.257000,-61,0.000000,7,8
1,21.000000,24.049000,1.260000,-61,0.000000,7,8
1,21.000000,23.899000,1.073000,-61,0.000000,7,8
1,21.000000,23.221001,1.451000,-61,0.000000,7,8
1,21.000000,24.037001,1.272000,-61,0.000000,7,8
1,21.000000,23.886999,1.149000,-61,0.000000,7,8
1,21.000000,23.573999,1.314000,-61,0.000000,7,8
1,21.000000,23.577999,1.460000,-61,0.000000,7,8
1,21.000000,23.737000,1.296000,-61,0.000000,7,8
1,21.000000,23.737000,1.464000,-61,0.000000,7,8
1,21.000000,23.886999,1.149000,-61,0.000000,7,8
1,21.000000,23.886999,0.936000,-61,0.000000,7,8
1,21.000000,23.424000,1.310000,-61,0.000000,7,8
1,21.000000,23.573999,1.197000,-61,0.000000,7,8
1,21.000000,24.362000,0.974000,-61,0.000000,7,8
1,21.000000,23.737000,1.143000,-60,0.000000,7,8
1,21.000000,24.037001,0.915000,-61,0.000000,7,8
1,21.000000,24.825001,0.785000,-61,0.000000,7,8
1,21.000000,23.424000,1.345000,-61,0.000000,7,8
1,21.000000,23.886999,1.027000,-61,0.000000,7,8
1,21.000000,23.886999,1.200000,-61,0.000000,7,8
1,21.000000,24.825001,0.918000,-61,0.000000,7,8
1,21.000000,24.362000,0.930000,-62,0.000000,7,8
1,21.000000,22.962000,1.726000,-61,0.000000,7,8
1,21.000000,23.100000,0.924000,-61,0.000000,7,8
1,21.000000,24.049000,0.812000,-61,0.000000,7,8
1,21.000000,24.362000,1.058000,-61,0.000000,7,8
1,21.000000,23.737000,0.897000,-61,0.000000,7,8
1,21.000000,24.825001,0.986000,-61,0.000000,7,8
1,21.000000,23.424000,1.084000,-61,0.000000,7,8
1,21.000000,24.662001,0.972000,-61,0.000000,7,8
1,21.000000,23.587000,1.086000,-61,0.000000,7,8
1,21.000000,23.899000,1.224000,-61,0.000000,7,8
1,21.000000,24.511999,0.926000,-61,0.000000,7,8
1,21.000000,24.511999,1.040000,-61,0.000000,7,8
1,21.000000,24.506001,1.001000,-61,0.000000,7,8
1,21.000000,23.424000,1.084000,-61,0.000000,7,8
1,21.000000,24.198999,0.999000,-62,0.000000,7,8
1,21.000000,24.750000,0.813000,-61,0.000000,7,8
1,21.000000,24.056000,1.046000,-62,0.000000,6,8
1,21.000000,24.037001,1.333000,-61,0.000000,7,8
1,21.000000,24.198999,1.166000,-62,0.000000,7,8
1,21.000000,23.412001,0.937000,-61,0.000000,7,8
1,21.000000,23.573999,1.371000,-62,0.000000,7,8
1,21.000000,24.662001,0.849000,-62,0.000000,7,8
1,21.000000,24.975000,0.000000,-62,0.000000,1,8
1,21.000000,23.587000,0.884000,-62,0.000000,7,8
1,21.000000,23.724001,1.219000,-62,0.000000,7,8
1,21.000000,24.862000,0.809000,-62,0.000000,7,8
1,21.000000,24.212000,1.185000,-62,0.000000,7,8
1,21.000000,24.362000,1.196000,-62,0.000000,7,8
1,21.000000,26.400000,0.000000,-61,0.000000,1,8
1,21.000000,23.587000,0.915000,-61,0.000000,7,8
1,21.000000,23.724001,0.933000,-62,0.000000,7,8
1,21.000000,24.362000,1.162000,-62,0.000000,7,8
1,21.000000,23.412001,1.347000,-61,0.000000,7,8
1,21.000000,23.886999,1.149000,-62,0.000000,7,8
1,21.000000,23.886999,1.221000,-62,0.000000,7,8
1,21.000000,24.049000,1.191000,-61,0.000000,7,8
1,21.000000,23.412001,1.105000,-61,0.000000,7,8
1,21.000000,23.587000,1.222000,-62,0.000000,7,8
1,21.000000,23.261999,0.999000,-62,0.000000,7,8
1,21.000000,23.424000,1.273000,-61,0.000000,7,8
1,21.000000,24.049000,1.200000,-62,0.000000,7,8
1,21.000000,24.198999,1.236000,-62,0.000000,7,8
1,21.000000,23.724001,1.252000,-62,0.000000,7,8
1,21.000000,24.198999,1.270000,-62,0.000000,7,8
1,21.000000,23.690001,0.953000,-61,0.000000,7,8
1,21.000000,24.349001,1.144000,-61,0.000000,7,8
1,21.000000,23.573999,1.438000,-61,0.000000,6,8
1,21.000000,23.899000,1.169000,-61,0.000000,7,8
1,21.000000,24.393000,1.138000,-62,0.000000,7,8
1,21.000000,24.198999,1.220000,-61,0.000000,7,8
1,21.000000,23.737000,1.546000,-61,0.000000,7,8
1,21.000000,23.573999,1.467000,-61,0.000000,7,8
1,21.000000,24.049000,1.211000,-62,0.000000,7,8
1,21.000000,25.462000,0.000000,-62,0.000000,1,8
1,21.000000,24.525000,1.024000,-62,0.000000,7,8
1,21.000000,23.587000,1.222000,-61,0.000000,7,8
1,21.000000,23.886999,1.314000,-61,0.000000,7,8
1,21.000000,23.455999,0.973000,-61,0.000000,7,8
1,21.000000,24.511999,0.873000,-61,0.000000,7,8
1,21.000000,24.975000,0.837000,-61,0.000000,7,8
1,21.000000,23.587000,1.286000,-61,0.000000,7,8
1,21.000000,24.049000,1.142000,-61,0.000000,7,8
1,21.000000,23.737000,1.168000,-61,0.000000,7,8
1,21.000000,24.525000,0.937000,-61,0.000000,2,8
1,21.000000,24.056000,1.297000,-61,0.000000,7,8
1,21.000000,23.118000,1.566000,-61,0.000000,5,8
1,21.000000,24.674999,0.788000,-61,0.000000,7,8
1,21.000000,24.045000,0.886000,-61,0.000000,7,8
1,21.000000,24.825001,0.918000,-61,0.000000,7,8
1,21.000000,24.198999,0.935000,-61,0.000000,7,8
1,21.000000,23.737000,1.034000,-61,0.000000,6,8
1,21.000000,24.037001,1.206000,-61,0.000000,7,8
1,21.000000,24.506001,0.468000,-61,0.000000,2,8
1,21.000000,24.049000,1.084000,-61,0.000000,5,8
1,21.000000,24.662001,0.867000,-61,0.000000,7,8
1,21.000000,23.412001,1.038000,-61,0.000000,7,8
1,21.000000,24.362000,1.021000,-61,0.000000,7,8
1,21.000000,23.573999,1.490000,-61,0.000000,7,8
1,21.000000,25.218000,0.693000,-61,0.000000,2,8
1,21.000000,23.886999,1.420000,-61,0.000000,7,8
1,21.000000,24.975000,0.849000,-61,0.000000,7,8
1,21.000000,24.212000,0.977000,-61,0.000000,7,8
1,21.000000,23.886999,0.690000,-61,0.000000,7,8
1,21.000000,24.750000,0.937000,-61,0.000000,7,8
1,21.000000,24.049000,1.088000,-61,0.000000,7,8
1,21.000000,24.862000,0.933000,-61,0.000000,7,8
1,21.000000,23.587000,0.964000,-61,0.000000,7,8
1,21.000000,24.198999,0.850000,-61,0.000000,7,8
1,21.000000,23.886999,0.986000,-61,0.000000,7,8
1,21.000000,24.049000,1.191000,-61,0.000000,7,8
1,21.000000,23.737000,0.898000,-61,0.000000,7,8
1,21.000000,24.349001,1.174000,-61,0.000000,7,8
1,21.000000,23.587000,1.479000,-61,0.000000,7,8
1,21.000000,24.837000,0.682000,-61,0.000000,7,8
1,21.000000,25.149000,0.806000,-61,0.000000,7,8
1,21.000000,24.514999,1.102000,-61,0.000000,7,8
1,21.000000,23.724001,1.064000,-61,0.000000,7,8
1,21.000000,24.056000,1.073000,-61,0.000000,7,8
1,21.000000,23.261999,1.273000,-61,0.000000,7,8
1,21.000000,24.825001,0.827000,-61,0.000000,7,8
1,21.000000,24.281000,0.741000,-61,0.000000,7,8
1,21.000000,23.587000,1.286000,-61,0.000000,7,8
1,21.000000,23.424000,1.339000,-61,0.000000,7,8
1,21.000000,24.198999,1.107000,-61,0.000000,7,8
1,21.000000,23.886999,1.314000,-61,0.000000,7,8
1,21.000000,25.299000,0.663000,-61,0.000000,7,8
1,21.000000,23.261999,1.215000,-61,0.000000,7,8
1,21.000000,24.198999,1.099000,-61,0.000000,7,8
1,21.000000,24.159000,1.173000,-61,0.000000,7,8
1,21.000000,24.525000,0.835000,-61,0.000000,4,8
1,21.000000,24.037001,0.911000,-61,0.000000,7,8
1,21.000000,24.975000,0.812000,-61,0.000000,7,8
1,21.000000,23.261999,1.076000,-61,0.000000,7,8
1,21.000000,23.587000,1.184000,-61,0.000000,7,8
1,21.000000,23.587000,1.184000,-61,0.000000,7,8
1,21.000000,23.100000,1.527000,-61,0.000000,7,8
1,21.000000,24.281000,0.970000,-61,0.000000,7,8
1,21.000000,23.274000,1.245000,-60,0.000000,7,8
1,21.000000,23.221001,0.964000,-61,0.000000,7,8
1,21.000000,23.690001,1.323000,-61,0.000000,7,8
1,21.000000,26.400000,0.000000,-62,0.000000,1,8
1,21.000000,23.455999,1.416000,-61,0.000000,7,8
1,21.000000,24.271000,1.099000,-61,0.000000,7,8
1,21.000000,23.934000,1.029000,-61,0.000000,7,8
1,21.000000,23.899000,1.191000,-61,0.000000,7,8
1,21.000000,23.886999,1.046000,-61,0.000000,7,8
1,21.000000,24.362000,1.163000,-61,0.000000,7,8
1,21.000000,23.812000,1.143000,-61,0.000000,7,8
1,21.000000,23.812000,1.174000,-61,0.000000,7,8
1,21.000000,23.737000,1.207000,-61,0.000000,7,8
1,21.000000,23.568001,0.967000,-61,0.000000,7,8
1,21.000000,23.724001,1.154000,-61,0.000000,7,8
1,21.000000,24.281000,1.103000,-61,0.000000,7,8
1,21.000000,24.049000,1.143000,-61,0.000000,7,8
1,21.000000,23.261999,1.076000,-61,0.000000,7,8
1,21.000000,24.511999,1.117000,-61,0.000000,7,8
1,21.000000,23.700001,1.139000,-61,0.000000,7,8
1,21.000000,24.525000,0.953000,-61,0.000000,7,8
1,21.000000,23.261999,1.279000,-61,0.000000,7,8
1,21.000000,23.568001,0.891000,-61,0.000000,7,8
1,21.000000,23.573999,1.371000,-62,0.000000,7,8
1,21.000000,22.950001,1.148000,-61,0.000000,7,8
1,21.000000,23.934000,1.274000,-62,0.000000,7,8
1,21.000000,23.573999,1.369000,-62,0.000000,7,8
1,21.000000,23.424000,1.419000,-62,0.000000,6,8
1,21.000000,23.587000,1.184000,-62,0.000000,7,8
1,21.000000,24.393000,0.783000,-62,0.000000,7,8
1,21.000000,23.100000,1.020000,-62,0.000000,3,8
1,21.000000,23.100000,1.241000,-62,0.000000,7,8
1,21.000000,23.412001,1.456000,-62,0.000000,7,8
1,21.000000,22.962000,1.105000,-62,0.000000,7,8
1,21.000000,23.455999,1.283000,-62,0.000000,7,8
1,21.000000,23.112000,1.285000,-62,0.000000,7,8
1,21.000000,23.724001,1.475000,-62,0.000000,7,8
1,21.000000,23.221001,0.975000,-62,0.000000,7,8
1,21.000000,23.261999,1.113000,-62,0.000000,7,8
1,21.000000,24.674999,1.111000,-62,0.000000,7,8
1,21.000000,22.799999,1.800000,-62,0.000000,7,8
1,21.000000,23.261999,1.391000,-62,0.000000,7,8
1,21.000000,23.112000,1.539000,-62,0.000000,7,8
1,21.000000,23.424000,1.525000,-62,0.000000,6,8
1,21.000000,23.343000,1.586000,-62,0.000000,5,8
1,21.000000,23.424000,1.402000,-62,0.000000,7,8
1,21.000000,23.737000,1.176000,-61,0.000000,7,8
1,21.000000,23.261999,1.181000,-62,0.000000,7,8
1,21.000000,25.462000,0.000000,-62,0.000000,2,8
1,21.000000,23.424000,1.144000,-61,0.000000,7,8
1,21.000000,23.100000,1.405000,-61,0.000000,7,8
1,21.000000,23.424000,1.519000,-61,0.000000,7,8
1,21.000000,23.424000,1.271000,-61,0.000000,7,8
1,21.000000,23.573999,1.440000,-62,0.000000,7,8
1,21.000000,23.274000,1.342000,-62,0.000000,7,8
1,21.000000,24.037001,1.207000,-62,0.000000,7,8
1,21.000000,24.049000,1.088000,-62,0.000000,7,8
1,21.000000,23.886999,1.368000,-62,0.000000,7,8
1,21.000000,26.400000,0.000000,-62,0.000000,1,8
1,21.000000,23.334000,1.032000,-62,0.000000,7,8
1,21.000000,24.511999,1.024000,-62,0.000000,7,8
1,21.000000,23.100000,1.346000,-62,0.000000,7,8
1,21.000000,23.100000,1.059000,-62,0.000000,7,8
1,21.000000,23.573999,1.438000,-62,0.000000,7,8
1,21.000000,23.455999,0.918000,-62,0.000000,7,8
1,21.000000,24.212000,0.949000,-62,0.000000,7,8
1,21.000000,24.212000,0.893000,-62,0.000000,7,8
1,21.000000,23.573999,1.481000,-62,0.000000,7,8
1,21.000000,24.511999,1.204000,-62,0.000000,7,8
1,21.000000,23.455999,1.337000,-62,0.000000,7,8
1,21.000000,23.899000,1.511000,-62,0.000000,7,8
1,21.000000,23.412001,1.507000,-62,0.000000,7,8
1,21.000000,23.334000,1.275000,-62,0.000000,7,8
1,21.000000,23.700001,1.019000,-62,0.000000,7,8
1,21.000000,23.261999,1.240000,-62,0.000000,7,8
1,21.000000,23.100000,1.581000,-62,0.000000,7,8
1,21.000000,24.049000,1.285000,-62,0.000000,7,8
1,21.000000,22.962000,1.503000,-62,0.000000,7,8
1,21.000000,23.587000,1.286000,-62,0.000000,7,8
1,21.000000,23.100000,1.267000,-62,0.000000,5,8
1,21.000000,23.899000,1.059000,-62,0.000000,7,8
1,21.000000,23.424000,1.416000,-62,0.000000,7,8
1,21.000000,23.274000,1.054000,-62,0.000000,7,8
1,21.000000,22.950001,1.676000,-62,0.000000,7,8
1,21.000000,24.825001,0.970000,-62,0.000000,7,8
1,21.000000,24.349001,1.105000,-62,0.000000,7,8
1,21.000000,24.049000,1.299000,-62,0.000000,7,8
1,21.000000,23.261999,0.897000,-62,0.000000,7,8
1,21.000000,23.112000,1.193000,-62,0.000000,7,8
1,21.000000,23.261999,1.323000,-62,0.000000,7,8
1,21.000000,23.424000,1.310000,-62,0.000000,7,8
1,21.000000,23.112000,1.216000,-62,0.000000,7,8
1,21.000000,23.886999,1.353000,-62,0.000000,7,8
1,21.000000,22.875000,1.241000,-62,0.000000,6,8
1,21.000000,23.587000,1.005000,-62,0.000000,5,8
1,21.000000,24.167999,1.260000,-62,0.000000,7,8
1,21.000000,23.261999,1.269000,-62,0.000000,7,8
1,21.000000,23.100000,1.436000,-62,0.000000,7,8
1,21.000000,23.577999,1.440000,-62,0.000000,7,8
1,21.000000,23.724001,1.455000,-62,0.000000,7,8
1,21.000000,23.690001,1.223000,-62,0.000000,7,8
1,21.000000,23.886999,1.302000,-62,0.000000,7,8
1,21.000000,24.514999,0.982000,-62,0.000000,7,8
1,21.000000,23.573999,1.115000,-62,0.000000,7,8
1,21.000000,24.281000,0.998000,-62,0.000000,5,8
1,21.000000,23.424000,1.163000,-62,0.000000,7,8
1,21.000000,23.343000,1.273000,-62,0.000000,7,8
1,21.000000,23.737000,1.150000,-62,0.000000,7,8
1,21.000000,23.343000,1.347000,-62,0.000000,7,8
1,21.000000,23.261999,1.181000,-62,0.000000,7,8
1,21.000000,23.587000,1.336000,-62,0.000000,7,8
1,21.000000,23.424000,1.110000,-62,0.000000,7,8
1,21.000000,23.587000,1.325000,-62,0.000000,4,8
1,21.000000,25.912001,0.937000,-62,0.000000,2,8
1,21.000000,23.424000,1.597000,-62,0.000000,6,8
1,21.000000,23.100000,1.188000,-62,0.000000,5,8
1,21.000000,23.737000,1.189000,-62,0.000000,7,8
1,21.000000,23.424000,1.321000,-62,0.000000,7,8
1,21.000000,23.261999,1.273000,-62,0.000000,7,8
1,21.000000,23.577999,1.053000,-62,0.000000,7,8
1,21.000000,23.261999,1.391000,-62,0.000000,7,8
1,21.000000,23.455999,0.808000,-62,0.000000,7,8
1,21.000000,23.274000,1.200000,-62,0.000000,7,8
1,21.000000,23.573999,0.996000,-62,0.000000,7,8
1,21.000000,23.424000,1.249000,-62,0.000000,7,8
1,21.000000,23.737000,1.126000,-62,0.000000,7,8
1,21.000000,23.100000,1.033000,-62,0.000000,7,8
1,21.000000,23.455999,1.174000,-62,0.000000,7,8
1,21.000000,24.349001,1.240000,-62,0.000000,7,8
1,21.000000,23.812000,0.712000,-62,0.000000,2,8
1,21.000000,22.875000,1.222000,-62,0.000000,7,8
1,21.000000,23.812000,1.445000,-61,0.000000,7,8
1,21.000000,23.724001,1.374000,-62,0.000000,7,8
1,21.000000,23.899000,1.073000,-62,0.000000,7,8
1,21.000000,23.261999,1.492000,-62,0.000000,7,8
1,21.000000,23.412001,0.896000,-62,0.000000,7,8
1,21.000000,23.587000,1.240000,-62,0.000000,7,8
1,21.000000,23.424000,1.373000,-62,0.000000,7,8
1,21.000000,23.343000,1.108000,-61,0.000000,7,8
1,21.000000,24.349001,1.078000,-62,0.000000,7,8
1,21.000000,23.424000,1.244000,-62,0.000000,7,8
1,21.000000,23.573999,1.197000,-62,0.000000,7,8
1,21.000000,23.424000,1.543000,-62,0.000000,7,8
1,21.000000,23.924999,1.146000,-62,0.000000,7,8
1,21.000000,23.274000,1.292000,-62,0.000000,7,8
1,21.000000,23.587000,1.341000,-62,0.000000,7,8
1,21.000000,23.737000,1.346000,-62,0.000000,7,8
1,21.000000,23.343000,1.108000,-62,0.000000,6,8
1,21.000000,23.812000,1.275000,-62,0.000000,5,8
1,21.000000,23.424000,1.110000,-62,0.000000,7,8
1,21.000000,23.412001,1.231000,-62,0.000000,7,8
1,21.000000,23.899000,1.031000,-62,0.000000,7,8
1,21.000000,23.737000,1.270000,-62,0.000000,6,8
1,21.000000,25.912001,0.000000,-62,0.000000,1,8
1,21.000000,24.037001,1.113000,-62,0.000000,5,8
1,21.000000,23.587000,1.006000,-62,0.000000,4,8
1,21.000000,23.261999,1.509000,-62,0.000000,7,8
1,21.000000,24.750000,1.175000,-62,0.000000,7,8
1,21.000000,25.443001,1.406000,-62,0.000000,2,8
1,21.000000,23.343000,0.818000,-62,0.000000,7,8
1,21.000000,23.886999,1.035000,-62,0.000000,7,8
1,21.000000,23.737000,1.226000,-62,0.000000,7,8
1,21.000000,23.724001,1.029000,-62,0.000000,7,8
1,21.000000,24.403000,1.083000,-62,0.000000,7,8
1,21.000000,23.424000,1.536000,-62,0.000000,7,8
1,21.000000,23.886999,1.303000,-62,0.000000,7,8
1,21.000000,24.159000,1.341000,-61,0.000000,7,8
1,21.000000,23.261999,1.051000,-62,0.000000,7,8
1,21.000000,23.261999,1.274000,-62,0.000000,7,8
1,21.000000,23.573999,0.690000,-62,0.000000,4,8
1,21.000000,23.587000,1.179000,-62,0.000000,7,8
1,21.000000,26.400000,0.000000,-62,0.000000,1,8
1,21.000000,24.159000,1.072000,-62,0.000000,7,8
1,21.000000,23.724001,1.273000,-62,0.000000,7,8
1,21.000000,24.046000,1.228000,-62,0.000000,7,8
1,21.000000,23.118000,1.566000,-62,0.000000,5,8
1,21.000000,23.100000,1.038000,-62,0.000000,7,8
1,21.000000,23.886999,1.383000,-62,0.000000,7,8
1,21.000000,23.573999,1.135000,-62,0.000000,7,8
1,21.000000,23.587000,0.000000,-62,0.000000,2,8
1,21.000000,23.455999,0.996000,-61,0.000000,7,8
1,21.000000,26.400000,0.000000,-62,0.000000,1,8
1,21.000000,24.037001,1.247000,-62,0.000000,7,8
1,21.000000,24.362000,1.001000,-62,0.000000,7,8
1,21.000000,23.573999,1.197000,-62,0.000000,7,8
1,21.000000,23.737000,1.138000,-62,0.000000,7,8
1,21.000000,23.100000,0.931000,-62,0.000000,7,8
1,21.000000,24.198999,1.166000,-62,0.000000,7,8
1,21.000000,23.424000,1.194000,-62,0.000000,7,8
1,21.000000,23.587000,1.222000,-61,0.000000,7,8
1,21.000000,23.573999,1.421000,-62,0.000000,7,8
1,21.000000,23.886999,1.046000,-62,0.000000,7,8
1,21.000000,24.825001,0.895000,-62,0.000000,7,8
1,21.000000,23.577999,1.468000,-62,0.000000,7,8
1,21.000000,24.975000,0.000000,-62,0.000000,1,8
1,21.000000,23.424000,1.441000,-62,0.000000,7,8
1,21.000000,23.573999,1.482000,-62,0.000000,7,8
1,21.000000,23.100000,1.122000,-62,0.000000,7,8
1,21.000000,23.690001,1.303000,-62,0.000000,7,8
1,21.000000,24.511999,1.057000,-62,0.000000,7,8
1,21.000000,23.424000,1.479000,-62,0.000000,7,8
1,21.000000,23.261999,1.564000,-62,0.000000,7,8
1,21.000000,23.573999,1.254000,-62,0.000000,7,8
1,21.000000,23.737000,1.119000,-62,0.000000,7,8
1,21.000000,23.899000,1.169000,-62,0.000000,7,8
1,21.000000,23.886999,1.149000,-62,0.000000,7,8
1,21.000000,23.465000,1.253000,-62,0.000000,7,8
1,21.000000,23.587000,1.125000,-62,0.000000,5,8
1,21.000000,23.737000,1.156000,-62,0.000000,7,8
1,21.000000,23.261999,0.968000,-62,0.000000,7,8
1,21.000000,24.362000,1.060000,-62,0.000000,7,8
1,21.000000,23.261999,1.438000,-62,0.000000,7,8
1,21.000000,23.737000,1.339000,-62,0.000000,7,8
1,21.000000,23.295000,1.164000,-62,0.000000,7,8
1,21.000000,23.886999,1.375000,-62,0.000000,6,8
1,21.000000,23.737000,1.055000,-62,0.000000,7,8
1,21.000000,25.218000,0.699000,-62,0.000000,7,8
1,21.000000,24.349001,1.038000,-62,0.000000,7,8
1,21.000000,24.674999,1.057000,-62,0.000000,7,8
1,21.000000,25.218000,1.181000,-62,0.000000,2,8
1,21.000000,23.587000,1.185000,-62,0.000000,7,8
1,21.000000,23.274000,1.261000,-62,0.000000,7,8
1,21.000000,23.737000,1.197000,-62,0.000000,7,8
1,21.000000,24.037001,1.128000,-62,0.000000,7,8
1,21.000000,23.261999,0.862000,-62,0.000000,7,8
1,21.000000,23.573999,1.018000,-62,0.000000,7,8
1,21.000000,23.865000,0.784000,-62,0.000000,7,8
1,21.000000,23.424000,1.060000,-62,0.000000,7,8
1,21.000000,23.261999,1.253000,-62,0.000000,7,8
1,21.000000,23.587000,1.201000,-62,0.000000,7,8
1,21.000000,23.886999,1.314000,-62,0.000000,7,8
1,21.000000,24.049000,1.194000,-62,0.000000,7,8
1,21.000000,23.261999,1.186000,-62,0.000000,7,8
1,21.000000,23.573999,1.254000,-62,0.000000,7,8
1,21.000000,23.577999,1.350000,-62,0.000000,7,8
1,21.000000,24.349001,1.226000,-62,0.000000,7,8
1,21.000000,24.037001,0.000000,-62,0.000000,1,8
1,21.000000,23.343000,0.997000,-62,0.000000,7,8
1,21.000000,23.587000,1.214000,-62,0.000000,7,8
1,21.000000,23.343000,1.169000,-61,0.000000,7,8
1,21.000000,23.724001,0.759000,-62,0.000000,7,8
1,21.000000,23.587000,1.072000,-62,0.000000,7,8
1,21.000000,23.261999,1.051000,-62,0.000000,7,8
1,21.000000,23.737000,1.240000,-62,0.000000,7,8
1,21.000000,23.573999,1.415000,-62,0.000000,5,8
1,21.000000,23.587000,1.138000,-62,0.000000,7,8
1,21.000000,23.424000,1.110000,-62,0.000000,7,8
1,21.000000,23.412001,1.507000,-62,0.000000,7,8
1,21.000000,24.420000,1.197000,-62,0.000000,7,8
1,21.000000,23.724001,1.065000,-62,0.000000,7,8
1,21.000000,22.875000,1.183000,-62,0.000000,7,8
1,21.000000,23.573999,1.302000,-62,0.000000,7,8
1,21.000000,23.424000,1.249000,-62,0.000000,7,8
1,21.000000,23.424000,1.430000,-62,0.000000,7,8
1,21.000000,23.412001,1.402000,-62,0.000000,7,8
1,21.000000,23.573999,1.141000,-62,0.000000,7,8
1,21.000000,23.886999,0.690000,-62,0.000000,7,8
1,21.000000,23.424000,1.323000,-62,0.000000,7,8
1,21.000000,23.100000,1.436000,-62,0.000000,7,8
1,21.000000,23.100000,1.229000,-62,0.000000,7,8
1,21.000000,24.837000,0.682000,-62,0.000000,7,8
1,21.000000,23.261999,1.314000,-62,0.000000,7,8
1,21.000000,23.261999,1.350000,-62,0.000000,7,8
1,21.000000,24.049000,1.088000,-62,0.000000,7,8
1,21.000000,23.587000,1.286000,-62,0.000000,7,8
1,21.000000,23.587000,1.186000,-62,0.000000,7,8
1,21.000000,24.037001,1.219000,-61,0.000000,4,8
1,21.000000,23.100000,1.776000,-62,0.000000,7,8
1,21.000000,23.587000,0.957000,-62,0.000000,7,8
1,21.000000,23.424000,1.479000,-62,0.000000,7,8
1,21.000000,23.261999,1.368000,-62,0.000000,7,8
1,21.000000,24.511999,1.113000,-62,0.000000,7,8
1,21.000000,23.587000,1.222000,-61,0.000000,7,8
1,21.000000,23.587000,1.106000,-62,0.000000,7,8
1,21.000000,23.568001,0.927000,-62,0.000000,7,8
1,21.000000,23.737000,1.055000,-61,0.000000,7,8
1,21.000000,23.424000,1.242000,-62,0.000000,7,8
1,21.000000,23.424000,1.373000,-62,0.000000,7,8
1,21.000000,23.412001,0.986000,-62,0.000000,7,8
1,21.000000,23.886999,1.221000,-62,0.000000,7,8
1,21.000000,23.573999,1.421000,-62,0.000000,7,8
1,21.000000,23.587000,1.341000,-62,0.000000,7,8
1,21.000000,24.511999,0.996000,-62,0.000000,7,8
1,21.000000,24.662001,1.030000,-62,0.000000,7,8
1,21.000000,23.886999,0.897000,-62,0.000000,7,8
1,21.000000,22.950001,1.714000,-62,0.000000,7,8
1,21.000000,23.737000,1.078000,-62,0.000000,7,8
1,21.000000,23.261999,1.452000,-62,0.000000,7,8
1,21.000000,24.281000,1.191000,-62,0.000000,6,8
1,21.000000,23.573999,1.214000,-62,0.000000,7,8
1,21.000000,23.737000,1.176000,-62,0.000000,7,8
1,21.000000,23.737000,1.435000,-62,0.000000,7,8
1,21.000000,23.587000,1.028000,-62,0.000000,7,8
1,21.000000,23.455999,1.116000,-62,0.000000,7,8
1,21.000000,24.362000,0.962000,-62,0.000000,7,8
1,21.000000,23.587000,1.048000,-61,0.000000,7,8
1,21.000000,23.700001,1.368000,-62,0.000000,7,8
1,21.000000,23.455999,1.061000,-62,0.000000,7,8
1,21.000000,24.362000,0.948000,-62,0.000000,7,8
1,21.000000,23.886999,1.149000,-62,0.000000,7,8
1,21.000000,23.261999,1.350000,-62,0.000000,7,8
1,21.000000,23.587000,1.286000,-62,0.000000,7,8
1,21.000000,23.573999,1.147000,-62,0.000000,7,8
1,21.000000,23.424000,0.982000,-62,0.000000,7,8
1,21.000000,23.934000,0.991000,-62,0.000000,7,8
1,21.000000,23.412001,1.456000,-62,0.000000,7,8
1,21.000000,24.511999,0.926000,-62,0.000000,7,8
1,21.000000,24.349001,1.174000,-62,0.000000,7,8
1,21.000000,23.261999,1.434000,-62,0.000000,7,8
1,21.000000,24.349001,0.958000,-62,0.000000,7,8
1,21.000000,23.587000,1.114000,-62,0.000000,7,8
1,21.000000,23.724001,1.419000,-62,0.000000,7,8
1,21.000000,23.568001,0.698000,-62,0.000000,5,8
1,21.000000,23.412001,1.038000,-62,0.000000,7,8
1,21.000000,23.573999,0.974000,-62,0.000000,7,8
1,21.000000,24.393000,1.228000,-62,0.000000,7,8
1,21.000000,23.424000,1.108000,-62,0.000000,7,8
1,21.000000,25.687000,0.712000,-62,0.000000,2,8
1,21.000000,23.261999,1.186000,-62,0.000000,7,8
1,21.000000,24.674999,0.961000,-62,0.000000,7,8
1,21.000000,23.424000,1.166000,-62,0.000000,7,8
1,21.000000,23.587000,1.106000,-62,0.000000,7,8
1,21.000000,23.700001,0.998000,-62,0.000000,7,8
1,21.000000,23.587000,1.286000,-62,0.000000,7,8
1,21.000000,24.037001,1.257000,-62,0.000000,7,8
1,21.000000,23.412001,1.570000,-61,0.000000,7,8
1,21.000000,23.100000,1.121000,-62,0.000000,7,8
1,21.000000,23.899000,1.059000,-61,0.000000,7,8
1,21.000000,23.577999,1.499000,-61,0.000000,7,8
1,21.000000,24.662001,0.972000,-61,0.000000,7,8
1,21.000000,23.261999,1.208000,-61,0.000000,7,8
1,21.000000,23.812000,1.248000,-61,0.000000,7,8
1,21.000000,23.100000,1.214000,-61,0.000000,7,8
1,21.000000,23.231001,1.099000,-61,0.000000,7,8
1,21.000000,23.886999,1.232000,-61,0.000000,7,8
1,21.000000,23.261999,1.164000,-61,0.000000,7,8
1,21.000000,23.737000,1.435000,-62,0.000000,7,8
1,21.000000,22.950001,1.046000,-63,0.000000,7,8
1,21.000000,23.568001,0.702000,-63,0.000000,5,8
1,21.000000,23.568001,0.838000,-64,0.000000,7,8
1,21.000000,23.577999,0.898000,-63,0.000000,7,8
1,21.000000,23.231001,1.445000,-63,0.000000,7,8
1,21.000000,23.700001,1.196000,-63,0.000000,7,8
1,21.000000,23.700001,1.249000,-64,0.000000,7,8
1,21.000000,22.650000,1.691000,-62,0.000000,7,8
1,21.000000,22.650000,1.684000,-62,0.000000,7,8
1,21.000000,23.573999,1.421000,-63,0.000000,7,8
1,21.000000,23.343000,0.918000,-62,0.000000,7,8
1,21.000000,23.261999,1.124000,-62,0.000000,7,8
1,21.000000,23.587000,1.219000,-64,0.000000,7,8
1,21.000000,23.100000,0.885000,-66,0.000000,7,8
1,21.000000,22.875000,1.556000,-65,0.000000,7,8
1,21.000000,23.424000,0.895000,-65,0.000000,7,8
1,21.000000,23.568001,1.352000,-64,0.000000,7,8
1,21.000000,23.100000,1.287000,-64,0.000000,7,8
1,21.000000,23.587000,0.914000,-64,0.000000,7,8
1,21.000000,23.424000,1.591000,-64,0.000000,7,8
1,21.000000,23.100000,1.662000,-64,0.000000,7,8
1,21.000000,22.996000,1.529000,-63,0.000000,7,8
1,21.000000,25.443001,0.468000,-64,0.000000,3,8
1,21.000000,22.987000,1.543000,-64,0.000000,7,8
1,21.000000,23.274000,1.144000,-64,0.000000,7,8
1,21.000000,23.261999,0.897000,-64,0.000000,7,8
1,21.000000,23.261999,1.222000,-64,0.000000,7,8
1,21.000000,23.573999,0.918000,-64,0.000000,7,8
1,21.000000,23.261999,0.997000,-63,0.000000,7,8
1,21.000000,23.587000,1.080000,-63,0.000000,7,8
1,21.000000,23.261999,1.321000,-63,0.000000,7,8
1,21.000000,23.100000,1.090000,-63,0.000000,7,8
1,21.000000,24.037001,1.247000,-62,0.000000,7,8
1,21.000000,24.825001,0.835000,-62,0.000000,7,8
1,21.000000,24.159000,1.096000,-62,0.000000,7,8
1,21.000000,22.950001,1.046000,-62,0.000000,7,8
1,21.000000,23.886999,1.149000,-62,0.000000,7,8
1,21.000000,26.115000,0.376000,-62,0.000000,5,8
1,21.000000,24.281000,1.001000,-62,0.000000,7,8
1,21.000000,23.274000,1.293000,-62,0.000000,7,8
1,21.000000,23.724001,1.374000,-62,0.000000,7,8
1,21.000000,23.112000,1.191000,-63,0.000000,7,8
1,21.000000,23.424000,1.515000,-63,0.000000,7,8
1,21.000000,23.934000,1.022000,-63,0.000000,7,8
1,21.000000,23.424000,1.144000,-63,0.000000,7,8
1,21.000000,23.100000,0.000000,-64,0.000000,1,8
1,21.000000,23.100000,0.748000,-63,0.000000,7,8
1,21.000000,23.100000,0.824000,-64,0.000000,7,8
1,21.000000,23.100000,1.002000,-63,0.000000,7,8
1,21.000000,23.587000,1.043000,-63,0.000000,7,8
1,21.000000,23.587000,1.139000,-64,0.000000,7,8
1,21.000000,22.950001,1.661000,-63,0.000000,7,8
1,21.000000,22.787001,1.622000,-64,0.000000,7,8
1,21.000000,23.100000,0.911000,-64,0.000000,7,8
1,21.000000,22.950001,1.659000,-64,0.000000,7,8
1,21.000000,23.221001,1.587000,-64,0.000000,7,8
1,21.000000,23.737000,1.176000,-64,0.000000,7,8
1,21.000000,23.261999,0.897000,-63,0.000000,7,8
1,21.000000,25.912001,0.000000,-63,0.000000,1,8
1,21.000000,23.112000,1.596000,-62,0.000000,7,8
1,21.000000,23.261999,1.591000,-61,0.000000,7,8
1,21.000000,23.737000,1.219000,-63,0.000000,7,8
1,21.000000,23.100000,1.504000,-62,0.000000,7,8
1,21.000000,23.424000,1.430000,-61,0.000000,7,8
1,21.000000,24.525000,0.000000,-64,0.000000,1,8
1,21.000000,23.100000,0.956000,-64,0.000000,7,8
1,21.000000,23.112000,0.866000,-63,0.000000,7,8
1,21.000000,23.724001,0.759000,-63,0.000000,7,8
1,21.000000,24.037001,1.137000,-64,0.000000,7,8
1,21.000000,23.587000,1.229000,-64,0.000000,7,8
1,21.000000,24.525000,1.138000,-63,0.000000,7,8
1,21.000000,24.037001,0.956000,-63,0.000000,7,8
1,21.000000,24.975000,0.885000,-63,0.000000,7,8
1,21.000000,24.825001,0.666000,-63,0.000000,7,8
1,21.000000,24.837000,0.609000,-63,0.000000,7,8
1,21.000000,23.737000,0.697000,-63,0.000000,7,8
1,21.000000,24.037001,0.667000,-62,0.000000,7,8
1,21.000000,23.886999,0.829000,-62,0.000000,7,8
1,21.000000,23.587000,0.648000,-62,0.000000,7,8
1,21.000000,24.167999,0.891000,-63,0.000000,7,8
1,21.000000,23.412001,0.834000,-63,0.000000,7,8
1,21.000000,24.393000,1.222000,-63,0.000000,7,8
1,21.000000,23.424000,1.544000,-63,0.000000,6,8
1,21.000000,22.996000,1.188000,-62,0.000000,7,8
1,21.000000,23.100000,1.687000,-62,0.000000,7,8
1,21.000000,25.448999,0.818000,-63,0.000000,7,8
1,21.000000,23.886999,1.179000,-64,0.000000,7,8
1,21.000000,24.975000,0.444000,-65,0.000000,3,8
1,21.000000,24.674999,0.338000,-65,0.000000,7,8
1,21.000000,24.525000,0.000000,-66,0.000000,1,8
1,21.000000,25.448999,0.495000,-65,0.000000,7,8
1,21.000000,24.511999,0.604000,-65,0.000000,7,8
1,21.000000,24.825001,0.835000,-64,0.000000,7,8
1,21.000000,25.218000,0.489000,-64,0.000000,7,8
1,21.000000,24.159000,0.787000,-63,0.000000,7,8
1,21.000000,24.987000,0.585000,-64,0.000000,7,8
1,21.000000,24.525000,0.737000,-63,0.000000,7,8
1,21.000000,26.237000,0.360000,-63,0.000000,7,8
1,21.000000,24.825001,0.637000,-63,0.000000,7,8
1,21.000000,24.825001,0.687000,-64,0.000000,7,8
1,21.000000,24.511999,0.700000,-64,0.000000,7,8
1,21.000000,24.511999,0.996000,-63,0.000000,7,8
1,21.000000,25.136999,0.604000,-63,0.000000,7,8
1,21.000000,25.136999,0.794000,-63,0.000000,7,8
1,21.000000,24.511999,0.829000,-63,0.000000,7,8
1,21.000000,24.198999,1.374000,-63,0.000000,7,8
1,21.000000,25.218000,0.509000,-64,0.000000,7,8
1,21.000000,24.362000,0.663000,-63,0.000000,7,8
1,21.000000,25.136999,0.647000,-63,0.000000,7,8
1,21.000000,24.987000,1.347000,-63,0.000000,7,8
1,21.000000,24.825001,1.032000,-63,0.000000,7,8
1,21.000000,24.674999,0.460000,-63,0.000000,7,8
1,21.000000,24.750000,0.749000,-63,0.000000,7,8
1,21.000000,25.612000,0.678000,-63,0.000000,7,8
1,21.000000,24.281000,0.390000,-63,0.000000,7,8
1,21.000000,25.149000,0.790000,-63,0.000000,7,8
1,21.000000,25.774000,0.695000,-63,0.000000,7,8
1,21.000000,24.511999,0.936000,-63,0.000000,7,8
1,21.000000,25.287001,0.670000,-63,0.000000,7,8
1,21.000000,24.525000,0.737000,-63,0.000000,7,8
1,21.000000,24.281000,0.803000,-63,0.000000,7,8
1,21.000000,24.349001,0.599000,-63,0.000000,7,8
1,21.000000,25.218000,0.853000,-64,0.000000,7,8
1,21.000000,25.330999,0.704000,-64,0.000000,7,8
1,21.000000,24.825001,0.640000,-63,0.000000,7,8
1,21.000000,24.975000,0.000000,-64,0.000000,2,8
1,21.000000,25.299000,0.588000,-63,0.000000,7,8
1,21.000000,24.525000,0.864000,-63,0.000000,7,8
1,21.000000,24.662001,0.886000,-63,0.000000,7,8
1,21.000000,24.037001,1.333000,-63,0.000000,7,8
1,21.000000,24.198999,0.543000,-63,0.000000,7,8
1,21.000000,24.212000,0.924000,-63,0.000000,7,8
1,21.000000,24.511999,0.926000,-64,0.000000,7,8
1,21.000000,24.049000,1.035000,-63,0.000000,7,8
1,21.000000,23.924999,0.996000,-63,0.000000,7,8
1,21.000000,25.462000,0.000000,-64,0.000000,1,8
1,21.000000,24.049000,1.041000,-64,0.000000,7,8
1,21.000000,24.281000,0.243000,-64,0.000000,2,8
1,21.000000,24.349001,0.801000,-64,0.000000,7,8
1,21.000000,23.737000,0.891000,-64,0.000000,7,8
1,21.000000,24.975000,0.687000,-64,0.000000,7,8
1,21.000000,24.281000,0.769000,-64,0.000000,7,8
1,21.000000,24.825001,0.540000,-64,0.000000,7,8
1,21.000000,24.349001,0.748000,-64,0.000000,7,8
1,21.000000,25.565001,0.624000,-64,0.000000,7,8
1,21.000000,25.299000,0.399000,-63,0.000000,7,8
1,21.000000,25.565001,0.469000,-64,0.000000,7,8
1,21.000000,24.167999,0.352000,-64,0.000000,7,8
1,21.000000,24.750000,0.604000,-64,0.000000,7,8
1,21.000000,24.636999,0.600000,-64,0.000000,7,8
1,21.000000,24.825001,0.832000,-63,0.000000,7,8
1,21.000000,24.046000,0.350000,-64,0.000000,7,8
1,21.000000,24.037001,0.707000,-64,0.000000,7,8
1,21.000000,24.987000,0.588000,-64,0.000000,7,8
1,21.000000,24.349001,1.153000,-63,0.000000,7,8
1,21.000000,24.525000,0.399000,-64,0.000000,7,8
1,21.000000,24.362000,0.415000,-64,0.000000,7,8
1,21.000000,25.462000,0.000000,-64,0.000000,1,8
1,21.000000,23.573999,0.926000,-63,0.000000,7,8
1,21.000000,23.899000,0.637000,-63,0.000000,7,8
1,21.000000,23.724001,0.834000,-63,0.000000,7,8
1,21.000000,24.514999,0.968000,-63,0.000000,7,8
1,21.000000,23.737000,1.276000,-64,0.000000,7,8
1,21.000000,23.812000,1.321000,-64,0.000000,7,8
1,21.000000,24.362000,0.777000,-64,0.000000,7,8
1,21.000000,23.737000,0.795000,-64,0.000000,7,8
1,21.000000,26.400000,0.000000,-64,0.000000,1,8
1,21.000000,23.573999,0.862000,-63,0.000000,7,8
1,21.000000,24.674999,0.795000,-64,0.000000,7,8
1,21.000000,24.037001,0.875000,-64,0.000000,7,8
1,21.000000,24.393000,0.924000,-63,0.000000,7,8
1,21.000000,23.737000,0.867000,-63,0.000000,7,8
1,21.000000,24.046000,0.897000,-64,0.000000,7,8
1,21.000000,24.198999,0.864000,-64,0.000000,7,8
1,21.000000,24.349001,1.080000,-63,0.000000,7,8
1,21.000000,23.812000,0.946000,-63,0.000000,7,8
1,21.000000,23.886999,0.617000,-64,0.000000,7,8
1,21.000000,24.511999,0.994000,-64,0.000000,7,8
1,21.000000,24.403000,1.057000,-63,0.000000,7,8
1,21.000000,24.281000,0.700000,-64,0.000000,7,8
1,21.000000,25.687000,0.712000,-64,0.000000,2,8
1,21.000000,24.403000,0.727000,-63,0.000000,7,8
1,21.000000,24.674999,0.844000,-63,0.000000,7,8
1,21.000000,24.837000,0.878000,-63,0.000000,7,8
1,21.000000,24.987000,0.867000,-63,0.000000,7,8
1,21.000000,24.525000,1.157000,-63,0.000000,7,8
1,21.000000,24.393000,0.806000,-63,0.000000,7,8
1,21.000000,23.886999,1.143000,-63,0.000000,7,8
1,21.000000,24.281000,0.750000,-64,0.000000,7,8
1,21.000000,24.198999,0.918000,-63,0.000000,7,8
1,21.000000,24.525000,0.569000,-63,0.000000,4,8
1,21.000000,24.362000,0.892000,-63,0.000000,7,8
1,21.000000,24.983999,0.605000,-63,0.000000,7,8
1,21.000000,24.322001,0.936000,-64,0.000000,7,8
1,21.000000,23.573999,1.117000,-64,0.000000,7,8
1,21.000000,23.573999,1.302000,-64,0.000000,7,8
1,21.000000,24.506001,1.406000,-64,0.000000,2,8
1,21.000000,23.737000,1.111000,-63,0.000000,7,8
1,21.000000,24.674999,1.057000,-63,0.000000,7,8
1,21.000000,23.573999,0.850000,-63,0.000000,7,8
1,21.000000,23.724001,1.004000,-63,0.000000,7,8
1,21.000000,24.349001,1.057000,-63,0.000000,7,8
1,21.000000,24.750000,0.702000,-63,0.000000,5,8
1,21.000000,24.987000,0.588000,-62,0.000000,7,8
1,21.000000,24.159000,1.129000,-63,0.000000,7,8
1,21.000000,24.825001,0.888000,-62,0.000000,7,8
1,21.000000,24.362000,0.918000,-63,0.000000,7,8
1,21.000000,24.525000,0.895000,-63,0.000000,7,8
1,21.000000,24.049000,0.918000,-62,0.000000,7,8
1,21.000000,23.899000,0.961000,-62,0.000000,7,8
1,21.000000,23.737000,1.189000,-63,0.000000,7,8
1,21.000000,23.886999,1.537000,-63,0.000000,7,8
1,21.000000,24.506001,0.867000,-63,0.000000,7,8
1,21.000000,24.674999,1.029000,-62,0.000000,7,8
1,21.000000,24.198999,0.849000,-63,0.000000,7,8
1,21.000000,25.218000,0.843000,-63,0.000000,7,8
1,21.000000,24.037001,1.333000,-63,0.000000,7,8
1,21.000000,24.037001,0.967000,-63,0.000000,7,8
1,21.000000,24.825001,0.880000,-63,0.000000,7,8
1,21.000000,23.812000,1.245000,-62,0.000000,7,8
1,21.000000,24.674999,1.059000,-62,0.000000,7,8
1,21.000000,24.049000,1.012000,-63,0.000000,7,8
1,21.000000,23.424000,1.690000,-62,0.000000,7,8
1,21.000000,24.049000,1.086000,-63,0.000000,7,8
1,21.000000,24.212000,1.138000,-63,0.000000,7,8
1,21.000000,23.573999,1.095000,-63,0.000000,7,8
1,21.000000,24.281000,1.272000,-62,0.000000,7,8
1,21.000000,23.812000,1.166000,-63,0.000000,7,8
1,21.000000,23.724001,1.557000,-63,0.000000,7,8
1,21.000000,24.674999,0.795000,-63,0.000000,7,8
1,21.000000,23.886999,1.313000,-63,0.000000,6,8
1,21.000000,24.056000,1.251000,-63,0.000000,7,8
1,21.000000,23.724001,1.120000,-63,0.000000,7,8
1,21.000000,23.812000,1.347000,-62,0.000000,7,8
1,21.000000,23.465000,1.004000,-63,0.000000,7,8
1,21.000000,24.987000,0.700000,-62,0.000000,7,8
1,21.000000,24.993000,0.884000,-62,0.000000,7,8
1,21.000000,23.573999,1.200000,-63,0.000000,7,8
1,21.000000,24.056000,1.184000,-63,0.000000,7,8
1,21.000000,24.212000,1.117000,-63,0.000000,7,8
1,21.000000,24.159000,1.050000,-63,0.000000,7,8
1,21.000000,23.934000,1.336000,-63,0.000000,7,8
1,21.000000,23.724001,1.308000,-62,0.000000,7,8
1,21.000000,23.568001,1.206000,-63,0.000000,7,8
1,21.000000,23.886999,0.902000,-62,0.000000,7,8
1,21.000000,23.412001,1.011000,-63,0.000000,7,8
1,21.000000,23.812000,1.289000,-63,0.000000,7,8
1,21.000000,24.049000,1.086000,-63,0.000000,7,8
1,21.000000,24.837000,0.847000,-62,0.000000,7,8
1,21.000000,23.737000,1.323000,-62,0.000000,7,8
1,21.000000,24.674999,0.880000,-63,0.000000,7,8
1,21.000000,23.424000,1.224000,-62,0.000000,7,8
1,21.000000,23.100000,1.406000,-63,0.000000,4,8
1,21.000000,24.975000,0.673000,-63,0.000000,6,8
1,21.000000,24.362000,0.948000,-63,0.000000,7,8
1,21.000000,24.198999,1.164000,-63,0.000000,7,8
1,21.000000,24.056000,1.165000,-63,0.000000,7,8
1,21.000000,24.198999,1.186000,-63,0.000000,7,8
1,21.000000,23.573999,0.910000,-62,0.000000,7,8
1,21.000000,23.587000,1.360000,-63,0.000000,7,8
1,21.000000,24.349001,0.687000,-62,0.000000,7,8
1,21.000000,23.587000,0.000000,-63,0.000000,1,8
1,21.000000,23.820999,1.269000,-62,0.000000,7,8
1,21.000000,23.724001,1.227000,-63,0.000000,7,8
1,21.000000,24.049000,1.142000,-62,0.000000,7,8
1,21.000000,23.899000,1.224000,-63,0.000000,7,8
1,21.000000,24.349001,1.153000,-63,0.000000,7,8
1,21.000000,24.662001,0.972000,-62,0.000000,7,8
1,21.000000,23.424000,0.982000,-63,0.000000,7,8
1,21.000000,23.899000,0.996000,-63,0.000000,7,8
1,21.000000,23.261999,1.321000,-62,0.000000,7,8
1,21.000000,23.587000,1.234000,-63,0.000000,7,8
1,21.000000,23.886999,1.080000,-63,0.000000,7,8
1,21.000000,23.812000,1.223000,-62,0.000000,7,8
1,21.000000,23.573999,1.202000,-63,0.000000,7,8
1,21.000000,23.261999,1.221000,-63,0.000000,7,8
1,21.000000,24.281000,0.937000,-63,0.000000,7,8
1,21.000000,24.049000,0.982000,-63,0.000000,7,8
1,21.000000,24.362000,1.063000,-62,0.000000,6,8
1,21.000000,24.198999,1.153000,-63,0.000000,7,8
1,21.000000,23.424000,1.345000,-63,0.000000,7,8
1,21.000000,23.737000,1.078000,-62,0.000000,7,8
1,21.000000,23.587000,1.360000,-63,0.000000,7,8
1,21.000000,23.261999,1.273000,-63,0.000000,7,8
1,21.000000,24.987000,0.700000,-63,0.000000,7,8
1,21.000000,25.149000,0.588000,-63,0.000000,7,8
1,21.000000,24.393000,1.092000,-63,0.000000,7,8
1,21.000000,23.700001,1.019000,-63,0.000000,7,8
1,21.000000,24.049000,0.992000,-63,0.000000,7,8
1,21.000000,24.506001,0.789000,-63,0.000000,7,8
1,21.000000,24.281000,0.640000,-63,0.000000,7,8
1,21.000000,24.049000,0.843000,-63,0.000000,7,8
1,21.000000,24.662001,0.867000,-63,0.000000,7,8
1,21.000000,24.271000,1.177000,-63,0.000000,7,8
1,21.000000,23.587000,1.286000,-63,0.000000,7,8
1,21.000000,24.674999,0.795000,-63,0.000000,7,8
1,21.000000,25.448999,0.427000,-63,0.000000,7,8
1,21.000000,24.198999,0.894000,-63,0.000000,7,8
1,21.000000,24.511999,0.939000,-64,0.000000,7,8
1,21.000000,24.511999,0.926000,-63,0.000000,7,8
1,21.000000,23.587000,1.286000,-64,0.000000,7,8
1,21.000000,23.737000,0.763000,-64,0.000000,7,8
1,21.000000,23.886999,0.972000,-64,0.000000,7,8
1,21.000000,23.690001,0.953000,-63,0.000000,7,8
1,21.000000,24.049000,1.027000,-64,0.000000,7,8
1,21.000000,24.403000,0.913000,-63,0.000000,7,8
1,21.000000,23.261999,0.971000,-64,0.000000,7,8
1,21.000000,24.362000,0.651000,-63,0.000000,7,8
1,21.000000,25.462000,0.619000,-64,0.000000,6,8
1,21.000000,24.198999,1.051000,-64,0.000000,7,8
1,21.000000,24.167999,0.766000,-63,0.000000,7,8
1,21.000000,24.362000,0.329000,-63,0.000000,7,8
1,21.000000,25.228001,0.895000,-64,0.000000,7,8
1,21.000000,23.886999,0.708000,-64,0.000000,7,8
1,21.000000,24.825001,0.490000,-64,0.000000,7,8
1,21.000000,24.987000,0.791000,-63,0.000000,7,8
1,21.000000,25.287001,0.609000,-64,0.000000,7,8
1,21.000000,24.837000,0.682000,-64,0.000000,7,8
1,21.000000,24.975000,0.570000,-64,0.000000,7,8
1,21.000000,24.525000,0.779000,-63,0.000000,7,8
1,21.000000,25.149000,0.650000,-64,0.000000,7,8
1,21.000000,24.506001,0.730000,-64,0.000000,7,8
1,21.000000,25.612000,0.649000,-63,0.000000,7,8
1,21.000000,24.349001,0.559000,-63,0.000000,7,8
1,21.000000,24.511999,0.468000,-64,0.000000,7,8
1,21.000000,25.299000,0.891000,-64,0.000000,7,8
1,21.000000,25.096001,0.864000,-63,0.000000,7,8
1,21.000000,25.924000,0.353000,-64,0.000000,7,8
1,21.000000,24.674999,0.879000,-64,0.000000,7,8
1,21.000000,25.136999,0.376000,-64,0.000000,5,8
1,21.000000,24.636999,0.541000,-64,0.000000,7,8
1,21.000000,24.212000,0.960000,-64,0.000000,7,8
1,21.000000,25.136999,0.660000,-63,0.000000,7,8
1,21.000000,24.837000,0.482000,-64,0.000000,7,8
1,21.000000,24.636999,0.205000,-64,0.000000,7,8
1,21.000000,24.674999,0.338000,-64,0.000000,7,8
1,21.000000,24.825001,0.791000,-63,0.000000,7,8
1,21.000000,25.912001,0.000000,-65,0.000000,1,8
1,21.000000,25.218000,0.243000,-64,0.000000,2,8
1,21.000000,24.198999,1.377000,-64,0.000000,7,8
1,21.000000,24.837000,0.414000,-63,0.000000,7,8
1,21.000000,24.037001,0.510000,-63,0.000000,7,8
1,21.000000,24.511999,0.967000,-63,0.000000,7,8
1,21.000000,24.049000,0.460000,-64,0.000000,7,8
1,21.000000,25.299000,0.427000,-64,0.000000,7,8
1,21.000000,25.462000,0.397000,-63,0.000000,7,8
1,21.000000,25.136999,0.867000,-64,0.000000,7,8
1,21.000000,26.400000,0.000000,-64,0.000000,1,8
1,21.000000,24.049000,0.588000,-63,0.000000,7,8
1,21.000000,25.218000,0.450000,-63,0.000000,7,8
1,21.000000,25.136999,0.474000,-63,0.000000,7,8
1,21.000000,24.037001,0.000000,-64,0.000000,1,8
1,21.000000,24.825001,0.514000,-64,0.000000,7,8
1,21.000000,25.136999,0.647000,-63,0.000000,7,8
1,21.000000,25.448999,0.779000,-64,0.000000,7,8
1,21.000000,25.912001,0.235000,-63,0.000000,5,8
1,21.000000,25.149000,0.693000,-64,0.000000,7,8
1,21.000000,25.612000,0.398000,-64,0.000000,7,8
1,21.000000,24.662001,0.723000,-64,0.000000,7,8
1,21.000000,24.362000,0.678000,-64,0.000000,7,8
1,21.000000,24.674999,0.397000,-64,0.000000,7,8
1,21.000000,25.912001,0.652000,-63,0.000000,7,8
1,21.000000,25.136999,0.562000,-63,0.000000,7,8
1,21.000000,24.506001,0.450000,-63,0.000000,7,8
1,21.000000,24.825001,1.149000,-63,0.000000,7,8
1,21.000000,23.899000,0.737000,-63,0.000000,7,8
1,21.000000,23.737000,0.680000,-64,0.000000,7,8
1,21.000000,24.837000,0.576000,-63,0.000000,7,8
1,21.000000,24.212000,0.478000,-63,0.000000,7,8
1,21.000000,25.448999,0.566000,-63,0.000000,7,8
1,21.000000,24.837000,0.923000,-63,0.000000,7,8
1,21.000000,25.299000,0.695000,-63,0.000000,7,8
1,21.000000,25.136999,0.818000,-63,0.000000,7,8
1,21.000000,24.525000,0.000000,-64,0.000000,1,8
1,21.000000,25.149000,0.961000,-63,0.000000,7,8
1,21.000000,24.525000,0.650000,-63,0.000000,7,8
1,21.000000,24.212000,0.604000,-63,0.000000,7,8
1,21.000000,24.975000,0.459000,-63,0.000000,7,8
1,21.000000,24.750000,0.821000,-63,0.000000,7,8
1,21.000000,24.837000,0.926000,-63,0.000000,7,8
1,21.000000,24.049000,0.682000,-63,0.000000,7,8
1,21.000000,24.511999,0.551000,-63,0.000000,7,8
1,21.000000,24.511999,0.702000,-63,0.000000,7,8
1,21.000000,23.737000,1.189000,-63,0.000000,7,8
1,21.000000,24.049000,0.744000,-63,0.000000,7,8
1,21.000000,24.674999,0.602000,-63,0.000000,7,8
1,21.000000,24.056000,1.006000,-63,0.000000,7,8
1,21.000000,24.750000,0.820000,-63,0.000000,5,8
1,21.000000,24.975000,0.775000,-63,0.000000,7,8
1,21.000000,24.674999,0.821000,-63,0.000000,7,8
1,21.000000,24.349001,0.499000,-63,0.000000,7,8
1,21.000000,25.340000,0.550000,-63,0.000000,7,8
1,21.000000,24.525000,0.763000,-63,0.000000,7,8
1,21.000000,25.299000,0.762000,-63,0.000000,7,8
1,21.000000,24.662001,0.961000,-63,0.000000,7,8
1,21.000000,24.212000,0.787000,-63,0.000000,7,8
1,21.000000,24.750000,0.630000,-63,0.000000,7,8
1,21.000000,23.412001,0.868000,-63,0.000000,7,8
1,21.000000,24.349001,1.061000,-63,0.000000,7,8
1,21.000000,25.136999,0.714000,-63,0.000000,7,8
1,21.000000,25.218000,0.788000,-63,0.000000,7,8
1,21.000000,24.511999,0.770000,-63,0.000000,7,8
1,21.000000,24.987000,0.961000,-63,0.000000,7,8
1,21.000000,24.506001,1.036000,-63,0.000000,7,8
1,21.000000,24.037001,0.809000,-63,0.000000,7,8
1,21.000000,24.037001,0.641000,-63,0.000000,7,8
1,21.000000,24.037001,0.243000,-63,0.000000,3,8
1,21.000000,24.393000,0.897000,-63,0.000000,7,8
1,21.000000,26.400000,0.000000,-64,0.000000,1,8
1,21.000000,25.136999,0.609000,-63,0.000000,7,8
1,21.000000,24.349001,1.019000,-64,0.000000,7,8
1,21.000000,24.049000,0.827000,-63,0.000000,7,8
1,21.000000,24.825001,0.753000,-63,0.000000,7,8
1,21.000000,24.511999,0.788000,-63,0.000000,7,8
1,21.000000,24.198999,0.562000,-63,0.000000,7,8
1,21.000000,24.037001,1.066000,-63,0.000000,7,8
1,21.000000,24.281000,0.944000,-63,0.000000,7,8
1,21.000000,25.287001,0.609000,-63,0.000000,7,8
1,21.000000,24.525000,0.414000,-63,0.000000,7,8
1,21.000000,24.362000,0.478000,-63,0.000000,7,8
1,21.000000,25.462000,0.348000,-63,0.000000,7,8
1,21.000000,24.662001,0.741000,-63,0.000000,7,8
1,21.000000,24.825001,0.700000,-63,0.000000,7,8
1,21.000000,24.362000,0.744000,-63,0.000000,7,8
1,21.000000,24.837000,0.829000,-64,0.000000,7,8
1,21.000000,24.198999,0.818000,-64,0.000000,7,8
1,21.000000,24.511999,0.803000,-63,0.000000,7,8
1,21.000000,24.825001,0.934000,-63,0.000000,7,8
1,21.000000,25.136999,0.686000,-63,0.000000,7,8
1,21.000000,25.149000,0.553000,-63,0.000000,7,8
1,21.000000,24.198999,0.331000,-63,0.000000,7,8
1,21.000000,23.802999,0.470000,-63,0.000000,7,8
1,21.000000,24.975000,0.596000,-64,0.000000,7,8
1,21.000000,24.975000,0.668000,-63,0.000000,7,8
1,21.000000,24.049000,0.823000,-63,0.000000,7,8
1,21.000000,23.886999,1.202000,-64,0.000000,7,8
1,21.000000,24.198999,1.099000,-63,0.000000,7,8
1,21.000000,24.511999,0.989000,-63,0.000000,7,8
1,21.000000,23.899000,0.976000,-63,0.000000,7,8
1,21.000000,23.899000,0.886000,-63,0.000000,7,8
1,21.000000,23.455999,1.095000,-63,0.000000,7,8
1,21.000000,23.100000,1.206000,-63,0.000000,7,8
1,21.000000,23.737000,0.700000,-63,0.000000,6,8
1,21.000000,23.737000,0.772000,-64,0.000000,7,8
1,21.000000,23.737000,0.962000,-64,0.000000,7,8
1,21.000000,23.899000,0.547000,-64,0.000000,7,8
1,21.000000,24.049000,0.852000,-64,0.000000,7,8
1,21.000000,24.362000,0.857000,-64,0.000000,7,8
1,21.000000,24.987000,0.801000,-63,0.000000,5,8
1,21.000000,24.049000,0.630000,-64,0.000000,7,8
1,21.000000,23.899000,0.891000,-65,0.000000,7,8
1,21.000000,26.034000,0.339000,-66,0.000000,7,8
1,21.000000,24.628000,0.954000,-65,0.000000,7,8
1,21.000000,24.837000,0.421000,-65,0.000000,7,8
1,21.000000,24.674999,0.450000,-65,0.000000,7,8
1,21.000000,24.862000,0.261000,-64,0.000000,7,8
1,21.000000,25.106001,0.557000,-64,0.000000,7,8
1,21.000000,24.037001,0.750000,-63,0.000000,7,8
1,21.000000,24.159000,0.861000,-62,0.000000,7,8
1,21.000000,23.587000,0.693000,-63,0.000000,4,8
1,21.000000,23.343000,1.505000,-63,0.000000,5,8
1,21.000000,23.573999,0.926000,-63,0.000000,6,8
1,21.000000,23.587000,1.150000,-62,0.000000,7,8
1,21.000000,22.799999,1.238000,-64,0.000000,7,8
1,21.000000,23.412001,1.570000,-62,0.000000,7,8
1,21.000000,22.650000,1.222000,-64,0.000000,7,8
1,21.000000,23.724001,1.138000,-67,0.000000,6,8
1,21.000000,24.987000,0.992000,-66,0.000000,7,8
1,21.000000,26.511999,5.071000,-63,0.000000,7,8
1,21.000000,24.975000,0.551000,-62,0.000000,7,8
1,21.000000,23.568001,1.257000,-63,0.000000,7,8
1,21.000000,23.573999,1.559000,-63,0.000000,7,8
1,21.000000,23.424000,1.200000,-63,0.000000,7,8
1,21.000000,22.962000,1.489000,-64,0.000000,7,8
1,21.000000,22.799999,1.626000,-63,0.000000,7,8
1,21.000000,22.950001,1.735000,-63,0.000000,7,8
1,21.000000,23.573999,1.332000,-64,0.000000,7,8
1,21.000000,23.424000,1.194000,-63,0.000000,7,8
1,21.000000,22.650000,1.334000,-64,0.000000,7,8
1,21.000000,23.424000,1.166000,-64,0.000000,7,8
1,21.000000,25.912001,0.000000,-64,0.000000,3,8
1,21.000000,23.100000,0.973000,-64,0.000000,7,8
1,21.000000,22.962000,0.986000,-65,0.000000,7,8
1,21.000000,25.912001,0.000000,-66,0.000000,1,8
1,21.000000,22.631001,1.578000,-64,0.000000,7,8
1,21.000000,23.100000,0.924000,-65,0.000000,7,8
1,21.000000,22.799999,1.408000,-66,0.000000,7,8
1,21.000000,23.424000,0.790000,-65,0.000000,7,8
1,21.000000,23.231001,1.224000,-65,0.000000,7,8
1,21.000000,23.100000,1.374000,-64,0.000000,7,8
1,21.000000,23.231001,1.530000,-65,0.000000,7,8
1,21.000000,23.100000,0.885000,-65,0.000000,5,8
1,21.000000,23.412001,1.455000,-65,0.000000,7,8
1,21.000000,23.100000,0.826000,-65,0.000000,7,8
1,21.000000,24.037001,0.937000,-65,0.000000,2,8
1,21.000000,23.700001,1.061000,-65,0.000000,7,8
1,21.000000,22.950001,1.661000,-65,0.000000,7,8
1,21.000000,22.950001,1.154000,-65,0.000000,7,8
1,21.000000,23.221001,1.195000,-64,0.000000,7,8
1,21.000000,22.487000,1.973000,-65,0.000000,7,8
1,21.000000,22.799999,1.542000,-65,0.000000,7,8
1,21.000000,22.950001,1.603000,-64,0.000000,7,8
1,21.000000,23.737000,1.410000,-65,0.000000,7,8
1,21.000000,23.690001,1.370000,-65,0.000000,7,8
1,21.000000,23.465000,0.883000,-65,0.000000,7,8
1,21.000000,23.424000,1.373000,-65,0.000000,7,8
1,21.000000,24.037001,1.444000,-65,0.000000,7,8
1,21.000000,23.573999,1.421000,-65,0.000000,7,8
1,21.000000,23.573999,1.184000,-65,0.000000,7,8
1,21.000000,23.886999,1.107000,-65,0.000000,7,8
1,21.000000,23.412001,0.868000,-65,0.000000,7,8
1,21.000000,23.221001,1.509000,-64,0.000000,7,8
1,21.000000,23.573999,1.184000,-65,0.000000,7,8
1,21.000000,22.799999,1.126000,-65,0.000000,5,8
1,21.000000,23.100000,0.967000,-65,0.000000,7,8
1,21.000000,24.349001,1.105000,-65,0.000000,7,8
1,21.000000,23.886999,1.252000,-65,0.000000,7,8
1,21.000000,24.056000,0.913000,-65,0.000000,7,8
1,21.000000,23.587000,1.008000,-65,0.000000,7,8
1,21.000000,22.799999,1.678000,-65,0.000000,7,8
1,21.000000,22.987000,1.087000,-65,0.000000,7,8
1,21.000000,23.261999,1.245000,-65,0.000000,7,8
1,21.000000,23.573999,1.254000,-65,0.000000,7,8
1,21.000000,22.875000,1.658000,-65,0.000000,4,8
1,21.000000,23.424000,1.339000,-64,0.000000,7,8
1,21.000000,22.799999,1.638000,-65,0.000000,7,8
1,21.000000,23.100000,1.121000,-64,0.000000,7,8
1,21.000000,23.261999,0.862000,-65,0.000000,7,8
1,21.000000,23.573999,1.314000,-64,0.000000,7,8
1,21.000000,23.112000,1.321000,-65,0.000000,7,8
1,21.000000,22.787001,1.812000,-65,0.000000,7,8
1,21.000000,22.950001,1.148000,-64,0.000000,7,8
1,21.000000,22.950001,1.046000,-64,0.000000,7,8
1,21.000000,22.323999,2.112000,-65,0.000000,7,8
1,21.000000,22.787001,1.154000,-65,0.000000,7,8
1,21.000000,23.100000,0.775000,-64,0.000000,7,8
1,21.000000,23.112000,1.436000,-64,0.000000,7,8
1,21.000000,22.962000,1.385000,-65,0.000000,7,8
1,21.000000,23.100000,1.293000,-65,0.000000,7,8
1,21.000000,23.100000,0.967000,-65,0.000000,7,8
1,21.000000,23.587000,1.078000,-65,0.000000,5,8
1,21.000000,23.587000,0.908000,-65,0.000000,7,8
1,21.000000,22.799999,1.344000,-65,0.000000,7,8
1,21.000000,23.100000,0.984000,-65,0.000000,7,8
1,21.000000,23.424000,1.224000,-65,0.000000,7,8
1,21.000000,23.112000,1.041000,-65,0.000000,7,8
1,21.000000,23.100000,1.001000,-65,0.000000,7,8
1,21.000000,22.487000,1.927000,-65,0.000000,7,8
1,21.000000,23.737000,0.961000,-65,0.000000,6,8
1,21.000000,22.636999,1.827000,-64,0.000000,7,8
1,21.000000,23.112000,1.476000,-64,0.000000,7,8
1,21.000000,23.424000,1.104000,-65,0.000000,7,8
1,21.000000,23.261999,1.076000,-64,0.000000,7,8
1,21.000000,23.424000,1.277000,-64,0.000000,7,8
1,21.000000,23.587000,1.286000,-64,0.000000,7,8
1,21.000000,23.274000,1.263000,-64,0.000000,7,8
1,21.000000,23.274000,0.993000,-64,0.000000,7,8
1,21.000000,23.412001,0.730000,-64,0.000000,7,8
1,21.000000,23.577999,1.411000,-64,0.000000,7,8
1,21.000000,23.690001,1.496000,-64,0.000000,7,8
1,21.000000,23.231001,1.361000,-63,0.000000,7,8
1,21.000000,24.281000,1.056000,-63,0.000000,7,8
1,21.000000,25.774000,0.413000,-64,0.000000,7,8
1,21.000000,23.587000,1.059000,-64,0.000000,7,8
1,21.000000,23.261999,1.452000,-64,0.000000,7,8
1,21.000000,23.343000,1.297000,-65,0.000000,4,8
1,21.000000,23.587000,1.251000,-63,0.000000,7,8
1,21.000000,24.037001,0.911000,-65,0.000000,7,8
1,21.000000,24.049000,0.746000,-66,0.000000,7,8
1,21.000000,23.412001,1.065000,-64,0.000000,7,8
1,21.000000,24.511999,0.859000,-64,0.000000,7,8
1,21.000000,23.899000,1.138000,-64,0.000000,7,8
1,21.000000,24.159000,0.894000,-64,0.000000,7,8
1,21.000000,24.511999,1.058000,-66,0.000000,7,8
1,21.000000,25.149000,0.419000,-65,0.000000,7,8
1,21.000000,24.525000,0.895000,-65,0.000000,7,8
1,21.000000,23.261999,1.452000,-65,0.000000,7,8
1,21.000000,23.737000,0.653000,-64,0.000000,6,8
1,21.000000,25.774000,0.746000,-64,0.000000,7,8
1,21.000000,25.599001,0.559000,-64,0.000000,7,8
1,21.000000,25.340000,0.763000,-64,0.000000,7,8
1,21.000000,24.892000,0.714000,-65,0.000000,7,8
1,21.000000,25.299000,0.415000,-65,0.000000,7,8
1,21.000000,24.825001,0.690000,-66,0.000000,7,8
1,21.000000,25.912001,0.000000,-66,0.000000,1,8
1,21.000000,25.106001,0.688000,-65,0.000000,7,8
1,21.000000,24.049000,0.680000,-64,0.000000,7,8
1,21.000000,23.100000,0.748000,-64,0.000000,7,8
1,21.000000,23.261999,1.124000,-64,0.000000,7,8
1,21.000000,23.587000,1.220000,-63,0.000000,7,8
1,21.000000,23.412001,1.270000,-64,0.000000,7,8
1,21.000000,23.221001,1.385000,-64,0.000000,7,8
1,21.000000,23.424000,0.616000,-64,0.000000,7,8
1,21.000000,23.857000,0.800000,-65,0.000000,7,8
1,21.000000,23.100000,1.373000,-65,0.000000,7,8
1,21.000000,22.996000,0.788000,-66,0.000000,7,8
1,21.000000,23.112000,1.211000,-66,0.000000,7,8
1,21.000000,23.412001,0.867000,-66,0.000000,7,8
1,21.000000,23.737000,0.697000,-65,0.000000,7,8
1,21.000000,23.899000,0.893000,-65,0.000000,7,8
1,21.000000,23.812000,0.639000,-65,0.000000,7,8
1,21.000000,22.962000,1.105000,-65,0.000000,7,8
1,21.000000,24.511999,1.065000,-65,0.000000,7,8
1,21.000000,23.424000,1.110000,-65,0.000000,7,8
1,21.000000,24.159000,1.050000,-65,0.000000,7,8
1,21.000000,23.424000,0.695000,-65,0.000000,7,8
1,21.000000,23.573999,1.267000,-65,0.000000,7,8
1,21.000000,24.362000,0.790000,-65,0.000000,7,8
1,21.000000,23.424000,0.495000,-65,0.000000,7,8
1,21.000000,24.993000,0.410000,-66,0.000000,7,8
1,21.000000,23.261999,0.587000,-67,0.000000,7,8
1,21.000000,23.424000,0.537000,-67,0.000000,7,8
1,21.000000,22.950001,1.323000,-68,0.000000,7,8
1,21.000000,23.587000,0.000000,-68,0.000000,1,8
1,21.000000,23.100000,1.060000,-67,0.000000,7,8
1,21.000000,23.724001,0.973000,-67,0.000000,7,8
1,21.000000,23.737000,0.946000,-67,0.000000,7,8
1,21.000000,23.577999,0.426000,-67,0.000000,7,8
1,21.000000,24.349001,0.670000,-67,0.000000,7,8
1,21.000000,23.737000,0.855000,-68,0.000000,7,8
1,21.000000,23.587000,0.825000,-67,0.000000,7,8
1,21.000000,23.231001,0.928000,-68,0.000000,7,8
1,21.000000,23.577999,0.850000,-67,0.000000,7,8
1,21.000000,23.334000,1.177000,-68,0.000000,7,8
1,21.000000,23.424000,0.913000,-68,0.000000,7,8
1,21.000000,23.274000,1.352000,-68,0.000000,7,8
1,21.000000,23.737000,0.217000,-68,0.000000,7,8
1,21.000000,25.462000,0.000000,-69,0.000000,1,8
1,21.000000,23.724001,0.820000,-68,0.000000,7,8
1,21.000000,23.573999,1.277000,-68,0.000000,7,8
1,21.000000,24.362000,0.863000,-68,0.000000,7,8
1,21.000000,22.875000,0.973000,-68,0.000000,4,8
1,21.000000,24.212000,0.858000,-68,0.000000,7,8
1,21.000000,24.362000,0.955000,-67,0.000000,7,8
1,21.000000,24.049000,0.779000,-68,0.000000,7,8
1,21.000000,22.636999,1.520000,-68,0.000000,7,8
1,21.000000,23.737000,1.027000,-67,0.000000,7,8
1,21.000000,23.812000,1.054000,-67,0.000000,7,8
1,21.000000,24.525000,0.826000,-67,0.000000,7,8
1,21.000000,23.274000,1.658000,-67,0.000000,7,8
1,21.000000,23.412001,0.608000,-68,0.000000,7,8
1,21.000000,23.724001,1.153000,-68,0.000000,7,8
1,21.000000,23.812000,0.910000,-68,0.000000,7,8
1,21.000000,23.343000,0.687000,-68,0.000000,7,8
1,21.000000,23.100000,0.532000,-68,0.000000,7,8
1,21.000000,23.100000,0.577000,-68,0.000000,7,8
1,21.000000,23.587000,0.519000,-67,0.000000,7,8
1,21.000000,23.118000,1.189000,-68,0.000000,6,8
1,21.000000,23.820999,0.639000,-68,0.000000,7,8
1,21.000000,23.343000,0.226000,-68,0.000000,7,8
1,21.000000,22.799999,0.629000,-68,0.000000,7,8
1,21.000000,23.343000,0.481000,-68,0.000000,5,8
1,21.000000,23.587000,0.499000,-68,0.000000,7,8
1,21.000000,23.112000,0.991000,-68,0.000000,7,8
1,21.000000,22.962000,0.493000,-68,0.000000,7,8
1,21.000000,23.112000,0.587000,-68,0.000000,7,8
1,21.000000,23.573999,0.913000,-67,0.000000,7,8
1,21.000000,23.100000,0.468000,-67,0.000000,7,8
1,21.000000,23.737000,0.541000,-67,0.000000,7,8
1,21.000000,23.424000,1.126000,-67,0.000000,7,8
1,21.000000,23.100000,0.510000,-67,0.000000,7,8
1,21.000000,22.799999,1.520000,-68,0.000000,7,8
1,21.000000,24.198999,0.667000,-67,0.000000,7,8
1,21.000000,23.112000,0.743000,-68,0.000000,7,8
1,21.000000,23.343000,0.507000,-67,0.000000,7,8
1,21.000000,24.212000,1.167000,-67,0.000000,7,8
1,21.000000,23.573999,0.996000,-67,0.000000,7,8
1,21.000000,23.108999,0.687000,-68,0.000000,7,8
1,21.000000,23.568001,0.873000,-68,0.000000,7,8
1,21.000000,23.886999,1.090000,-68,0.000000,7,8
1,21.000000,24.525000,0.212000,-68,0.000000,3,8
1,21.000000,24.056000,0.783000,-68,0.000000,7,8
1,21.000000,23.343000,0.818000,-69,0.000000,7,8
1,21.000000,23.424000,0.226000,-68,0.000000,7,8
1,21.000000,23.424000,0.895000,-68,0.000000,7,8
1,21.000000,23.274000,1.076000,-68,0.000000,7,8
1,21.000000,23.424000,0.763000,-68,0.000000,7,8
1,21.000000,23.812000,1.191000,-68,0.000000,7,8
1,21.000000,23.802999,0.743000,-68,0.000000,7,8
1,21.000000,24.049000,0.926000,-68,0.000000,7,8
1,21.000000,23.899000,0.468000,-68,0.000000,7,8
1,21.000000,22.962000,1.519000,-68,0.000000,7,8
1,21.000000,23.934000,0.963000,-68,0.000000,7,8
1,21.000000,23.424000,0.647000,-68,0.000000,7,8
1,21.000000,23.587000,0.373000,-68,0.000000,5,8
1,21.000000,24.049000,0.920000,-68,0.000000,7,8
1,21.000000,23.924999,0.926000,-68,0.000000,7,8
1,21.000000,23.100000,0.591000,-68,0.000000,7,8
1,21.000000,23.587000,0.225000,-68,0.000000,3,8
1,21.000000,23.886999,0.416000,-67,0.000000,7,8
1,21.000000,23.100000,0.700000,-67,0.000000,7,8
1,21.000000,23.274000,1.151000,-68,0.000000,7,8
1,21.000000,22.950001,0.639000,-67,0.000000,7,8
1,21.000000,23.455999,0.489000,-68,0.000000,7,8
1,21.000000,23.274000,0.604000,-67,0.000000,7,8
1,21.000000,23.343000,0.522000,-68,0.000000,7,8
1,21.000000,23.820999,0.995000,-67,0.000000,7,8
1,21.000000,23.221001,1.306000,-67,0.000000,7,8
1,21.000000,23.412001,0.868000,-67,0.000000,7,8
1,21.000000,23.343000,1.000000,-67,0.000000,7,8
1,21.000000,23.573999,1.214000,-67,0.000000,7,8
1,21.000000,23.886999,1.080000,-67,0.000000,7,8
1,21.000000,23.100000,0.000000,-68,0.000000,1,8
1,21.000000,23.737000,1.115000,-67,0.000000,7,8
1,21.000000,23.412001,0.608000,-67,0.000000,7,8
1,21.000000,23.577999,1.229000,-67,0.000000,7,8
1,21.000000,23.424000,1.244000,-67,0.000000,7,8
1,21.000000,23.424000,0.734000,-68,0.000000,7,8
1,21.000000,23.424000,1.084000,-67,0.000000,7,8
1,21.000000,23.886999,0.882000,-67,0.000000,7,8
1,21.000000,23.261999,1.396000,-67,0.000000,7,8
1,21.000000,23.100000,0.791000,-67,0.000000,7,8
1,21.000000,23.100000,0.665000,-68,0.000000,7,8
1,21.000000,23.412001,0.639000,-67,0.000000,7,8
1,21.000000,24.198999,1.061000,-67,0.000000,7,8
1,21.000000,23.737000,0.482000,-67,0.000000,7,8
1,21.000000,24.511999,0.858000,-67,0.000000,7,8
1,21.000000,23.455999,1.036000,-67,0.000000,7,8
1,21.000000,23.424000,1.048000,-67,0.000000,7,8
1,21.000000,23.261999,1.029000,-67,0.000000,7,8
1,21.000000,23.118000,0.646000,-67,0.000000,7,8
1,21.000000,23.412001,0.555000,-67,0.000000,7,8
1,21.000000,23.100000,0.643000,-67,0.000000,7,8
1,21.000000,23.100000,0.532000,-67,0.000000,7,8
1,21.000000,23.343000,0.561000,-67,0.000000,7,8
1,21.000000,23.812000,0.442000,-67,0.000000,7,8
1,21.000000,23.424000,0.715000,-67,0.000000,7,8
1,21.000000,23.724001,0.707000,-67,0.000000,6,8
1,21.000000,22.962000,1.073000,-67,0.000000,7,8
1,21.000000,23.812000,0.416000,-67,0.000000,7,8
1,21.000000,23.112000,1.404000,-67,0.000000,7,8
1,21.000000,23.424000,1.271000,-67,0.000000,7,8
1,21.000000,23.587000,0.227000,-67,0.000000,7,8
1,21.000000,23.886999,0.389000,-67,0.000000,7,8
1,21.000000,23.112000,0.794000,-67,0.000000,7,8
1,21.000000,24.159000,1.078000,-67,0.000000,7,8
1,21.000000,23.573999,1.179000,-67,0.000000,7,8
1,21.000000,23.221001,0.894000,-67,0.000000,7,8
1,21.000000,23.261999,0.599000,-67,0.000000,7,8
1,21.000000,23.424000,0.430000,-67,0.000000,7,8
1,21.000000,23.100000,0.748000,-68,0.000000,7,8
1,21.000000,23.812000,0.961000,-67,0.000000,7,8
1,21.000000,23.812000,0.862000,-67,0.000000,7,8
1,21.000000,22.950001,0.700000,-67,0.000000,7,8
1,21.000000,22.787001,1.418000,-67,0.000000,7,8
1,21.000000,23.412001,1.119000,-67,0.000000,7,8
1,21.000000,24.825001,0.605000,-67,0.000000,7,8
1,21.000000,23.100000,0.966000,-67,0.000000,4,8
1,21.000000,23.577999,0.550000,-68,0.000000,7,8
1,21.000000,23.412001,0.559000,-67,0.000000,7,8
1,21.000000,22.875000,0.752000,-67,0.000000,7,8
1,21.000000,23.261999,0.904000,-67,0.000000,7,8
1,21.000000,24.049000,0.668000,-67,0.000000,7,8
1,21.000000,23.424000,0.982000,-67,0.000000,7,8
1,21.000000,23.899000,1.024000,-67,0.000000,7,8
1,21.000000,23.412001,0.670000,-67,0.000000,7,8
1,21.000000,23.568001,1.007000,-67,0.000000,7,8
1,21.000000,23.261999,0.658000,-66,0.000000,7,8
1,21.000000,23.261999,0.612000,-67,0.000000,7,8
1,21.000000,24.037001,0.770000,-67,0.000000,4,8
1,21.000000,23.100000,0.704000,-67,0.000000,7,8
1,21.000000,22.875000,0.579000,-67,0.000000,7,8
1,21.000000,23.424000,0.957000,-67,0.000000,7,8
1,21.000000,23.737000,1.211000,-67,0.000000,7,8
1,21.000000,24.525000,0.000000,-68,0.000000,1,8
1,21.000000,23.112000,1.195000,-67,0.000000,7,8
1,21.000000,23.455999,1.107000,-67,0.000000,7,8
1,21.000000,24.198999,0.764000,-67,0.000000,7,8
1,21.000000,23.737000,0.822000,-67,0.000000,7,8
1,21.000000,23.587000,0.996000,-67,0.000000,7,8
1,21.000000,23.465000,0.763000,-67,0.000000,7,8
1,21.000000,23.587000,0.911000,-67,0.000000,7,8
1,21.000000,23.737000,1.161000,-67,0.000000,7,8
1,21.000000,24.198999,0.819000,-67,0.000000,7,8
1,21.000000,23.587000,0.444000,-67,0.000000,7,8
1,21.000000,24.049000,1.001000,-67,0.000000,7,8
1,21.000000,26.400000,0.000000,-67,0.000000,1,8
1,21.000000,22.650000,1.513000,-66,0.000000,7,8
1,21.000000,23.100000,0.897000,-68,0.000000,7,8
1,21.000000,22.799999,0.708000,-67,0.000000,7,8
1,21.000000,24.511999,0.702000,-67,0.000000,7,8
1,21.000000,24.049000,0.861000,-68,0.000000,7,8
1,21.000000,23.934000,1.133000,-67,0.000000,7,8
1,21.000000,23.261999,1.124000,-67,0.000000,7,8
1,21.000000,23.343000,0.968000,-67,0.000000,7,8
1,21.000000,23.690001,0.937000,-66,0.000000,7,8
1,21.000000,23.424000,0.858000,-67,0.000000,7,8
1,21.000000,23.221001,0.510000,-67,0.000000,7,8
1,21.000000,22.962000,1.215000,-67,0.000000,7,8
1,21.000000,23.112000,0.891000,-67,0.000000,7,8
1,21.000000,23.587000,0.000000,-68,0.000000,1,8
1,21.000000,24.662001,0.732000,-67,0.000000,7,8
1,21.000000,23.724001,0.551000,-66,0.000000,7,8
1,21.000000,22.799999,1.150000,-66,0.000000,7,8
1,21.000000,24.674999,0.953000,-66,0.000000,7,8
1,21.000000,23.899000,0.893000,-66,0.000000,7,8
1,21.000000,23.261999,1.231000,-67,0.000000,7,8
1,21.000000,23.577999,0.967000,-67,0.000000,7,8
1,21.000000,23.261999,0.360000,-67,0.000000,7,8
1,21.000000,23.465000,1.198000,-67,0.000000,7,8
1,21.000000,22.962000,1.292000,-67,0.000000,7,8
1,21.000000,23.573999,1.200000,-67,0.000000,7,8
1,21.000000,24.975000,0.000000,-67,0.000000,2,8
1,21.000000,23.465000,1.253000,-68,0.000000,7,8
1,21.000000,23.587000,1.016000,-68,0.000000,7,8
1,21.000000,23.100000,0.338000,-68,0.000000,7,8
1,21.000000,23.108999,1.322000,-67,0.000000,7,8
1,21.000000,23.573999,0.585000,-68,0.000000,7,8
1,21.000000,23.465000,1.432000,-67,0.000000,7,8
1,21.000000,23.261999,1.074000,-68,0.000000,7,8
1,21.000000,23.812000,0.788000,-67,0.000000,6,8
1,21.000000,22.799999,0.772000,-68,0.000000,7,8
1,21.000000,22.799999,0.680000,-68,0.000000,7,8
1,21.000000,23.261999,1.203000,-68,0.000000,7,8
1,21.000000,23.112000,1.264000,-68,0.000000,7,8
1,21.000000,23.424000,1.249000,-67,0.000000,7,8
1,21.000000,23.108999,1.339000,-68,0.000000,7,8
1,21.000000,23.424000,0.616000,-68,0.000000,7,8
1,21.000000,23.100000,1.270000,-68,0.000000,7,8
1,21.000000,23.261999,1.350000,-68,0.000000,7,8
1,21.000000,23.412001,0.390000,-68,0.000000,7,8
1,21.000000,23.886999,0.785000,-68,0.000000,7,8
1,21.000000,22.650000,0.794000,-68,0.000000,7,8
1,21.000000,22.950001,0.785000,-67,0.000000,7,8
1,21.000000,23.261999,0.388000,-68,0.000000,7,8
1,21.000000,23.573999,1.053000,-68,0.000000,7,8
1,21.000000,23.587000,1.114000,-67,0.000000,7,8
1,21.000000,23.886999,1.080000,-68,0.000000,7,8
1,21.000000,23.100000,0.723000,-67,0.000000,7,8
1,21.000000,22.487000,1.820000,-67,0.000000,7,8
1,21.000000,23.737000,0.656000,-68,0.000000,7,8
1,21.000000,23.261999,0.889000,-68,0.000000,7,8
1,21.000000,23.261999,0.658000,-67,0.000000,7,8
1,21.000000,22.650000,0.693000,-67,0.000000,7,8
1,21.000000,23.587000,0.583000,-67,0.000000,7,8
1,21.000000,23.568001,1.323000,-67,0.000000,7,8
1,21.000000,23.424000,0.895000,-68,0.000000,7,8
1,21.000000,23.587000,0.594000,-68,0.000000,7,8
1,21.000000,22.799999,0.813000,-67,0.000000,7,8
1,21.000000,23.573999,1.224000,-68,0.000000,7,8
1,21.000000,23.886999,0.970000,-67,0.000000,7,8
1,21.000000,23.587000,0.895000,-67,0.000000,7,8
1,21.000000,23.261999,0.660000,-68,0.000000,7,8
1,21.000000,23.587000,0.636000,-68,0.000000,7,8
1,21.000000,23.412001,0.641000,-67,0.000000,7,8
1,21.000000,23.108999,1.211000,-67,0.000000,7,8
1,21.000000,23.274000,0.727000,-67,0.000000,7,8
1,21.000000,23.112000,1.030000,-67,0.000000,7,8
1,21.000000,25.218000,0.490000,-68,0.000000,7,8
1,21.000000,24.506001,0.468000,-68,0.000000,2,8
1,21.000000,23.100000,1.143000,-67,0.000000,7,8
1,21.000000,23.573999,1.115000,-68,0.000000,7,8
1,21.000000,25.687000,0.225000,-68,0.000000,2,8
1,21.000000,23.274000,1.244000,-67,0.000000,7,8
1,21.000000,23.261999,0.489000,-68,0.000000,7,8
1,21.000000,23.261999,0.495000,-68,0.000000,7,8
1,21.000000,23.424000,1.161000,-67,0.000000,7,8
1,21.000000,23.221001,1.204000,-68,0.000000,7,8
1,21.000000,23.261999,0.660000,-68,0.000000,7,8
1,21.000000,24.037001,0.900000,-67,0.000000,7,8
1,21.000000,23.412001,1.346000,-68,0.000000,7,8
1,21.000000,23.100000,1.099000,-67,0.000000,7,8
1,21.000000,23.424000,0.982000,-67,0.000000,7,8
1,21.000000,22.753000,1.452000,-68,0.000000,7,8
1,21.000000,23.737000,0.901000,-68,0.000000,7,8
1,21.000000,24.037001,0.708000,-68,0.000000,7,8
1,21.000000,24.135000,0.933000,-68,0.000000,7,8
1,21.000000,23.100000,1.579000,-68,0.000000,7,8
1,21.000000,23.100000,0.924000,-68,0.000000,7,8
1,21.000000,23.587000,0.479000,-68,0.000000,7,8
1,21.000000,23.424000,0.664000,-67,0.000000,7,8
1,21.000000,23.231001,0.834000,-67,0.000000,7,8
1,21.000000,23.587000,0.580000,-67,0.000000,7,8
1,21.000000,23.412001,1.279000,-68,0.000000,7,8
1,21.000000,23.112000,1.233000,-67,0.000000,7,8
1,21.000000,23.573999,0.931000,-68,0.000000,7,8
1,21.000000,23.108999,0.485000,-67,0.000000,7,8
1,21.000000,23.100000,0.665000,-68,0.000000,7,8
1,21.000000,22.474001,1.351000,-68,0.000000,7,8
1,21.000000,23.261999,0.532000,-68,0.000000,7,8
1,21.000000,23.412001,1.002000,-67,0.000000,7,8
1,21.000000,23.100000,0.000000,-68,0.000000,1,8
1,21.000000,23.100000,0.607000,-67,0.000000,7,8
1,21.000000,23.424000,0.600000,-67,0.000000,7,8
1,21.000000,22.950001,1.661000,-68,0.000000,7,8
1,21.000000,23.424000,1.194000,-68,0.000000,7,8
1,21.000000,22.650000,1.684000,-68,0.000000,7,8
1,21.000000,23.568001,1.078000,-67,0.000000,7,8
1,21.000000,23.343000,0.489000,-67,0.000000,7,8
1,21.000000,22.799999,0.753000,-68,0.000000,7,8
1,21.000000,22.636999,1.507000,-67,0.000000,7,8
1,21.000000,23.924999,1.308000,-68,0.000000,7,8
1,21.000000,23.221001,0.635000,-67,0.000000,7,8
1,21.000000,23.112000,0.818000,-67,0.000000,7,8
1,21.000000,22.799999,0.680000,-67,0.000000,7,8
1,21.000000,23.261999,1.076000,-68,0.000000,7,8
1,21.000000,23.587000,1.024000,-68,0.000000,7,8
1,21.000000,23.424000,0.898000,-68,0.000000,7,8
1,21.000000,22.962000,1.055000,-68,0.000000,7,8
1,21.000000,24.198999,1.078000,-67,0.000000,7,8
1,21.000000,23.886999,0.492000,-68,0.000000,7,8
1,21.000000,23.100000,0.532000,-68,0.000000,7,8
1,21.000000,25.912001,0.000000,-68,0.000000,1,8
1,21.000000,23.112000,0.500000,-67,0.000000,7,8
1,21.000000,23.261999,1.195000,-67,0.000000,7,8
1,21.000000,23.424000,0.892000,-68,0.000000,7,8
1,21.000000,23.100000,0.668000,-67,0.000000,7,8
1,21.000000,23.424000,0.918000,-67,0.000000,7,8
1,21.000000,23.261999,1.208000,-67,0.000000,7,8
1,21.000000,23.112000,0.700000,-67,0.000000,7,8
1,21.000000,22.962000,0.682000,-68,0.000000,7,8
1,21.000000,23.261999,0.741000,-67,0.000000,7,8
1,21.000000,23.112000,1.357000,-67,0.000000,7,8
1,21.000000,23.100000,1.418000,-67,0.000000,7,8
1,21.000000,23.274000,0.961000,-67,0.000000,7,8
1,21.000000,22.799999,1.390000,-68,0.000000,7,8
1,21.000000,22.987000,0.809000,-67,0.000000,7,8
1,21.000000,23.100000,0.675000,-68,0.000000,5,8
1,21.000000,22.962000,0.713000,-67,0.000000,6,8
1,21.000000,23.118000,0.700000,-67,0.000000,5,8
1,21.000000,22.950001,1.367000,-68,0.000000,7,8
1,21.000000,23.274000,1.080000,-67,0.000000,7,8
1,21.000000,23.274000,0.762000,-67,0.000000,7,8
1,21.000000,22.799999,0.898000,-67,0.000000,7,8
1,21.000000,23.812000,0.220000,-67,0.000000,5,8
1,21.000000,23.886999,1.399000,-67,0.000000,7,8
1,21.000000,23.100000,1.142000,-67,0.000000,7,8
1,21.000000,23.274000,1.321000,-67,0.000000,7,8
1,21.000000,23.100000,1.392000,-67,0.000000,6,8
1,21.000000,22.987000,1.295000,-67,0.000000,7,8
1,21.000000,23.737000,1.023000,-67,0.000000,7,8
1,21.000000,23.274000,1.273000,-67,0.000000,7,8
1,21.000000,24.037001,0.000000,-67,0.000000,7,8
1,21.000000,23.100000,0.468000,-68,0.000000,7,8
1,21.000000,22.650000,0.915000,-68,0.000000,7,8
1,21.000000,24.049000,0.785000,-68,0.000000,7,8
1,21.000000,23.261999,0.418000,-68,0.000000,7,8
1,21.000000,22.950001,0.585000,-68,0.000000,7,8
1,21.000000,22.950001,0.585000,-68,0.000000,7,8
1,21.000000,22.950001,0.700000,-68,0.000000,7,8
1,21.000000,23.724001,0.972000,-68,0.000000,7,8
1,21.000000,23.274000,1.133000,-68,0.000000,7,8
1,21.000000,23.274000,0.977000,-68,0.000000,7,8
1,21.000000,23.490000,0.607000,-68,0.000000,7,8
1,21.000000,23.343000,0.481000,-68,0.000000,7,8
1,21.000000,23.924999,1.147000,-66,0.000000,7,8
1,21.000000,23.412001,0.992000,-67,0.000000,7,8
1,21.000000,23.353001,0.901000,-67,0.000000,7,8
1,21.000000,23.424000,0.883000,-67,0.000000,7,8
1,21.000000,23.587000,0.576000,-67,0.000000,7,8
1,21.000000,24.975000,0.519000,-67,0.000000,6,8
1,21.000000,24.159000,1.180000,-67,0.000000,7,8
1,21.000000,23.412001,0.670000,-67,0.000000,7,8
1,21.000000,24.037001,0.867000,-67,0.000000,7,8
1,21.000000,23.886999,0.996000,-67,0.000000,7,8
1,21.000000,23.343000,0.844000,-67,0.000000,7,8
1,21.000000,23.573999,0.996000,-67,0.000000,7,8
1,21.000000,23.587000,1.127000,-67,0.000000,5,8
1,21.000000,24.993000,0.468000,-67,0.000000,2,8
1,21.000000,23.573999,0.996000,-66,0.000000,7,8
1,21.000000,23.261999,0.495000,-67,0.000000,7,8
1,21.000000,23.573999,0.951000,-67,0.000000,7,8
1,21.000000,23.100000,1.389000,-67,0.000000,3,8
1,21.000000,24.037001,0.897000,-67,0.000000,7,8
1,21.000000,24.037001,0.967000,-67,0.000000,7,8
1,21.000000,23.577999,0.608000,-66,0.000000,7,8
1,21.000000,23.812000,0.835000,-67,0.000000,7,8
1,21.000000,23.573999,1.221000,-67,0.000000,7,8
1,21.000000,24.525000,1.059000,-67,0.000000,7,8
1,21.000000,24.837000,0.637000,-67,0.000000,7,8
1,21.000000,24.674999,0.994000,-66,0.000000,7,8
1,21.000000,24.662001,0.709000,-67,0.000000,7,8
1,21.000000,23.886999,0.934000,-66,0.000000,7,8
1,21.000000,24.049000,1.099000,-66,0.000000,7,8
1,21.000000,24.281000,1.006000,-67,0.000000,7,8
1,21.000000,24.037001,0.598000,-67,0.000000,7,8
1,21.000000,24.281000,0.700000,-67,0.000000,7,8
1,21.000000,23.737000,0.338000,-67,0.000000,7,8
1,21.000000,23.573999,1.314000,-67,0.000000,7,8
1,21.000000,24.037001,1.051000,-67,0.000000,7,8
1,21.000000,23.924999,0.725000,-67,0.000000,7,8
1,21.000000,23.899000,0.934000,-67,0.000000,7,8
1,21.000000,24.049000,0.430000,-67,0.000000,7,8
1,21.000000,24.993000,0.415000,-67,0.000000,7,8
1,21.000000,23.568001,0.323000,-67,0.000000,7,8
1,21.000000,24.056000,0.540000,-67,0.000000,7,8
1,21.000000,24.511999,0.936000,-66,0.000000,7,8
1,21.000000,23.412001,0.524000,-67,0.000000,6,8
1,21.000000,23.568001,0.528000,-67,0.000000,4,8
1,21.000000,24.674999,0.734000,-67,0.000000,7,8
1,21.000000,24.056000,0.582000,-67,0.000000,3,8
1,21.000000,24.837000,0.540000,-67,0.000000,7,8
1,21.000000,23.587000,0.898000,-67,0.000000,7,8
1,21.000000,24.975000,0.000000,-68,0.000000,1,8
1,21.000000,23.424000,0.415000,-67,0.000000,7,8
1,21.000000,23.737000,1.321000,-67,0.000000,7,8
1,21.000000,23.424000,1.102000,-67,0.000000,7,8
1,21.000000,22.650000,0.783000,-67,0.000000,7,8
1,21.000000,23.118000,0.881000,-67,0.000000,7,8
1,21.000000,23.261999,0.743000,-67,0.000000,7,8
1,21.000000,23.100000,0.702000,-67,0.000000,7,8
1,21.000000,23.231001,1.224000,-67,0.000000,7,8
1,21.000000,24.975000,0.000000,-68,0.000000,1,8
1,21.000000,23.465000,0.600000,-67,0.000000,7,8
1,21.000000,23.573999,1.034000,-67,0.000000,7,8
1,21.000000,24.511999,0.919000,-68,0.000000,7,8
1,21.000000,23.934000,1.226000,-68,0.000000,7,8
1,21.000000,23.724001,1.444000,-67,0.000000,7,8
1,21.000000,23.100000,1.338000,-66,0.000000,7,8
1,21.000000,23.737000,1.101000,-67,0.000000,7,8
1,21.000000,23.261999,0.647000,-67,0.000000,7,8
1,21.000000,23.424000,1.157000,-67,0.000000,7,8
1,21.000000,22.799999,1.453000,-67,0.000000,7,8
1,21.000000,22.650000,1.453000,-66,0.000000,7,8
1,21.000000,23.261999,1.711000,-67,0.000000,7,8
1,21.000000,23.424000,0.734000,-67,0.000000,7,8
1,21.000000,23.690001,1.274000,-67,0.000000,7,8
1,21.000000,23.112000,0.992000,-67,0.000000,7,8
1,21.000000,23.100000,0.708000,-67,0.000000,7,8
1,21.000000,23.587000,0.580000,-67,0.000000,5,8
1,21.000000,24.362000,1.003000,-67,0.000000,7,8
1,21.000000,24.281000,1.005000,-67,0.000000,7,8
1,21.000000,23.899000,0.787000,-67,0.000000,7,8
1,21.000000,24.662001,0.608000,-66,0.000000,7,8
1,21.000000,23.568001,0.927000,-66,0.000000,7,8
1,21.000000,23.737000,1.041000,-66,0.000000,7,8
1,21.000000,23.587000,1.053000,-66,0.000000,7,8
1,21.000000,23.424000,0.680000,-67,0.000000,7,8
1,21.000000,24.362000,0.783000,-67,0.000000,7,8
1,21.000000,24.049000,1.016000,-67,0.000000,7,8
1,21.000000,24.198999,0.423000,-67,0.000000,7,8
1,21.000000,23.737000,0.482000,-67,0.000000,7,8
1,21.000000,23.812000,0.607000,-67,0.000000,7,8
1,21.000000,25.136999,0.495000,-67,0.000000,7,8
1,21.000000,23.465000,1.162000,-67,0.000000,7,8
1,21.000000,23.587000,0.444000,-67,0.000000,7,8
1,21.000000,24.506001,0.551000,-67,0.000000,7,8
1,21.000000,23.424000,1.190000,-66,0.000000,7,8
1,21.000000,24.825001,0.637000,-66,0.000000,7,8
1,21.000000,23.899000,0.787000,-66,0.000000,7,8
1,21.000000,23.899000,0.895000,-66,0.000000,7,8
1,21.000000,24.212000,0.883000,-66,0.000000,7,8
1,21.000000,24.511999,0.660000,-66,0.000000,7,8
1,21.000000,23.587000,0.397000,-66,0.000000,7,8
1,21.000000,24.198999,0.794000,-66,0.000000,7,8
1,21.000000,23.412001,0.592000,-66,0.000000,7,8
1,21.000000,23.886999,0.389000,-67,0.000000,7,8
1,21.000000,24.511999,0.418000,-66,0.000000,7,8
