1,18.000000,17.672001,0.978000,-77,0.000000,7,8
1,18.000000,17.618000,0.854000,-78,0.000000,7,8
1,18.000000,17.632000,1.335000,-78,0.000000,7,8
1,18.000000,17.555000,0.715000,-77,0.000000,7,8
1,18.000000,17.648001,0.879000,-77,0.000000,7,8
1,18.000000,18.018999,0.884000,-78,0.000000,7,8
1,18.000000,18.309000,0.750000,-78,0.000000,7,8
1,18.000000,18.337000,1.270000,-78,0.000000,7,8
1,18.000000,18.110001,0.914000,-77,0.000000,7,8
1,18.000000,18.087000,0.320000,-75,0.000000,7,8
1,18.000000,17.584999,0.282000,-74,0.000000,7,8
1,18.000000,16.648001,0.452000,-74,0.000000,7,8
1,18.000000,16.219000,0.685000,-76,0.000000,7,8
1,18.000000,16.809999,0.318000,-75,0.000000,7,8
1,18.000000,17.704000,0.294000,-74,0.000000,7,8
1,18.000000,17.937000,1.324000,-76,0.000000,7,8
1,18.000000,17.554001,0.152000,-74,0.000000,7,8
1,18.000000,17.820000,0.166000,-74,0.000000,7,8
1,18.000000,16.841000,0.456000,-72,0.000000,7,8
1,18.000000,16.837999,0.415000,-73,0.000000,7,8
1,18.000000,17.194000,0.320000,-67,0.000000,7,8
1,18.000000,17.160000,0.439000,-72,0.000000,7,8
1,18.000000,17.000999,0.471000,-72,0.000000,7,8
1,18.000000,16.841000,0.578000,-72,0.000000,7,8
1,18.000000,16.879000,0.370000,-75,0.000000,7,8
1,18.000000,16.851000,2.184000,-77,0.000000,7,8
1,18.000000,16.719999,1.742000,-78,0.000000,7,8
1,18.000000,16.903999,0.439000,-73,0.000000,7,8
1,18.000000,16.919001,0.415000,-72,0.000000,7,8
1,18.000000,16.684999,0.493000,-70,0.000000,7,8
1,18.000000,16.888000,0.507000,-71,0.000000,7,8
1,18.000000,16.804001,0.546000,-80,0.000000,7,8
1,18.000000,16.888000,0.611000,-79,0.000000,7,8
1,18.000000,16.329000,0.688000,-76,0.000000,7,8
1,18.000000,16.888000,0.177000,-76,0.000000,7,8
1,18.000000,16.997999,0.406000,-77,0.000000,7,8
1,18.000000,17.878000,0.138000,-74,0.000000,7,8
1,18.000000,17.658001,0.944000,-79,0.000000,7,8
1,18.000000,17.451000,0.503000,-77,0.000000,7,8
1,18.000000,17.789000,0.543000,-81,0.000000,7,8
1,18.000000,17.313000,0.330000,-74,0.000000,7,8
1,18.000000,17.657000,0.272000,-77,0.000000,7,8
1,18.000000,17.457001,0.262000,-75,0.000000,7,8
1,18.000000,17.576000,0.270000,-74,0.000000,7,8
1,18.000000,17.179001,0.565000,-76,0.000000,7,8
1,18.000000,17.900999,0.500000,-79,0.000000,7,8
1,18.000000,16.966000,0.916000,-77,0.000000,7,8
1,18.000000,16.591000,1.132000,-76,0.000000,7,8
1,18.000000,17.701000,0.154000,-73,0.000000,7,8
1,18.000000,17.747999,0.161000,-74,0.000000,7,8
1,18.000000,17.591000,0.320000,-77,0.000000,7,8
1,18.000000,18.230000,0.375000,-74,0.000000,7,8
1,18.000000,17.819000,0.180000,-72,0.000000,7,8
1,18.000000,18.000000,1.323000,-77,0.000000,7,8
1,18.000000,17.528999,1.370000,-73,0.000000,7,8
1,18.000000,17.691000,0.556000,-73,0.000000,7,8
1,18.000000,17.038000,0.295000,-71,0.000000,7,8
1,18.000000,17.341000,0.450000,-74,0.000000,7,8
1,18.000000,17.148001,0.359000,-74,0.000000,7,8
1,18.000000,17.115999,0.296000,-71,0.000000,7,8
1,18.000000,16.954000,0.364000,-75,0.000000,7,8
1,18.000000,16.788000,0.428000,-72,0.000000,7,8
1,18.000000,16.490999,0.526000,-73,0.000000,7,8
1,18.000000,16.795000,0.472000,-73,0.000000,7,8
1,18.000000,17.025999,0.332000,-73,0.000000,7,8
1,18.000000,17.115999,0.252000,-75,0.000000,7,8
1,18.000000,17.273001,0.189000,-74,0.000000,7,8
1,18.000000,17.337999,0.168000,-72,0.000000,7,8
1,18.000000,17.473000,0.174000,-74,0.000000,7,8
1,18.000000,17.273001,0.202000,-75,0.000000,7,8
1,18.000000,17.160000,0.335000,-74,0.000000,7,8
1,18.000000,17.163000,0.335000,-73,0.000000,7,8
1,18.000000,17.076000,0.370000,-76,0.000000,7,8
1,18.000000,17.113001,0.353000,-76,0.000000,7,8
1,18.000000,17.298000,0.312000,-72,0.000000,7,8
1,18.000000,16.959999,0.344000,-74,0.000000,7,8
1,18.000000,16.957001,0.352000,-73,0.000000,7,8
1,18.000000,17.007000,0.270000,-71,0.000000,7,8
1,18.000000,17.110001,0.304000,-73,0.000000,7,8
1,18.000000,16.920000,0.371000,-72,0.000000,7,8
1,18.000000,16.719000,0.478000,-73,0.000000,7,8
1,18.000000,16.926001,0.367000,-71,0.000000,7,8
1,18.000000,16.832001,0.448000,-72,0.000000,7,8
1,18.000000,16.885000,0.359000,-70,0.000000,7,8
1,18.000000,17.510000,0.174000,-70,0.000000,7,8
1,18.000000,16.891001,0.427000,-70,0.000000,7,8
1,18.000000,16.962999,0.358000,-70,0.000000,7,8
1,18.000000,17.101000,0.282000,-78,0.000000,7,8
1,18.000000,16.920000,0.382000,-77,0.000000,7,8
1,18.000000,16.763000,0.465000,-72,0.000000,7,8
1,18.000000,17.693001,0.658000,-74,0.000000,7,8
1,18.000000,17.354000,0.312000,-73,0.000000,7,8
1,18.000000,17.702000,0.267000,-74,0.000000,7,8
1,18.000000,17.587000,1.726000,-73,0.000000,7,8
1,18.000000,17.735001,0.959000,-76,0.000000,7,8
1,18.000000,17.878000,0.506000,-77,0.000000,7,8
1,18.000000,17.854000,0.141000,-77,0.000000,7,8
1,18.000000,17.416000,0.402000,-79,0.000000,7,8
1,18.000000,17.429001,0.470000,-73,0.000000,7,8
1,18.000000,17.025999,0.405000,-72,0.000000,7,8
1,18.000000,17.025999,0.466000,-72,0.000000,7,8
1,18.000000,17.344000,0.209000,-69,0.000000,7,8
1,18.000000,16.676001,0.436000,-73,0.000000,7,8
1,18.000000,16.988001,0.359000,-73,0.000000,7,8
1,18.000000,17.035000,0.405000,-72,0.000000,7,8
1,18.000000,17.191000,0.262000,-72,0.000000,7,8
1,18.000000,16.957001,0.390000,-71,0.000000,7,8
1,18.000000,17.266001,0.229000,-72,0.000000,7,8
1,18.000000,17.582001,0.218000,-72,0.000000,7,8
1,18.000000,16.848000,0.343000,-74,0.000000,7,8
1,18.000000,17.784000,1.381000,-71,0.000000,7,8
1,18.000000,17.812000,0.220000,-73,0.000000,7,8
1,18.000000,17.000999,0.322000,-72,0.000000,7,8
1,18.000000,17.038000,0.301000,-74,0.000000,7,8
1,18.000000,17.733000,0.167000,-70,0.000000,7,8
1,18.000000,16.794001,0.489000,-71,0.000000,7,8
1,18.000000,17.273001,0.241000,-72,0.000000,7,8
1,18.000000,17.606001,1.072000,-72,0.000000,7,8
1,18.000000,17.735001,0.265000,-75,0.000000,7,8
1,18.000000,17.229000,0.238000,-72,0.000000,7,8
1,18.000000,16.523001,0.587000,-71,0.000000,7,8
1,18.000000,17.723000,0.251000,-70,0.000000,7,8
1,18.000000,17.153999,0.300000,-69,0.000000,7,8
1,18.000000,17.007000,0.379000,-69,0.000000,7,8
1,18.000000,17.229000,0.178000,-69,0.000000,7,8
1,18.000000,17.191000,0.256000,-72,0.000000,7,8
1,18.000000,17.538000,0.127000,-68,0.000000,7,8
1,18.000000,17.260000,0.234000,-71,0.000000,7,8
1,18.000000,17.393999,0.250000,-69,0.000000,7,8
1,18.000000,17.657000,0.121000,-73,0.000000,7,8
1,18.000000,17.962000,0.567000,-71,0.000000,7,8
1,18.000000,17.552000,0.594000,-71,0.000000,7,8
1,18.000000,17.153999,0.274000,-67,0.000000,7,8
1,18.000000,17.489000,0.368000,-74,0.000000,7,8
1,18.000000,17.579000,0.172000,-74,0.000000,7,8
1,18.000000,17.606001,0.188000,-71,0.000000,7,8
1,18.000000,16.966000,0.399000,-72,0.000000,7,8
1,18.000000,16.601000,0.563000,-72,0.000000,7,8
1,18.000000,16.888000,0.393000,-68,0.000000,7,8
1,18.000000,17.544001,0.151000,-74,0.000000,7,8
1,18.000000,17.041000,0.279000,-69,0.000000,7,8
1,18.000000,17.351000,0.259000,-71,0.000000,7,8
1,18.000000,17.782000,0.288000,-72,0.000000,7,8
1,18.000000,17.238001,0.292000,-71,0.000000,7,8
1,18.000000,17.038000,0.404000,-69,0.000000,7,8
1,18.000000,16.919001,0.366000,-66,0.000000,7,8
1,18.000000,17.836000,0.426000,-72,0.000000,7,8
1,18.000000,16.997999,0.499000,-73,0.000000,7,8
1,18.000000,16.556999,0.540000,-70,0.000000,7,8
1,18.000000,16.676001,0.547000,-69,0.000000,7,8
1,18.000000,16.966000,0.239000,-72,0.000000,7,8
1,18.000000,16.969000,0.381000,-69,0.000000,7,8
1,18.000000,17.115999,0.509000,-76,0.000000,7,8
1,18.000000,17.528999,0.187000,-75,0.000000,7,8
1,18.000000,18.162001,0.497000,-78,0.000000,7,8
1,18.000000,16.750999,0.829000,-78,0.000000,7,8
1,18.000000,16.528999,0.339000,-72,0.000000,7,8
1,18.000000,17.670000,0.292000,-75,0.000000,7,8
1,18.000000,17.778999,0.257000,-76,0.000000,7,8
1,18.000000,18.225000,2.094000,-78,0.000000,7,8
1,18.000000,18.476000,0.267000,-75,0.000000,7,8
1,18.000000,19.983000,0.876000,-77,0.000000,7,8
1,18.000000,17.070000,1.413000,-74,0.000000,7,8
1,18.000000,17.735001,1.616000,-77,0.000000,7,8
1,18.000000,17.972000,0.402000,-79,0.000000,7,8
1,18.000000,17.775999,0.275000,-79,0.000000,7,8
1,18.000000,18.312000,1.223000,-80,0.000000,7,8
1,18.000000,18.049000,0.859000,-78,0.000000,7,8
1,18.000000,17.735001,1.378000,-81,0.000000,7,8
1,18.000000,17.966999,0.355000,-80,0.000000,7,8
1,18.000000,17.841000,0.913000,-76,0.000000,7,8
1,18.000000,17.604000,0.313000,-78,0.000000,7,8
1,18.000000,17.958000,0.171000,-74,0.000000,7,8
1,18.000000,18.225000,0.208000,-74,0.000000,7,8
1,18.000000,17.663000,0.216000,-77,0.000000,7,8
1,18.000000,17.899000,0.352000,-75,0.000000,7,8
1,18.000000,17.882999,0.433000,-75,0.000000,7,8
1,18.000000,17.990999,0.382000,-76,0.000000,7,8
1,18.000000,17.815001,0.382000,-76,0.000000,7,8
1,18.000000,17.848000,0.241000,-75,0.000000,7,8
1,18.000000,17.972000,0.382000,-74,0.000000,7,8
1,18.000000,17.895000,0.915000,-74,0.000000,7,8
1,18.000000,18.131001,0.574000,-73,0.000000,7,8
1,18.000000,17.882999,1.144000,-73,0.000000,7,8
1,18.000000,17.693001,1.191000,-73,0.000000,7,8
1,18.000000,17.667000,1.387000,-73,0.000000,7,8
1,18.000000,17.667000,0.488000,-74,0.000000,7,8
1,18.000000,17.226000,0.325000,-74,0.000000,7,8
1,18.000000,17.962000,0.246000,-75,0.000000,7,8
1,18.000000,17.813000,0.361000,-75,0.000000,7,8
1,18.000000,17.899000,0.204000,-76,0.000000,7,8
1,18.000000,18.462000,0.760000,-77,0.000000,7,8
1,18.000000,17.348000,0.492000,-76,0.000000,7,8
1,18.000000,17.454000,0.504000,-76,0.000000,7,8
1,18.000000,18.164000,0.422000,-77,0.000000,7,8
1,18.000000,18.087000,0.707000,-77,0.000000,7,8
1,18.000000,18.037001,0.762000,-80,0.000000,7,8
1,18.000000,17.902000,0.897000,-78,0.000000,7,8
1,18.000000,17.822001,0.603000,-80,0.000000,7,8
1,18.000000,17.990999,0.837000,-81,0.000000,7,8
1,18.000000,17.955000,0.295000,-79,0.000000,7,8
1,18.000000,17.966999,0.381000,-76,0.000000,7,8
1,18.000000,17.944000,0.654000,-74,0.000000,7,8
1,18.000000,17.910999,0.681000,-74,0.000000,7,8
1,18.000000,17.653999,0.217000,-75,0.000000,7,8
1,18.000000,17.841000,0.198000,-75,0.000000,7,8
1,18.000000,17.843000,0.574000,-74,0.000000,7,8
1,18.000000,17.966999,0.393000,-74,0.000000,7,8
1,18.000000,17.419001,0.219000,-74,0.000000,7,8
1,18.000000,16.957001,0.434000,-73,0.000000,7,8
1,18.000000,17.135000,0.359000,-74,0.000000,7,8
1,18.000000,17.191000,0.309000,-73,0.000000,7,8
1,18.000000,17.306999,0.259000,-74,0.000000,7,8
1,18.000000,17.188000,0.286000,-74,0.000000,7,8
1,18.000000,16.804001,0.520000,-74,0.000000,7,8
1,18.000000,17.076000,0.385000,-73,0.000000,7,8
1,18.000000,17.306999,0.327000,-76,0.000000,7,8
1,18.000000,17.855000,0.911000,-75,0.000000,7,8
1,18.000000,17.791000,1.082000,-74,0.000000,7,8
1,18.000000,17.756001,1.302000,-73,0.000000,7,8
1,18.000000,17.756001,1.024000,-73,0.000000,7,8
1,18.000000,17.735001,0.715000,-72,0.000000,7,8
1,18.000000,17.691000,0.126000,-73,0.000000,7,8
1,18.000000,17.082001,0.356000,-76,0.000000,7,8
1,18.000000,17.375999,0.231000,-76,0.000000,7,8
1,18.000000,17.084999,0.386000,-75,0.000000,7,8
1,18.000000,17.160000,0.327000,-76,0.000000,7,8
1,18.000000,17.101000,0.407000,-75,0.000000,7,8
1,18.000000,16.791000,0.530000,-76,0.000000,7,8
1,18.000000,16.916000,0.453000,-77,0.000000,7,8
1,18.000000,16.957001,0.451000,-78,0.000000,7,8
1,18.000000,16.885000,0.459000,-76,0.000000,7,8
1,18.000000,17.150999,0.360000,-75,0.000000,7,8
1,18.000000,16.829000,0.494000,-75,0.000000,7,8
1,18.000000,16.801001,0.526000,-75,0.000000,7,8
1,18.000000,16.879000,0.474000,-74,0.000000,7,8
1,18.000000,16.926001,0.408000,-74,0.000000,7,8
1,18.000000,17.260000,0.280000,-74,0.000000,7,8
1,18.000000,16.923000,0.439000,-73,0.000000,7,8
1,18.000000,16.903999,0.470000,-74,0.000000,7,8
1,18.000000,16.832001,0.496000,-74,0.000000,7,8
1,18.000000,16.879000,0.477000,-74,0.000000,7,8
1,18.000000,16.809999,0.465000,-76,0.000000,7,8
1,18.000000,16.635000,0.598000,-76,0.000000,7,8
1,18.000000,16.650999,0.634000,-75,0.000000,7,8
1,18.000000,16.879000,0.475000,-73,0.000000,7,8
1,18.000000,16.959999,0.498000,-73,0.000000,7,8
1,18.000000,16.635000,0.570000,-75,0.000000,7,8
1,18.000000,16.851000,0.486000,-72,0.000000,7,8
1,18.000000,17.023001,0.365000,-70,0.000000,7,8
1,18.000000,16.598000,0.603000,-74,0.000000,7,8
1,18.000000,16.841000,0.460000,-75,0.000000,7,8
1,18.000000,16.910000,0.380000,-75,0.000000,7,8
1,18.000000,16.809999,0.452000,-75,0.000000,7,8
1,18.000000,16.851000,0.471000,-75,0.000000,7,8
1,18.000000,16.691000,0.572000,-73,0.000000,7,8
1,18.000000,16.865999,0.493000,-73,0.000000,7,8
1,18.000000,16.848000,0.506000,-73,0.000000,7,8
1,18.000000,17.226000,0.338000,-73,0.000000,7,8
1,18.000000,17.194000,0.349000,-73,0.000000,7,8
1,18.000000,16.959999,0.426000,-74,0.000000,7,8
1,18.000000,16.990999,0.374000,-73,0.000000,7,8
1,18.000000,17.066000,0.437000,-74,0.000000,7,8
1,18.000000,17.188000,0.352000,-73,0.000000,7,8
1,18.000000,16.923000,0.458000,-73,0.000000,7,8
1,18.000000,16.957001,0.444000,-72,0.000000,7,8
1,18.000000,16.757000,0.545000,-71,0.000000,7,8
1,18.000000,16.907000,0.438000,-70,0.000000,7,8
1,18.000000,16.882000,0.488000,-73,0.000000,7,8
1,18.000000,17.066000,0.344000,-73,0.000000,7,8
1,18.000000,17.622999,0.216000,-74,0.000000,7,8
1,18.000000,17.784000,0.663000,-73,0.000000,7,8
1,18.000000,17.878000,0.284000,-73,0.000000,7,8
1,18.000000,17.510000,0.207000,-74,0.000000,7,8
1,18.000000,17.341000,0.199000,-74,0.000000,7,8
1,18.000000,17.493999,0.218000,-74,0.000000,7,8
1,18.000000,17.423000,0.192000,-76,0.000000,7,8
1,18.000000,17.348000,0.196000,-78,0.000000,7,8
1,18.000000,17.789000,1.892000,-77,0.000000,7,8
1,18.000000,17.507000,0.238000,-77,0.000000,7,8
1,18.000000,17.913000,0.470000,-77,0.000000,7,8
1,18.000000,17.836000,0.108000,-80,0.000000,7,8
1,18.000000,17.763000,0.273000,-77,0.000000,7,8
1,18.000000,18.040001,0.946000,-78,0.000000,7,8
1,18.000000,17.973000,0.187000,-79,0.000000,7,8
1,18.000000,17.188000,0.356000,-71,0.000000,7,8
1,18.000000,16.888000,0.451000,-73,0.000000,7,8
1,18.000000,17.610001,0.321000,-72,0.000000,7,8
1,18.000000,17.235001,0.272000,-74,0.000000,7,8
1,18.000000,17.223000,0.277000,-73,0.000000,7,8
1,18.000000,17.076000,0.371000,-69,0.000000,7,8
1,18.000000,17.544001,0.223000,-73,0.000000,7,8
1,18.000000,17.260000,0.272000,-74,0.000000,7,8
1,18.000000,17.145000,0.339000,-74,0.000000,7,8
1,18.000000,17.113001,0.355000,-73,0.000000,7,8
1,18.000000,17.582001,0.149000,-70,0.000000,7,8
1,18.000000,16.966000,0.444000,-70,0.000000,7,8
1,18.000000,17.309999,0.302000,-70,0.000000,7,8
1,18.000000,17.104000,0.401000,-71,0.000000,7,8
1,18.000000,17.309999,0.297000,-72,0.000000,7,8
1,18.000000,17.573000,0.180000,-72,0.000000,7,8
1,18.000000,17.466000,0.237000,-71,0.000000,7,8
1,18.000000,17.379000,0.283000,-71,0.000000,7,8
1,18.000000,16.882000,0.447000,-73,0.000000,7,8
1,18.000000,16.962999,0.422000,-73,0.000000,7,8
1,18.000000,17.118999,0.325000,-76,0.000000,7,8
1,18.000000,17.365999,0.214000,-73,0.000000,7,8
1,18.000000,17.337999,0.261000,-71,0.000000,7,8
1,18.000000,17.188000,0.375000,-71,0.000000,7,8
1,18.000000,17.707001,0.099000,-70,0.000000,7,8
1,18.000000,17.541000,0.235000,-69,0.000000,7,8
1,18.000000,17.388000,0.331000,-71,0.000000,7,8
1,18.000000,17.135000,0.418000,-73,0.000000,7,8
1,18.000000,17.004000,0.401000,-72,0.000000,7,8
1,18.000000,16.988001,0.454000,-75,0.000000,7,8
1,18.000000,17.497999,0.181000,-72,0.000000,7,8
1,18.000000,17.756001,0.127000,-73,0.000000,7,8
1,18.000000,17.459999,0.198000,-68,0.000000,7,8
1,18.000000,17.878000,1.201000,-71,0.000000,7,8
1,18.000000,17.882999,0.123000,-72,0.000000,7,8
1,18.000000,17.385000,0.292000,-69,0.000000,7,8
1,18.000000,17.663000,0.231000,-71,0.000000,7,8
1,18.000000,17.278999,0.350000,-69,0.000000,7,8
1,18.000000,17.379000,0.316000,-71,0.000000,7,8
1,18.000000,17.059999,0.495000,-70,0.000000,7,8
1,18.000000,17.391001,0.317000,-71,0.000000,7,8
1,18.000000,17.375999,0.331000,-70,0.000000,7,8
1,18.000000,17.041000,0.454000,-71,0.000000,7,8
1,18.000000,17.573000,0.237000,-71,0.000000,7,8
1,18.000000,17.413000,0.320000,-73,0.000000,7,8
1,18.000000,17.153999,0.365000,-73,0.000000,7,8
1,18.000000,17.038000,0.417000,-73,0.000000,7,8
1,18.000000,17.226000,0.356000,-72,0.000000,7,8
1,18.000000,17.007000,0.467000,-72,0.000000,7,8
1,18.000000,16.966000,0.504000,-71,0.000000,7,8
1,18.000000,16.951000,0.475000,-71,0.000000,7,8
1,18.000000,16.966000,0.502000,-71,0.000000,7,8
1,18.000000,17.084999,0.451000,-70,0.000000,7,8
1,18.000000,17.007000,0.487000,-69,0.000000,7,8
1,18.000000,16.888000,0.548000,-69,0.000000,7,8
1,18.000000,16.879000,0.550000,-69,0.000000,7,8
1,18.000000,16.929001,0.513000,-70,0.000000,7,8
1,18.000000,17.063000,0.405000,-70,0.000000,7,8
1,18.000000,17.313000,0.300000,-70,0.000000,7,8
1,18.000000,17.306999,0.334000,-70,0.000000,7,8
1,18.000000,17.516001,0.190000,-70,0.000000,7,8
1,18.000000,17.304001,0.280000,-70,0.000000,7,8
1,18.000000,17.148001,0.341000,-71,0.000000,7,8
1,18.000000,17.451000,0.235000,-71,0.000000,7,8
1,18.000000,17.466000,0.214000,-71,0.000000,7,8
1,18.000000,17.423000,0.261000,-70,0.000000,7,8
1,18.000000,17.238001,0.373000,-70,0.000000,7,8
1,18.000000,17.500999,0.207000,-71,0.000000,7,8
1,18.000000,17.232000,0.349000,-70,0.000000,7,8
1,18.000000,17.375999,0.341000,-71,0.000000,7,8
1,18.000000,17.266001,0.360000,-71,0.000000,7,8
1,18.000000,17.201000,0.403000,-70,0.000000,7,8
1,18.000000,17.382000,0.276000,-69,0.000000,7,8
1,18.000000,17.379000,0.263000,-69,0.000000,7,8
1,18.000000,17.191000,0.355000,-68,0.000000,7,8
1,18.000000,17.073000,0.383000,-71,0.000000,7,8
1,18.000000,17.938999,0.255000,-75,0.000000,7,8
1,18.000000,17.201000,0.408000,-70,0.000000,7,8
1,18.000000,17.076000,0.383000,-69,0.000000,7,8
1,18.000000,17.393999,0.280000,-69,0.000000,7,8
1,18.000000,16.954000,0.430000,-70,0.000000,7,8
1,18.000000,16.959999,0.463000,-71,0.000000,7,8
1,18.000000,17.038000,0.406000,-72,0.000000,7,8
1,18.000000,17.260000,0.377000,-72,0.000000,7,8
1,18.000000,17.298000,0.323000,-72,0.000000,7,8
1,18.000000,17.591000,0.270000,-73,0.000000,7,8
1,18.000000,17.309999,0.328000,-72,0.000000,7,8
1,18.000000,17.198000,0.399000,-73,0.000000,7,8
1,18.000000,17.500999,0.283000,-73,0.000000,7,8
1,18.000000,17.934999,0.204000,-73,0.000000,7,8
1,18.000000,17.698000,0.187000,-71,0.000000,7,8
1,18.000000,17.768999,0.166000,-69,0.000000,7,8
1,18.000000,17.538000,0.200000,-67,0.000000,7,8
1,18.000000,17.232000,0.276000,-68,0.000000,7,8
1,18.000000,17.551001,0.195000,-68,0.000000,7,8
1,18.000000,17.773001,0.141000,-65,0.000000,7,8
1,18.000000,17.429001,0.286000,-70,0.000000,7,8
1,18.000000,17.860001,0.121000,-67,0.000000,7,8
1,18.000000,17.820000,0.153000,-73,0.000000,7,8
1,18.000000,17.735001,0.189000,-71,0.000000,7,8
1,18.000000,17.698000,0.101000,-68,0.000000,7,8
1,18.000000,16.990999,0.421000,-69,0.000000,7,8
1,18.000000,17.104000,0.360000,-72,0.000000,7,8
1,18.000000,17.079000,0.388000,-71,0.000000,7,8
1,18.000000,17.007000,0.440000,-71,0.000000,7,8
1,18.000000,17.035000,0.428000,-70,0.000000,7,8
1,18.000000,17.219000,0.448000,-73,0.000000,7,8
1,18.000000,17.385000,0.339000,-72,0.000000,7,8
1,18.000000,17.298000,0.397000,-70,0.000000,7,8
1,18.000000,17.663000,0.263000,-71,0.000000,7,8
1,18.000000,17.579000,0.317000,-72,0.000000,7,8
1,18.000000,17.878000,0.425000,-73,0.000000,7,8
1,18.000000,17.850000,2.533000,-73,0.000000,7,8
1,18.000000,17.855000,0.952000,-74,0.000000,7,8
1,18.000000,17.466000,0.279000,-73,0.000000,7,8
1,18.000000,17.429001,0.229000,-72,0.000000,7,8
1,18.000000,17.191000,0.314000,-72,0.000000,7,8
1,18.000000,17.153999,0.325000,-71,0.000000,7,8
1,18.000000,17.188000,0.397000,-70,0.000000,7,8
1,18.000000,17.573000,0.236000,-71,0.000000,7,8
1,18.000000,17.809999,0.156000,-77,0.000000,7,8
1,18.000000,17.737000,0.780000,-73,0.000000,7,8
1,18.000000,17.416000,0.168000,-69,0.000000,7,8
1,18.000000,17.337999,0.357000,-69,0.000000,7,8
1,18.000000,17.723000,0.623000,-76,0.000000,7,8
1,18.000000,17.348000,0.298000,-69,0.000000,7,8
1,18.000000,17.229000,0.290000,-73,0.000000,7,8
1,18.000000,16.948000,0.342000,-67,0.000000,7,8
1,18.000000,17.812000,0.388000,-76,0.000000,7,8
1,18.000000,17.216000,0.315000,-68,0.000000,7,8
1,18.000000,17.791000,0.469000,-72,0.000000,7,8
1,18.000000,17.993000,0.701000,-70,0.000000,7,8
1,18.000000,17.532000,0.218000,-73,0.000000,7,8
1,18.000000,17.812000,0.428000,-70,0.000000,7,8
1,18.000000,18.045000,1.043000,-75,0.000000,7,8
1,18.000000,17.448000,0.285000,-70,0.000000,7,8
1,18.000000,17.219999,0.287000,-68,0.000000,7,8
1,18.000000,17.454000,0.233000,-69,0.000000,7,8
1,18.000000,17.344000,0.285000,-71,0.000000,7,8
1,18.000000,17.309999,0.285000,-73,0.000000,7,8
1,18.000000,17.181999,0.316000,-73,0.000000,7,8
1,18.000000,17.535000,0.130000,-71,0.000000,7,8
1,18.000000,16.966000,0.463000,-72,0.000000,7,8
1,18.000000,17.298000,0.278000,-71,0.000000,7,8
1,18.000000,17.927000,0.180000,-71,0.000000,7,8
1,18.000000,18.125999,0.075000,-71,0.000000,7,8
1,18.000000,18.141001,0.726000,-73,0.000000,7,8
1,18.000000,17.082001,0.465000,-72,0.000000,7,8
1,18.000000,17.934999,0.276000,-74,0.000000,7,8
1,18.000000,17.841000,0.182000,-74,0.000000,7,8
1,18.000000,18.340000,0.709000,-73,0.000000,7,8
1,18.000000,18.218000,1.174000,-72,0.000000,7,8
1,18.000000,17.379000,0.546000,-75,0.000000,7,8
1,18.000000,17.610001,0.384000,-75,0.000000,7,8
1,18.000000,18.232000,0.232000,-79,0.000000,7,8
1,18.000000,17.226000,0.891000,-78,0.000000,7,8
1,18.000000,17.837999,0.281000,-77,0.000000,7,8
1,18.000000,17.641001,0.176000,-77,0.000000,7,8
1,18.000000,17.229000,0.315000,-75,0.000000,7,8
1,18.000000,17.929001,0.132000,-75,0.000000,7,8
1,18.000000,17.707001,0.115000,-74,0.000000,7,8
1,18.000000,17.076000,0.393000,-73,0.000000,7,8
1,18.000000,17.841000,0.287000,-72,0.000000,7,8
1,18.000000,16.993999,0.408000,-72,0.000000,7,8
1,18.000000,17.273001,0.287000,-70,0.000000,7,8
1,18.000000,17.184999,0.338000,-73,0.000000,7,8
1,18.000000,17.059999,0.387000,-70,0.000000,7,8
1,18.000000,17.035000,0.349000,-70,0.000000,7,8
1,18.000000,16.923000,0.460000,-70,0.000000,7,8
1,18.000000,16.613001,0.620000,-71,0.000000,7,8
1,18.000000,16.959999,0.525000,-74,0.000000,7,8
1,18.000000,17.788000,0.208000,-74,0.000000,7,8
1,18.000000,17.900999,0.276000,-75,0.000000,7,8
1,18.000000,18.082001,0.821000,-72,0.000000,7,8
1,18.000000,18.052000,0.667000,-75,0.000000,7,8
1,18.000000,18.014000,0.182000,-77,0.000000,7,8
1,18.000000,17.841000,0.170000,-74,0.000000,7,8
1,18.000000,17.157000,0.305000,-73,0.000000,7,8
1,18.000000,17.226000,0.220000,-72,0.000000,7,8
1,18.000000,17.235001,0.265000,-72,0.000000,7,8
1,18.000000,17.726000,0.095000,-69,0.000000,7,8
1,18.000000,17.723000,1.706000,-72,0.000000,7,8
1,18.000000,17.634001,1.346000,-72,0.000000,7,8
1,18.000000,17.660000,0.091000,-74,0.000000,7,8
1,18.000000,17.636999,0.120000,-72,0.000000,7,8
1,18.000000,17.733000,0.224000,-71,0.000000,7,8
1,18.000000,17.787001,0.523000,-72,0.000000,7,8
1,18.000000,17.756001,1.246000,-72,0.000000,7,8
1,18.000000,17.761000,1.003000,-73,0.000000,7,8
1,18.000000,17.794001,0.167000,-74,0.000000,7,8
1,18.000000,17.382000,0.296000,-74,0.000000,7,8
1,18.000000,17.895000,0.100000,-73,0.000000,7,8
1,18.000000,17.660000,0.220000,-74,0.000000,7,8
1,18.000000,16.875999,0.502000,-71,0.000000,7,8
1,18.000000,17.038000,0.387000,-70,0.000000,7,8
1,18.000000,16.969000,0.380000,-72,0.000000,7,8
1,18.000000,16.747999,0.477000,-70,0.000000,7,8
1,18.000000,17.076000,0.337000,-71,0.000000,7,8
1,18.000000,16.837999,0.475000,-71,0.000000,7,8
1,18.000000,16.941000,0.424000,-71,0.000000,7,8
1,18.000000,16.801001,0.514000,-71,0.000000,7,8
1,18.000000,16.804001,0.446000,-70,0.000000,7,8
1,18.000000,16.959999,0.423000,-70,0.000000,7,8
1,18.000000,17.184999,0.295000,-71,0.000000,7,8
1,18.000000,16.766001,0.501000,-70,0.000000,7,8
1,18.000000,16.882000,0.443000,-70,0.000000,7,8
1,18.000000,16.832001,0.483000,-70,0.000000,7,8
1,18.000000,16.926001,0.399000,-71,0.000000,7,8
1,18.000000,16.951000,0.417000,-70,0.000000,7,8
1,18.000000,16.907000,0.451000,-70,0.000000,7,8
1,18.000000,16.997999,0.416000,-71,0.000000,7,8
1,18.000000,16.834999,0.501000,-71,0.000000,7,8
1,18.000000,16.770000,0.452000,-71,0.000000,7,8
1,18.000000,16.923000,0.427000,-72,0.000000,7,8
1,18.000000,16.929001,0.389000,-71,0.000000,7,8
1,18.000000,16.995001,0.405000,-74,0.000000,7,8
1,18.000000,16.995001,0.448000,-75,0.000000,7,8
1,18.000000,16.962999,0.382000,-72,0.000000,7,8
1,18.000000,17.260000,0.326000,-73,0.000000,7,8
1,18.000000,17.032000,0.410000,-72,0.000000,7,8
1,18.000000,16.813000,0.452000,-73,0.000000,7,8
1,18.000000,16.791000,0.525000,-73,0.000000,7,8
1,18.000000,17.000999,0.369000,-72,0.000000,7,8
1,18.000000,16.923000,0.394000,-73,0.000000,7,8
1,18.000000,16.916000,0.414000,-73,0.000000,7,8
1,18.000000,17.073000,0.323000,-71,0.000000,7,8
1,18.000000,16.841000,0.446000,-72,0.000000,7,8
1,18.000000,16.907000,0.446000,-72,0.000000,7,8
1,18.000000,16.929001,0.435000,-72,0.000000,7,8
1,18.000000,16.848000,0.414000,-72,0.000000,7,8
1,18.000000,16.959999,0.365000,-72,0.000000,7,8
1,18.000000,16.841000,0.478000,-72,0.000000,7,8
1,18.000000,16.959999,0.438000,-71,0.000000,7,8
1,18.000000,16.834999,0.434000,-71,0.000000,7,8
1,18.000000,16.982000,0.381000,-71,0.000000,7,8
1,18.000000,16.798000,0.480000,-71,0.000000,7,8
1,18.000000,16.954000,0.371000,-71,0.000000,7,8
1,18.000000,16.754000,0.506000,-72,0.000000,7,8
1,18.000000,17.007000,0.379000,-72,0.000000,7,8
1,18.000000,16.879000,0.422000,-72,0.000000,7,8
1,18.000000,16.848000,0.455000,-72,0.000000,7,8
1,18.000000,16.920000,0.423000,-71,0.000000,7,8
1,18.000000,16.966000,0.389000,-71,0.000000,7,8
1,18.000000,16.766001,0.512000,-72,0.000000,7,8
1,18.000000,16.954000,0.440000,-72,0.000000,7,8
1,18.000000,16.926001,0.475000,-72,0.000000,7,8
1,18.000000,17.110001,0.337000,-71,0.000000,7,8
1,18.000000,17.076000,0.357000,-72,0.000000,7,8
1,18.000000,16.798000,0.517000,-71,0.000000,7,8
1,18.000000,17.063000,0.337000,-71,0.000000,7,8
1,18.000000,16.885000,0.452000,-72,0.000000,7,8
1,18.000000,17.148001,0.273000,-71,0.000000,7,8
1,18.000000,17.038000,0.380000,-71,0.000000,7,8
1,18.000000,16.945000,0.421000,-71,0.000000,7,8
1,18.000000,17.028999,0.383000,-71,0.000000,7,8
1,18.000000,17.038000,0.361000,-71,0.000000,7,8
1,18.000000,16.844000,0.452000,-71,0.000000,7,8
1,18.000000,16.875999,0.430000,-71,0.000000,7,8
1,18.000000,16.951000,0.367000,-71,0.000000,7,8
1,18.000000,16.997999,0.390000,-71,0.000000,7,8
1,18.000000,16.997999,0.379000,-70,0.000000,7,8
1,18.000000,16.959999,0.351000,-70,0.000000,7,8
1,18.000000,16.951000,0.407000,-70,0.000000,7,8
1,18.000000,17.032000,0.351000,-70,0.000000,7,8
1,18.000000,17.032000,0.369000,-71,0.000000,7,8
1,18.000000,17.079000,0.307000,-71,0.000000,7,8
1,18.000000,17.104000,0.316000,-71,0.000000,7,8
1,18.000000,17.082001,0.350000,-71,0.000000,7,8
1,18.000000,17.063000,0.382000,-71,0.000000,7,8
1,18.000000,17.032000,0.359000,-71,0.000000,7,8
1,18.000000,17.082001,0.358000,-71,0.000000,7,8
1,18.000000,16.988001,0.408000,-71,0.000000,7,8
1,18.000000,16.875999,0.446000,-71,0.000000,7,8
1,18.000000,16.841000,0.476000,-71,0.000000,7,8
1,18.000000,17.110001,0.374000,-71,0.000000,7,8
1,18.000000,17.076000,0.382000,-71,0.000000,7,8
1,18.000000,17.079000,0.360000,-71,0.000000,7,8
1,18.000000,17.082001,0.379000,-71,0.000000,7,8
1,18.000000,17.063000,0.369000,-72,0.000000,7,8
1,18.000000,16.993999,0.426000,-72,0.000000,7,8
1,18.000000,17.035000,0.384000,-72,0.000000,7,8
1,18.000000,17.104000,0.356000,-71,0.000000,7,8
1,18.000000,17.079000,0.318000,-71,0.000000,7,8
1,18.000000,17.041000,0.335000,-71,0.000000,7,8
1,18.000000,17.032000,0.360000,-71,0.000000,7,8
1,18.000000,17.038000,0.316000,-71,0.000000,7,8
1,18.000000,16.957001,0.323000,-72,0.000000,7,8
1,18.000000,16.923000,0.343000,-71,0.000000,7,8
1,18.000000,16.948000,0.399000,-71,0.000000,7,8
1,18.000000,16.910000,0.429000,-71,0.000000,7,8
1,18.000000,16.993999,0.392000,-71,0.000000,7,8
1,18.000000,16.875999,0.408000,-71,0.000000,7,8
1,18.000000,16.938000,0.407000,-71,0.000000,7,8
1,18.000000,16.997999,0.347000,-70,0.000000,7,8
1,18.000000,17.025999,0.356000,-70,0.000000,7,8
1,18.000000,17.032000,0.331000,-70,0.000000,7,8
1,18.000000,17.038000,0.308000,-70,0.000000,7,8
1,18.000000,17.073000,0.365000,-70,0.000000,7,8
1,18.000000,16.997999,0.374000,-70,0.000000,7,8
1,18.000000,16.959999,0.406000,-70,0.000000,7,8
1,18.000000,17.104000,0.314000,-70,0.000000,7,8
1,18.000000,17.035000,0.374000,-70,0.000000,7,8
1,18.000000,16.962999,0.353000,-70,0.000000,7,8
1,18.000000,16.985001,0.375000,-70,0.000000,7,8
1,18.000000,17.110001,0.332000,-70,0.000000,7,8
1,18.000000,17.082001,0.317000,-70,0.000000,7,8
1,18.000000,17.070000,0.318000,-70,0.000000,7,8
1,18.000000,16.966000,0.385000,-70,0.000000,7,8
1,18.000000,16.923000,0.412000,-70,0.000000,7,8
1,18.000000,16.907000,0.423000,-70,0.000000,7,8
1,18.000000,17.032000,0.339000,-70,0.000000,7,8
1,18.000000,17.141001,0.285000,-70,0.000000,7,8
1,18.000000,17.079000,0.323000,-70,0.000000,7,8
1,18.000000,17.110001,0.308000,-69,0.000000,7,8
1,18.000000,16.951000,0.406000,-70,0.000000,7,8
1,18.000000,17.143999,0.292000,-70,0.000000,7,8
1,18.000000,17.229000,0.234000,-70,0.000000,7,8
1,18.000000,17.044001,0.370000,-71,0.000000,7,8
1,18.000000,17.148001,0.289000,-70,0.000000,7,8
1,18.000000,17.107000,0.356000,-70,0.000000,7,8
1,18.000000,17.000999,0.372000,-70,0.000000,7,8
1,18.000000,17.000999,0.350000,-71,0.000000,7,8
1,18.000000,16.888000,0.403000,-71,0.000000,7,8
1,18.000000,16.997999,0.359000,-71,0.000000,7,8
1,18.000000,16.959999,0.413000,-71,0.000000,7,8
1,18.000000,16.919001,0.405000,-71,0.000000,7,8
1,18.000000,16.959999,0.405000,-70,0.000000,7,8
1,18.000000,16.804001,0.487000,-70,0.000000,7,8
1,18.000000,16.635000,0.551000,-71,0.000000,7,8
1,18.000000,16.951000,0.398000,-71,0.000000,7,8
1,18.000000,16.957001,0.394000,-71,0.000000,7,8
1,18.000000,16.948000,0.409000,-71,0.000000,7,8
1,18.000000,16.948000,0.392000,-71,0.000000,7,8
1,18.000000,16.872999,0.453000,-71,0.000000,7,8
1,18.000000,16.962999,0.344000,-71,0.000000,7,8
1,18.000000,17.194000,0.264000,-70,0.000000,7,8
1,18.000000,16.993999,0.380000,-70,0.000000,7,8
1,18.000000,16.888000,0.386000,-71,0.000000,7,8
1,18.000000,16.923000,0.408000,-71,0.000000,7,8
1,18.000000,17.032000,0.353000,-71,0.000000,7,8
1,18.000000,16.841000,0.478000,-71,0.000000,7,8
1,18.000000,16.870001,0.428000,-71,0.000000,7,8
1,18.000000,16.910000,0.433000,-71,0.000000,7,8
1,18.000000,16.885000,0.460000,-71,0.000000,7,8
1,18.000000,16.954000,0.369000,-71,0.000000,7,8
1,18.000000,16.882000,0.434000,-70,0.000000,7,8
1,18.000000,17.041000,0.324000,-70,0.000000,7,8
1,18.000000,16.966000,0.371000,-71,0.000000,7,8
1,18.000000,16.951000,0.382000,-71,0.000000,7,8
1,18.000000,16.966000,0.354000,-71,0.000000,7,8
1,18.000000,16.995001,0.352000,-71,0.000000,7,8
1,18.000000,16.962999,0.381000,-71,0.000000,7,8
1,18.000000,17.004000,0.373000,-71,0.000000,7,8
1,18.000000,16.966000,0.401000,-71,0.000000,7,8
1,18.000000,16.794001,0.478000,-70,0.000000,7,8
1,18.000000,17.069000,0.341000,-70,0.000000,7,8
1,18.000000,16.962999,0.324000,-71,0.000000,7,8
1,18.000000,16.860001,0.446000,-71,0.000000,7,8
1,18.000000,17.041000,0.325000,-71,0.000000,7,8
1,18.000000,16.957001,0.444000,-71,0.000000,7,8
1,18.000000,17.232000,0.286000,-71,0.000000,7,8
1,18.000000,17.115999,0.321000,-71,0.000000,7,8
1,18.000000,17.028999,0.378000,-71,0.000000,7,8
1,18.000000,17.035000,0.333000,-72,0.000000,7,8
1,18.000000,17.082001,0.370000,-71,0.000000,7,8
1,18.000000,17.007000,0.374000,-71,0.000000,7,8
1,18.000000,17.000999,0.324000,-71,0.000000,7,8
1,18.000000,17.032000,0.343000,-71,0.000000,7,8
1,18.000000,17.118999,0.307000,-71,0.000000,7,8
1,18.000000,17.066000,0.353000,-71,0.000000,7,8
1,18.000000,17.118999,0.311000,-71,0.000000,7,8
1,18.000000,17.150999,0.291000,-71,0.000000,7,8
1,18.000000,17.059999,0.335000,-71,0.000000,7,8
1,18.000000,17.229000,0.195000,-71,0.000000,7,8
1,18.000000,17.113001,0.283000,-71,0.000000,7,8
1,18.000000,17.150999,0.303000,-72,0.000000,7,8
1,18.000000,17.079000,0.328000,-71,0.000000,7,8
1,18.000000,17.298000,0.241000,-72,0.000000,7,8
1,18.000000,17.184999,0.267000,-71,0.000000,7,8
1,18.000000,17.219999,0.247000,-71,0.000000,7,8
1,18.000000,17.341000,0.203000,-71,0.000000,7,8
1,18.000000,17.079000,0.339000,-71,0.000000,7,8
1,18.000000,17.301001,0.231000,-71,0.000000,7,8
1,18.000000,16.990999,0.376000,-71,0.000000,7,8
1,18.000000,17.110001,0.374000,-71,0.000000,7,8
1,18.000000,17.113001,0.327000,-71,0.000000,7,8
1,18.000000,17.226000,0.272000,-72,0.000000,7,8
1,18.000000,17.032000,0.357000,-72,0.000000,7,8
1,18.000000,17.076000,0.295000,-72,0.000000,7,8
1,18.000000,16.985001,0.434000,-72,0.000000,7,8
1,18.000000,17.073000,0.346000,-72,0.000000,7,8
1,18.000000,17.150999,0.298000,-72,0.000000,7,8
1,18.000000,17.035000,0.367000,-72,0.000000,7,8
1,18.000000,17.070000,0.379000,-71,0.000000,7,8
1,18.000000,16.868999,0.460000,-71,0.000000,7,8
1,18.000000,17.069000,0.334000,-71,0.000000,7,8
1,18.000000,17.004000,0.369000,-72,0.000000,7,8
1,18.000000,16.951000,0.415000,-71,0.000000,7,8
1,18.000000,16.794001,0.489000,-71,0.000000,7,8
1,18.000000,17.044001,0.352000,-71,0.000000,7,8
1,18.000000,16.959999,0.410000,-71,0.000000,7,8
1,18.000000,16.926001,0.388000,-72,0.000000,7,8
1,18.000000,17.032000,0.381000,-71,0.000000,7,8
1,18.000000,16.879000,0.442000,-71,0.000000,7,8
1,18.000000,16.875999,0.433000,-71,0.000000,7,8
1,18.000000,16.916000,0.420000,-72,0.000000,7,8
1,18.000000,16.882000,0.486000,-71,0.000000,7,8
1,18.000000,16.913000,0.433000,-71,0.000000,7,8
1,18.000000,16.916000,0.447000,-71,0.000000,7,8
1,18.000000,16.888000,0.426000,-71,0.000000,7,8
1,18.000000,16.841000,0.421000,-71,0.000000,7,8
1,18.000000,16.919001,0.436000,-71,0.000000,7,8
1,18.000000,16.959999,0.405000,-71,0.000000,7,8
1,18.000000,16.882000,0.412000,-71,0.000000,7,8
1,18.000000,16.879000,0.434000,-72,0.000000,7,8
1,18.000000,16.841000,0.476000,-72,0.000000,7,8
1,18.000000,16.923000,0.382000,-70,0.000000,7,8
1,18.000000,17.066000,0.344000,-71,0.000000,7,8
1,18.000000,16.988001,0.395000,-71,0.000000,7,8
1,18.000000,16.997999,0.309000,-71,0.000000,7,8
1,18.000000,16.926001,0.372000,-71,0.000000,7,8
1,18.000000,17.079000,0.388000,-72,0.000000,7,8
1,18.000000,17.181999,0.292000,-71,0.000000,7,8
1,18.000000,17.023001,0.327000,-72,0.000000,7,8
1,18.000000,16.888000,0.445000,-70,0.000000,7,8
1,18.000000,16.848000,0.398000,-69,0.000000,7,8
1,18.000000,16.832001,0.451000,-70,0.000000,7,8
1,18.000000,16.923000,0.405000,-71,0.000000,7,8
1,18.000000,16.923000,0.464000,-71,0.000000,7,8
1,18.000000,17.000999,0.411000,-70,0.000000,7,8
1,18.000000,16.763000,0.520000,-71,0.000000,7,8
1,18.000000,17.235001,0.253000,-70,0.000000,7,8
1,18.000000,17.226000,0.301000,-69,0.000000,7,8
1,18.000000,17.076000,0.381000,-70,0.000000,7,8
1,18.000000,17.354000,0.274000,-70,0.000000,7,8
1,18.000000,17.344000,0.239000,-69,0.000000,7,8
1,18.000000,17.385000,0.241000,-71,0.000000,7,8
1,18.000000,17.434999,0.235000,-70,0.000000,7,8
1,18.000000,17.066000,0.334000,-72,0.000000,7,8
1,18.000000,16.916000,0.434000,-74,0.000000,7,8
1,18.000000,17.082001,0.306000,-73,0.000000,7,8
1,18.000000,17.141001,0.299000,-71,0.000000,7,8
1,18.000000,16.920000,0.457000,-72,0.000000,7,8
1,18.000000,16.791000,0.597000,-71,0.000000,7,8
1,18.000000,16.990999,0.345000,-72,0.000000,7,8
1,18.000000,17.216000,0.294000,-71,0.000000,7,8
1,18.000000,17.028999,0.491000,-72,0.000000,7,8
1,18.000000,16.993999,0.406000,-72,0.000000,7,8
1,18.000000,17.028999,0.352000,-72,0.000000,7,8
1,18.000000,16.951000,0.421000,-73,0.000000,7,8
1,18.000000,16.957001,0.449000,-72,0.000000,7,8
1,18.000000,16.962999,0.429000,-71,0.000000,7,8
1,18.000000,16.875999,0.487000,-72,0.000000,7,8
1,18.000000,16.834999,0.534000,-72,0.000000,7,8
1,18.000000,16.804001,0.578000,-74,0.000000,7,8
1,18.000000,16.879000,0.487000,-73,0.000000,7,8
1,18.000000,16.985001,0.434000,-73,0.000000,7,8
1,18.000000,16.844999,0.506000,-74,0.000000,7,8
1,18.000000,16.729000,0.590000,-73,0.000000,7,8
1,18.000000,16.601000,0.562000,-73,0.000000,7,8
1,18.000000,16.679001,0.517000,-73,0.000000,7,8
1,18.000000,16.691000,0.503000,-74,0.000000,7,8
1,18.000000,17.028999,0.358000,-75,0.000000,7,8
1,18.000000,16.848000,0.436000,-74,0.000000,7,8
1,18.000000,16.837999,0.469000,-74,0.000000,7,8
1,18.000000,17.082001,0.350000,-72,0.000000,7,8
1,18.000000,16.882000,0.393000,-72,0.000000,7,8
1,18.000000,17.153999,0.352000,-71,0.000000,7,8
1,18.000000,16.990999,0.376000,-74,0.000000,7,8
1,18.000000,16.966000,0.424000,-73,0.000000,7,8
1,18.000000,16.666000,0.545000,-72,0.000000,7,8
1,18.000000,17.066000,0.365000,-73,0.000000,7,8
1,18.000000,16.954000,0.489000,-74,0.000000,7,8
1,18.000000,16.954000,0.453000,-75,0.000000,7,8
1,18.000000,17.041000,0.408000,-74,0.000000,7,8
1,18.000000,17.113001,0.370000,-74,0.000000,7,8
1,18.000000,17.181999,0.349000,-74,0.000000,7,8
1,18.000000,16.888000,0.463000,-73,0.000000,7,8
1,18.000000,17.113001,0.355000,-72,0.000000,7,8
1,18.000000,16.985001,0.404000,-73,0.000000,7,8
1,18.000000,17.000999,0.428000,-72,0.000000,7,8
1,18.000000,17.082001,0.381000,-72,0.000000,7,8
1,18.000000,16.957001,0.377000,-74,0.000000,7,8
1,18.000000,16.809999,0.436000,-74,0.000000,7,8
1,18.000000,17.000999,0.369000,-72,0.000000,7,8
1,18.000000,16.885000,0.422000,-72,0.000000,7,8
1,18.000000,17.000999,0.391000,-72,0.000000,7,8
1,18.000000,17.115999,0.314000,-73,0.000000,7,8
1,18.000000,17.194000,0.285000,-73,0.000000,7,8
1,18.000000,16.926001,0.357000,-73,0.000000,7,8
1,18.000000,16.962999,0.376000,-72,0.000000,7,8
1,18.000000,17.076000,0.349000,-72,0.000000,7,8
1,18.000000,17.181999,0.266000,-72,0.000000,7,8
1,18.000000,17.191000,0.270000,-72,0.000000,7,8
1,18.000000,17.107000,0.324000,-73,0.000000,7,8
1,18.000000,17.266001,0.240000,-73,0.000000,7,8
1,18.000000,17.309999,0.251000,-72,0.000000,7,8
1,18.000000,17.238001,0.277000,-73,0.000000,7,8
1,18.000000,17.341000,0.157000,-73,0.000000,7,8
1,18.000000,17.493999,0.193000,-72,0.000000,7,8
1,18.000000,17.391001,0.211000,-71,0.000000,7,8
1,18.000000,17.118999,0.289000,-72,0.000000,7,8
1,18.000000,17.073000,0.288000,-72,0.000000,7,8
1,18.000000,17.115999,0.300000,-72,0.000000,7,8
1,18.000000,17.044001,0.330000,-71,0.000000,7,8
1,18.000000,16.948000,0.394000,-71,0.000000,7,8
1,18.000000,16.985001,0.369000,-71,0.000000,7,8
1,18.000000,17.035000,0.360000,-71,0.000000,7,8
1,18.000000,16.868999,0.408000,-71,0.000000,7,8
1,18.000000,16.959999,0.391000,-71,0.000000,7,8
1,18.000000,17.113001,0.282000,-70,0.000000,7,8
1,18.000000,16.957001,0.325000,-70,0.000000,7,8
1,18.000000,16.907000,0.417000,-70,0.000000,7,8
1,18.000000,16.957001,0.361000,-70,0.000000,7,8
1,18.000000,17.041000,0.325000,-70,0.000000,7,8
1,18.000000,17.145000,0.295000,-71,0.000000,7,8
1,18.000000,16.993999,0.354000,-70,0.000000,7,8
1,18.000000,17.063000,0.351000,-70,0.000000,7,8
1,18.000000,16.990999,0.359000,-70,0.000000,7,8
1,18.000000,17.000999,0.299000,-71,0.000000,7,8
1,18.000000,17.268999,0.217000,-71,0.000000,7,8
1,18.000000,17.451000,0.135000,-71,0.000000,7,8
1,18.000000,17.263000,0.224000,-72,0.000000,7,8
1,18.000000,17.041000,0.308000,-72,0.000000,7,8
1,18.000000,16.913000,0.366000,-72,0.000000,7,8
1,18.000000,17.044001,0.321000,-72,0.000000,7,8
1,18.000000,16.809999,0.385000,-71,0.000000,7,8
1,18.000000,16.997999,0.294000,-72,0.000000,7,8
1,18.000000,16.716000,0.441000,-72,0.000000,7,8
1,18.000000,16.607000,0.479000,-73,0.000000,7,8
1,18.000000,16.959999,0.330000,-73,0.000000,7,8
1,18.000000,16.638000,0.538000,-73,0.000000,7,8
1,18.000000,16.804001,0.387000,-72,0.000000,7,8
1,18.000000,16.719000,0.463000,-72,0.000000,7,8
1,18.000000,16.834999,0.445000,-73,0.000000,7,8
1,18.000000,16.879000,0.402000,-72,0.000000,7,8
1,18.000000,16.806999,0.402000,-72,0.000000,7,8
1,18.000000,17.073000,0.317000,-72,0.000000,7,8
1,18.000000,17.115999,0.294000,-72,0.000000,7,8
1,18.000000,17.148001,0.268000,-71,0.000000,7,8
1,18.000000,17.041000,0.324000,-71,0.000000,7,8
1,18.000000,17.073000,0.265000,-71,0.000000,7,8
1,18.000000,17.469999,0.172000,-70,0.000000,7,8
1,18.000000,17.618999,0.152000,-70,0.000000,7,8
1,18.000000,17.082001,0.287000,-71,0.000000,7,8
1,18.000000,17.157000,0.272000,-72,0.000000,7,8
1,18.000000,17.041000,0.297000,-72,0.000000,7,8
1,18.000000,16.954000,0.310000,-73,0.000000,7,8
1,18.000000,16.957001,0.316000,-72,0.000000,7,8
1,18.000000,16.907000,0.351000,-71,0.000000,7,8
1,18.000000,17.035000,0.250000,-71,0.000000,7,8
1,18.000000,17.032000,0.342000,-71,0.000000,7,8
1,18.000000,16.913000,0.362000,-71,0.000000,7,8
1,18.000000,16.681999,0.451000,-71,0.000000,7,8
1,18.000000,16.794001,0.467000,-71,0.000000,7,8
1,18.000000,20.794001,0.673000,-78,0.000000,7,8
1,18.000000,18.334999,0.509000,-78,0.000000,7,8
1,18.000000,17.737000,0.772000,-78,0.000000,7,8
1,18.000000,17.787001,0.492000,-76,0.000000,7,8
1,18.000000,17.843000,0.082000,-74,0.000000,7,8
1,18.000000,17.895000,0.150000,-75,0.000000,7,8
1,18.000000,17.806999,0.159000,-74,0.000000,7,8
1,18.000000,17.551001,0.183000,-73,0.000000,7,8
1,18.000000,17.201000,0.270000,-70,0.000000,7,8
1,18.000000,17.118999,0.342000,-70,0.000000,7,8
1,18.000000,17.157000,0.341000,-70,0.000000,7,8
1,18.000000,17.148001,0.320000,-69,0.000000,7,8
1,18.000000,16.885000,0.403000,-69,0.000000,7,8
1,18.000000,16.957001,0.418000,-70,0.000000,7,8
1,18.000000,16.875999,0.462000,-69,0.000000,7,8
1,18.000000,16.910000,0.443000,-70,0.000000,7,8
1,18.000000,16.916000,0.409000,-69,0.000000,7,8
1,18.000000,17.113001,0.395000,-70,0.000000,7,8
1,18.000000,17.332001,0.280000,-69,0.000000,7,8
1,18.000000,17.153999,0.342000,-69,0.000000,7,8
1,18.000000,17.148001,0.315000,-70,0.000000,7,8
1,18.000000,17.150999,0.291000,-72,0.000000,7,8
1,18.000000,17.344000,0.225000,-73,0.000000,7,8
1,18.000000,17.426001,0.217000,-75,0.000000,7,8
1,18.000000,17.194000,0.271000,-73,0.000000,7,8
1,18.000000,16.763000,0.493000,-72,0.000000,7,8
1,18.000000,16.760000,0.476000,-70,0.000000,7,8
1,18.000000,17.038000,0.368000,-73,0.000000,7,8
1,18.000000,16.723000,0.511000,-72,0.000000,7,8
1,18.000000,17.188000,0.296000,-72,0.000000,7,8
1,18.000000,16.804001,0.451000,-72,0.000000,7,8
1,18.000000,17.138000,0.382000,-70,0.000000,7,8
1,18.000000,16.997999,0.407000,-72,0.000000,7,8
1,18.000000,16.951000,0.401000,-71,0.000000,7,8
1,18.000000,16.872999,0.432000,-71,0.000000,7,8
1,18.000000,16.929001,0.394000,-71,0.000000,7,8
1,18.000000,16.872999,0.421000,-71,0.000000,7,8
1,18.000000,16.801001,0.463000,-72,0.000000,7,8
1,18.000000,16.798000,0.478000,-72,0.000000,7,8
1,18.000000,16.872999,0.425000,-71,0.000000,7,8
1,18.000000,16.754000,0.525000,-71,0.000000,7,8
1,18.000000,16.712999,0.563000,-71,0.000000,7,8
1,18.000000,16.882000,0.438000,-71,0.000000,7,8
1,18.000000,16.841000,0.465000,-71,0.000000,7,8
1,18.000000,16.926001,0.381000,-71,0.000000,7,8
1,18.000000,16.788000,0.482000,-71,0.000000,7,8
1,18.000000,16.834999,0.463000,-72,0.000000,7,8
1,18.000000,16.888000,0.462000,-71,0.000000,7,8
1,18.000000,16.966000,0.415000,-71,0.000000,7,8
1,18.000000,16.951000,0.389000,-71,0.000000,7,8
1,18.000000,17.076000,0.396000,-71,0.000000,7,8
1,18.000000,16.834999,0.497000,-72,0.000000,7,8
1,18.000000,17.066000,0.346000,-71,0.000000,7,8
1,18.000000,16.951000,0.389000,-71,0.000000,7,8
1,18.000000,16.962999,0.436000,-71,0.000000,7,8
1,18.000000,16.834999,0.451000,-72,0.000000,7,8
1,18.000000,16.993999,0.395000,-71,0.000000,7,8
1,18.000000,16.841000,0.466000,-71,0.000000,7,8
1,18.000000,16.757000,0.522000,-72,0.000000,7,8
1,18.000000,16.891001,0.454000,-71,0.000000,7,8
1,18.000000,16.957001,0.429000,-71,0.000000,7,8
1,18.000000,16.919001,0.436000,-72,0.000000,7,8
1,18.000000,17.104000,0.346000,-71,0.000000,7,8
1,18.000000,16.885000,0.483000,-71,0.000000,7,8
1,18.000000,17.069000,0.363000,-71,0.000000,7,8
1,18.000000,16.951000,0.409000,-71,0.000000,7,8
1,18.000000,17.223000,0.289000,-71,0.000000,7,8
1,18.000000,16.997999,0.387000,-71,0.000000,7,8
1,18.000000,16.962999,0.421000,-71,0.000000,7,8
1,18.000000,16.913000,0.447000,-70,0.000000,7,8
1,18.000000,17.007000,0.383000,-71,0.000000,7,8
1,18.000000,16.791000,0.491000,-71,0.000000,7,8
1,18.000000,16.766001,0.469000,-71,0.000000,7,8
1,18.000000,16.750999,0.506000,-71,0.000000,7,8
1,18.000000,16.885000,0.394000,-71,0.000000,7,8
1,18.000000,16.907000,0.417000,-71,0.000000,7,8
1,18.000000,17.063000,0.334000,-71,0.000000,7,8
1,18.000000,17.025999,0.373000,-71,0.000000,7,8
1,18.000000,17.198000,0.283000,-71,0.000000,7,8
1,18.000000,17.076000,0.301000,-71,0.000000,7,8
1,18.000000,16.993999,0.380000,-71,0.000000,7,8
1,18.000000,16.879000,0.433000,-71,0.000000,7,8
1,18.000000,16.988001,0.385000,-71,0.000000,7,8
1,18.000000,17.104000,0.302000,-72,0.000000,7,8
1,18.000000,17.254000,0.262000,-72,0.000000,7,8
1,18.000000,16.957001,0.398000,-71,0.000000,7,8
1,18.000000,17.004000,0.369000,-72,0.000000,7,8
1,18.000000,16.997999,0.420000,-72,0.000000,7,8
1,18.000000,17.179001,0.266000,-72,0.000000,7,8
1,18.000000,17.018999,0.391000,-72,0.000000,7,8
1,18.000000,16.993999,0.376000,-71,0.000000,7,8
1,18.000000,16.966000,0.365000,-70,0.000000,7,8
1,18.000000,17.073000,0.332000,-70,0.000000,7,8
1,18.000000,16.985001,0.375000,-72,0.000000,7,8
1,18.000000,17.201000,0.264000,-72,0.000000,7,8
1,18.000000,16.962999,0.336000,-71,0.000000,7,8
1,18.000000,17.076000,0.298000,-71,0.000000,7,8
1,18.000000,16.957001,0.376000,-71,0.000000,7,8
1,18.000000,16.832001,0.461000,-71,0.000000,7,8
1,18.000000,17.076000,0.308000,-71,0.000000,7,8
1,18.000000,17.082001,0.316000,-70,0.000000,7,8
1,18.000000,16.988001,0.392000,-71,0.000000,7,8
1,18.000000,17.044001,0.347000,-72,0.000000,7,8
1,18.000000,16.966000,0.388000,-72,0.000000,7,8
1,18.000000,16.954000,0.369000,-72,0.000000,7,8
1,18.000000,16.888000,0.432000,-72,0.000000,7,8
1,18.000000,16.966000,0.428000,-71,0.000000,7,8
1,18.000000,16.990999,0.396000,-71,0.000000,7,8
1,18.000000,17.023001,0.358000,-72,0.000000,7,8
1,18.000000,17.004000,0.368000,-72,0.000000,7,8
1,18.000000,17.000999,0.368000,-71,0.000000,7,8
1,18.000000,17.000999,0.342000,-71,0.000000,7,8
1,18.000000,17.007000,0.366000,-71,0.000000,7,8
1,18.000000,17.115999,0.250000,-71,0.000000,7,8
1,18.000000,17.104000,0.263000,-71,0.000000,7,8
1,18.000000,17.191000,0.303000,-71,0.000000,7,8
1,18.000000,17.070000,0.326000,-71,0.000000,7,8
1,18.000000,17.118999,0.286000,-71,0.000000,7,8
1,18.000000,17.118999,0.303000,-71,0.000000,7,8
1,18.000000,17.104000,0.305000,-71,0.000000,7,8
1,18.000000,17.038000,0.336000,-70,0.000000,7,8
1,18.000000,17.082001,0.321000,-71,0.000000,7,8
1,18.000000,16.985001,0.364000,-71,0.000000,7,8
1,18.000000,17.066000,0.363000,-71,0.000000,7,8
1,18.000000,17.113001,0.286000,-71,0.000000,7,8
1,18.000000,17.038000,0.302000,-71,0.000000,7,8
1,18.000000,17.069000,0.329000,-71,0.000000,7,8
1,18.000000,17.076000,0.315000,-71,0.000000,7,8
1,18.000000,17.038000,0.330000,-70,0.000000,7,8
1,18.000000,17.232000,0.272000,-70,0.000000,7,8
1,18.000000,17.188000,0.324000,-70,0.000000,7,8
1,18.000000,17.079000,0.350000,-70,0.000000,7,8
1,18.000000,17.232000,0.265000,-70,0.000000,7,8
1,18.000000,17.076000,0.354000,-70,0.000000,7,8
1,18.000000,17.212999,0.286000,-71,0.000000,7,8
1,18.000000,17.035000,0.348000,-70,0.000000,7,8
1,18.000000,17.113001,0.319000,-70,0.000000,7,8
1,18.000000,17.107000,0.352000,-70,0.000000,7,8
1,18.000000,17.188000,0.288000,-71,0.000000,7,8
1,18.000000,17.028999,0.333000,-70,0.000000,7,8
1,18.000000,17.028999,0.355000,-71,0.000000,7,8
1,18.000000,17.115999,0.329000,-70,0.000000,7,8
1,18.000000,17.000999,0.278000,-71,0.000000,7,8
1,18.000000,16.879000,0.371000,-71,0.000000,7,8
1,18.000000,16.916000,0.392000,-71,0.000000,7,8
1,18.000000,16.951000,0.372000,-71,0.000000,7,8
1,18.000000,17.038000,0.323000,-70,0.000000,7,8
1,18.000000,16.957001,0.403000,-70,0.000000,7,8
1,18.000000,16.882000,0.413000,-71,0.000000,7,8
1,18.000000,16.920000,0.382000,-70,0.000000,7,8
1,18.000000,16.990999,0.345000,-70,0.000000,7,8
1,18.000000,17.301001,0.226000,-71,0.000000,7,8
1,18.000000,17.107000,0.335000,-71,0.000000,7,8
1,18.000000,17.118999,0.312000,-71,0.000000,7,8
1,18.000000,17.150999,0.268000,-70,0.000000,7,8
1,18.000000,17.076000,0.309000,-70,0.000000,7,8
1,18.000000,17.148001,0.285000,-70,0.000000,7,8
1,18.000000,16.966000,0.360000,-71,0.000000,7,8
1,18.000000,17.082001,0.335000,-70,0.000000,7,8
1,18.000000,17.038000,0.389000,-70,0.000000,7,8
1,18.000000,17.038000,0.347000,-70,0.000000,7,8
1,18.000000,17.070000,0.342000,-70,0.000000,7,8
1,18.000000,17.038000,0.340000,-70,0.000000,7,8
1,18.000000,16.882000,0.409000,-70,0.000000,7,8
1,18.000000,17.110001,0.351000,-70,0.000000,7,8
1,18.000000,17.044001,0.391000,-70,0.000000,7,8
1,18.000000,16.982000,0.382000,-70,0.000000,7,8
1,18.000000,17.038000,0.365000,-71,0.000000,7,8
1,18.000000,17.000999,0.322000,-70,0.000000,7,8
1,18.000000,17.069000,0.337000,-70,0.000000,7,8
1,18.000000,17.044001,0.350000,-71,0.000000,7,8
1,18.000000,17.073000,0.341000,-71,0.000000,7,8
1,18.000000,17.032000,0.353000,-70,0.000000,7,8
1,18.000000,16.916000,0.422000,-71,0.000000,7,8
1,18.000000,17.250999,0.306000,-71,0.000000,7,8
1,18.000000,17.135000,0.308000,-71,0.000000,7,8
1,18.000000,17.113001,0.367000,-70,0.000000,7,8
1,18.000000,16.879000,0.434000,-70,0.000000,7,8
1,18.000000,17.016001,0.403000,-70,0.000000,7,8
1,18.000000,17.148001,0.304000,-70,0.000000,7,8
1,18.000000,17.143999,0.292000,-70,0.000000,7,8
1,18.000000,17.084999,0.356000,-70,0.000000,7,8
1,18.000000,16.957001,0.388000,-70,0.000000,7,8
1,18.000000,17.004000,0.328000,-70,0.000000,7,8
1,18.000000,16.951000,0.416000,-70,0.000000,7,8
1,18.000000,16.988001,0.403000,-70,0.000000,7,8
1,18.000000,17.069000,0.278000,-70,0.000000,7,8
1,18.000000,16.959999,0.378000,-70,0.000000,7,8
1,18.000000,17.150999,0.340000,-71,0.000000,7,8
1,18.000000,17.148001,0.317000,-70,0.000000,7,8
1,18.000000,17.113001,0.302000,-70,0.000000,7,8
1,18.000000,17.113001,0.305000,-71,0.000000,7,8
1,18.000000,17.184999,0.274000,-71,0.000000,7,8
1,18.000000,17.260000,0.265000,-70,0.000000,7,8
1,18.000000,17.344000,0.200000,-71,0.000000,7,8
1,18.000000,17.191000,0.270000,-70,0.000000,7,8
1,18.000000,17.079000,0.307000,-71,0.000000,7,8
1,18.000000,17.122999,0.295000,-71,0.000000,7,8
1,18.000000,17.337999,0.220000,-71,0.000000,7,8
1,18.000000,17.032000,0.396000,-71,0.000000,7,8
1,18.000000,17.041000,0.370000,-70,0.000000,7,8
1,18.000000,17.073000,0.304000,-71,0.000000,7,8
1,18.000000,16.841000,0.448000,-71,0.000000,7,8
1,18.000000,16.926001,0.437000,-72,0.000000,7,8
1,18.000000,16.923000,0.379000,-71,0.000000,7,8
1,18.000000,16.913000,0.448000,-71,0.000000,7,8
1,18.000000,17.073000,0.333000,-71,0.000000,7,8
1,18.000000,17.084999,0.342000,-70,0.000000,7,8
1,18.000000,17.104000,0.359000,-70,0.000000,7,8
1,18.000000,16.926001,0.369000,-70,0.000000,7,8
1,18.000000,16.879000,0.468000,-71,0.000000,7,8
1,18.000000,16.791000,0.493000,-71,0.000000,7,8
1,18.000000,16.926001,0.405000,-71,0.000000,7,8
1,18.000000,17.000999,0.380000,-71,0.000000,7,8
1,18.000000,16.957001,0.356000,-71,0.000000,7,8
1,18.000000,17.038000,0.355000,-71,0.000000,7,8
1,18.000000,17.141001,0.309000,-71,0.000000,7,8
1,18.000000,17.157000,0.264000,-71,0.000000,7,8
1,18.000000,17.035000,0.364000,-71,0.000000,7,8
1,18.000000,16.951000,0.402000,-71,0.000000,7,8
1,18.000000,16.988001,0.372000,-70,0.000000,7,8
1,18.000000,17.101000,0.346000,-71,0.000000,7,8
1,18.000000,17.082001,0.335000,-71,0.000000,7,8
1,18.000000,17.148001,0.270000,-72,0.000000,7,8
1,18.000000,16.997999,0.316000,-73,0.000000,7,8
1,18.000000,17.032000,0.363000,-71,0.000000,7,8
1,18.000000,16.841000,0.416000,-70,0.000000,7,8
1,18.000000,17.000999,0.390000,-72,0.000000,7,8
1,18.000000,16.926001,0.384000,-72,0.000000,7,8
1,18.000000,17.082001,0.307000,-72,0.000000,7,8
1,18.000000,16.913000,0.457000,-71,0.000000,7,8
1,18.000000,17.275999,0.274000,-73,0.000000,7,8
1,18.000000,17.448000,0.138000,-73,0.000000,7,8
1,18.000000,17.275999,0.257000,-72,0.000000,7,8
1,18.000000,17.073000,0.334000,-72,0.000000,7,8
1,18.000000,16.948000,0.372000,-73,0.000000,7,8
1,18.000000,17.023001,0.387000,-72,0.000000,7,8
1,18.000000,17.063000,0.357000,-70,0.000000,7,8
1,18.000000,17.066000,0.329000,-71,0.000000,7,8
1,18.000000,16.990999,0.392000,-73,0.000000,7,8
1,18.000000,17.113001,0.352000,-71,0.000000,7,8
1,18.000000,16.844999,0.494000,-72,0.000000,7,8
1,18.000000,17.135000,0.362000,-74,0.000000,7,8
1,18.000000,16.841000,0.456000,-72,0.000000,7,8
1,18.000000,17.004000,0.359000,-74,0.000000,7,8
1,18.000000,17.073000,0.290000,-73,0.000000,7,8
1,18.000000,16.962999,0.382000,-72,0.000000,7,8
1,18.000000,17.113001,0.288000,-71,0.000000,7,8
1,18.000000,17.079000,0.347000,-71,0.000000,7,8
1,18.000000,17.150999,0.321000,-71,0.000000,7,8
1,18.000000,17.073000,0.353000,-71,0.000000,7,8
1,18.000000,16.951000,0.382000,-72,0.000000,7,8
1,18.000000,17.004000,0.363000,-72,0.000000,7,8
1,18.000000,17.079000,0.365000,-70,0.000000,7,8
1,18.000000,17.044001,0.385000,-72,0.000000,7,8
1,18.000000,16.957001,0.430000,-71,0.000000,7,8
1,18.000000,16.948000,0.399000,-70,0.000000,7,8
1,18.000000,17.113001,0.333000,-71,0.000000,7,8
1,18.000000,17.148001,0.287000,-71,0.000000,7,8
1,18.000000,17.041000,0.335000,-71,0.000000,7,8
1,18.000000,16.957001,0.404000,-71,0.000000,7,8
1,18.000000,16.851000,0.370000,-72,0.000000,7,8
1,18.000000,16.969000,0.433000,-71,0.000000,7,8
1,18.000000,17.113001,0.335000,-70,0.000000,7,8
1,18.000000,17.000999,0.345000,-71,0.000000,7,8
1,18.000000,16.919001,0.416000,-71,0.000000,7,8
1,18.000000,17.385000,0.170000,-71,0.000000,7,8
1,18.000000,17.110001,0.290000,-71,0.000000,7,8
1,18.000000,16.979000,0.414000,-72,0.000000,7,8
1,18.000000,17.301001,0.284000,-71,0.000000,7,8
1,18.000000,17.184999,0.291000,-71,0.000000,7,8
1,18.000000,16.832001,0.483000,-71,0.000000,7,8
1,18.000000,17.153999,0.283000,-71,0.000000,7,8
1,18.000000,17.076000,0.322000,-72,0.000000,7,8
1,18.000000,17.079000,0.333000,-72,0.000000,7,8
1,18.000000,17.032000,0.346000,-71,0.000000,7,8
1,18.000000,16.910000,0.449000,-71,0.000000,7,8
1,18.000000,16.888000,0.409000,-71,0.000000,7,8
1,18.000000,17.135000,0.337000,-71,0.000000,7,8
1,18.000000,17.038000,0.373000,-71,0.000000,7,8
1,18.000000,16.995001,0.372000,-71,0.000000,7,8
1,18.000000,17.004000,0.352000,-71,0.000000,7,8
1,18.000000,16.785000,0.458000,-71,0.000000,7,8
1,18.000000,16.910000,0.386000,-71,0.000000,7,8
1,18.000000,16.872999,0.481000,-72,0.000000,7,8
1,18.000000,17.135000,0.320000,-71,0.000000,7,8
1,18.000000,16.919001,0.396000,-71,0.000000,7,8
1,18.000000,16.957001,0.394000,-71,0.000000,7,8
1,18.000000,17.073000,0.311000,-71,0.000000,7,8
1,18.000000,16.997999,0.389000,-70,0.000000,7,8
1,18.000000,16.993999,0.381000,-71,0.000000,7,8
1,18.000000,16.997999,0.316000,-71,0.000000,7,8
1,18.000000,16.995001,0.352000,-71,0.000000,7,8
1,18.000000,16.879000,0.396000,-71,0.000000,7,8
1,18.000000,16.916000,0.423000,-71,0.000000,7,8
1,18.000000,16.879000,0.442000,-72,0.000000,7,8
1,18.000000,16.788000,0.470000,-71,0.000000,7,8
1,18.000000,16.957001,0.381000,-71,0.000000,7,8
1,18.000000,16.926001,0.416000,-71,0.000000,7,8
1,18.000000,16.910000,0.417000,-71,0.000000,7,8
1,18.000000,17.025999,0.335000,-71,0.000000,7,8
1,18.000000,16.954000,0.413000,-71,0.000000,7,8
1,18.000000,16.951000,0.407000,-71,0.000000,7,8
1,18.000000,16.954000,0.364000,-71,0.000000,7,8
1,18.000000,16.879000,0.441000,-70,0.000000,7,8
1,18.000000,16.872999,0.431000,-71,0.000000,7,8
1,18.000000,16.919001,0.411000,-70,0.000000,7,8
1,18.000000,16.888000,0.389000,-70,0.000000,7,8
1,18.000000,16.985001,0.375000,-71,0.000000,7,8
1,18.000000,17.000999,0.353000,-70,0.000000,7,8
1,18.000000,17.000999,0.386000,-71,0.000000,7,8
1,18.000000,16.997999,0.373000,-71,0.000000,7,8
1,18.000000,17.041000,0.349000,-70,0.000000,7,8
1,18.000000,16.957001,0.373000,-71,0.000000,7,8
1,18.000000,16.995001,0.390000,-71,0.000000,7,8
1,18.000000,16.985001,0.377000,-71,0.000000,7,8
1,18.000000,16.913000,0.415000,-70,0.000000,7,8
1,18.000000,16.885000,0.444000,-71,0.000000,7,8
1,18.000000,16.879000,0.440000,-71,0.000000,7,8
1,18.000000,16.916000,0.399000,-71,0.000000,7,8
1,18.000000,16.957001,0.405000,-71,0.000000,7,8
1,18.000000,16.916000,0.406000,-71,0.000000,7,8
1,18.000000,16.957001,0.389000,-71,0.000000,7,8
1,18.000000,16.995001,0.382000,-71,0.000000,7,8
1,18.000000,16.929001,0.370000,-72,0.000000,7,8
1,18.000000,16.920000,0.414000,-71,0.000000,7,8
1,18.000000,16.913000,0.413000,-71,0.000000,7,8
1,18.000000,16.837999,0.460000,-71,0.000000,7,8
1,18.000000,17.025999,0.370000,-71,0.000000,7,8
1,18.000000,16.913000,0.413000,-71,0.000000,7,8
1,18.000000,16.723000,0.442000,-71,0.000000,7,8
1,18.000000,16.966000,0.364000,-71,0.000000,7,8
1,18.000000,16.954000,0.378000,-71,0.000000,7,8
1,18.000000,16.962999,0.364000,-71,0.000000,7,8
1,18.000000,16.882000,0.407000,-71,0.000000,7,8
1,18.000000,16.957001,0.370000,-71,0.000000,7,8
1,18.000000,16.959999,0.347000,-71,0.000000,7,8
1,18.000000,17.032000,0.340000,-71,0.000000,7,8
1,18.000000,16.962999,0.351000,-71,0.000000,7,8
1,18.000000,16.957001,0.369000,-70,0.000000,7,8
1,18.000000,16.995001,0.363000,-71,0.000000,7,8
1,18.000000,16.997999,0.356000,-71,0.000000,7,8
1,18.000000,16.848000,0.426000,-71,0.000000,7,8
1,18.000000,16.948000,0.388000,-71,0.000000,7,8
1,18.000000,16.962999,0.318000,-71,0.000000,7,8
1,18.000000,16.848000,0.390000,-71,0.000000,7,8
1,18.000000,16.959999,0.384000,-70,0.000000,7,8
1,18.000000,17.032000,0.354000,-70,0.000000,7,8
1,18.000000,16.923000,0.364000,-70,0.000000,7,8
1,18.000000,16.957001,0.394000,-71,0.000000,7,8
1,18.000000,16.951000,0.425000,-71,0.000000,7,8
1,18.000000,16.995001,0.377000,-71,0.000000,7,8
1,18.000000,16.997999,0.402000,-71,0.000000,7,8
1,18.000000,16.888000,0.402000,-71,0.000000,7,8
1,18.000000,16.882000,0.439000,-70,0.000000,7,8
1,18.000000,16.926001,0.388000,-71,0.000000,7,8
1,18.000000,16.985001,0.421000,-71,0.000000,7,8
1,18.000000,16.841000,0.446000,-71,0.000000,7,8
1,18.000000,16.837999,0.425000,-71,0.000000,7,8
1,18.000000,16.993999,0.350000,-71,0.000000,7,8
1,18.000000,16.997999,0.358000,-71,0.000000,7,8
1,18.000000,16.837999,0.409000,-71,0.000000,7,8
1,18.000000,16.875999,0.409000,-71,0.000000,7,8
1,18.000000,16.794001,0.462000,-71,0.000000,7,8
1,18.000000,16.806999,0.432000,-71,0.000000,7,8
1,18.000000,16.837999,0.454000,-72,0.000000,7,8
1,18.000000,16.920000,0.412000,-72,0.000000,7,8
1,18.000000,16.919001,0.414000,-71,0.000000,7,8
1,18.000000,16.888000,0.410000,-71,0.000000,7,8
1,18.000000,16.920000,0.404000,-71,0.000000,7,8
1,18.000000,16.957001,0.368000,-70,0.000000,7,8
1,18.000000,16.791000,0.447000,-70,0.000000,7,8
1,18.000000,16.910000,0.386000,-71,0.000000,7,8
1,18.000000,16.801001,0.486000,-70,0.000000,7,8
1,18.000000,16.798000,0.502000,-70,0.000000,7,8
1,18.000000,17.069000,0.375000,-70,0.000000,7,8
1,18.000000,16.923000,0.396000,-70,0.000000,7,8
1,18.000000,16.868999,0.439000,-70,0.000000,7,8
1,18.000000,16.948000,0.370000,-71,0.000000,7,8
1,18.000000,17.038000,0.284000,-72,0.000000,7,8
1,18.000000,16.957001,0.390000,-71,0.000000,7,8
1,18.000000,17.110001,0.314000,-72,0.000000,7,8
1,18.000000,17.035000,0.342000,-71,0.000000,7,8
1,18.000000,17.000999,0.388000,-71,0.000000,7,8
1,18.000000,17.150999,0.302000,-71,0.000000,7,8
1,18.000000,17.073000,0.337000,-71,0.000000,7,8
1,18.000000,16.844999,0.425000,-71,0.000000,7,8
1,18.000000,16.923000,0.406000,-71,0.000000,7,8
1,18.000000,16.872999,0.418000,-71,0.000000,7,8
1,18.000000,16.910000,0.417000,-71,0.000000,7,8
1,18.000000,17.004000,0.333000,-70,0.000000,7,8
1,18.000000,16.795000,0.474000,-70,0.000000,7,8
1,18.000000,16.916000,0.413000,-71,0.000000,7,8
1,18.000000,16.801001,0.454000,-71,0.000000,7,8
1,18.000000,16.948000,0.412000,-71,0.000000,7,8
1,18.000000,16.875999,0.445000,-71,0.000000,7,8
1,18.000000,17.000999,0.354000,-71,0.000000,7,8
1,18.000000,17.004000,0.338000,-71,0.000000,7,8
1,18.000000,16.879000,0.400000,-71,0.000000,7,8
1,18.000000,16.995001,0.373000,-71,0.000000,7,8
1,18.000000,16.910000,0.409000,-71,0.000000,7,8
1,18.000000,16.954000,0.383000,-71,0.000000,7,8
1,18.000000,16.891001,0.421000,-71,0.000000,7,8
1,18.000000,16.872999,0.447000,-71,0.000000,7,8
1,18.000000,16.959999,0.405000,-71,0.000000,7,8
1,18.000000,17.076000,0.347000,-72,0.000000,7,8
1,18.000000,16.995001,0.351000,-71,0.000000,7,8
1,18.000000,17.032000,0.361000,-71,0.000000,7,8
1,18.000000,16.959999,0.360000,-72,0.000000,7,8
1,18.000000,16.954000,0.378000,-71,0.000000,7,8
1,18.000000,16.957001,0.375000,-71,0.000000,7,8
1,18.000000,16.888000,0.379000,-71,0.000000,7,8
1,18.000000,16.993999,0.365000,-71,0.000000,7,8
1,18.000000,16.910000,0.441000,-71,0.000000,7,8
1,18.000000,17.000999,0.367000,-70,0.000000,7,8
1,18.000000,17.044001,0.363000,-70,0.000000,7,8
1,18.000000,16.990999,0.345000,-70,0.000000,7,8
1,18.000000,16.919001,0.415000,-70,0.000000,7,8
1,18.000000,16.997999,0.404000,-71,0.000000,7,8
1,18.000000,16.910000,0.410000,-71,0.000000,7,8
1,18.000000,17.032000,0.376000,-71,0.000000,7,8
1,18.000000,17.032000,0.400000,-72,0.000000,7,8
1,18.000000,16.959999,0.404000,-72,0.000000,7,8
1,18.000000,16.929001,0.407000,-72,0.000000,7,8
1,18.000000,16.832001,0.490000,-72,0.000000,7,8
1,18.000000,16.806999,0.498000,-72,0.000000,7,8
1,18.000000,16.993999,0.380000,-72,0.000000,7,8
1,18.000000,16.929001,0.406000,-72,0.000000,7,8
1,18.000000,16.954000,0.412000,-72,0.000000,7,8
1,18.000000,16.951000,0.436000,-72,0.000000,7,8
1,18.000000,17.044001,0.353000,-72,0.000000,7,8
1,18.000000,16.957001,0.405000,-71,0.000000,7,8
1,18.000000,17.004000,0.423000,-71,0.000000,7,8
1,18.000000,16.926001,0.347000,-72,0.000000,7,8
1,18.000000,16.837999,0.421000,-72,0.000000,7,8
1,18.000000,17.041000,0.349000,-71,0.000000,7,8
1,18.000000,16.875999,0.420000,-71,0.000000,7,8
1,18.000000,16.844999,0.467000,-71,0.000000,7,8
1,18.000000,16.926001,0.382000,-71,0.000000,7,8
1,18.000000,16.801001,0.465000,-71,0.000000,7,8
1,18.000000,16.926001,0.415000,-71,0.000000,7,8
1,18.000000,16.801001,0.497000,-71,0.000000,7,8
1,18.000000,16.879000,0.437000,-71,0.000000,7,8
1,18.000000,16.804001,0.440000,-71,0.000000,7,8
1,18.000000,16.985001,0.374000,-71,0.000000,7,8
1,18.000000,16.795000,0.478000,-71,0.000000,7,8
1,18.000000,16.848000,0.398000,-71,0.000000,7,8
1,18.000000,16.763000,0.504000,-71,0.000000,7,8
1,18.000000,16.760000,0.490000,-71,0.000000,7,8
1,18.000000,16.916000,0.401000,-71,0.000000,7,8
1,18.000000,16.801001,0.496000,-71,0.000000,7,8
1,18.000000,16.923000,0.361000,-71,0.000000,7,8
1,18.000000,16.598000,0.567000,-71,0.000000,7,8
1,18.000000,16.919001,0.385000,-71,0.000000,7,8
1,18.000000,16.841000,0.434000,-71,0.000000,7,8
1,18.000000,16.920000,0.386000,-71,0.000000,7,8
1,18.000000,16.875999,0.404000,-71,0.000000,7,8
1,18.000000,16.750999,0.488000,-71,0.000000,7,8
1,18.000000,16.875999,0.424000,-71,0.000000,7,8
1,18.000000,16.863001,0.476000,-71,0.000000,7,8
1,18.000000,16.957001,0.375000,-71,0.000000,7,8
1,18.000000,16.920000,0.400000,-71,0.000000,7,8
1,18.000000,16.923000,0.363000,-71,0.000000,7,8
1,18.000000,16.993999,0.338000,-71,0.000000,7,8
1,18.000000,16.962999,0.328000,-71,0.000000,7,8
1,18.000000,16.959999,0.383000,-71,0.000000,7,8
1,18.000000,16.962999,0.398000,-71,0.000000,7,8
1,18.000000,16.959999,0.400000,-71,0.000000,7,8
1,18.000000,16.926001,0.413000,-71,0.000000,7,8
1,18.000000,16.993999,0.372000,-71,0.000000,7,8
1,18.000000,16.959999,0.340000,-72,0.000000,7,8
1,18.000000,16.863001,0.463000,-71,0.000000,7,8
1,18.000000,16.962999,0.337000,-71,0.000000,7,8
1,18.000000,16.944000,0.422000,-71,0.000000,7,8
1,18.000000,16.910000,0.404000,-71,0.000000,7,8
1,18.000000,17.038000,0.325000,-71,0.000000,7,8
1,18.000000,16.959999,0.386000,-71,0.000000,7,8
1,18.000000,17.028999,0.357000,-71,0.000000,7,8
1,18.000000,16.879000,0.432000,-71,0.000000,7,8
1,18.000000,17.098000,0.322000,-71,0.000000,7,8
1,18.000000,17.032000,0.330000,-71,0.000000,7,8
1,18.000000,17.018999,0.360000,-71,0.000000,7,8
1,18.000000,17.076000,0.279000,-71,0.000000,7,8
1,18.000000,16.995001,0.357000,-71,0.000000,7,8
1,18.000000,16.913000,0.393000,-71,0.000000,7,8
1,18.000000,16.879000,0.448000,-71,0.000000,7,8
1,18.000000,17.004000,0.331000,-71,0.000000,7,8
1,18.000000,16.879000,0.408000,-71,0.000000,7,8
1,18.000000,16.959999,0.384000,-70,0.000000,7,8
1,18.000000,16.926001,0.393000,-71,0.000000,7,8
1,18.000000,16.844999,0.394000,-71,0.000000,7,8
1,18.000000,16.957001,0.376000,-71,0.000000,7,8
1,18.000000,16.804001,0.450000,-71,0.000000,7,8
1,18.000000,17.023001,0.385000,-71,0.000000,7,8
1,18.000000,17.073000,0.315000,-71,0.000000,7,8
1,18.000000,16.954000,0.363000,-71,0.000000,7,8
1,18.000000,16.920000,0.394000,-72,0.000000,7,8
1,18.000000,17.004000,0.382000,-71,0.000000,7,8
1,18.000000,17.032000,0.373000,-71,0.000000,7,8
1,18.000000,16.957001,0.403000,-71,0.000000,7,8
1,18.000000,16.834999,0.458000,-71,0.000000,7,8
1,18.000000,16.913000,0.415000,-71,0.000000,7,8
1,18.000000,16.913000,0.368000,-71,0.000000,7,8
1,18.000000,16.962999,0.380000,-71,0.000000,7,8
1,18.000000,16.959999,0.338000,-71,0.000000,7,8
1,18.000000,16.951000,0.396000,-71,0.000000,7,8
1,18.000000,16.872999,0.441000,-72,0.000000,7,8
1,18.000000,17.235001,0.293000,-71,0.000000,7,8
1,18.000000,17.041000,0.319000,-71,0.000000,7,8
1,18.000000,17.118999,0.292000,-72,0.000000,7,8
1,18.000000,16.823000,0.453000,-71,0.000000,7,8
1,18.000000,17.035000,0.332000,-71,0.000000,7,8
1,18.000000,17.069000,0.317000,-71,0.000000,7,8
1,18.000000,16.997999,0.384000,-72,0.000000,7,8
1,18.000000,17.000999,0.371000,-72,0.000000,7,8
1,18.000000,17.066000,0.338000,-72,0.000000,7,8
1,18.000000,17.038000,0.310000,-72,0.000000,7,8
1,18.000000,16.962999,0.359000,-72,0.000000,7,8
1,18.000000,16.990999,0.364000,-71,0.000000,7,8
1,18.000000,16.801001,0.513000,-71,0.000000,7,8
1,18.000000,16.993999,0.383000,-71,0.000000,7,8
1,18.000000,16.957001,0.390000,-71,0.000000,7,8
1,18.000000,17.063000,0.353000,-71,0.000000,7,8
1,18.000000,17.018999,0.354000,-71,0.000000,7,8
1,18.000000,17.000999,0.363000,-71,0.000000,7,8
1,18.000000,16.957001,0.386000,-71,0.000000,7,8
1,18.000000,17.113001,0.342000,-71,0.000000,7,8
1,18.000000,17.035000,0.345000,-71,0.000000,7,8
1,18.000000,17.107000,0.341000,-71,0.000000,7,8
1,18.000000,17.153999,0.300000,-71,0.000000,7,8
1,18.000000,17.260000,0.263000,-71,0.000000,7,8
1,18.000000,17.076000,0.290000,-71,0.000000,7,8
1,18.000000,16.966000,0.382000,-71,0.000000,7,8
1,18.000000,17.041000,0.331000,-71,0.000000,7,8
1,18.000000,17.000999,0.332000,-72,0.000000,7,8
1,18.000000,17.000999,0.326000,-72,0.000000,7,8
1,18.000000,16.993999,0.357000,-71,0.000000,7,8
1,18.000000,16.919001,0.418000,-72,0.000000,7,8
1,18.000000,16.951000,0.410000,-72,0.000000,7,8
1,18.000000,16.879000,0.415000,-72,0.000000,7,8
1,18.000000,16.990999,0.352000,-72,0.000000,7,8
1,18.000000,17.070000,0.294000,-72,0.000000,7,8
1,18.000000,16.926001,0.405000,-72,0.000000,7,8
1,18.000000,16.959999,0.373000,-72,0.000000,7,8
1,18.000000,16.926001,0.394000,-72,0.000000,7,8
1,18.000000,16.865999,0.430000,-72,0.000000,7,8
1,18.000000,16.882000,0.449000,-72,0.000000,7,8
1,18.000000,16.990999,0.390000,-72,0.000000,7,8
1,18.000000,17.032000,0.351000,-72,0.000000,7,8
1,18.000000,17.038000,0.338000,-72,0.000000,7,8
1,18.000000,17.000999,0.337000,-72,0.000000,7,8
1,18.000000,16.954000,0.370000,-71,0.000000,7,8
1,18.000000,16.760000,0.495000,-72,0.000000,7,8
1,18.000000,16.885000,0.368000,-72,0.000000,7,8
1,18.000000,17.032000,0.334000,-72,0.000000,7,8
1,18.000000,16.916000,0.414000,-72,0.000000,7,8
1,18.000000,16.988001,0.394000,-72,0.000000,7,8
1,18.000000,16.990999,0.363000,-71,0.000000,7,8
1,18.000000,16.916000,0.393000,-71,0.000000,7,8
1,18.000000,17.113001,0.321000,-71,0.000000,7,8
1,18.000000,17.141001,0.306000,-71,0.000000,7,8
1,18.000000,17.004000,0.357000,-71,0.000000,7,8
1,18.000000,17.148001,0.293000,-71,0.000000,7,8
1,18.000000,17.113001,0.274000,-71,0.000000,7,8
1,18.000000,17.268999,0.263000,-71,0.000000,7,8
1,18.000000,17.184999,0.282000,-71,0.000000,7,8
1,18.000000,17.038000,0.329000,-72,0.000000,7,8
1,18.000000,17.063000,0.330000,-72,0.000000,7,8
1,18.000000,16.954000,0.409000,-72,0.000000,7,8
1,18.000000,16.959999,0.392000,-72,0.000000,7,8
1,18.000000,16.923000,0.405000,-72,0.000000,7,8
1,18.000000,16.966000,0.388000,-72,0.000000,7,8
1,18.000000,16.962999,0.418000,-72,0.000000,7,8
1,18.000000,16.995001,0.364000,-72,0.000000,7,8
1,18.000000,16.923000,0.401000,-72,0.000000,7,8
1,18.000000,16.962999,0.355000,-72,0.000000,7,8
1,18.000000,16.913000,0.397000,-72,0.000000,7,8
1,18.000000,16.910000,0.378000,-72,0.000000,7,8
1,18.000000,16.990999,0.380000,-72,0.000000,7,8
1,18.000000,16.920000,0.436000,-71,0.000000,7,8
1,18.000000,16.926001,0.362000,-72,0.000000,7,8
1,18.000000,16.910000,0.387000,-72,0.000000,7,8
1,18.000000,16.951000,0.399000,-72,0.000000,7,8
1,18.000000,16.995001,0.397000,-72,0.000000,7,8
1,18.000000,16.929001,0.399000,-72,0.000000,7,8
1,18.000000,16.879000,0.388000,-72,0.000000,7,8
1,18.000000,16.997999,0.380000,-72,0.000000,7,8
1,18.000000,16.879000,0.460000,-72,0.000000,7,8
1,18.000000,17.101000,0.355000,-71,0.000000,7,8
1,18.000000,16.865999,0.468000,-71,0.000000,7,8
1,18.000000,17.004000,0.358000,-71,0.000000,7,8
1,18.000000,17.035000,0.375000,-71,0.000000,7,8
1,18.000000,16.910000,0.433000,-71,0.000000,7,8
1,18.000000,17.076000,0.360000,-71,0.000000,7,8
1,18.000000,16.990999,0.370000,-71,0.000000,7,8
1,18.000000,16.916000,0.413000,-71,0.000000,7,8
1,18.000000,16.995001,0.373000,-71,0.000000,7,8
1,18.000000,17.038000,0.352000,-71,0.000000,7,8
1,18.000000,16.916000,0.406000,-71,0.000000,7,8
1,18.000000,17.063000,0.370000,-71,0.000000,7,8
1,18.000000,17.032000,0.389000,-71,0.000000,7,8
1,18.000000,17.073000,0.315000,-71,0.000000,7,8
1,18.000000,17.118999,0.349000,-71,0.000000,7,8
1,18.000000,16.910000,0.410000,-71,0.000000,7,8
1,18.000000,17.113001,0.318000,-71,0.000000,7,8
1,18.000000,17.073000,0.343000,-71,0.000000,7,8
1,18.000000,16.957001,0.393000,-71,0.000000,7,8
1,18.000000,16.988001,0.382000,-70,0.000000,7,8
1,18.000000,16.993999,0.395000,-70,0.000000,7,8
1,18.000000,16.879000,0.428000,-71,0.000000,7,8
1,18.000000,16.919001,0.425000,-70,0.000000,7,8
1,18.000000,17.007000,0.372000,-71,0.000000,7,8
1,18.000000,17.084999,0.328000,-71,0.000000,7,8
1,18.000000,17.148001,0.291000,-70,0.000000,7,8
1,18.000000,16.997999,0.372000,-71,0.000000,7,8
1,18.000000,17.110001,0.317000,-71,0.000000,7,8
1,18.000000,16.848000,0.414000,-71,0.000000,7,8
1,18.000000,16.872999,0.429000,-71,0.000000,7,8
1,18.000000,16.757000,0.503000,-71,0.000000,7,8
1,18.000000,16.754000,0.539000,-72,0.000000,7,8
1,18.000000,16.920000,0.447000,-72,0.000000,7,8
1,18.000000,16.966000,0.428000,-72,0.000000,7,8
1,18.000000,16.885000,0.426000,-72,0.000000,7,8
1,18.000000,16.910000,0.426000,-72,0.000000,7,8
1,18.000000,16.913000,0.450000,-72,0.000000,7,8
1,18.000000,16.882000,0.442000,-72,0.000000,7,8
1,18.000000,16.863001,0.485000,-72,0.000000,7,8
1,18.000000,16.832001,0.498000,-72,0.000000,7,8
1,18.000000,16.834999,0.482000,-72,0.000000,7,8
1,18.000000,16.948000,0.394000,-72,0.000000,7,8
1,18.000000,16.879000,0.450000,-72,0.000000,7,8
1,18.000000,16.860001,0.455000,-72,0.000000,7,8
1,18.000000,16.879000,0.426000,-71,0.000000,7,8
1,18.000000,16.794001,0.500000,-72,0.000000,7,8
1,18.000000,17.044001,0.391000,-71,0.000000,7,8
1,18.000000,16.926001,0.388000,-71,0.000000,7,8
1,18.000000,16.954000,0.445000,-71,0.000000,7,8
1,18.000000,16.823000,0.470000,-71,0.000000,7,8
1,18.000000,17.004000,0.402000,-71,0.000000,7,8
1,18.000000,16.985001,0.362000,-71,0.000000,7,8
1,18.000000,16.872999,0.430000,-71,0.000000,7,8
1,18.000000,16.997999,0.399000,-71,0.000000,7,8
1,18.000000,16.879000,0.421000,-71,0.000000,7,8
1,18.000000,16.916000,0.440000,-71,0.000000,7,8
1,18.000000,16.841000,0.464000,-71,0.000000,7,8
1,18.000000,16.954000,0.365000,-71,0.000000,7,8
1,18.000000,17.035000,0.350000,-71,0.000000,7,8
1,18.000000,16.951000,0.398000,-71,0.000000,7,8
1,18.000000,16.900999,0.464000,-71,0.000000,7,8
1,18.000000,17.044001,0.353000,-71,0.000000,7,8
1,18.000000,16.841000,0.444000,-71,0.000000,7,8
1,18.000000,16.885000,0.444000,-71,0.000000,7,8
1,18.000000,16.957001,0.366000,-71,0.000000,7,8
1,18.000000,16.954000,0.380000,-72,0.000000,7,8
1,18.000000,17.082001,0.318000,-72,0.000000,7,8
1,18.000000,17.219999,0.252000,-72,0.000000,7,8
1,18.000000,17.079000,0.345000,-71,0.000000,7,8
1,18.000000,16.997999,0.335000,-72,0.000000,7,8
1,18.000000,17.035000,0.360000,-72,0.000000,7,8
1,18.000000,16.916000,0.399000,-72,0.000000,7,8
1,18.000000,16.997999,0.387000,-72,0.000000,7,8
1,18.000000,17.110001,0.309000,-72,0.000000,7,8
1,18.000000,16.916000,0.414000,-71,0.000000,7,8
1,18.000000,16.920000,0.389000,-72,0.000000,7,8
1,18.000000,17.000999,0.349000,-73,0.000000,7,8
1,18.000000,16.879000,0.453000,-72,0.000000,7,8
1,18.000000,16.995001,0.373000,-72,0.000000,7,8
1,18.000000,16.923000,0.422000,-72,0.000000,7,8
1,18.000000,16.957001,0.363000,-72,0.000000,7,8
1,18.000000,16.969000,0.407000,-72,0.000000,7,8
1,18.000000,17.028999,0.343000,-72,0.000000,7,8
1,18.000000,16.990999,0.355000,-72,0.000000,7,8
1,18.000000,16.959999,0.370000,-72,0.000000,7,8
1,18.000000,17.113001,0.321000,-72,0.000000,7,8
1,18.000000,17.232000,0.266000,-72,0.000000,7,8
1,18.000000,17.223000,0.293000,-71,0.000000,7,8
1,18.000000,16.995001,0.379000,-71,0.000000,7,8
1,18.000000,17.079000,0.329000,-72,0.000000,7,8
1,18.000000,17.160000,0.304000,-71,0.000000,7,8
1,18.000000,16.882000,0.414000,-71,0.000000,7,8
1,18.000000,17.032000,0.370000,-71,0.000000,7,8
1,18.000000,16.923000,0.385000,-71,0.000000,7,8
1,18.000000,16.926001,0.385000,-71,0.000000,7,8
1,18.000000,16.926001,0.376000,-71,0.000000,7,8
1,18.000000,16.913000,0.420000,-71,0.000000,7,8
1,18.000000,17.110001,0.276000,-71,0.000000,7,8
1,18.000000,17.188000,0.264000,-72,0.000000,7,8
1,18.000000,16.948000,0.409000,-71,0.000000,7,8
1,18.000000,16.875999,0.412000,-70,0.000000,7,8
1,18.000000,16.959999,0.372000,-72,0.000000,7,8
1,18.000000,16.985001,0.393000,-72,0.000000,7,8
1,18.000000,16.944000,0.371000,-71,0.000000,7,8
1,18.000000,16.997999,0.372000,-71,0.000000,7,8
1,18.000000,16.882000,0.401000,-72,0.000000,7,8
1,18.000000,16.885000,0.423000,-72,0.000000,7,8
1,18.000000,16.957001,0.386000,-72,0.000000,7,8
1,18.000000,17.038000,0.387000,-72,0.000000,7,8
1,18.000000,16.837999,0.449000,-72,0.000000,7,8
1,18.000000,17.000999,0.377000,-72,0.000000,7,8
1,18.000000,17.150999,0.302000,-72,0.000000,7,8
1,18.000000,16.993999,0.373000,-72,0.000000,7,8
1,18.000000,17.032000,0.353000,-72,0.000000,7,8
1,18.000000,16.997999,0.381000,-72,0.000000,7,8
1,18.000000,16.985001,0.397000,-72,0.000000,7,8
1,18.000000,16.988001,0.381000,-72,0.000000,7,8
1,18.000000,16.985001,0.395000,-72,0.000000,7,8
1,18.000000,16.988001,0.371000,-72,0.000000,7,8
1,18.000000,16.929001,0.401000,-72,0.000000,7,8
1,18.000000,16.990999,0.390000,-72,0.000000,7,8
1,18.000000,17.038000,0.378000,-72,0.000000,7,8
1,18.000000,17.044001,0.341000,-72,0.000000,7,8
1,18.000000,16.959999,0.401000,-72,0.000000,7,8
1,18.000000,16.951000,0.380000,-71,0.000000,7,8
1,18.000000,17.076000,0.346000,-72,0.000000,7,8
1,18.000000,17.004000,0.372000,-72,0.000000,7,8
1,18.000000,17.035000,0.349000,-72,0.000000,7,8
1,18.000000,17.082001,0.356000,-72,0.000000,7,8
1,18.000000,16.757000,0.513000,-72,0.000000,7,8
1,18.000000,16.920000,0.422000,-72,0.000000,7,8
1,18.000000,17.004000,0.369000,-72,0.000000,7,8
1,18.000000,16.966000,0.344000,-72,0.000000,7,8
1,18.000000,16.988001,0.395000,-72,0.000000,7,8
1,18.000000,16.997999,0.359000,-72,0.000000,7,8
1,18.000000,17.025999,0.364000,-72,0.000000,7,8
1,18.000000,16.954000,0.405000,-72,0.000000,7,8
1,18.000000,17.004000,0.350000,-72,0.000000,7,8
1,18.000000,16.985001,0.390000,-72,0.000000,7,8
1,18.000000,16.944000,0.433000,-72,0.000000,7,8
1,18.000000,16.995001,0.386000,-72,0.000000,7,8
1,18.000000,16.966000,0.401000,-72,0.000000,7,8
1,18.000000,17.082001,0.339000,-72,0.000000,7,8
1,18.000000,17.025999,0.380000,-72,0.000000,7,8
1,18.000000,16.988001,0.372000,-72,0.000000,7,8
1,18.000000,16.941000,0.454000,-72,0.000000,7,8
1,18.000000,16.948000,0.432000,-72,0.000000,7,8
1,18.000000,16.951000,0.373000,-72,0.000000,7,8
1,18.000000,17.035000,0.399000,-72,0.000000,7,8
1,18.000000,16.923000,0.422000,-72,0.000000,7,8
1,18.000000,17.073000,0.329000,-72,0.000000,7,8
1,18.000000,16.997999,0.396000,-72,0.000000,7,8
1,18.000000,16.966000,0.402000,-72,0.000000,7,8
1,18.000000,17.038000,0.378000,-72,0.000000,7,8
1,18.000000,16.995001,0.392000,-72,0.000000,7,8
1,18.000000,16.926001,0.409000,-72,0.000000,7,8
1,18.000000,16.985001,0.390000,-72,0.000000,7,8
1,18.000000,17.032000,0.368000,-72,0.000000,7,8
1,18.000000,17.082001,0.346000,-72,0.000000,7,8
1,18.000000,17.069000,0.351000,-72,0.000000,7,8
1,18.000000,17.073000,0.351000,-72,0.000000,7,8
1,18.000000,16.916000,0.396000,-72,0.000000,7,8
1,18.000000,17.004000,0.357000,-72,0.000000,7,8
1,18.000000,17.076000,0.318000,-72,0.000000,7,8
1,18.000000,17.004000,0.335000,-72,0.000000,7,8
1,18.000000,17.063000,0.344000,-72,0.000000,7,8
1,18.000000,16.988001,0.362000,-72,0.000000,7,8
1,18.000000,16.954000,0.430000,-72,0.000000,7,8
1,18.000000,16.919001,0.417000,-72,0.000000,7,8
1,18.000000,16.913000,0.427000,-72,0.000000,7,8
1,18.000000,16.948000,0.417000,-72,0.000000,7,8
1,18.000000,16.875999,0.463000,-72,0.000000,7,8
1,18.000000,16.916000,0.471000,-72,0.000000,7,8
1,18.000000,16.913000,0.390000,-72,0.000000,7,8
1,18.000000,16.966000,0.348000,-72,0.000000,7,8
1,18.000000,16.773001,0.477000,-72,0.000000,7,8
1,18.000000,16.872999,0.429000,-72,0.000000,7,8
1,18.000000,16.879000,0.423000,-72,0.000000,7,8
1,18.000000,16.920000,0.425000,-72,0.000000,7,8
1,18.000000,16.837999,0.445000,-72,0.000000,7,8
1,18.000000,16.841000,0.430000,-72,0.000000,7,8
1,18.000000,16.944000,0.395000,-72,0.000000,7,8
1,18.000000,16.997999,0.385000,-72,0.000000,7,8
1,18.000000,16.962999,0.389000,-72,0.000000,7,8
1,18.000000,16.885000,0.414000,-72,0.000000,7,8
1,18.000000,16.954000,0.388000,-72,0.000000,7,8
1,18.000000,16.997999,0.347000,-72,0.000000,7,8
1,18.000000,16.882000,0.412000,-72,0.000000,7,8
1,18.000000,16.888000,0.380000,-72,0.000000,7,8
1,18.000000,16.834999,0.432000,-72,0.000000,7,8
1,18.000000,16.959999,0.360000,-72,0.000000,7,8
1,18.000000,16.913000,0.401000,-72,0.000000,7,8
1,18.000000,17.023001,0.348000,-72,0.000000,7,8
1,18.000000,16.948000,0.407000,-72,0.000000,7,8
1,18.000000,16.919001,0.392000,-72,0.000000,7,8
1,18.000000,16.948000,0.393000,-72,0.000000,7,8
1,18.000000,16.990999,0.388000,-72,0.000000,7,8
1,18.000000,16.760000,0.505000,-71,0.000000,7,8
1,18.000000,17.063000,0.338000,-71,0.000000,7,8
1,18.000000,16.957001,0.376000,-72,0.000000,7,8
1,18.000000,16.962999,0.339000,-71,0.000000,7,8
1,18.000000,16.957001,0.383000,-71,0.000000,7,8
1,18.000000,16.997999,0.370000,-71,0.000000,7,8
1,18.000000,16.995001,0.379000,-71,0.000000,7,8
1,18.000000,17.032000,0.354000,-71,0.000000,7,8
1,18.000000,16.957001,0.403000,-71,0.000000,7,8
1,18.000000,17.066000,0.325000,-71,0.000000,7,8
1,18.000000,17.073000,0.329000,-71,0.000000,7,8
1,18.000000,17.110001,0.310000,-72,0.000000,7,8
1,18.000000,17.107000,0.358000,-72,0.000000,7,8
1,18.000000,17.044001,0.336000,-71,0.000000,7,8
1,18.000000,16.997999,0.340000,-72,0.000000,7,8
1,18.000000,16.945000,0.385000,-72,0.000000,7,8
1,18.000000,17.079000,0.270000,-71,0.000000,7,8
1,18.000000,17.038000,0.315000,-71,0.000000,7,8
1,18.000000,17.038000,0.351000,-72,0.000000,7,8
1,18.000000,16.962999,0.333000,-72,0.000000,7,8
1,18.000000,16.988001,0.377000,-71,0.000000,7,8
1,18.000000,16.882000,0.376000,-71,0.000000,7,8
1,18.000000,17.023001,0.353000,-71,0.000000,7,8
1,18.000000,16.954000,0.366000,-71,0.000000,7,8
1,18.000000,17.038000,0.351000,-71,0.000000,7,8
1,18.000000,16.997999,0.350000,-71,0.000000,7,8
1,18.000000,17.044001,0.323000,-71,0.000000,7,8
1,18.000000,16.957001,0.393000,-71,0.000000,7,8
1,18.000000,17.110001,0.305000,-72,0.000000,7,8
1,18.000000,17.000999,0.369000,-72,0.000000,7,8
1,18.000000,16.985001,0.390000,-72,0.000000,7,8
1,18.000000,17.063000,0.327000,-71,0.000000,7,8
1,18.000000,17.079000,0.266000,-71,0.000000,7,8
1,18.000000,17.113001,0.248000,-71,0.000000,7,8
1,18.000000,17.069000,0.299000,-71,0.000000,7,8
1,18.000000,17.035000,0.306000,-71,0.000000,7,8
1,18.000000,17.157000,0.296000,-71,0.000000,7,8
1,18.000000,16.957001,0.395000,-72,0.000000,7,8
1,18.000000,17.150999,0.312000,-72,0.000000,7,8
1,18.000000,17.000999,0.378000,-71,0.000000,7,8
1,18.000000,17.041000,0.350000,-71,0.000000,7,8
1,18.000000,17.122999,0.324000,-71,0.000000,7,8
1,18.000000,17.004000,0.372000,-71,0.000000,7,8
1,18.000000,17.028999,0.359000,-71,0.000000,7,8
1,18.000000,17.082001,0.344000,-72,0.000000,7,8
1,18.000000,16.959999,0.381000,-71,0.000000,7,8
1,18.000000,17.073000,0.364000,-71,0.000000,7,8
1,18.000000,17.059999,0.364000,-71,0.000000,7,8
1,18.000000,17.063000,0.324000,-71,0.000000,7,8
1,18.000000,17.038000,0.358000,-71,0.000000,7,8
1,18.000000,17.076000,0.333000,-71,0.000000,7,8
1,18.000000,16.920000,0.391000,-72,0.000000,7,8
1,18.000000,16.920000,0.405000,-71,0.000000,7,8
1,18.000000,17.004000,0.315000,-72,0.000000,7,8
1,18.000000,16.929001,0.393000,-71,0.000000,7,8
1,18.000000,16.885000,0.413000,-71,0.000000,7,8
1,18.000000,16.916000,0.424000,-71,0.000000,7,8
1,18.000000,16.919001,0.411000,-71,0.000000,7,8
1,18.000000,16.798000,0.478000,-71,0.000000,7,8
1,18.000000,16.913000,0.407000,-71,0.000000,7,8
1,18.000000,16.879000,0.443000,-71,0.000000,7,8
1,18.000000,16.834999,0.421000,-71,0.000000,7,8
1,18.000000,16.995001,0.367000,-71,0.000000,7,8
1,18.000000,16.954000,0.396000,-71,0.000000,7,8
1,18.000000,16.959999,0.391000,-71,0.000000,7,8
1,18.000000,16.865999,0.466000,-71,0.000000,7,8
1,18.000000,16.875999,0.428000,-71,0.000000,7,8
1,18.000000,16.957001,0.387000,-71,0.000000,7,8
1,18.000000,16.875999,0.419000,-71,0.000000,7,8
1,18.000000,16.757000,0.479000,-71,0.000000,7,8
1,18.000000,16.959999,0.361000,-71,0.000000,7,8
1,18.000000,17.041000,0.340000,-71,0.000000,7,8
1,18.000000,16.997999,0.373000,-71,0.000000,7,8
1,18.000000,17.000999,0.330000,-71,0.000000,7,8
1,18.000000,16.788000,0.484000,-71,0.000000,7,8
1,18.000000,16.882000,0.451000,-71,0.000000,7,8
1,18.000000,17.000999,0.378000,-71,0.000000,7,8
1,18.000000,16.997999,0.341000,-71,0.000000,7,8
1,18.000000,16.959999,0.345000,-71,0.000000,7,8
1,18.000000,16.920000,0.413000,-71,0.000000,7,8
1,18.000000,17.032000,0.386000,-71,0.000000,7,8
1,18.000000,17.082001,0.376000,-71,0.000000,7,8
1,18.000000,17.118999,0.299000,-71,0.000000,7,8
1,18.000000,17.038000,0.349000,-71,0.000000,7,8
1,18.000000,17.044001,0.346000,-71,0.000000,7,8
1,18.000000,16.926001,0.388000,-71,0.000000,7,8
1,18.000000,17.038000,0.382000,-72,0.000000,7,8
1,18.000000,16.966000,0.394000,-71,0.000000,7,8
1,18.000000,16.997999,0.360000,-71,0.000000,7,8
1,18.000000,16.882000,0.462000,-71,0.000000,7,8
1,18.000000,16.879000,0.411000,-71,0.000000,7,8
1,18.000000,16.954000,0.419000,-71,0.000000,7,8
1,18.000000,16.954000,0.382000,-71,0.000000,7,8
1,18.000000,17.032000,0.316000,-71,0.000000,7,8
1,18.000000,17.038000,0.329000,-71,0.000000,7,8
1,18.000000,16.868999,0.450000,-71,0.000000,7,8
1,18.000000,16.872999,0.423000,-71,0.000000,7,8
1,18.000000,17.070000,0.343000,-71,0.000000,7,8
1,18.000000,16.879000,0.418000,-71,0.000000,7,8
1,18.000000,16.951000,0.393000,-71,0.000000,7,8
1,18.000000,17.035000,0.346000,-71,0.000000,7,8
1,18.000000,16.910000,0.398000,-71,0.000000,7,8
1,18.000000,16.926001,0.410000,-71,0.000000,7,8
1,18.000000,17.038000,0.348000,-71,0.000000,7,8
1,18.000000,17.004000,0.367000,-71,0.000000,7,8
1,18.000000,16.879000,0.421000,-71,0.000000,7,8
1,18.000000,17.028999,0.352000,-71,0.000000,7,8
1,18.000000,16.910000,0.427000,-71,0.000000,7,8
1,18.000000,16.959999,0.366000,-71,0.000000,7,8
1,18.000000,16.959999,0.384000,-71,0.000000,7,8
1,18.000000,17.082001,0.344000,-71,0.000000,7,8
1,18.000000,16.926001,0.405000,-71,0.000000,7,8
1,18.000000,16.954000,0.396000,-71,0.000000,7,8
1,18.000000,17.000999,0.347000,-71,0.000000,7,8
1,18.000000,16.794001,0.469000,-72,0.000000,7,8
1,18.000000,16.962999,0.339000,-72,0.000000,7,8
1,18.000000,16.959999,0.316000,-72,0.000000,7,8
1,18.000000,16.993999,0.362000,-72,0.000000,7,8
1,18.000000,17.025999,0.341000,-72,0.000000,7,8
1,18.000000,17.044001,0.334000,-72,0.000000,7,8
1,18.000000,16.875999,0.419000,-72,0.000000,7,8
1,18.000000,17.073000,0.310000,-72,0.000000,7,8
1,18.000000,16.993999,0.365000,-71,0.000000,7,8
1,18.000000,16.957001,0.396000,-71,0.000000,7,8
1,18.000000,17.035000,0.360000,-70,0.000000,7,8
1,18.000000,17.032000,0.314000,-71,0.000000,7,8
1,18.000000,16.879000,0.413000,-72,0.000000,7,8
1,18.000000,16.959999,0.340000,-70,0.000000,7,8
1,18.000000,17.038000,0.331000,-71,0.000000,7,8
1,18.000000,17.035000,0.331000,-71,0.000000,7,8
1,18.000000,16.920000,0.384000,-72,0.000000,7,8
1,18.000000,16.948000,0.391000,-72,0.000000,7,8
1,18.000000,16.957001,0.361000,-72,0.000000,7,8
1,18.000000,16.882000,0.426000,-71,0.000000,7,8
1,18.000000,16.990999,0.358000,-71,0.000000,7,8
1,18.000000,17.000999,0.366000,-71,0.000000,7,8
1,18.000000,16.982000,0.412000,-71,0.000000,7,8
1,18.000000,16.885000,0.373000,-71,0.000000,7,8
1,18.000000,17.028999,0.353000,-71,0.000000,7,8
1,18.000000,16.985001,0.374000,-72,0.000000,7,8
1,18.000000,16.962999,0.369000,-71,0.000000,7,8
1,18.000000,17.035000,0.340000,-71,0.000000,7,8
1,18.000000,16.954000,0.389000,-71,0.000000,7,8
1,18.000000,16.944000,0.394000,-71,0.000000,7,8
1,18.000000,17.076000,0.351000,-71,0.000000,7,8
1,18.000000,16.907000,0.393000,-71,0.000000,7,8
1,18.000000,17.000999,0.329000,-71,0.000000,7,8
1,18.000000,17.004000,0.297000,-71,0.000000,7,8
1,18.000000,16.957001,0.355000,-71,0.000000,7,8
1,18.000000,16.913000,0.424000,-71,0.000000,7,8
1,18.000000,16.910000,0.392000,-71,0.000000,7,8
1,18.000000,17.032000,0.342000,-72,0.000000,7,8
1,18.000000,16.995001,0.336000,-72,0.000000,7,8
1,18.000000,16.993999,0.311000,-72,0.000000,7,8
1,18.000000,16.913000,0.395000,-72,0.000000,7,8
1,18.000000,16.879000,0.415000,-72,0.000000,7,8
1,18.000000,16.929001,0.382000,-72,0.000000,7,8
1,18.000000,16.954000,0.345000,-72,0.000000,7,8
1,18.000000,17.070000,0.313000,-72,0.000000,7,8
1,18.000000,16.834999,0.440000,-72,0.000000,7,8
1,18.000000,16.988001,0.377000,-72,0.000000,7,8
1,18.000000,16.957001,0.370000,-72,0.000000,7,8
1,18.000000,16.926001,0.375000,-72,0.000000,7,8
1,18.000000,16.959999,0.404000,-72,0.000000,7,8
1,18.000000,16.844999,0.429000,-72,0.000000,7,8
1,18.000000,16.985001,0.379000,-72,0.000000,7,8
1,18.000000,16.798000,0.474000,-71,0.000000,7,8
1,18.000000,16.957001,0.322000,-72,0.000000,7,8
1,18.000000,17.004000,0.383000,-72,0.000000,7,8
1,18.000000,16.926001,0.316000,-72,0.000000,7,8
1,18.000000,17.107000,0.299000,-72,0.000000,7,8
1,18.000000,16.920000,0.413000,-72,0.000000,7,8
1,18.000000,16.959999,0.373000,-71,0.000000,7,8
1,18.000000,16.990999,0.325000,-72,0.000000,7,8
1,18.000000,17.028999,0.318000,-72,0.000000,7,8
1,18.000000,16.959999,0.399000,-72,0.000000,7,8
1,18.000000,16.923000,0.387000,-72,0.000000,7,8
1,18.000000,17.004000,0.342000,-72,0.000000,7,8
1,18.000000,16.966000,0.359000,-72,0.000000,7,8
1,18.000000,16.844999,0.374000,-72,0.000000,7,8
1,18.000000,16.875999,0.409000,-72,0.000000,7,8
1,18.000000,16.837999,0.426000,-72,0.000000,7,8
1,18.000000,16.879000,0.411000,-72,0.000000,7,8
1,18.000000,16.957001,0.369000,-72,0.000000,7,8
1,18.000000,16.957001,0.343000,-72,0.000000,7,8
1,18.000000,16.885000,0.365000,-71,0.000000,7,8
1,18.000000,17.000999,0.350000,-71,0.000000,7,8
1,18.000000,16.913000,0.430000,-72,0.000000,7,8
1,18.000000,16.948000,0.409000,-71,0.000000,7,8
1,18.000000,17.032000,0.369000,-71,0.000000,7,8
1,18.000000,17.069000,0.333000,-72,0.000000,7,8
1,18.000000,17.004000,0.352000,-71,0.000000,7,8
1,18.000000,17.076000,0.273000,-71,0.000000,7,8
1,18.000000,16.957001,0.369000,-71,0.000000,7,8
1,18.000000,17.032000,0.323000,-72,0.000000,7,8
1,18.000000,16.916000,0.376000,-72,0.000000,7,8
1,18.000000,17.028999,0.359000,-71,0.000000,7,8
1,18.000000,17.035000,0.335000,-71,0.000000,7,8
1,18.000000,17.118999,0.305000,-71,0.000000,7,8
1,18.000000,16.841000,0.468000,-71,0.000000,7,8
1,18.000000,17.079000,0.286000,-72,0.000000,7,8
1,18.000000,17.000999,0.284000,-72,0.000000,7,8
1,18.000000,16.957001,0.390000,-72,0.000000,7,8
1,18.000000,17.032000,0.321000,-72,0.000000,7,8
1,18.000000,16.988001,0.379000,-72,0.000000,7,8
1,18.000000,17.066000,0.336000,-72,0.000000,7,8
1,18.000000,17.082001,0.277000,-72,0.000000,7,8
1,18.000000,16.920000,0.364000,-72,0.000000,7,8
1,18.000000,17.035000,0.330000,-72,0.000000,7,8
1,18.000000,16.995001,0.337000,-72,0.000000,7,8
1,18.000000,16.954000,0.378000,-71,0.000000,7,8
1,18.000000,17.076000,0.308000,-72,0.000000,7,8
1,18.000000,16.959999,0.350000,-72,0.000000,7,8
1,18.000000,16.997999,0.360000,-72,0.000000,7,8
1,18.000000,17.076000,0.311000,-71,0.000000,7,8
1,18.000000,17.226000,0.284000,-71,0.000000,7,8
1,18.000000,17.082001,0.335000,-72,0.000000,7,8
1,18.000000,17.076000,0.363000,-71,0.000000,7,8
1,18.000000,17.038000,0.323000,-71,0.000000,7,8
1,18.000000,17.038000,0.332000,-72,0.000000,7,8
1,18.000000,16.929001,0.419000,-71,0.000000,7,8
1,18.000000,17.028999,0.330000,-71,0.000000,7,8
1,18.000000,17.000999,0.349000,-72,0.000000,7,8
1,18.000000,17.000999,0.346000,-72,0.000000,7,8
1,18.000000,16.959999,0.375000,-71,0.000000,7,8
1,18.000000,17.073000,0.335000,-71,0.000000,7,8
1,18.000000,17.000999,0.368000,-71,0.000000,7,8
1,18.000000,16.929001,0.405000,-71,0.000000,7,8
1,18.000000,16.916000,0.415000,-72,0.000000,7,8
1,18.000000,17.000999,0.344000,-72,0.000000,7,8
1,18.000000,17.000999,0.375000,-72,0.000000,7,8
1,18.000000,17.194000,0.290000,-72,0.000000,7,8
1,18.000000,17.032000,0.369000,-72,0.000000,7,8
1,18.000000,16.957001,0.418000,-72,0.000000,7,8
1,18.000000,16.954000,0.353000,-71,0.000000,7,8
1,18.000000,17.041000,0.340000,-71,0.000000,7,8
1,18.000000,16.929001,0.383000,-72,0.000000,7,8
1,18.000000,16.882000,0.429000,-72,0.000000,7,8
1,18.000000,16.951000,0.382000,-71,0.000000,7,8
1,18.000000,17.032000,0.343000,-71,0.000000,7,8
1,18.000000,17.038000,0.366000,-72,0.000000,7,8
1,18.000000,17.038000,0.308000,-72,0.000000,7,8
1,18.000000,17.038000,0.324000,-71,0.000000,7,8
1,18.000000,16.916000,0.418000,-71,0.000000,7,8
1,18.000000,16.959999,0.366000,-71,0.000000,7,8
1,18.000000,17.028999,0.371000,-72,0.000000,7,8
1,18.000000,17.104000,0.342000,-72,0.000000,7,8
1,18.000000,17.079000,0.308000,-71,0.000000,7,8
1,18.000000,17.184999,0.301000,-72,0.000000,7,8
1,18.000000,17.076000,0.322000,-71,0.000000,7,8
1,18.000000,16.872999,0.437000,-71,0.000000,7,8
1,18.000000,17.066000,0.359000,-72,0.000000,7,8
1,18.000000,16.962999,0.344000,-72,0.000000,7,8
1,18.000000,16.957001,0.384000,-72,0.000000,7,8
1,18.000000,16.879000,0.391000,-71,0.000000,7,8
1,18.000000,17.110001,0.300000,-72,0.000000,7,8
1,18.000000,17.004000,0.345000,-71,0.000000,7,8
1,18.000000,17.157000,0.308000,-71,0.000000,7,8
1,18.000000,17.110001,0.317000,-71,0.000000,7,8
1,18.000000,17.000999,0.289000,-71,0.000000,7,8
1,18.000000,17.115999,0.303000,-71,0.000000,7,8
1,18.000000,17.035000,0.340000,-71,0.000000,7,8
1,18.000000,17.007000,0.350000,-71,0.000000,7,8
1,18.000000,16.988001,0.384000,-71,0.000000,7,8
1,18.000000,17.032000,0.389000,-71,0.000000,7,8
1,18.000000,17.025999,0.354000,-71,0.000000,7,8
1,18.000000,16.966000,0.350000,-71,0.000000,7,8
1,18.000000,17.115999,0.292000,-71,0.000000,7,8
1,18.000000,17.025999,0.367000,-71,0.000000,7,8
1,18.000000,17.148001,0.240000,-71,0.000000,7,8
1,18.000000,17.066000,0.365000,-71,0.000000,7,8
1,18.000000,16.995001,0.345000,-71,0.000000,7,8
1,18.000000,17.076000,0.289000,-71,0.000000,7,8
1,18.000000,17.038000,0.330000,-71,0.000000,7,8
1,18.000000,17.038000,0.352000,-71,0.000000,7,8
1,18.000000,17.041000,0.381000,-71,0.000000,7,8
1,18.000000,16.916000,0.427000,-71,0.000000,7,8
1,18.000000,17.025999,0.357000,-71,0.000000,7,8
1,18.000000,17.004000,0.351000,-71,0.000000,7,8
1,18.000000,17.157000,0.272000,-72,0.000000,7,8
1,18.000000,16.962999,0.353000,-71,0.000000,7,8
1,18.000000,17.038000,0.308000,-71,0.000000,7,8
1,18.000000,17.035000,0.337000,-71,0.000000,7,8
1,18.000000,16.959999,0.365000,-71,0.000000,7,8
1,18.000000,17.076000,0.312000,-72,0.000000,7,8
1,18.000000,17.076000,0.363000,-71,0.000000,7,8
1,18.000000,17.110001,0.317000,-71,0.000000,7,8
1,18.000000,17.070000,0.330000,-71,0.000000,7,8
1,18.000000,17.101000,0.298000,-71,0.000000,7,8
1,18.000000,17.115999,0.305000,-71,0.000000,7,8
1,18.000000,16.993999,0.349000,-71,0.000000,7,8
1,18.000000,17.113001,0.294000,-72,0.000000,7,8
1,18.000000,16.997999,0.321000,-71,0.000000,7,8
1,18.000000,16.879000,0.405000,-71,0.000000,7,8
1,18.000000,16.997999,0.379000,-72,0.000000,7,8
1,18.000000,17.048000,0.365000,-72,0.000000,7,8
1,18.000000,17.150999,0.310000,-71,0.000000,7,8
1,18.000000,16.875999,0.428000,-71,0.000000,7,8
1,18.000000,17.113001,0.319000,-71,0.000000,7,8
1,18.000000,17.113001,0.281000,-71,0.000000,7,8
1,18.000000,17.118999,0.317000,-71,0.000000,7,8
1,18.000000,17.104000,0.307000,-71,0.000000,7,8
1,18.000000,16.957001,0.420000,-71,0.000000,7,8
1,18.000000,17.028999,0.365000,-71,0.000000,7,8
1,18.000000,17.076000,0.347000,-71,0.000000,7,8
1,18.000000,17.113001,0.309000,-72,0.000000,7,8
1,18.000000,16.990999,0.353000,-72,0.000000,7,8
1,18.000000,16.997999,0.361000,-72,0.000000,7,8
1,18.000000,17.066000,0.298000,-71,0.000000,7,8
1,18.000000,17.035000,0.351000,-71,0.000000,7,8
1,18.000000,17.000999,0.372000,-72,0.000000,7,8
1,18.000000,17.066000,0.367000,-71,0.000000,7,8
1,18.000000,17.188000,0.292000,-71,0.000000,7,8
1,18.000000,17.184999,0.296000,-71,0.000000,7,8
1,18.000000,17.079000,0.286000,-72,0.000000,7,8
1,18.000000,17.184999,0.296000,-71,0.000000,7,8
1,18.000000,17.073000,0.333000,-72,0.000000,7,8
1,18.000000,17.084999,0.337000,-71,0.000000,7,8
1,18.000000,17.110001,0.336000,-71,0.000000,7,8
1,18.000000,17.076000,0.357000,-72,0.000000,7,8
1,18.000000,17.038000,0.357000,-71,0.000000,7,8
1,18.000000,17.107000,0.345000,-72,0.000000,7,8
1,18.000000,17.025999,0.346000,-72,0.000000,7,8
1,18.000000,17.048000,0.358000,-72,0.000000,7,8
1,18.000000,17.000999,0.352000,-72,0.000000,7,8
1,18.000000,17.070000,0.350000,-72,0.000000,7,8
1,18.000000,17.110001,0.301000,-71,0.000000,7,8
1,18.000000,17.184999,0.303000,-71,0.000000,7,8
1,18.000000,17.038000,0.345000,-72,0.000000,7,8
1,18.000000,17.082001,0.336000,-71,0.000000,7,8
1,18.000000,16.988001,0.408000,-72,0.000000,7,8
1,18.000000,17.038000,0.367000,-72,0.000000,7,8
1,18.000000,16.879000,0.456000,-72,0.000000,7,8
1,18.000000,16.954000,0.399000,-71,0.000000,7,8
1,18.000000,17.038000,0.335000,-71,0.000000,7,8
1,18.000000,16.988001,0.375000,-71,0.000000,7,8
1,18.000000,17.035000,0.347000,-71,0.000000,7,8
1,18.000000,17.035000,0.307000,-71,0.000000,7,8
1,18.000000,16.957001,0.367000,-71,0.000000,7,8
1,18.000000,16.926001,0.361000,-71,0.000000,7,8
1,18.000000,16.882000,0.412000,-71,0.000000,7,8
1,18.000000,16.920000,0.375000,-71,0.000000,7,8
1,18.000000,16.791000,0.484000,-71,0.000000,7,8
1,18.000000,16.993999,0.376000,-71,0.000000,7,8
1,18.000000,16.995001,0.355000,-71,0.000000,7,8
1,18.000000,17.035000,0.349000,-71,0.000000,7,8
1,18.000000,16.954000,0.421000,-71,0.000000,7,8
1,18.000000,16.957001,0.356000,-72,0.000000,7,8
1,18.000000,17.073000,0.333000,-72,0.000000,7,8
1,18.000000,16.844999,0.426000,-72,0.000000,7,8
1,18.000000,16.879000,0.443000,-72,0.000000,7,8
1,18.000000,17.038000,0.308000,-72,0.000000,7,8
1,18.000000,17.113001,0.317000,-72,0.000000,7,8
1,18.000000,17.038000,0.308000,-72,0.000000,7,8
1,18.000000,16.954000,0.355000,-72,0.000000,7,8
1,18.000000,16.907000,0.376000,-72,0.000000,7,8
1,18.000000,16.997999,0.349000,-72,0.000000,7,8
1,18.000000,17.113001,0.331000,-72,0.000000,7,8
1,18.000000,16.959999,0.379000,-72,0.000000,7,8
1,18.000000,16.903999,0.408000,-72,0.000000,7,8
1,18.000000,17.032000,0.371000,-72,0.000000,7,8
1,18.000000,16.990999,0.363000,-72,0.000000,7,8
1,18.000000,16.954000,0.358000,-72,0.000000,7,8
1,18.000000,17.025999,0.318000,-72,0.000000,7,8
1,18.000000,17.000999,0.370000,-72,0.000000,7,8
1,18.000000,16.954000,0.377000,-71,0.000000,7,8
1,18.000000,17.041000,0.310000,-71,0.000000,7,8
1,18.000000,16.990999,0.384000,-72,0.000000,7,8
1,18.000000,16.954000,0.401000,-71,0.000000,7,8
1,18.000000,16.954000,0.411000,-71,0.000000,7,8
1,18.000000,16.957001,0.409000,-71,0.000000,7,8
1,18.000000,16.962999,0.351000,-71,0.000000,7,8
1,18.000000,16.920000,0.393000,-71,0.000000,7,8
1,18.000000,16.959999,0.372000,-71,0.000000,7,8
1,18.000000,16.962999,0.305000,-71,0.000000,7,8
