1,8.000000,6.895000,0.966000,-76,0.000000,7,8
1,8.000000,6.977000,1.329000,-75,0.000000,7,8
1,8.000000,7.123000,1.218000,-75,0.000000,7,8
1,8.000000,6.945000,0.173000,-75,0.000000,7,8
1,8.000000,6.488000,0.250000,-74,0.000000,7,8
1,8.000000,6.688000,0.143000,-73,0.000000,7,8
1,8.000000,6.451000,0.222000,-73,0.000000,7,8
1,8.000000,6.860000,0.463000,-74,0.000000,7,8
1,8.000000,6.057000,0.354000,-70,0.000000,7,8
1,8.000000,6.654000,1.084000,-72,0.000000,7,8
1,8.000000,6.444000,0.215000,-70,0.000000,7,8
1,8.000000,5.866000,0.485000,-71,0.000000,7,8
1,8.000000,5.823000,0.556000,-72,0.000000,7,8
1,8.000000,6.054000,0.372000,-71,0.000000,7,8
1,8.000000,6.491000,0.274000,-67,0.000000,7,8
1,8.000000,5.898000,0.405000,-70,0.000000,7,8
1,8.000000,5.826000,0.421000,-71,0.000000,7,8
1,8.000000,5.985000,0.453000,-67,0.000000,7,8
1,8.000000,5.938000,0.532000,-66,0.000000,7,8
1,8.000000,5.829000,0.437000,-71,0.000000,7,8
1,8.000000,5.860000,0.421000,-69,0.000000,7,8
1,8.000000,5.860000,0.439000,-70,0.000000,7,8
1,8.000000,6.185000,0.378000,-69,0.000000,7,8
1,8.000000,6.799000,0.877000,-71,0.000000,7,8
1,8.000000,6.104000,0.323000,-74,0.000000,7,8
1,8.000000,6.094000,0.457000,-69,0.000000,7,8
1,8.000000,6.048000,0.421000,-68,0.000000,7,8
1,8.000000,5.941000,0.448000,-67,0.000000,7,8
1,8.000000,6.101000,0.343000,-70,0.000000,7,8
1,8.000000,5.941000,0.520000,-73,0.000000,7,8
1,8.000000,5.982000,0.215000,-73,0.000000,7,8
1,8.000000,5.779000,0.361000,-74,0.000000,7,8
1,8.000000,5.820000,0.363000,-75,0.000000,7,8
1,8.000000,5.941000,0.344000,-74,0.000000,7,8
1,8.000000,5.904000,0.344000,-75,0.000000,7,8
1,8.000000,5.907000,0.345000,-75,0.000000,7,8
1,8.000000,5.907000,0.334000,-74,0.000000,7,8
1,8.000000,5.866000,0.379000,-74,0.000000,7,8
1,8.000000,6.016000,0.403000,-73,0.000000,7,8
1,8.000000,6.210000,0.322000,-73,0.000000,7,8
1,8.000000,6.176000,0.296000,-73,0.000000,7,8
1,8.000000,6.454000,0.093000,-73,0.000000,7,8
1,8.000000,6.685000,0.138000,-73,0.000000,7,8
1,8.000000,6.748000,1.063000,-73,0.000000,7,8
1,8.000000,6.526000,0.152000,-72,0.000000,7,8
1,8.000000,6.254000,0.260000,-71,0.000000,7,8
1,8.000000,6.213000,0.331000,-71,0.000000,7,8
1,8.000000,6.210000,0.344000,-71,0.000000,7,8
1,8.000000,6.294000,0.253000,-71,0.000000,7,8
1,8.000000,6.294000,0.267000,-70,0.000000,7,8
1,8.000000,6.298000,0.302000,-70,0.000000,7,8
1,8.000000,6.141000,0.301000,-70,0.000000,7,8
1,8.000000,6.329000,0.277000,-70,0.000000,7,8
1,8.000000,6.260000,0.368000,-71,0.000000,7,8
1,8.000000,6.138000,0.337000,-72,0.000000,7,8
1,8.000000,6.066000,0.361000,-73,0.000000,7,8
1,8.000000,6.179000,0.263000,-74,0.000000,7,8
1,8.000000,5.866000,0.381000,-74,0.000000,7,8
1,8.000000,5.979000,0.386000,-72,0.000000,7,8
1,8.000000,6.736000,1.550000,-72,0.000000,7,8
1,8.000000,6.141000,0.347000,-73,0.000000,7,8
1,8.000000,6.016000,0.351000,-76,0.000000,7,8
1,8.000000,6.251000,0.236000,-73,0.000000,7,8
1,8.000000,6.223000,0.271000,-73,0.000000,7,8
1,8.000000,5.979000,0.379000,-73,0.000000,7,8
1,8.000000,5.866000,0.418000,-73,0.000000,7,8
1,8.000000,6.016000,0.522000,-74,0.000000,7,8
1,8.000000,5.979000,0.341000,-76,0.000000,7,8
1,8.000000,6.651000,1.586000,-73,0.000000,7,8
1,8.000000,6.656000,0.619000,-72,0.000000,7,8
1,8.000000,6.717000,0.309000,-72,0.000000,7,8
1,8.000000,6.689000,0.221000,-72,0.000000,7,8
1,8.000000,6.684000,0.414000,-72,0.000000,7,8
1,8.000000,6.656000,0.756000,-72,0.000000,7,8
1,8.000000,6.717000,1.574000,-72,0.000000,7,8
1,8.000000,6.654000,1.641000,-73,0.000000,7,8
1,8.000000,6.454000,0.092000,-74,0.000000,7,8
1,8.000000,6.135000,0.289000,-74,0.000000,7,8
1,8.000000,6.016000,0.306000,-74,0.000000,7,8
1,8.000000,5.904000,0.351000,-74,0.000000,7,8
1,8.000000,6.026000,0.259000,-74,0.000000,7,8
1,8.000000,6.019000,0.298000,-74,0.000000,7,8
1,8.000000,6.141000,0.259000,-74,0.000000,7,8
1,8.000000,6.091000,0.279000,-74,0.000000,7,8
1,8.000000,5.985000,0.339000,-74,0.000000,7,8
1,8.000000,6.104000,0.271000,-75,0.000000,7,8
1,8.000000,6.054000,0.325000,-75,0.000000,7,8
1,8.000000,6.054000,0.323000,-75,0.000000,7,8
1,8.000000,6.179000,0.253000,-75,0.000000,7,8
1,8.000000,6.179000,0.292000,-74,0.000000,7,8
1,8.000000,6.054000,0.339000,-73,0.000000,7,8
1,8.000000,6.338000,0.229000,-71,0.000000,7,8
1,8.000000,6.104000,0.416000,-72,0.000000,7,8
1,8.000000,5.941000,0.475000,-73,0.000000,7,8
1,8.000000,6.066000,0.447000,-71,0.000000,7,8
1,8.000000,5.941000,0.422000,-72,0.000000,7,8
1,8.000000,5.941000,0.421000,-71,0.000000,7,8
1,8.000000,6.712000,1.465000,-73,0.000000,7,8
1,8.000000,5.976000,0.412000,-70,0.000000,7,8
1,8.000000,5.904000,0.400000,-73,0.000000,7,8
1,8.000000,5.819000,0.503000,-71,0.000000,7,8
1,8.000000,6.141000,0.368000,-69,0.000000,7,8
1,8.000000,5.904000,0.448000,-71,0.000000,7,8
1,8.000000,6.104000,0.317000,-73,0.000000,7,8
1,8.000000,6.376000,0.184000,-70,0.000000,7,8
1,8.000000,6.216000,0.300000,-70,0.000000,7,8
1,8.000000,5.819000,0.560000,-70,0.000000,7,8
1,8.000000,5.976000,0.295000,-74,0.000000,7,8
1,8.000000,5.907000,0.389000,-72,0.000000,7,8
1,8.000000,5.941000,0.368000,-71,0.000000,7,8
1,8.000000,5.901000,0.531000,-68,0.000000,7,8
1,8.000000,5.947000,0.549000,-69,0.000000,7,8
1,8.000000,5.826000,0.408000,-71,0.000000,7,8
1,8.000000,5.907000,0.503000,-67,0.000000,7,8
1,8.000000,5.904000,0.481000,-70,0.000000,7,8
1,8.000000,5.779000,0.500000,-69,0.000000,7,8
1,8.000000,6.104000,0.339000,-70,0.000000,7,8
1,8.000000,5.751000,0.546000,-70,0.000000,7,8
1,8.000000,5.788000,0.583000,-68,0.000000,7,8
1,8.000000,6.023000,0.426000,-67,0.000000,7,8
1,8.000000,5.976000,0.526000,-67,0.000000,7,8
1,8.000000,5.704000,0.570000,-70,0.000000,7,8
1,8.000000,5.741000,0.466000,-71,0.000000,7,8
1,8.000000,6.138000,0.317000,-70,0.000000,7,8
1,8.000000,5.857000,0.419000,-70,0.000000,7,8
1,8.000000,5.904000,0.453000,-69,0.000000,7,8
1,8.000000,5.941000,0.455000,-72,0.000000,7,8
1,8.000000,5.744000,0.471000,-72,0.000000,7,8
1,8.000000,5.979000,0.434000,-71,0.000000,7,8
1,8.000000,5.941000,0.405000,-72,0.000000,7,8
1,8.000000,5.860000,0.495000,-71,0.000000,7,8
1,8.000000,5.982000,0.403000,-71,0.000000,7,8
1,8.000000,6.104000,0.335000,-72,0.000000,7,8
1,8.000000,6.138000,0.402000,-68,0.000000,7,8
1,8.000000,6.016000,0.484000,-68,0.000000,7,8
1,8.000000,5.976000,0.408000,-72,0.000000,7,8
1,8.000000,6.104000,0.369000,-71,0.000000,7,8
1,8.000000,6.016000,0.482000,-68,0.000000,7,8
1,8.000000,5.866000,0.464000,-69,0.000000,7,8
1,8.000000,5.860000,0.513000,-70,0.000000,7,8
1,8.000000,6.016000,0.392000,-69,0.000000,7,8
1,8.000000,5.979000,0.411000,-67,0.000000,7,8
1,8.000000,6.013000,0.509000,-67,0.000000,7,8
1,8.000000,5.673000,0.616000,-70,0.000000,7,8
1,8.000000,5.979000,0.508000,-73,0.000000,7,8
1,8.000000,5.823000,0.591000,-71,0.000000,7,8
1,8.000000,5.823000,0.586000,-69,0.000000,7,8
1,8.000000,5.745000,0.601000,-71,0.000000,7,8
1,8.000000,5.898000,0.427000,-73,0.000000,7,8
1,8.000000,6.132000,0.252000,-74,0.000000,7,8
1,8.000000,6.026000,0.287000,-74,0.000000,7,8
1,8.000000,5.982000,0.311000,-74,0.000000,7,8
1,8.000000,5.866000,0.391000,-73,0.000000,7,8
1,8.000000,5.866000,0.442000,-72,0.000000,7,8
1,8.000000,6.026000,0.303000,-73,0.000000,7,8
1,8.000000,6.019000,0.399000,-72,0.000000,7,8
1,8.000000,6.101000,0.328000,-71,0.000000,7,8
1,8.000000,6.216000,0.271000,-71,0.000000,7,8
1,8.000000,6.054000,0.364000,-71,0.000000,7,8
1,8.000000,6.135000,0.369000,-71,0.000000,7,8
1,8.000000,6.091000,0.315000,-71,0.000000,7,8
1,8.000000,5.941000,0.391000,-71,0.000000,7,8
1,8.000000,6.016000,0.331000,-73,0.000000,7,8
1,8.000000,6.291000,0.207000,-72,0.000000,7,8
1,8.000000,6.566000,0.136000,-72,0.000000,7,8
1,8.000000,6.288000,0.251000,-72,0.000000,7,8
1,8.000000,6.679000,0.096000,-72,0.000000,7,8
1,8.000000,6.645000,0.106000,-72,0.000000,7,8
1,8.000000,6.207000,0.180000,-73,0.000000,7,8
1,8.000000,6.141000,0.194000,-73,0.000000,7,8
1,8.000000,6.207000,0.286000,-72,0.000000,7,8
1,8.000000,6.254000,0.284000,-71,0.000000,7,8
1,8.000000,6.451000,0.249000,-71,0.000000,7,8
1,8.000000,6.604000,0.180000,-71,0.000000,7,8
1,8.000000,6.454000,0.237000,-72,0.000000,7,8
1,8.000000,6.566000,0.137000,-72,0.000000,7,8
1,8.000000,6.407000,0.152000,-74,0.000000,7,8
1,8.000000,6.288000,0.222000,-73,0.000000,7,8
1,8.000000,6.329000,0.238000,-72,0.000000,7,8
1,8.000000,6.598000,0.094000,-71,0.000000,7,8
1,8.000000,6.485000,0.175000,-73,0.000000,7,8
1,8.000000,6.216000,0.337000,-73,0.000000,7,8
1,8.000000,6.182000,0.267000,-73,0.000000,7,8
1,8.000000,6.057000,0.216000,-73,0.000000,7,8
1,8.000000,5.866000,0.439000,-72,0.000000,7,8
1,8.000000,6.532000,0.123000,-73,0.000000,7,8
1,8.000000,6.054000,0.364000,-74,0.000000,7,8
1,8.000000,6.054000,0.323000,-72,0.000000,7,8
1,8.000000,5.944000,0.406000,-73,0.000000,7,8
1,8.000000,5.976000,0.407000,-71,0.000000,7,8
1,8.000000,6.251000,0.385000,-69,0.000000,7,8
1,8.000000,6.904000,0.193000,-71,0.000000,7,8
1,8.000000,6.688000,0.222000,-73,0.000000,7,8
1,8.000000,6.832000,0.156000,-74,0.000000,7,8
1,8.000000,6.404000,0.206000,-72,0.000000,7,8
1,8.000000,6.523000,0.265000,-73,0.000000,7,8
1,8.000000,6.179000,0.309000,-74,0.000000,7,8
1,8.000000,6.601000,0.101000,-73,0.000000,7,8
1,8.000000,6.529000,0.151000,-74,0.000000,7,8
1,8.000000,6.529000,0.109000,-74,0.000000,7,8
1,8.000000,6.601000,0.092000,-73,0.000000,7,8
1,8.000000,6.444000,0.149000,-73,0.000000,7,8
1,8.000000,6.129000,0.253000,-73,0.000000,7,8
1,8.000000,6.013000,0.376000,-73,0.000000,7,8
1,8.000000,5.866000,0.557000,-72,0.000000,7,8
1,8.000000,6.016000,0.514000,-72,0.000000,7,8
1,8.000000,6.026000,0.333000,-74,0.000000,7,8
1,8.000000,6.332000,0.153000,-73,0.000000,7,8
1,8.000000,6.494000,0.148000,-72,0.000000,7,8
1,8.000000,6.570000,0.237000,-72,0.000000,7,8
1,8.000000,6.566000,0.228000,-72,0.000000,7,8
1,8.000000,6.645000,0.095000,-72,0.000000,7,8
1,8.000000,6.648000,0.136000,-72,0.000000,7,8
1,8.000000,6.532000,0.132000,-72,0.000000,7,8
1,8.000000,6.454000,0.121000,-72,0.000000,7,8
1,8.000000,6.326000,0.174000,-71,0.000000,7,8
1,8.000000,6.366000,0.181000,-72,0.000000,7,8
1,8.000000,6.413000,0.181000,-72,0.000000,7,8
1,8.000000,6.532000,0.145000,-72,0.000000,7,8
1,8.000000,6.413000,0.205000,-73,0.000000,7,8
1,8.000000,6.404000,0.172000,-73,0.000000,7,8
1,8.000000,6.404000,0.196000,-72,0.000000,7,8
1,8.000000,6.410000,0.157000,-72,0.000000,7,8
1,8.000000,6.523000,0.156000,-72,0.000000,7,8
1,8.000000,6.679000,0.069000,-72,0.000000,7,8
1,8.000000,6.529000,0.076000,-72,0.000000,7,8
1,8.000000,6.523000,0.177000,-72,0.000000,7,8
1,8.000000,6.495000,0.149000,-71,0.000000,7,8
1,8.000000,6.366000,0.233000,-72,0.000000,7,8
1,8.000000,6.373000,0.248000,-72,0.000000,7,8
1,8.000000,6.416000,0.245000,-72,0.000000,7,8
1,8.000000,6.404000,0.259000,-73,0.000000,7,8
1,8.000000,6.413000,0.227000,-73,0.000000,7,8
1,8.000000,6.376000,0.249000,-73,0.000000,7,8
1,8.000000,6.298000,0.305000,-73,0.000000,7,8
1,8.000000,6.407000,0.260000,-73,0.000000,7,8
1,8.000000,6.407000,0.193000,-73,0.000000,7,8
1,8.000000,6.413000,0.292000,-73,0.000000,7,8
1,8.000000,6.491000,0.304000,-73,0.000000,7,8
1,8.000000,6.601000,0.210000,-72,0.000000,7,8
1,8.000000,6.491000,0.182000,-72,0.000000,7,8
1,8.000000,6.566000,0.202000,-72,0.000000,7,8
1,8.000000,6.638000,0.117000,-72,0.000000,7,8
1,8.000000,6.763000,0.079000,-72,0.000000,7,8
1,8.000000,6.598000,0.133000,-72,0.000000,7,8
1,8.000000,6.773000,0.090000,-71,0.000000,7,8
1,8.000000,6.712000,0.162000,-71,0.000000,7,8
1,8.000000,6.773000,0.147000,-71,0.000000,7,8
1,8.000000,6.441000,0.193000,-71,0.000000,7,8
1,8.000000,6.451000,0.194000,-71,0.000000,7,8
1,8.000000,6.329000,0.254000,-71,0.000000,7,8
1,8.000000,6.301000,0.277000,-71,0.000000,7,8
1,8.000000,6.257000,0.246000,-71,0.000000,7,8
1,8.000000,6.216000,0.367000,-71,0.000000,7,8
1,8.000000,6.216000,0.356000,-71,0.000000,7,8
1,8.000000,6.016000,0.429000,-71,0.000000,7,8
1,8.000000,6.097000,0.436000,-71,0.000000,7,8
1,8.000000,6.091000,0.416000,-70,0.000000,7,8
1,8.000000,6.529000,0.185000,-70,0.000000,7,8
1,8.000000,6.834000,0.116000,-71,0.000000,7,8
1,8.000000,6.743000,0.096000,-72,0.000000,7,8
1,8.000000,6.332000,0.226000,-73,0.000000,7,8
1,8.000000,6.094000,0.359000,-73,0.000000,7,8
1,8.000000,5.819000,0.453000,-72,0.000000,7,8
1,8.000000,6.101000,0.369000,-71,0.000000,7,8
1,8.000000,6.491000,0.096000,-73,0.000000,7,8
1,8.000000,5.941000,0.407000,-72,0.000000,7,8
1,8.000000,5.941000,0.361000,-71,0.000000,7,8
1,8.000000,5.904000,0.387000,-71,0.000000,7,8
1,8.000000,5.829000,0.456000,-71,0.000000,7,8
1,8.000000,5.982000,0.369000,-71,0.000000,7,8
1,8.000000,6.097000,0.310000,-71,0.000000,7,8
1,8.000000,6.019000,0.311000,-72,0.000000,7,8
1,8.000000,6.016000,0.361000,-71,0.000000,7,8
1,8.000000,5.979000,0.394000,-72,0.000000,7,8
1,8.000000,6.329000,0.166000,-74,0.000000,7,8
1,8.000000,5.944000,0.362000,-72,0.000000,7,8
1,8.000000,6.679000,0.061000,-71,0.000000,7,8
1,8.000000,6.179000,0.332000,-71,0.000000,7,8
1,8.000000,6.054000,0.390000,-70,0.000000,7,8
1,8.000000,6.760000,0.219000,-71,0.000000,7,8
1,8.000000,6.376000,0.212000,-73,0.000000,7,8
1,8.000000,6.529000,0.136000,-73,0.000000,7,8
1,8.000000,6.532000,0.120000,-72,0.000000,7,8
1,8.000000,6.563000,0.171000,-71,0.000000,7,8
1,8.000000,6.416000,0.189000,-72,0.000000,7,8
1,8.000000,6.448000,0.178000,-71,0.000000,7,8
1,8.000000,6.329000,0.216000,-72,0.000000,7,8
1,8.000000,6.369000,0.193000,-72,0.000000,7,8
1,8.000000,6.516000,0.097000,-72,0.000000,7,8
1,8.000000,6.523000,0.137000,-71,0.000000,7,8
1,8.000000,6.251000,1.608000,-71,0.000000,7,8
1,8.000000,6.204000,0.234000,-73,0.000000,7,8
1,8.000000,6.257000,0.303000,-70,0.000000,7,8
1,8.000000,6.491000,0.108000,-71,0.000000,7,8
1,8.000000,6.135000,0.302000,-71,0.000000,7,8
1,8.000000,6.329000,0.188000,-71,0.000000,7,8
1,8.000000,6.485000,0.157000,-71,0.000000,7,8
1,8.000000,6.610000,0.082000,-71,0.000000,7,8
1,8.000000,6.557000,0.139000,-71,0.000000,7,8
1,8.000000,6.288000,0.230000,-71,0.000000,7,8
1,8.000000,6.210000,0.281000,-71,0.000000,7,8
1,8.000000,6.254000,0.253000,-71,0.000000,7,8
1,8.000000,6.101000,0.299000,-71,0.000000,7,8
1,8.000000,6.444000,0.179000,-72,0.000000,7,8
1,8.000000,6.376000,0.206000,-71,0.000000,7,8
1,8.000000,5.904000,0.428000,-72,0.000000,7,8
1,8.000000,6.254000,0.260000,-72,0.000000,7,8
1,8.000000,6.291000,0.330000,-71,0.000000,7,8
1,8.000000,6.248000,0.298000,-72,0.000000,7,8
1,8.000000,6.248000,0.624000,-72,0.000000,7,8
1,8.000000,6.219000,0.260000,-72,0.000000,7,8
1,8.000000,6.335000,0.289000,-72,0.000000,7,8
1,8.000000,6.448000,0.190000,-71,0.000000,7,8
1,8.000000,6.881000,0.276000,-72,0.000000,7,8
1,8.000000,6.454000,0.165000,-73,0.000000,7,8
1,8.000000,6.369000,0.206000,-72,0.000000,7,8
1,8.000000,6.332000,0.208000,-71,0.000000,7,8
1,8.000000,6.404000,0.194000,-71,0.000000,7,8
1,8.000000,6.563000,0.114000,-72,0.000000,7,8
1,8.000000,6.710000,0.069000,-72,0.000000,7,8
1,8.000000,6.566000,0.113000,-73,0.000000,7,8
1,8.000000,6.716000,0.089000,-73,0.000000,7,8
1,8.000000,6.654000,0.151000,-74,0.000000,7,8
1,8.000000,6.680000,1.993000,-73,0.000000,7,8
1,8.000000,6.832000,2.072000,-73,0.000000,7,8
1,8.000000,6.710000,1.385000,-72,0.000000,7,8
1,8.000000,6.684000,0.106000,-73,0.000000,7,8
1,8.000000,6.773000,1.661000,-73,0.000000,7,8
1,8.000000,6.680000,0.261000,-73,0.000000,7,8
1,8.000000,6.610000,0.100000,-73,0.000000,7,8
1,8.000000,6.254000,0.224000,-73,0.000000,7,8
1,8.000000,5.941000,0.362000,-73,0.000000,7,8
1,8.000000,6.013000,0.308000,-73,0.000000,7,8
1,8.000000,6.173000,0.270000,-72,0.000000,7,8
1,8.000000,6.679000,0.115000,-73,0.000000,7,8
1,8.000000,6.294000,0.246000,-72,0.000000,7,8
1,8.000000,6.129000,0.317000,-71,0.000000,7,8
1,8.000000,6.132000,0.356000,-70,0.000000,7,8
1,8.000000,6.291000,0.254000,-70,0.000000,7,8
1,8.000000,6.366000,0.231000,-70,0.000000,7,8
1,8.000000,6.454000,0.173000,-70,0.000000,7,8
1,8.000000,6.213000,0.262000,-71,0.000000,7,8
1,8.000000,6.254000,0.301000,-71,0.000000,7,8
1,8.000000,6.373000,0.242000,-71,0.000000,7,8
1,8.000000,6.604000,0.093000,-70,0.000000,7,8
1,8.000000,6.516000,0.134000,-70,0.000000,7,8
1,8.000000,6.607000,0.122000,-70,0.000000,7,8
1,8.000000,6.226000,0.322000,-70,0.000000,7,8
1,8.000000,6.060000,0.345000,-71,0.000000,7,8
1,8.000000,6.023000,0.444000,-72,0.000000,7,8
1,8.000000,5.829000,0.486000,-72,0.000000,7,8
1,8.000000,6.097000,0.360000,-72,0.000000,7,8
1,8.000000,5.982000,0.409000,-70,0.000000,7,8
1,8.000000,5.910000,0.470000,-71,0.000000,7,8
1,8.000000,6.213000,0.250000,-72,0.000000,7,8
1,8.000000,6.598000,0.130000,-71,0.000000,7,8
1,8.000000,6.526000,0.107000,-73,0.000000,7,8
1,8.000000,6.682000,0.250000,-71,0.000000,7,8
1,8.000000,6.801000,1.684000,-72,0.000000,7,8
1,8.000000,6.682000,0.244000,-71,0.000000,7,8
1,8.000000,6.526000,0.178000,-71,0.000000,7,8
1,8.000000,5.979000,0.424000,-72,0.000000,7,8
1,8.000000,5.935000,0.398000,-73,0.000000,7,8
1,8.000000,5.907000,0.418000,-72,0.000000,7,8
1,8.000000,6.179000,0.322000,-71,0.000000,7,8
1,8.000000,6.098000,0.311000,-70,0.000000,7,8
1,8.000000,6.288000,0.244000,-70,0.000000,7,8
1,8.000000,6.329000,0.224000,-71,0.000000,7,8
1,8.000000,6.016000,0.380000,-71,0.000000,7,8
1,8.000000,6.138000,0.281000,-71,0.000000,7,8
1,8.000000,6.054000,0.339000,-71,0.000000,7,8
1,8.000000,6.019000,0.351000,-71,0.000000,7,8
1,8.000000,5.941000,0.374000,-71,0.000000,7,8
1,8.000000,6.016000,0.423000,-70,0.000000,7,8
1,8.000000,5.941000,0.408000,-72,0.000000,7,8
1,8.000000,5.985000,0.335000,-73,0.000000,7,8
1,8.000000,6.101000,0.278000,-73,0.000000,7,8
1,8.000000,6.366000,0.143000,-73,0.000000,7,8
1,8.000000,6.019000,0.353000,-71,0.000000,7,8
1,8.000000,6.213000,0.270000,-71,0.000000,7,8
1,8.000000,6.376000,0.218000,-71,0.000000,7,8
1,8.000000,6.179000,0.331000,-70,0.000000,7,8
1,8.000000,5.857000,0.450000,-70,0.000000,7,8
1,8.000000,5.829000,0.398000,-72,0.000000,7,8
1,8.000000,6.019000,0.312000,-72,0.000000,7,8
1,8.000000,6.335000,0.177000,-72,0.000000,7,8
1,8.000000,6.260000,0.167000,-72,0.000000,7,8
1,8.000000,6.254000,0.201000,-72,0.000000,7,8
1,8.000000,6.138000,0.253000,-73,0.000000,7,8
1,8.000000,6.179000,0.217000,-74,0.000000,7,8
1,8.000000,6.207000,0.198000,-73,0.000000,7,8
1,8.000000,6.173000,0.208000,-73,0.000000,7,8
1,8.000000,6.291000,0.178000,-73,0.000000,7,8
1,8.000000,6.407000,0.146000,-73,0.000000,7,8
1,8.000000,6.173000,0.290000,-72,0.000000,7,8
1,8.000000,5.898000,0.468000,-72,0.000000,7,8
1,8.000000,5.866000,0.442000,-72,0.000000,7,8
1,8.000000,6.013000,0.354000,-72,0.000000,7,8
1,8.000000,6.173000,0.247000,-73,0.000000,7,8
1,8.000000,6.169000,0.293000,-73,0.000000,7,8
1,8.000000,6.179000,0.309000,-72,0.000000,7,8
1,8.000000,5.976000,0.394000,-71,0.000000,7,8
1,8.000000,5.907000,0.444000,-71,0.000000,7,8
1,8.000000,6.294000,0.239000,-71,0.000000,7,8
1,8.000000,6.104000,0.359000,-71,0.000000,7,8
1,8.000000,6.179000,0.274000,-72,0.000000,7,8
1,8.000000,6.329000,0.254000,-72,0.000000,7,8
1,8.000000,6.569000,0.108000,-73,0.000000,7,8
1,8.000000,6.651000,0.070000,-72,0.000000,7,8
1,8.000000,6.413000,0.232000,-72,0.000000,7,8
1,8.000000,6.329000,0.228000,-72,0.000000,7,8
1,8.000000,6.454000,0.184000,-72,0.000000,7,8
1,8.000000,6.291000,0.263000,-72,0.000000,7,8
1,8.000000,6.382000,0.206000,-73,0.000000,7,8
1,8.000000,6.404000,0.143000,-73,0.000000,7,8
1,8.000000,6.369000,0.126000,-73,0.000000,7,8
1,8.000000,6.254000,0.223000,-74,0.000000,7,8
1,8.000000,6.173000,0.277000,-73,0.000000,7,8
1,8.000000,6.216000,0.239000,-73,0.000000,7,8
1,8.000000,6.329000,0.188000,-72,0.000000,7,8
1,8.000000,6.410000,0.184000,-72,0.000000,7,8
1,8.000000,6.410000,0.185000,-73,0.000000,7,8
1,8.000000,6.454000,0.122000,-72,0.000000,7,8
1,8.000000,6.366000,0.143000,-72,0.000000,7,8
1,8.000000,6.451000,0.153000,-72,0.000000,7,8
1,8.000000,6.441000,0.126000,-72,0.000000,7,8
1,8.000000,6.444000,0.190000,-72,0.000000,7,8
1,8.000000,6.444000,0.176000,-72,0.000000,7,8
1,8.000000,6.491000,0.123000,-72,0.000000,7,8
1,8.000000,6.373000,0.247000,-72,0.000000,7,8
1,8.000000,6.257000,0.264000,-72,0.000000,7,8
1,8.000000,5.973000,0.425000,-72,0.000000,7,8
1,8.000000,5.941000,0.361000,-72,0.000000,7,8
1,8.000000,5.982000,0.314000,-72,0.000000,7,8
1,8.000000,6.010000,0.350000,-72,0.000000,7,8
1,8.000000,5.985000,0.374000,-72,0.000000,7,8
1,8.000000,5.819000,0.471000,-71,0.000000,7,8
1,8.000000,6.054000,0.376000,-72,0.000000,7,8
1,8.000000,6.216000,0.264000,-71,0.000000,7,8
1,8.000000,6.373000,0.188000,-72,0.000000,7,8
1,8.000000,6.448000,0.209000,-72,0.000000,7,8
1,8.000000,6.285000,0.220000,-73,0.000000,7,8
1,8.000000,6.288000,0.228000,-73,0.000000,7,8
1,8.000000,6.019000,0.351000,-72,0.000000,7,8
1,8.000000,6.016000,0.404000,-72,0.000000,7,8
1,8.000000,6.141000,0.326000,-72,0.000000,7,8
1,8.000000,6.179000,0.309000,-72,0.000000,7,8
1,8.000000,6.179000,0.322000,-72,0.000000,7,8
1,8.000000,6.091000,0.375000,-72,0.000000,7,8
1,8.000000,6.254000,0.277000,-72,0.000000,7,8
1,8.000000,6.610000,0.175000,-72,0.000000,7,8
1,8.000000,6.841000,0.129000,-73,0.000000,7,8
1,8.000000,6.771000,0.073000,-73,0.000000,7,8
1,8.000000,6.715000,0.091000,-73,0.000000,7,8
1,8.000000,6.651000,0.085000,-72,0.000000,7,8
1,8.000000,6.682000,0.094000,-72,0.000000,7,8
1,8.000000,6.529000,0.178000,-71,0.000000,7,8
1,8.000000,6.416000,0.157000,-71,0.000000,7,8
1,8.000000,6.488000,0.129000,-71,0.000000,7,8
1,8.000000,6.454000,0.166000,-71,0.000000,7,8
1,8.000000,6.488000,0.120000,-71,0.000000,7,8
1,8.000000,6.419000,0.184000,-71,0.000000,7,8
1,8.000000,6.179000,0.267000,-71,0.000000,7,8
1,8.000000,6.126000,0.348000,-72,0.000000,7,8
1,8.000000,6.126000,0.397000,-72,0.000000,7,8
1,8.000000,5.944000,0.394000,-71,0.000000,7,8
1,8.000000,6.129000,0.357000,-70,0.000000,7,8
1,8.000000,6.141000,0.367000,-70,0.000000,7,8
1,8.000000,6.016000,0.405000,-69,0.000000,7,8
1,8.000000,6.279000,0.292000,-69,0.000000,7,8
1,8.000000,6.291000,0.276000,-69,0.000000,7,8
1,8.000000,6.219000,0.303000,-68,0.000000,7,8
1,8.000000,6.401000,0.227000,-68,0.000000,7,8
1,8.000000,6.329000,0.296000,-68,0.000000,7,8
1,8.000000,6.141000,0.347000,-70,0.000000,7,8
1,8.000000,6.291000,0.294000,-71,0.000000,7,8
1,8.000000,6.326000,0.247000,-69,0.000000,7,8
1,8.000000,5.979000,0.364000,-71,0.000000,7,8
1,8.000000,6.060000,0.363000,-71,0.000000,7,8
1,8.000000,6.182000,0.300000,-71,0.000000,7,8
1,8.000000,6.244000,0.281000,-71,0.000000,7,8
1,8.000000,6.173000,0.276000,-71,0.000000,7,8
1,8.000000,6.298000,0.281000,-71,0.000000,7,8
1,8.000000,6.251000,0.245000,-71,0.000000,7,8
1,8.000000,6.291000,0.249000,-72,0.000000,7,8
1,8.000000,6.329000,0.231000,-72,0.000000,7,8
1,8.000000,6.332000,0.230000,-72,0.000000,7,8
1,8.000000,6.416000,0.180000,-72,0.000000,7,8
1,8.000000,6.263000,0.245000,-72,0.000000,7,8
1,8.000000,6.291000,0.296000,-71,0.000000,7,8
1,8.000000,6.219000,0.292000,-72,0.000000,7,8
1,8.000000,6.263000,0.287000,-72,0.000000,7,8
1,8.000000,6.329000,0.247000,-72,0.000000,7,8
1,8.000000,6.179000,0.294000,-72,0.000000,7,8
1,8.000000,6.016000,0.411000,-72,0.000000,7,8
1,8.000000,6.179000,0.293000,-72,0.000000,7,8
1,8.000000,6.298000,0.251000,-72,0.000000,7,8
1,8.000000,6.179000,0.301000,-72,0.000000,7,8
1,8.000000,6.132000,0.257000,-72,0.000000,7,8
1,8.000000,6.491000,0.173000,-71,0.000000,7,8
1,8.000000,6.454000,0.202000,-71,0.000000,7,8
1,8.000000,5.941000,0.403000,-71,0.000000,7,8
1,8.000000,6.366000,0.194000,-72,0.000000,7,8
1,8.000000,6.379000,0.237000,-71,0.000000,7,8
1,8.000000,6.604000,0.098000,-71,0.000000,7,8
1,8.000000,6.291000,0.233000,-71,0.000000,7,8
1,8.000000,6.141000,0.333000,-71,0.000000,7,8
1,8.000000,6.091000,0.334000,-72,0.000000,7,8
1,8.000000,6.179000,0.284000,-72,0.000000,7,8
1,8.000000,5.979000,0.384000,-72,0.000000,7,8
1,8.000000,6.179000,0.355000,-73,0.000000,7,8
1,8.000000,6.254000,0.267000,-72,0.000000,7,8
1,8.000000,5.866000,0.421000,-72,0.000000,7,8
1,8.000000,6.366000,0.142000,-71,0.000000,7,8
1,8.000000,6.491000,0.184000,-72,0.000000,7,8
1,8.000000,6.216000,0.284000,-72,0.000000,7,8
1,8.000000,6.294000,0.246000,-72,0.000000,7,8
1,8.000000,6.248000,0.273000,-72,0.000000,7,8
1,8.000000,6.169000,0.318000,-72,0.000000,7,8
1,8.000000,6.213000,0.298000,-71,0.000000,7,8
1,8.000000,6.054000,0.339000,-71,0.000000,7,8
1,8.000000,6.135000,0.301000,-71,0.000000,7,8
1,8.000000,6.016000,0.340000,-71,0.000000,7,8
1,8.000000,6.054000,0.381000,-71,0.000000,7,8
1,8.000000,6.141000,0.318000,-72,0.000000,7,8
1,8.000000,6.254000,0.287000,-72,0.000000,7,8
1,8.000000,6.366000,0.180000,-71,0.000000,7,8
1,8.000000,6.248000,0.214000,-71,0.000000,7,8
1,8.000000,6.366000,0.209000,-71,0.000000,7,8
1,8.000000,6.591000,0.125000,-70,0.000000,7,8
1,8.000000,6.366000,0.155000,-71,0.000000,7,8
1,8.000000,6.248000,0.266000,-72,0.000000,7,8
1,8.000000,6.213000,0.238000,-73,0.000000,7,8
1,8.000000,6.254000,0.385000,-73,0.000000,7,8
1,8.000000,6.091000,0.292000,-73,0.000000,7,8
1,8.000000,6.254000,0.201000,-73,0.000000,7,8
1,8.000000,6.179000,0.249000,-73,0.000000,7,8
1,8.000000,5.819000,0.424000,-73,0.000000,7,8
1,8.000000,5.976000,0.428000,-73,0.000000,7,8
1,8.000000,6.141000,0.318000,-72,0.000000,7,8
1,8.000000,6.485000,0.198000,-72,0.000000,7,8
1,8.000000,6.563000,0.136000,-72,0.000000,7,8
1,8.000000,6.488000,0.180000,-71,0.000000,7,8
1,8.000000,6.413000,0.165000,-70,0.000000,7,8
1,8.000000,6.454000,0.131000,-71,0.000000,7,8
1,8.000000,6.444000,0.140000,-71,0.000000,7,8
1,8.000000,6.366000,0.212000,-73,0.000000,7,8
1,8.000000,6.210000,0.208000,-73,0.000000,7,8
1,8.000000,6.132000,0.264000,-73,0.000000,7,8
1,8.000000,6.016000,0.373000,-74,0.000000,7,8
1,8.000000,6.098000,0.317000,-73,0.000000,7,8
1,8.000000,6.179000,0.293000,-73,0.000000,7,8
1,8.000000,6.129000,0.214000,-73,0.000000,7,8
1,8.000000,6.288000,0.256000,-73,0.000000,7,8
1,8.000000,6.179000,0.237000,-74,0.000000,7,8
1,8.000000,6.054000,0.419000,-73,0.000000,7,8
1,8.000000,6.141000,0.321000,-73,0.000000,7,8
1,8.000000,6.016000,0.326000,-72,0.000000,7,8
1,8.000000,6.288000,0.235000,-72,0.000000,7,8
1,8.000000,6.291000,0.225000,-72,0.000000,7,8
1,8.000000,6.091000,0.343000,-72,0.000000,7,8
1,8.000000,6.054000,0.350000,-72,0.000000,7,8
1,8.000000,6.104000,0.347000,-72,0.000000,7,8
1,8.000000,6.141000,0.267000,-73,0.000000,7,8
1,8.000000,6.054000,0.350000,-73,0.000000,7,8
1,8.000000,6.326000,0.189000,-72,0.000000,7,8
1,8.000000,6.404000,0.208000,-73,0.000000,7,8
1,8.000000,6.291000,0.217000,-73,0.000000,7,8
1,8.000000,6.057000,0.374000,-72,0.000000,7,8
1,8.000000,6.213000,0.313000,-72,0.000000,7,8
1,8.000000,6.088000,0.388000,-72,0.000000,7,8
1,8.000000,5.863000,0.439000,-72,0.000000,7,8
1,8.000000,5.907000,0.479000,-73,0.000000,7,8
1,8.000000,6.019000,0.307000,-73,0.000000,7,8
1,8.000000,6.294000,0.292000,-73,0.000000,7,8
1,8.000000,6.132000,0.316000,-71,0.000000,7,8
1,8.000000,6.057000,0.363000,-71,0.000000,7,8
1,8.000000,6.291000,0.186000,-72,0.000000,7,8
1,8.000000,6.054000,0.338000,-74,0.000000,7,8
1,8.000000,6.054000,0.289000,-74,0.000000,7,8
1,8.000000,5.941000,0.361000,-74,0.000000,7,8
1,8.000000,5.979000,0.354000,-73,0.000000,7,8
1,8.000000,6.016000,0.392000,-72,0.000000,7,8
1,8.000000,5.976000,0.460000,-71,0.000000,7,8
1,8.000000,5.941000,0.407000,-72,0.000000,7,8
1,8.000000,5.941000,0.374000,-72,0.000000,7,8
1,8.000000,6.016000,0.389000,-71,0.000000,7,8
1,8.000000,6.104000,0.357000,-71,0.000000,7,8
1,8.000000,6.091000,0.382000,-72,0.000000,7,8
1,8.000000,6.063000,0.415000,-72,0.000000,7,8
1,8.000000,6.213000,0.338000,-71,0.000000,7,8
1,8.000000,6.179000,0.341000,-71,0.000000,7,8
1,8.000000,6.060000,0.318000,-71,0.000000,7,8
1,8.000000,6.063000,0.341000,-71,0.000000,7,8
1,8.000000,6.141000,0.303000,-71,0.000000,7,8
1,8.000000,6.329000,0.209000,-71,0.000000,7,8
1,8.000000,6.263000,0.241000,-71,0.000000,7,8
1,8.000000,6.254000,0.286000,-70,0.000000,7,8
1,8.000000,6.254000,0.281000,-70,0.000000,7,8
1,8.000000,6.332000,0.264000,-70,0.000000,7,8
1,8.000000,6.335000,0.253000,-70,0.000000,7,8
1,8.000000,6.563000,0.169000,-71,0.000000,7,8
1,8.000000,6.641000,0.095000,-71,0.000000,7,8
1,8.000000,6.566000,0.151000,-71,0.000000,7,8
1,8.000000,6.641000,0.137000,-71,0.000000,7,8
1,8.000000,6.716000,0.082000,-71,0.000000,7,8
1,8.000000,6.679000,0.148000,-71,0.000000,7,8
1,8.000000,6.719000,0.060000,-71,0.000000,7,8
1,8.000000,6.791000,0.166000,-72,0.000000,7,8
1,8.000000,6.743000,0.101000,-71,0.000000,7,8
1,8.000000,6.723000,0.135000,-71,0.000000,7,8
1,8.000000,6.682000,0.080000,-72,0.000000,7,8
1,8.000000,6.754000,0.095000,-72,0.000000,7,8
1,8.000000,6.794000,0.152000,-72,0.000000,7,8
1,8.000000,6.788000,0.142000,-71,0.000000,7,8
1,8.000000,6.679000,0.088000,-71,0.000000,7,8
1,8.000000,6.710000,0.086000,-71,0.000000,7,8
1,8.000000,6.743000,0.143000,-72,0.000000,7,8
1,8.000000,6.712000,0.168000,-72,0.000000,7,8
1,8.000000,6.748000,0.054000,-72,0.000000,7,8
1,8.000000,6.745000,0.122000,-72,0.000000,7,8
1,8.000000,6.710000,0.135000,-71,0.000000,7,8
1,8.000000,6.830000,0.117000,-71,0.000000,7,8
1,8.000000,6.743000,0.144000,-72,0.000000,7,8
1,8.000000,6.750000,0.139000,-72,0.000000,7,8
1,8.000000,6.682000,0.219000,-72,0.000000,7,8
1,8.000000,6.743000,0.204000,-72,0.000000,7,8
1,8.000000,6.773000,0.152000,-72,0.000000,7,8
1,8.000000,6.799000,0.104000,-72,0.000000,7,8
1,8.000000,6.738000,0.114000,-72,0.000000,7,8
1,8.000000,6.716000,0.147000,-72,0.000000,7,8
1,8.000000,6.404000,0.263000,-71,0.000000,7,8
1,8.000000,6.251000,0.296000,-71,0.000000,7,8
1,8.000000,5.979000,0.395000,-70,0.000000,7,8
1,8.000000,5.829000,0.441000,-71,0.000000,7,8
1,8.000000,6.244000,0.257000,-73,0.000000,7,8
1,8.000000,6.495000,0.201000,-72,0.000000,7,8
1,8.000000,6.094000,0.296000,-71,0.000000,7,8
1,8.000000,6.213000,0.319000,-70,0.000000,7,8
1,8.000000,6.291000,0.260000,-71,0.000000,7,8
1,8.000000,6.257000,0.297000,-72,0.000000,7,8
1,8.000000,6.016000,0.404000,-70,0.000000,7,8
1,8.000000,6.182000,0.300000,-72,0.000000,7,8
1,8.000000,6.210000,0.296000,-71,0.000000,7,8
1,8.000000,5.979000,0.388000,-71,0.000000,7,8
1,8.000000,5.941000,0.374000,-71,0.000000,7,8
1,8.000000,6.216000,0.316000,-70,0.000000,7,8
1,8.000000,5.985000,0.423000,-70,0.000000,7,8
1,8.000000,6.179000,0.355000,-73,0.000000,7,8
1,8.000000,6.291000,0.322000,-70,0.000000,7,8
1,8.000000,6.016000,0.392000,-72,0.000000,7,8
1,8.000000,6.213000,0.321000,-71,0.000000,7,8
1,8.000000,6.054000,0.402000,-72,0.000000,7,8
1,8.000000,6.216000,0.310000,-71,0.000000,7,8
1,8.000000,6.016000,0.392000,-71,0.000000,7,8
1,8.000000,6.094000,0.364000,-74,0.000000,7,8
1,8.000000,6.291000,0.392000,-72,0.000000,7,8
1,8.000000,6.016000,0.397000,-73,0.000000,7,8
1,8.000000,5.907000,0.456000,-72,0.000000,7,8
1,8.000000,5.866000,0.485000,-71,0.000000,7,8
1,8.000000,6.013000,0.414000,-71,0.000000,7,8
1,8.000000,5.944000,0.450000,-72,0.000000,7,8
1,8.000000,6.176000,0.337000,-73,0.000000,7,8
1,8.000000,6.129000,0.402000,-73,0.000000,7,8
1,8.000000,6.141000,0.348000,-72,0.000000,7,8
1,8.000000,6.051000,0.369000,-72,0.000000,7,8
1,8.000000,6.179000,0.374000,-72,0.000000,7,8
1,8.000000,5.976000,0.431000,-72,0.000000,7,8
1,8.000000,6.060000,0.382000,-71,0.000000,7,8
1,8.000000,6.138000,0.331000,-72,0.000000,7,8
1,8.000000,6.098000,0.362000,-72,0.000000,7,8
1,8.000000,6.057000,0.322000,-72,0.000000,7,8
1,8.000000,6.022000,0.423000,-72,0.000000,7,8
1,8.000000,6.023000,0.434000,-72,0.000000,7,8
1,8.000000,6.054000,0.383000,-72,0.000000,7,8
1,8.000000,6.141000,0.393000,-72,0.000000,7,8
1,8.000000,6.019000,0.363000,-72,0.000000,7,8
1,8.000000,6.016000,0.392000,-72,0.000000,7,8
1,8.000000,6.060000,0.362000,-72,0.000000,7,8
1,8.000000,6.057000,0.310000,-72,0.000000,7,8
1,8.000000,6.054000,0.344000,-72,0.000000,7,8
1,8.000000,5.941000,0.373000,-72,0.000000,7,8
1,8.000000,5.941000,0.393000,-72,0.000000,7,8
1,8.000000,6.088000,0.366000,-72,0.000000,7,8
1,8.000000,6.091000,0.363000,-72,0.000000,7,8
1,8.000000,6.098000,0.311000,-73,0.000000,7,8
1,8.000000,5.982000,0.412000,-73,0.000000,7,8
1,8.000000,6.141000,0.307000,-72,0.000000,7,8
1,8.000000,6.098000,0.349000,-72,0.000000,7,8
1,8.000000,6.091000,0.363000,-72,0.000000,7,8
1,8.000000,6.091000,0.363000,-72,0.000000,7,8
1,8.000000,6.141000,0.362000,-72,0.000000,7,8
1,8.000000,6.291000,0.292000,-72,0.000000,7,8
1,8.000000,6.373000,0.205000,-71,0.000000,7,8
1,8.000000,6.341000,0.233000,-71,0.000000,7,8
1,8.000000,6.254000,0.293000,-72,0.000000,7,8
1,8.000000,6.329000,0.134000,-72,0.000000,7,8
1,8.000000,6.573000,0.087000,-73,0.000000,7,8
1,8.000000,6.607000,0.085000,-73,0.000000,7,8
1,8.000000,6.376000,0.151000,-72,0.000000,7,8
1,8.000000,6.172000,0.289000,-73,0.000000,7,8
1,8.000000,6.063000,0.286000,-72,0.000000,7,8
1,8.000000,6.179000,0.301000,-72,0.000000,7,8
1,8.000000,6.063000,0.386000,-71,0.000000,7,8
1,8.000000,6.757000,0.073000,-70,0.000000,7,8
1,8.000000,6.216000,0.327000,-72,0.000000,7,8
1,8.000000,5.779000,0.501000,-71,0.000000,7,8
1,8.000000,6.601000,0.117000,-72,0.000000,7,8
1,8.000000,6.485000,0.108000,-72,0.000000,7,8
1,8.000000,6.054000,0.343000,-72,0.000000,7,8
1,8.000000,6.091000,0.319000,-72,0.000000,7,8
1,8.000000,6.254000,0.202000,-72,0.000000,7,8
1,8.000000,6.329000,0.178000,-73,0.000000,7,8
1,8.000000,6.680000,0.077000,-73,0.000000,7,8
1,8.000000,6.719000,0.055000,-72,0.000000,7,8
1,8.000000,6.407000,0.140000,-72,0.000000,7,8
1,8.000000,6.454000,0.133000,-71,0.000000,7,8
1,8.000000,6.794000,0.154000,-72,0.000000,7,8
1,8.000000,6.723000,0.180000,-72,0.000000,7,8
1,8.000000,6.604000,0.105000,-73,0.000000,7,8
1,8.000000,6.535000,0.108000,-73,0.000000,7,8
1,8.000000,6.529000,0.137000,-73,0.000000,7,8
1,8.000000,6.529000,0.141000,-73,0.000000,7,8
1,8.000000,6.366000,0.177000,-72,0.000000,7,8
1,8.000000,6.682000,0.104000,-72,0.000000,7,8
1,8.000000,6.776000,0.142000,-71,0.000000,7,8
1,8.000000,6.766000,0.114000,-71,0.000000,7,8
1,8.000000,6.604000,0.119000,-72,0.000000,7,8
1,8.000000,6.491000,0.198000,-72,0.000000,7,8
1,8.000000,6.454000,0.178000,-72,0.000000,7,8
1,8.000000,6.444000,0.099000,-72,0.000000,7,8
1,8.000000,6.610000,0.056000,-72,0.000000,7,8
1,8.000000,6.679000,0.219000,-73,0.000000,7,8
1,8.000000,6.132000,0.301000,-73,0.000000,7,8
1,8.000000,6.091000,0.419000,-73,0.000000,7,8
1,8.000000,6.219000,0.218000,-73,0.000000,7,8
1,8.000000,6.326000,0.201000,-72,0.000000,7,8
1,8.000000,6.288000,0.228000,-72,0.000000,7,8
1,8.000000,6.179000,0.267000,-73,0.000000,7,8
1,8.000000,5.904000,0.358000,-73,0.000000,7,8
1,8.000000,6.329000,0.219000,-73,0.000000,7,8
1,8.000000,6.141000,0.213000,-73,0.000000,7,8
1,8.000000,6.213000,0.206000,-73,0.000000,7,8
1,8.000000,6.294000,0.199000,-73,0.000000,7,8
1,8.000000,6.251000,0.233000,-73,0.000000,7,8
1,8.000000,6.054000,0.372000,-73,0.000000,7,8
1,8.000000,6.141000,0.326000,-72,0.000000,7,8
1,8.000000,6.291000,0.249000,-73,0.000000,7,8
1,8.000000,6.363000,0.271000,-72,0.000000,7,8
1,8.000000,5.979000,0.371000,-72,0.000000,7,8
1,8.000000,6.022000,0.401000,-71,0.000000,7,8
1,8.000000,6.104000,0.307000,-70,0.000000,7,8
1,8.000000,6.104000,0.364000,-71,0.000000,7,8
1,8.000000,5.979000,0.428000,-72,0.000000,7,8
1,8.000000,5.979000,0.365000,-72,0.000000,7,8
1,8.000000,5.901000,0.513000,-71,0.000000,7,8
1,8.000000,6.057000,0.373000,-72,0.000000,7,8
1,8.000000,6.054000,0.366000,-73,0.000000,7,8
1,8.000000,5.979000,0.354000,-73,0.000000,7,8
1,8.000000,5.941000,0.436000,-73,0.000000,7,8
1,8.000000,6.176000,0.274000,-71,0.000000,7,8
1,8.000000,6.104000,0.412000,-71,0.000000,7,8
1,8.000000,6.054000,0.325000,-72,0.000000,7,8
1,8.000000,6.022000,0.408000,-73,0.000000,7,8
1,8.000000,6.060000,0.447000,-71,0.000000,7,8
1,8.000000,6.141000,0.423000,-71,0.000000,7,8
1,8.000000,6.135000,0.415000,-72,0.000000,7,8
1,8.000000,5.907000,0.459000,-73,0.000000,7,8
1,8.000000,6.098000,0.295000,-73,0.000000,7,8
1,8.000000,5.979000,0.401000,-73,0.000000,7,8
1,8.000000,6.182000,0.339000,-72,0.000000,7,8
1,8.000000,6.054000,0.364000,-71,0.000000,7,8
1,8.000000,5.941000,0.447000,-72,0.000000,7,8
1,8.000000,6.135000,0.273000,-73,0.000000,7,8
1,8.000000,6.260000,0.163000,-73,0.000000,7,8
1,8.000000,6.179000,0.242000,-72,0.000000,7,8
1,8.000000,6.054000,0.237000,-72,0.000000,7,8
1,8.000000,5.979000,0.406000,-71,0.000000,7,8
1,8.000000,5.907000,0.395000,-71,0.000000,7,8
1,8.000000,5.985000,0.363000,-71,0.000000,7,8
1,8.000000,5.941000,0.425000,-70,0.000000,7,8
1,8.000000,6.091000,0.340000,-71,0.000000,7,8
1,8.000000,6.054000,0.381000,-71,0.000000,7,8
1,8.000000,6.054000,0.359000,-71,0.000000,7,8
1,8.000000,6.098000,0.299000,-71,0.000000,7,8
1,8.000000,6.051000,0.354000,-71,0.000000,7,8
1,8.000000,6.054000,0.329000,-71,0.000000,7,8
1,8.000000,6.022000,0.321000,-71,0.000000,7,8
1,8.000000,6.023000,0.311000,-71,0.000000,7,8
1,8.000000,6.254000,0.255000,-72,0.000000,7,8
1,8.000000,6.288000,0.239000,-73,0.000000,7,8
1,8.000000,6.257000,0.209000,-73,0.000000,7,8
1,8.000000,6.291000,0.135000,-73,0.000000,7,8
1,8.000000,6.019000,0.381000,-70,0.000000,7,8
1,8.000000,6.091000,0.412000,-69,0.000000,7,8
1,8.000000,6.138000,0.290000,-69,0.000000,7,8
1,8.000000,5.979000,0.377000,-71,0.000000,7,8
1,8.000000,6.135000,0.323000,-68,0.000000,7,8
1,8.000000,6.101000,0.271000,-70,0.000000,7,8
1,8.000000,6.104000,0.397000,-69,0.000000,7,8
1,8.000000,6.060000,0.448000,-68,0.000000,7,8
1,8.000000,6.088000,0.429000,-69,0.000000,7,8
1,8.000000,5.979000,0.500000,-68,0.000000,7,8
1,8.000000,6.138000,0.441000,-69,0.000000,7,8
1,8.000000,5.948000,0.454000,-69,0.000000,7,8
1,8.000000,6.141000,0.368000,-70,0.000000,7,8
1,8.000000,6.019000,0.462000,-69,0.000000,7,8
1,8.000000,6.066000,0.393000,-69,0.000000,7,8
1,8.000000,6.216000,0.306000,-70,0.000000,7,8
1,8.000000,6.091000,0.350000,-70,0.000000,7,8
1,8.000000,6.366000,0.191000,-70,0.000000,7,8
1,8.000000,6.216000,0.306000,-70,0.000000,7,8
1,8.000000,6.248000,0.282000,-70,0.000000,7,8
1,8.000000,6.251000,0.220000,-70,0.000000,7,8
1,8.000000,6.366000,0.202000,-70,0.000000,7,8
1,8.000000,6.169000,0.302000,-70,0.000000,7,8
1,8.000000,6.141000,0.371000,-70,0.000000,7,8
1,8.000000,6.247000,0.299000,-71,0.000000,7,8
1,8.000000,6.248000,0.258000,-71,0.000000,7,8
1,8.000000,6.329000,0.166000,-71,0.000000,7,8
1,8.000000,6.332000,0.178000,-70,0.000000,7,8
1,8.000000,6.376000,0.208000,-70,0.000000,7,8
1,8.000000,6.254000,0.200000,-71,0.000000,7,8
1,8.000000,6.091000,0.362000,-71,0.000000,7,8
1,8.000000,6.022000,0.348000,-71,0.000000,7,8
1,8.000000,5.829000,0.408000,-72,0.000000,7,8
1,8.000000,5.976000,0.401000,-71,0.000000,7,8
1,8.000000,6.288000,0.163000,-72,0.000000,7,8
1,8.000000,6.251000,0.194000,-72,0.000000,7,8
1,8.000000,6.451000,0.234000,-70,0.000000,7,8
1,8.000000,6.708000,0.109000,-72,0.000000,7,8
1,8.000000,6.641000,0.120000,-70,0.000000,7,8
1,8.000000,6.741000,0.091000,-72,0.000000,7,8
1,8.000000,6.529000,0.216000,-71,0.000000,7,8
1,8.000000,6.476000,0.333000,-73,0.000000,7,8
1,8.000000,6.329000,0.190000,-72,0.000000,7,8
1,8.000000,5.976000,0.462000,-71,0.000000,7,8
1,8.000000,6.508000,2.001000,-74,0.000000,7,8
1,8.000000,6.210000,0.230000,-73,0.000000,7,8
1,8.000000,6.179000,0.221000,-73,0.000000,7,8
1,8.000000,6.369000,0.194000,-73,0.000000,7,8
1,8.000000,6.513000,0.382000,-73,0.000000,7,8
1,8.000000,6.016000,0.389000,-71,0.000000,7,8
1,8.000000,6.288000,0.243000,-72,0.000000,7,8
1,8.000000,6.091000,0.333000,-73,0.000000,7,8
1,8.000000,5.904000,0.422000,-73,0.000000,7,8
1,8.000000,5.823000,0.370000,-74,0.000000,7,8
1,8.000000,6.016000,0.333000,-72,0.000000,7,8
1,8.000000,5.907000,0.457000,-72,0.000000,7,8
1,8.000000,5.869000,0.432000,-71,0.000000,7,8
1,8.000000,6.054000,0.374000,-71,0.000000,7,8
1,8.000000,5.979000,0.436000,-71,0.000000,7,8
1,8.000000,5.944000,0.422000,-71,0.000000,7,8
1,8.000000,6.063000,0.394000,-71,0.000000,7,8
1,8.000000,5.941000,0.435000,-72,0.000000,7,8
1,8.000000,6.063000,0.310000,-71,0.000000,7,8
1,8.000000,5.985000,0.412000,-71,0.000000,7,8
1,8.000000,6.141000,0.333000,-72,0.000000,7,8
1,8.000000,6.338000,0.222000,-72,0.000000,7,8
1,8.000000,6.298000,0.203000,-72,0.000000,7,8
1,8.000000,6.319000,0.337000,-73,0.000000,7,8
1,8.000000,6.101000,0.301000,-72,0.000000,7,8
1,8.000000,6.216000,0.240000,-72,0.000000,7,8
1,8.000000,6.016000,0.418000,-72,0.000000,7,8
1,8.000000,5.907000,0.397000,-72,0.000000,7,8
1,8.000000,6.054000,0.384000,-72,0.000000,7,8
1,8.000000,6.219000,0.286000,-72,0.000000,7,8
1,8.000000,6.132000,0.372000,-72,0.000000,7,8
1,8.000000,5.979000,0.401000,-72,0.000000,7,8
1,8.000000,6.141000,0.278000,-72,0.000000,7,8
1,8.000000,6.254000,0.264000,-72,0.000000,7,8
1,8.000000,6.060000,0.301000,-72,0.000000,7,8
1,8.000000,6.491000,0.245000,-72,0.000000,7,8
1,8.000000,6.598000,0.325000,-72,0.000000,7,8
1,8.000000,6.723000,1.842000,-71,0.000000,7,8
1,8.000000,6.216000,0.262000,-73,0.000000,7,8
1,8.000000,6.026000,0.433000,-73,0.000000,7,8
1,8.000000,5.820000,0.461000,-72,0.000000,7,8
1,8.000000,6.091000,0.314000,-72,0.000000,7,8
1,8.000000,6.213000,0.323000,-72,0.000000,7,8
1,8.000000,6.097000,0.342000,-71,0.000000,7,8
1,8.000000,6.176000,0.295000,-72,0.000000,7,8
1,8.000000,6.419000,0.183000,-73,0.000000,7,8
1,8.000000,6.373000,0.182000,-72,0.000000,7,8
1,8.000000,6.172000,0.249000,-73,0.000000,7,8
1,8.000000,6.491000,0.104000,-73,0.000000,7,8
1,8.000000,6.529000,0.147000,-72,0.000000,7,8
1,8.000000,6.641000,0.150000,-72,0.000000,7,8
1,8.000000,6.329000,0.243000,-72,0.000000,7,8
1,8.000000,6.054000,0.351000,-73,0.000000,7,8
1,8.000000,6.329000,0.184000,-73,0.000000,7,8
1,8.000000,6.329000,0.246000,-73,0.000000,7,8
1,8.000000,6.566000,0.090000,-72,0.000000,7,8
1,8.000000,6.373000,0.242000,-72,0.000000,7,8
1,8.000000,6.491000,0.134000,-72,0.000000,7,8
1,8.000000,6.454000,0.149000,-71,0.000000,7,8
1,8.000000,6.526000,0.151000,-71,0.000000,7,8
1,8.000000,6.658000,0.126000,-72,0.000000,7,8
1,8.000000,6.329000,0.241000,-72,0.000000,7,8
1,8.000000,6.216000,0.303000,-72,0.000000,7,8
1,8.000000,6.329000,0.225000,-72,0.000000,7,8
1,8.000000,6.216000,0.281000,-72,0.000000,7,8
1,8.000000,6.254000,0.281000,-71,0.000000,7,8
1,8.000000,6.373000,0.199000,-71,0.000000,7,8
1,8.000000,6.638000,0.119000,-71,0.000000,7,8
1,8.000000,6.717000,0.112000,-71,0.000000,7,8
1,8.000000,6.438000,0.157000,-72,0.000000,7,8
1,8.000000,6.288000,0.247000,-72,0.000000,7,8
1,8.000000,6.288000,0.226000,-72,0.000000,7,8
1,8.000000,6.223000,0.315000,-72,0.000000,7,8
1,8.000000,6.488000,0.164000,-71,0.000000,7,8
1,8.000000,6.454000,0.194000,-71,0.000000,7,8
1,8.000000,6.569000,0.147000,-72,0.000000,7,8
1,8.000000,6.688000,0.106000,-72,0.000000,7,8
1,8.000000,6.679000,0.116000,-71,0.000000,7,8
1,8.000000,6.373000,0.223000,-71,0.000000,7,8
1,8.000000,6.179000,0.324000,-73,0.000000,7,8
1,8.000000,6.101000,0.280000,-73,0.000000,7,8
1,8.000000,6.169000,0.332000,-72,0.000000,7,8
1,8.000000,6.169000,0.342000,-72,0.000000,7,8
1,8.000000,6.679000,0.089000,-73,0.000000,7,8
1,8.000000,6.335000,0.240000,-72,0.000000,7,8
1,8.000000,6.254000,0.273000,-71,0.000000,7,8
1,8.000000,6.326000,0.178000,-71,0.000000,7,8
1,8.000000,6.104000,0.357000,-71,0.000000,7,8
1,8.000000,6.135000,0.308000,-71,0.000000,7,8
1,8.000000,6.054000,0.338000,-71,0.000000,7,8
1,8.000000,6.454000,0.155000,-71,0.000000,7,8
1,8.000000,6.407000,0.170000,-71,0.000000,7,8
1,8.000000,6.291000,0.240000,-71,0.000000,7,8
1,8.000000,6.294000,0.246000,-71,0.000000,7,8
1,8.000000,6.529000,0.086000,-70,0.000000,7,8
1,8.000000,6.091000,0.373000,-70,0.000000,7,8
1,8.000000,6.054000,0.373000,-71,0.000000,7,8
1,8.000000,5.979000,0.396000,-71,0.000000,7,8
1,8.000000,6.013000,0.387000,-71,0.000000,7,8
1,8.000000,6.054000,0.382000,-71,0.000000,7,8
1,8.000000,6.091000,0.351000,-72,0.000000,7,8
1,8.000000,5.944000,0.391000,-72,0.000000,7,8
1,8.000000,5.976000,0.345000,-72,0.000000,7,8
1,8.000000,6.141000,0.248000,-73,0.000000,7,8
1,8.000000,6.404000,0.123000,-73,0.000000,7,8
1,8.000000,6.604000,0.159000,-72,0.000000,7,8
1,8.000000,6.679000,0.104000,-71,0.000000,7,8
1,8.000000,6.219000,0.302000,-70,0.000000,7,8
1,8.000000,6.104000,0.375000,-72,0.000000,7,8
1,8.000000,6.176000,0.235000,-73,0.000000,7,8
1,8.000000,6.054000,0.268000,-73,0.000000,7,8
1,8.000000,6.291000,0.200000,-73,0.000000,7,8
1,8.000000,6.182000,0.285000,-73,0.000000,7,8
1,8.000000,6.054000,0.383000,-72,0.000000,7,8
1,8.000000,6.104000,0.356000,-72,0.000000,7,8
1,8.000000,6.016000,0.415000,-73,0.000000,7,8
1,8.000000,5.979000,0.411000,-73,0.000000,7,8
1,8.000000,6.176000,0.261000,-73,0.000000,7,8
1,8.000000,6.254000,0.245000,-73,0.000000,7,8
1,8.000000,6.366000,0.197000,-73,0.000000,7,8
1,8.000000,6.366000,0.206000,-73,0.000000,7,8
1,8.000000,6.254000,0.215000,-73,0.000000,7,8
1,8.000000,6.454000,0.130000,-73,0.000000,7,8
1,8.000000,6.326000,0.240000,-72,0.000000,7,8
1,8.000000,6.491000,0.173000,-73,0.000000,7,8
1,8.000000,6.595000,0.055000,-73,0.000000,7,8
1,8.000000,6.773000,0.046000,-72,0.000000,7,8
1,8.000000,6.682000,0.143000,-71,0.000000,7,8
1,8.000000,6.716000,0.058000,-70,0.000000,7,8
1,8.000000,6.741000,0.121000,-72,0.000000,7,8
1,8.000000,6.641000,0.094000,-71,0.000000,7,8
1,8.000000,6.251000,0.289000,-71,0.000000,7,8
1,8.000000,6.057000,0.335000,-70,0.000000,7,8
1,8.000000,5.898000,0.432000,-72,0.000000,7,8
1,8.000000,5.829000,0.382000,-73,0.000000,7,8
1,8.000000,5.907000,0.382000,-72,0.000000,7,8
1,8.000000,6.057000,0.320000,-73,0.000000,7,8
1,8.000000,6.016000,0.405000,-71,0.000000,7,8
1,8.000000,6.019000,0.334000,-71,0.000000,7,8
1,8.000000,6.026000,0.437000,-72,0.000000,7,8
1,8.000000,6.257000,0.309000,-73,0.000000,7,8
1,8.000000,6.247000,0.329000,-73,0.000000,7,8
1,8.000000,6.138000,0.277000,-74,0.000000,7,8
1,8.000000,6.057000,0.390000,-74,0.000000,7,8
1,8.000000,6.054000,0.290000,-73,0.000000,7,8
1,8.000000,5.985000,0.315000,-73,0.000000,7,8
1,8.000000,5.976000,0.364000,-73,0.000000,7,8
1,8.000000,5.944000,0.376000,-72,0.000000,7,8
1,8.000000,5.938000,0.303000,-74,0.000000,7,8
1,8.000000,5.982000,0.347000,-73,0.000000,7,8
1,8.000000,5.904000,0.438000,-73,0.000000,7,8
1,8.000000,5.948000,0.339000,-73,0.000000,7,8
1,8.000000,6.169000,0.291000,-73,0.000000,7,8
1,8.000000,6.138000,0.207000,-74,0.000000,7,8
1,8.000000,6.251000,0.222000,-74,0.000000,7,8
1,8.000000,6.338000,0.249000,-71,0.000000,7,8
1,8.000000,5.907000,0.357000,-72,0.000000,7,8
1,8.000000,5.866000,0.429000,-70,0.000000,7,8
1,8.000000,6.394000,0.115000,-73,0.000000,7,8
1,8.000000,6.179000,0.289000,-73,0.000000,7,8
1,8.000000,6.254000,0.269000,-73,0.000000,7,8
1,8.000000,5.985000,0.368000,-73,0.000000,7,8
1,8.000000,6.054000,0.317000,-73,0.000000,7,8
1,8.000000,6.216000,0.318000,-73,0.000000,7,8
1,8.000000,6.335000,0.227000,-72,0.000000,7,8
1,8.000000,6.210000,0.215000,-74,0.000000,7,8
1,8.000000,6.483000,0.086000,-73,0.000000,7,8
1,8.000000,6.141000,0.259000,-74,0.000000,7,8
1,8.000000,6.491000,0.125000,-72,0.000000,7,8
1,8.000000,6.216000,0.332000,-71,0.000000,7,8
1,8.000000,6.091000,0.362000,-72,0.000000,7,8
1,8.000000,6.141000,0.252000,-73,0.000000,7,8
1,8.000000,6.335000,0.227000,-73,0.000000,7,8
1,8.000000,6.566000,0.115000,-71,0.000000,7,8
1,8.000000,6.054000,0.430000,-71,0.000000,7,8
1,8.000000,6.291000,0.217000,-73,0.000000,7,8
1,8.000000,6.451000,0.269000,-71,0.000000,7,8
1,8.000000,6.216000,0.257000,-73,0.000000,7,8
1,8.000000,6.054000,0.434000,-71,0.000000,7,8
1,8.000000,5.944000,0.477000,-71,0.000000,7,8
1,8.000000,6.291000,0.328000,-72,0.000000,7,8
1,8.000000,6.179000,0.331000,-73,0.000000,7,8
1,8.000000,5.904000,0.536000,-71,0.000000,7,8
1,8.000000,6.104000,0.263000,-73,0.000000,7,8
1,8.000000,6.141000,0.319000,-71,0.000000,7,8
1,8.000000,5.979000,0.466000,-71,0.000000,7,8
1,8.000000,5.985000,0.434000,-70,0.000000,7,8
1,8.000000,5.938000,0.447000,-74,0.000000,7,8
1,8.000000,5.788000,0.480000,-73,0.000000,7,8
1,8.000000,5.938000,0.355000,-75,0.000000,7,8
1,8.000000,5.944000,0.452000,-71,0.000000,7,8
1,8.000000,6.063000,0.298000,-73,0.000000,7,8
1,8.000000,6.135000,0.303000,-74,0.000000,7,8
1,8.000000,6.019000,0.456000,-71,0.000000,7,8
1,8.000000,5.979000,0.350000,-72,0.000000,7,8
1,8.000000,6.132000,0.339000,-73,0.000000,7,8
1,8.000000,6.454000,0.150000,-72,0.000000,7,8
1,8.000000,6.563000,0.119000,-73,0.000000,7,8
1,8.000000,6.260000,0.443000,-71,0.000000,7,8
1,8.000000,6.166000,0.199000,-73,0.000000,7,8
1,8.000000,6.366000,0.294000,-72,0.000000,7,8
1,8.000000,6.329000,0.126000,-73,0.000000,7,8
1,8.000000,6.329000,0.168000,-72,0.000000,7,8
1,8.000000,6.479000,0.132000,-72,0.000000,7,8
1,8.000000,6.288000,0.140000,-73,0.000000,7,8
1,8.000000,6.604000,0.109000,-73,0.000000,7,8
1,8.000000,6.173000,0.335000,-73,0.000000,7,8
1,8.000000,6.126000,0.234000,-73,0.000000,7,8
1,8.000000,6.257000,0.193000,-73,0.000000,7,8
1,8.000000,6.169000,0.210000,-73,0.000000,7,8
1,8.000000,5.979000,0.388000,-72,0.000000,7,8
1,8.000000,6.391000,0.190000,-73,0.000000,7,8
1,8.000000,6.416000,0.189000,-71,0.000000,7,8
1,8.000000,6.376000,0.135000,-71,0.000000,7,8
1,8.000000,6.535000,0.308000,-72,0.000000,7,8
1,8.000000,6.415000,0.136000,-73,0.000000,7,8
1,8.000000,6.141000,0.440000,-71,0.000000,7,8
1,8.000000,6.132000,0.367000,-73,0.000000,7,8
1,8.000000,6.366000,0.191000,-72,0.000000,7,8
1,8.000000,6.407000,0.109000,-73,0.000000,7,8
1,8.000000,6.288000,0.320000,-71,0.000000,7,8
1,8.000000,6.329000,0.127000,-72,0.000000,7,8
1,8.000000,6.291000,0.454000,-71,0.000000,7,8
1,8.000000,6.491000,0.081000,-71,0.000000,7,8
1,8.000000,6.173000,0.314000,-72,0.000000,7,8
1,8.000000,5.938000,0.305000,-71,0.000000,7,8
1,8.000000,5.944000,0.319000,-72,0.000000,7,8
1,8.000000,5.938000,0.185000,-72,0.000000,7,8
1,8.000000,6.172000,0.317000,-72,0.000000,7,8
1,8.000000,6.488000,0.420000,-69,0.000000,7,8
1,8.000000,6.454000,0.235000,-72,0.000000,7,8
1,8.000000,6.529000,0.090000,-73,0.000000,7,8
1,8.000000,6.567000,0.066000,-73,0.000000,7,8
1,8.000000,6.610000,0.138000,-73,0.000000,7,8
1,8.000000,6.454000,0.223000,-70,0.000000,7,8
1,8.000000,6.298000,0.290000,-70,0.000000,7,8
1,8.000000,6.373000,0.283000,-70,0.000000,7,8
1,8.000000,6.138000,0.401000,-71,0.000000,7,8
1,8.000000,6.648000,0.316000,-71,0.000000,7,8
1,8.000000,6.454000,0.284000,-70,0.000000,7,8
1,8.000000,6.210000,0.295000,-70,0.000000,7,8
1,8.000000,6.176000,0.310000,-70,0.000000,7,8
1,8.000000,6.132000,0.356000,-71,0.000000,7,8
1,8.000000,6.301000,0.231000,-72,0.000000,7,8
1,8.000000,6.219000,0.305000,-71,0.000000,7,8
1,8.000000,9.136000,0.388000,-72,0.000000,7,8
1,8.000000,8.850000,0.238000,-72,0.000000,7,8
1,8.000000,7.844000,0.480000,-72,0.000000,7,8
1,8.000000,7.783000,0.405000,-72,0.000000,7,8
1,8.000000,7.335000,0.219000,-72,0.000000,7,8
1,8.000000,8.048000,0.352000,-72,0.000000,7,8
1,8.000000,8.109000,0.486000,-71,0.000000,7,8
1,8.000000,8.114000,0.293000,-71,0.000000,7,8
1,8.000000,8.616000,0.124000,-73,0.000000,7,8
1,8.000000,7.729000,0.804000,-74,0.000000,7,8
1,8.000000,8.323000,0.611000,-71,0.000000,7,8
1,8.000000,6.210000,0.340000,-73,0.000000,7,8
1,8.000000,6.257000,0.235000,-71,0.000000,7,8
1,8.000000,6.022000,0.301000,-72,0.000000,7,8
1,8.000000,5.979000,0.429000,-73,0.000000,7,8
1,8.000000,6.026000,0.468000,-71,0.000000,7,8
1,8.000000,6.060000,0.492000,-71,0.000000,7,8
1,8.000000,6.291000,0.365000,-70,0.000000,7,8
1,8.000000,6.016000,0.588000,-70,0.000000,7,8
1,8.000000,6.104000,0.464000,-70,0.000000,7,8
1,8.000000,6.216000,0.533000,-71,0.000000,7,8
1,8.000000,6.294000,0.489000,-72,0.000000,7,8
1,8.000000,6.216000,0.296000,-71,0.000000,7,8
1,8.000000,6.376000,0.277000,-70,0.000000,7,8
1,8.000000,6.479000,0.390000,-72,0.000000,7,8
1,8.000000,6.257000,0.495000,-73,0.000000,7,8
1,8.000000,6.251000,0.280000,-70,0.000000,7,8
1,8.000000,6.291000,0.469000,-70,0.000000,7,8
1,8.000000,5.988000,0.322000,-70,0.000000,7,8
1,8.000000,6.257000,0.482000,-71,0.000000,7,8
1,8.000000,6.523000,0.254000,-72,0.000000,7,8
1,8.000000,6.298000,0.266000,-72,0.000000,7,8
1,8.000000,6.173000,0.334000,-71,0.000000,7,8
1,8.000000,6.179000,0.423000,-72,0.000000,7,8
1,8.000000,6.444000,0.325000,-71,0.000000,7,8
1,8.000000,6.291000,0.333000,-70,0.000000,7,8
1,8.000000,6.416000,0.220000,-71,0.000000,7,8
1,8.000000,6.254000,0.317000,-70,0.000000,7,8
1,8.000000,6.369000,0.248000,-71,0.000000,7,8
1,8.000000,6.404000,0.320000,-73,0.000000,7,8
1,8.000000,6.294000,0.381000,-74,0.000000,7,8
1,8.000000,6.326000,0.370000,-71,0.000000,7,8
1,8.000000,6.335000,0.390000,-71,0.000000,7,8
1,8.000000,6.404000,0.282000,-69,0.000000,7,8
1,8.000000,6.623000,0.117000,-71,0.000000,7,8
1,8.000000,6.376000,0.362000,-71,0.000000,7,8
1,8.000000,6.532000,0.151000,-70,0.000000,7,8
1,8.000000,6.451000,0.123000,-71,0.000000,7,8
1,8.000000,6.445000,0.178000,-70,0.000000,7,8
1,8.000000,6.604000,0.062000,-71,0.000000,7,8
1,8.000000,6.444000,0.300000,-70,0.000000,7,8
1,8.000000,6.407000,0.312000,-72,0.000000,7,8
1,8.000000,6.416000,0.286000,-70,0.000000,7,8
1,8.000000,6.491000,0.111000,-71,0.000000,7,8
1,8.000000,6.416000,0.384000,-71,0.000000,7,8
1,8.000000,6.444000,0.247000,-72,0.000000,7,8
1,8.000000,6.369000,0.268000,-71,0.000000,7,8
1,8.000000,6.369000,0.271000,-71,0.000000,7,8
1,8.000000,6.416000,0.274000,-72,0.000000,7,8
1,8.000000,6.413000,0.246000,-71,0.000000,7,8
1,8.000000,6.376000,0.198000,-71,0.000000,7,8
1,8.000000,6.407000,0.253000,-72,0.000000,7,8
1,8.000000,6.366000,0.232000,-71,0.000000,7,8
1,8.000000,6.254000,0.360000,-72,0.000000,7,8
1,8.000000,6.326000,0.279000,-72,0.000000,7,8
1,8.000000,6.441000,0.252000,-71,0.000000,7,8
1,8.000000,6.448000,0.274000,-71,0.000000,7,8
1,8.000000,6.260000,0.310000,-70,0.000000,7,8
1,8.000000,6.366000,0.238000,-71,0.000000,7,8
1,8.000000,6.451000,0.248000,-72,0.000000,7,8
1,8.000000,6.257000,0.316000,-71,0.000000,7,8
1,8.000000,6.294000,0.259000,-71,0.000000,7,8
1,8.000000,6.494000,0.225000,-70,0.000000,7,8
1,8.000000,6.485000,0.322000,-71,0.000000,7,8
1,8.000000,6.529000,0.179000,-72,0.000000,7,8
1,8.000000,6.454000,0.185000,-72,0.000000,7,8
1,8.000000,6.444000,0.195000,-72,0.000000,7,8
1,8.000000,6.604000,0.099000,-71,0.000000,7,8
1,8.000000,6.366000,0.241000,-71,0.000000,7,8
1,8.000000,6.416000,0.228000,-71,0.000000,7,8
1,8.000000,6.451000,0.228000,-72,0.000000,7,8
1,8.000000,6.360000,0.286000,-71,0.000000,7,8
1,8.000000,6.369000,0.234000,-71,0.000000,7,8
1,8.000000,6.257000,0.231000,-71,0.000000,7,8
1,8.000000,6.413000,0.222000,-71,0.000000,7,8
1,8.000000,6.376000,0.196000,-71,0.000000,7,8
1,8.000000,6.332000,0.265000,-72,0.000000,7,8
1,8.000000,6.329000,0.271000,-71,0.000000,7,8
1,8.000000,6.291000,0.296000,-71,0.000000,7,8
1,8.000000,6.254000,0.279000,-72,0.000000,7,8
1,8.000000,6.376000,0.217000,-72,0.000000,7,8
1,8.000000,6.366000,0.194000,-71,0.000000,7,8
1,8.000000,6.529000,0.090000,-72,0.000000,7,8
1,8.000000,6.373000,0.230000,-72,0.000000,7,8
1,8.000000,6.454000,0.180000,-72,0.000000,7,8
1,8.000000,6.451000,0.159000,-72,0.000000,7,8
1,8.000000,6.323000,0.154000,-71,0.000000,7,8
1,8.000000,6.329000,0.285000,-71,0.000000,7,8
1,8.000000,6.335000,0.240000,-72,0.000000,7,8
1,8.000000,6.404000,0.185000,-72,0.000000,7,8
1,8.000000,6.366000,0.250000,-72,0.000000,7,8
1,8.000000,6.373000,0.290000,-71,0.000000,7,8
1,8.000000,6.219000,0.287000,-72,0.000000,7,8
1,8.000000,6.291000,0.329000,-71,0.000000,7,8
1,8.000000,6.335000,0.263000,-71,0.000000,7,8
1,8.000000,6.219000,0.360000,-71,0.000000,7,8
1,8.000000,6.291000,0.341000,-71,0.000000,7,8
1,8.000000,6.332000,0.245000,-71,0.000000,7,8
1,8.000000,6.366000,0.236000,-71,0.000000,7,8
1,8.000000,6.332000,0.304000,-71,0.000000,7,8
1,8.000000,6.291000,0.281000,-71,0.000000,7,8
1,8.000000,6.332000,0.407000,-71,0.000000,7,8
1,8.000000,6.254000,0.450000,-71,0.000000,7,8
1,8.000000,6.251000,0.281000,-71,0.000000,7,8
1,8.000000,6.219000,0.292000,-71,0.000000,7,8
1,8.000000,6.366000,0.188000,-71,0.000000,7,8
1,8.000000,6.379000,0.244000,-71,0.000000,7,8
1,8.000000,6.257000,0.378000,-71,0.000000,7,8
1,8.000000,6.291000,0.253000,-71,0.000000,7,8
1,8.000000,6.213000,0.329000,-71,0.000000,7,8
1,8.000000,6.179000,0.385000,-71,0.000000,7,8
1,8.000000,6.251000,0.263000,-71,0.000000,7,8
1,8.000000,6.210000,0.329000,-71,0.000000,7,8
1,8.000000,6.216000,0.284000,-71,0.000000,7,8
1,8.000000,6.182000,0.344000,-71,0.000000,7,8
1,8.000000,6.213000,0.306000,-71,0.000000,7,8
1,8.000000,6.141000,0.418000,-71,0.000000,7,8
1,8.000000,6.247000,0.269000,-71,0.000000,7,8
1,8.000000,6.182000,0.324000,-71,0.000000,7,8
1,8.000000,6.219000,0.305000,-71,0.000000,7,8
1,8.000000,6.172000,0.281000,-71,0.000000,7,8
1,8.000000,6.329000,0.236000,-71,0.000000,7,8
1,8.000000,6.223000,0.286000,-71,0.000000,7,8
1,8.000000,6.129000,0.386000,-71,0.000000,7,8
1,8.000000,6.179000,0.323000,-71,0.000000,7,8
1,8.000000,6.132000,0.328000,-71,0.000000,7,8
1,8.000000,6.169000,0.335000,-71,0.000000,7,8
1,8.000000,6.260000,0.249000,-71,0.000000,7,8
1,8.000000,6.213000,0.241000,-71,0.000000,7,8
1,8.000000,6.173000,0.276000,-71,0.000000,7,8
1,8.000000,6.166000,0.294000,-71,0.000000,7,8
1,8.000000,6.179000,0.269000,-72,0.000000,7,8
1,8.000000,6.101000,0.338000,-72,0.000000,7,8
1,8.000000,6.141000,0.297000,-72,0.000000,7,8
1,8.000000,6.054000,0.330000,-72,0.000000,7,8
1,8.000000,5.979000,0.325000,-72,0.000000,7,8
1,8.000000,6.135000,0.282000,-72,0.000000,7,8
1,8.000000,6.172000,0.328000,-72,0.000000,7,8
1,8.000000,6.260000,0.307000,-73,0.000000,7,8
1,8.000000,6.335000,0.301000,-72,0.000000,7,8
1,8.000000,6.291000,0.331000,-72,0.000000,7,8
1,8.000000,6.179000,0.382000,-72,0.000000,7,8
1,8.000000,6.216000,0.370000,-72,0.000000,7,8
1,8.000000,6.248000,0.351000,-72,0.000000,7,8
1,8.000000,6.132000,0.330000,-72,0.000000,7,8
1,8.000000,6.135000,0.348000,-72,0.000000,7,8
1,8.000000,6.097000,0.322000,-72,0.000000,7,8
1,8.000000,6.094000,0.318000,-72,0.000000,7,8
1,8.000000,5.941000,0.361000,-71,0.000000,7,8
1,8.000000,6.019000,0.325000,-72,0.000000,7,8
1,8.000000,6.013000,0.393000,-72,0.000000,7,8
1,8.000000,6.144000,0.281000,-72,0.000000,7,8
1,8.000000,6.298000,0.216000,-72,0.000000,7,8
1,8.000000,6.132000,0.271000,-72,0.000000,7,8
1,8.000000,6.169000,0.274000,-72,0.000000,7,8
1,8.000000,6.288000,0.208000,-72,0.000000,7,8
1,8.000000,6.219000,0.288000,-73,0.000000,7,8
1,8.000000,6.091000,0.329000,-73,0.000000,7,8
1,8.000000,6.097000,0.325000,-73,0.000000,7,8
1,8.000000,6.091000,0.285000,-73,0.000000,7,8
1,8.000000,6.094000,0.274000,-72,0.000000,7,8
1,8.000000,6.176000,0.251000,-72,0.000000,7,8
1,8.000000,6.176000,0.299000,-72,0.000000,7,8
1,8.000000,6.107000,0.342000,-72,0.000000,7,8
1,8.000000,6.094000,0.320000,-72,0.000000,7,8
1,8.000000,6.104000,0.329000,-73,0.000000,7,8
1,8.000000,6.179000,0.301000,-72,0.000000,7,8
1,8.000000,6.094000,0.331000,-72,0.000000,7,8
1,8.000000,6.172000,0.295000,-72,0.000000,7,8
1,8.000000,6.054000,0.318000,-72,0.000000,7,8
1,8.000000,6.135000,0.332000,-72,0.000000,7,8
1,8.000000,6.054000,0.383000,-72,0.000000,7,8
1,8.000000,6.288000,0.220000,-71,0.000000,7,8
1,8.000000,6.254000,0.238000,-72,0.000000,7,8
1,8.000000,6.135000,0.291000,-72,0.000000,7,8
1,8.000000,6.091000,0.304000,-71,0.000000,7,8
1,8.000000,6.179000,0.249000,-71,0.000000,7,8
1,8.000000,6.169000,0.238000,-71,0.000000,7,8
1,8.000000,6.091000,0.297000,-71,0.000000,7,8
1,8.000000,6.176000,0.279000,-71,0.000000,7,8
1,8.000000,6.182000,0.299000,-71,0.000000,7,8
1,8.000000,6.091000,0.373000,-71,0.000000,7,8
1,8.000000,6.054000,0.370000,-71,0.000000,7,8
1,8.000000,6.288000,0.268000,-71,0.000000,7,8
1,8.000000,6.219000,0.284000,-71,0.000000,7,8
1,8.000000,6.254000,0.284000,-71,0.000000,7,8
1,8.000000,6.254000,0.243000,-72,0.000000,7,8
1,8.000000,6.179000,0.456000,-71,0.000000,7,8
1,8.000000,6.254000,0.463000,-71,0.000000,7,8
1,8.000000,6.179000,0.355000,-71,0.000000,7,8
1,8.000000,6.366000,0.170000,-71,0.000000,7,8
1,8.000000,6.329000,0.259000,-71,0.000000,7,8
1,8.000000,6.135000,0.265000,-71,0.000000,7,8
1,8.000000,6.454000,0.131000,-71,0.000000,7,8
1,8.000000,6.094000,0.307000,-72,0.000000,7,8
1,8.000000,6.185000,0.354000,-71,0.000000,7,8
1,8.000000,6.213000,0.365000,-71,0.000000,7,8
1,8.000000,6.132000,0.280000,-71,0.000000,7,8
1,8.000000,6.094000,0.317000,-71,0.000000,7,8
1,8.000000,6.144000,0.295000,-71,0.000000,7,8
1,8.000000,6.179000,0.303000,-71,0.000000,7,8
1,8.000000,6.141000,0.296000,-71,0.000000,7,8
1,8.000000,6.294000,0.189000,-71,0.000000,7,8
1,8.000000,6.288000,0.202000,-71,0.000000,7,8
1,8.000000,6.254000,0.224000,-71,0.000000,7,8
1,8.000000,6.329000,0.150000,-71,0.000000,7,8
1,8.000000,6.257000,0.256000,-71,0.000000,7,8
1,8.000000,6.338000,0.215000,-71,0.000000,7,8
1,8.000000,6.251000,0.233000,-71,0.000000,7,8
1,8.000000,6.098000,0.286000,-71,0.000000,7,8
1,8.000000,6.288000,0.235000,-71,0.000000,7,8
1,8.000000,6.173000,0.215000,-71,0.000000,7,8
1,8.000000,6.241000,0.290000,-71,0.000000,7,8
1,8.000000,6.254000,0.255000,-71,0.000000,7,8
1,8.000000,6.172000,0.291000,-71,0.000000,7,8
1,8.000000,6.104000,0.520000,-71,0.000000,7,8
1,8.000000,6.182000,0.435000,-71,0.000000,7,8
1,8.000000,6.179000,0.257000,-71,0.000000,7,8
1,8.000000,6.213000,0.216000,-71,0.000000,7,8
1,8.000000,6.182000,0.298000,-71,0.000000,7,8
1,8.000000,6.054000,0.333000,-71,0.000000,7,8
1,8.000000,6.169000,0.268000,-71,0.000000,7,8
1,8.000000,6.135000,0.291000,-71,0.000000,7,8
1,8.000000,6.144000,0.281000,-71,0.000000,7,8
1,8.000000,6.152000,0.263000,-71,0.000000,7,8
1,8.000000,6.138000,0.296000,-71,0.000000,7,8
1,8.000000,6.179000,0.220000,-71,0.000000,7,8
1,8.000000,6.054000,0.318000,-71,0.000000,7,8
1,8.000000,6.257000,0.199000,-71,0.000000,7,8
1,8.000000,6.182000,0.262000,-71,0.000000,7,8
1,8.000000,6.169000,0.247000,-71,0.000000,7,8
1,8.000000,6.176000,0.356000,-71,0.000000,7,8
1,8.000000,6.132000,0.337000,-72,0.000000,7,8
1,8.000000,6.066000,0.371000,-72,0.000000,7,8
1,8.000000,6.216000,0.315000,-72,0.000000,7,8
1,8.000000,6.173000,0.276000,-72,0.000000,7,8
1,8.000000,6.016000,0.318000,-72,0.000000,7,8
1,8.000000,6.185000,0.303000,-71,0.000000,7,8
1,8.000000,6.294000,0.214000,-71,0.000000,7,8
1,8.000000,6.360000,0.312000,-71,0.000000,7,8
1,8.000000,6.326000,0.354000,-71,0.000000,7,8
1,8.000000,6.338000,0.351000,-71,0.000000,7,8
1,8.000000,6.376000,0.315000,-71,0.000000,7,8
1,8.000000,6.454000,0.307000,-71,0.000000,7,8
1,8.000000,6.294000,0.318000,-71,0.000000,7,8
1,8.000000,6.326000,0.359000,-71,0.000000,7,8
1,8.000000,6.329000,0.370000,-71,0.000000,7,8
1,8.000000,6.335000,0.408000,-71,0.000000,7,8
1,8.000000,6.247000,0.457000,-71,0.000000,7,8
1,8.000000,6.216000,0.390000,-71,0.000000,7,8
1,8.000000,6.213000,0.304000,-72,0.000000,7,8
1,8.000000,6.369000,0.308000,-73,0.000000,7,8
1,8.000000,6.491000,0.261000,-72,0.000000,7,8
1,8.000000,6.641000,0.123000,-73,0.000000,7,8
1,8.000000,6.566000,0.200000,-73,0.000000,7,8
1,8.000000,6.485000,0.190000,-74,0.000000,7,8
1,8.000000,6.207000,0.231000,-74,0.000000,7,8
1,8.000000,6.123000,0.188000,-73,0.000000,7,8
1,8.000000,6.091000,0.252000,-72,0.000000,7,8
1,8.000000,5.976000,0.354000,-72,0.000000,7,8
1,8.000000,5.979000,0.385000,-72,0.000000,7,8
1,8.000000,6.054000,0.342000,-72,0.000000,7,8
1,8.000000,6.101000,0.340000,-71,0.000000,7,8
1,8.000000,6.138000,0.335000,-71,0.000000,7,8
1,8.000000,5.976000,0.351000,-71,0.000000,7,8
1,8.000000,6.173000,0.253000,-71,0.000000,7,8
1,8.000000,6.251000,0.259000,-71,0.000000,7,8
1,8.000000,6.216000,0.322000,-70,0.000000,7,8
1,8.000000,6.329000,0.236000,-70,0.000000,7,8
1,8.000000,7.026000,0.397000,-70,0.000000,7,8
1,8.000000,7.154000,0.367000,-70,0.000000,7,8
1,8.000000,7.960000,0.321000,-70,0.000000,7,8
1,8.000000,8.316000,0.461000,-71,0.000000,7,8
1,8.000000,8.796000,0.161000,-72,0.000000,7,8
1,8.000000,7.807000,0.552000,-73,0.000000,7,8
1,8.000000,7.753000,0.413000,-73,0.000000,7,8
1,8.000000,7.620000,0.210000,-74,0.000000,7,8
1,8.000000,6.841000,0.338000,-71,0.000000,7,8
1,8.000000,6.482000,0.452000,-70,0.000000,7,8
1,8.000000,6.488000,0.419000,-70,0.000000,7,8
1,8.000000,6.454000,0.407000,-69,0.000000,7,8
1,8.000000,6.329000,0.373000,-69,0.000000,7,8
1,8.000000,6.210000,0.438000,-69,0.000000,7,8
1,8.000000,6.247000,0.361000,-69,0.000000,7,8
1,8.000000,6.176000,0.423000,-70,0.000000,7,8
1,8.000000,6.129000,0.404000,-69,0.000000,7,8
1,8.000000,6.185000,0.441000,-69,0.000000,7,8
1,8.000000,6.254000,0.381000,-69,0.000000,7,8
1,8.000000,6.216000,0.365000,-69,0.000000,7,8
1,8.000000,6.138000,0.325000,-70,0.000000,7,8
1,8.000000,6.060000,0.300000,-70,0.000000,7,8
1,8.000000,5.938000,0.243000,-71,0.000000,7,8
1,8.000000,6.101000,0.195000,-72,0.000000,7,8
1,8.000000,6.326000,0.099000,-71,0.000000,7,8
1,8.000000,6.173000,0.267000,-71,0.000000,7,8
1,8.000000,6.373000,0.195000,-73,0.000000,7,8
1,8.000000,6.688000,0.230000,-73,0.000000,7,8
1,8.000000,6.494000,0.280000,-74,0.000000,7,8
1,8.000000,6.407000,0.224000,-73,0.000000,7,8
1,8.000000,6.288000,0.144000,-73,0.000000,7,8
1,8.000000,6.210000,0.245000,-73,0.000000,7,8
1,8.000000,6.294000,0.171000,-72,0.000000,7,8
1,8.000000,6.288000,0.186000,-72,0.000000,7,8
1,8.000000,6.141000,0.194000,-72,0.000000,7,8
1,8.000000,6.016000,0.309000,-72,0.000000,7,8
1,8.000000,6.054000,0.261000,-72,0.000000,7,8
1,8.000000,6.054000,0.328000,-71,0.000000,7,8
1,8.000000,6.254000,0.344000,-70,0.000000,7,8
1,8.000000,6.329000,0.356000,-70,0.000000,7,8
1,8.000000,6.247000,0.420000,-70,0.000000,7,8
1,8.000000,6.257000,0.507000,-70,0.000000,7,8
1,8.000000,6.291000,0.509000,-70,0.000000,7,8
1,8.000000,6.179000,0.508000,-71,0.000000,7,8
1,8.000000,6.094000,0.574000,-71,0.000000,7,8
1,8.000000,6.288000,0.506000,-72,0.000000,7,8
1,8.000000,6.448000,0.409000,-72,0.000000,7,8
1,8.000000,6.454000,0.354000,-73,0.000000,7,8
1,8.000000,6.482000,0.267000,-73,0.000000,7,8
1,8.000000,6.410000,0.424000,-73,0.000000,7,8
1,8.000000,6.329000,0.350000,-73,0.000000,7,8
1,8.000000,6.335000,0.429000,-73,0.000000,7,8
1,8.000000,6.329000,0.446000,-72,0.000000,7,8
1,8.000000,6.488000,0.394000,-72,0.000000,7,8
1,8.000000,6.491000,0.364000,-72,0.000000,7,8
1,8.000000,6.491000,0.312000,-73,0.000000,7,8
1,8.000000,6.644000,0.289000,-73,0.000000,7,8
1,8.000000,6.763000,0.200000,-73,0.000000,7,8
1,8.000000,6.838000,0.220000,-73,0.000000,7,8
1,8.000000,6.723000,0.280000,-73,0.000000,7,8
1,8.000000,6.716000,0.257000,-73,0.000000,7,8
1,8.000000,6.560000,0.239000,-73,0.000000,7,8
1,8.000000,6.407000,0.313000,-71,0.000000,7,8
1,8.000000,6.382000,0.228000,-71,0.000000,7,8
1,8.000000,6.451000,0.279000,-70,0.000000,7,8
1,8.000000,6.329000,0.273000,-70,0.000000,7,8
1,8.000000,6.257000,0.271000,-70,0.000000,7,8
1,8.000000,6.210000,0.330000,-70,0.000000,7,8
1,8.000000,6.101000,0.309000,-70,0.000000,7,8
1,8.000000,6.016000,0.219000,-71,0.000000,7,8
1,8.000000,6.129000,0.220000,-71,0.000000,7,8
1,8.000000,6.094000,0.210000,-71,0.000000,7,8
1,8.000000,6.326000,0.171000,-71,0.000000,7,8
1,8.000000,6.294000,0.197000,-71,0.000000,7,8
1,8.000000,6.366000,0.215000,-71,0.000000,7,8
1,8.000000,6.573000,0.108000,-71,0.000000,7,8
1,8.000000,6.526000,0.215000,-72,0.000000,7,8
1,8.000000,6.523000,0.165000,-72,0.000000,7,8
1,8.000000,6.604000,0.201000,-72,0.000000,7,8
1,8.000000,6.651000,0.136000,-72,0.000000,7,8
1,8.000000,6.563000,0.194000,-72,0.000000,7,8
1,8.000000,6.723000,0.122000,-72,0.000000,7,8
1,8.000000,6.648000,0.182000,-72,0.000000,7,8
1,8.000000,6.798000,0.157000,-72,0.000000,7,8
1,8.000000,6.763000,0.166000,-72,0.000000,7,8
1,8.000000,6.688000,0.136000,-71,0.000000,7,8
1,8.000000,6.641000,0.162000,-71,0.000000,7,8
1,8.000000,6.565000,0.826000,-70,0.000000,7,8
1,8.000000,6.366000,0.208000,-71,0.000000,7,8
1,8.000000,6.335000,0.172000,-71,0.000000,7,8
1,8.000000,6.204000,0.163000,-71,0.000000,7,8
1,8.000000,6.251000,0.169000,-71,0.000000,7,8
1,8.000000,6.094000,0.156000,-72,0.000000,7,8
1,8.000000,6.016000,0.226000,-72,0.000000,7,8
1,8.000000,6.213000,0.210000,-72,0.000000,7,8
1,8.000000,6.023000,0.275000,-72,0.000000,7,8
1,8.000000,5.866000,0.382000,-72,0.000000,7,8
1,8.000000,5.979000,0.393000,-73,0.000000,7,8
1,8.000000,6.026000,0.325000,-73,0.000000,7,8
1,8.000000,6.054000,0.334000,-73,0.000000,7,8
1,8.000000,5.904000,0.374000,-73,0.000000,7,8
1,8.000000,6.060000,0.285000,-72,0.000000,7,8
1,8.000000,6.019000,0.310000,-72,0.000000,7,8
1,8.000000,6.063000,0.243000,-72,0.000000,7,8
1,8.000000,6.063000,0.271000,-72,0.000000,7,8
1,8.000000,6.101000,0.272000,-72,0.000000,7,8
1,8.000000,6.054000,0.298000,-73,0.000000,7,8
1,8.000000,6.104000,0.299000,-73,0.000000,7,8
1,8.000000,6.016000,0.321000,-73,0.000000,7,8
1,8.000000,5.941000,0.356000,-73,0.000000,7,8
1,8.000000,5.985000,0.326000,-73,0.000000,7,8
1,8.000000,6.063000,0.317000,-72,0.000000,7,8
1,8.000000,6.101000,0.314000,-72,0.000000,7,8
1,8.000000,6.138000,0.259000,-72,0.000000,7,8
1,8.000000,6.091000,0.340000,-72,0.000000,7,8
1,8.000000,6.172000,0.319000,-72,0.000000,7,8
1,8.000000,6.132000,0.316000,-72,0.000000,7,8
1,8.000000,6.057000,0.328000,-73,0.000000,7,8
1,8.000000,6.104000,0.319000,-73,0.000000,7,8
1,8.000000,6.101000,0.283000,-72,0.000000,7,8
1,8.000000,6.063000,0.310000,-72,0.000000,7,8
1,8.000000,5.979000,0.383000,-72,0.000000,7,8
1,8.000000,6.016000,0.331000,-72,0.000000,7,8
1,8.000000,5.904000,0.385000,-72,0.000000,7,8
1,8.000000,5.985000,0.310000,-73,0.000000,7,8
1,8.000000,5.944000,0.353000,-72,0.000000,7,8
1,8.000000,5.938000,0.334000,-72,0.000000,7,8
1,8.000000,5.907000,0.369000,-72,0.000000,7,8
1,8.000000,5.976000,0.309000,-73,0.000000,7,8
1,8.000000,5.979000,0.379000,-73,0.000000,7,8
1,8.000000,5.982000,0.337000,-72,0.000000,7,8
1,8.000000,5.941000,0.348000,-73,0.000000,7,8
1,8.000000,6.129000,0.241000,-73,0.000000,7,8
1,8.000000,6.138000,0.293000,-73,0.000000,7,8
1,8.000000,6.091000,0.277000,-73,0.000000,7,8
1,8.000000,6.023000,0.327000,-73,0.000000,7,8
1,8.000000,6.104000,0.307000,-73,0.000000,7,8
1,8.000000,6.098000,0.325000,-73,0.000000,7,8
1,8.000000,5.979000,0.400000,-73,0.000000,7,8
1,8.000000,6.216000,0.260000,-73,0.000000,7,8
1,8.000000,6.138000,0.258000,-72,0.000000,7,8
1,8.000000,6.179000,0.310000,-72,0.000000,7,8
1,8.000000,6.138000,0.272000,-73,0.000000,7,8
1,8.000000,6.173000,0.323000,-73,0.000000,7,8
1,8.000000,6.132000,0.317000,-73,0.000000,7,8
1,8.000000,6.091000,0.315000,-73,0.000000,7,8
1,8.000000,6.176000,0.241000,-73,0.000000,7,8
1,8.000000,6.132000,0.258000,-72,0.000000,7,8
1,8.000000,6.101000,0.272000,-72,0.000000,7,8
1,8.000000,6.094000,0.298000,-72,0.000000,7,8
1,8.000000,6.216000,0.229000,-72,0.000000,7,8
1,8.000000,6.179000,0.233000,-72,0.000000,7,8
1,8.000000,6.057000,0.349000,-72,0.000000,7,8
1,8.000000,6.101000,0.244000,-72,0.000000,7,8
1,8.000000,6.057000,0.270000,-72,0.000000,7,8
1,8.000000,6.023000,0.285000,-72,0.000000,7,8
1,8.000000,6.057000,0.261000,-72,0.000000,7,8
1,8.000000,6.054000,0.224000,-72,0.000000,7,8
1,8.000000,6.179000,0.274000,-72,0.000000,7,8
1,8.000000,6.060000,0.242000,-71,0.000000,7,8
1,8.000000,6.022000,0.238000,-71,0.000000,7,8
1,8.000000,6.172000,0.273000,-71,0.000000,7,8
1,8.000000,6.016000,0.286000,-71,0.000000,7,8
1,8.000000,6.135000,0.243000,-71,0.000000,7,8
1,8.000000,6.029000,0.301000,-71,0.000000,7,8
1,8.000000,6.176000,0.211000,-71,0.000000,7,8
1,8.000000,6.138000,0.234000,-71,0.000000,7,8
1,8.000000,6.138000,0.242000,-71,0.000000,7,8
1,8.000000,6.288000,0.097000,-71,0.000000,7,8
1,8.000000,6.210000,0.163000,-70,0.000000,7,8
1,8.000000,6.210000,0.124000,-70,0.000000,7,8
1,8.000000,6.179000,0.237000,-71,0.000000,7,8
1,8.000000,6.248000,0.180000,-71,0.000000,7,8
1,8.000000,6.210000,0.247000,-71,0.000000,7,8
1,8.000000,6.329000,0.229000,-71,0.000000,7,8
1,8.000000,6.335000,0.187000,-72,0.000000,7,8
1,8.000000,6.179000,0.301000,-72,0.000000,7,8
1,8.000000,6.254000,0.249000,-72,0.000000,7,8
1,8.000000,6.141000,0.347000,-72,0.000000,7,8
1,8.000000,6.138000,0.283000,-72,0.000000,7,8
1,8.000000,6.213000,0.295000,-71,0.000000,7,8
1,8.000000,6.216000,0.254000,-71,0.000000,7,8
1,8.000000,6.101000,0.326000,-71,0.000000,7,8
1,8.000000,6.210000,0.170000,-71,0.000000,7,8
1,8.000000,6.023000,0.332000,-71,0.000000,7,8
1,8.000000,5.982000,0.399000,-71,0.000000,7,8
1,8.000000,6.138000,0.336000,-71,0.000000,7,8
1,8.000000,6.176000,0.263000,-71,0.000000,7,8
1,8.000000,6.094000,0.289000,-71,0.000000,7,8
1,8.000000,6.135000,0.191000,-71,0.000000,7,8
1,8.000000,6.063000,0.209000,-71,0.000000,7,8
1,8.000000,6.101000,0.309000,-71,0.000000,7,8
1,8.000000,6.141000,0.301000,-71,0.000000,7,8
1,8.000000,6.101000,0.239000,-71,0.000000,7,8
1,8.000000,6.166000,0.150000,-71,0.000000,7,8
1,8.000000,6.104000,0.235000,-71,0.000000,7,8
1,8.000000,6.173000,0.276000,-71,0.000000,7,8
1,8.000000,6.060000,0.324000,-71,0.000000,7,8
1,8.000000,6.179000,0.217000,-71,0.000000,7,8
1,8.000000,6.179000,0.340000,-71,0.000000,7,8
1,8.000000,6.141000,0.260000,-71,0.000000,7,8
1,8.000000,6.101000,0.270000,-71,0.000000,7,8
1,8.000000,6.138000,0.215000,-71,0.000000,7,8
1,8.000000,6.054000,0.281000,-71,0.000000,7,8
1,8.000000,6.132000,0.220000,-71,0.000000,7,8
1,8.000000,6.135000,0.255000,-71,0.000000,7,8
1,8.000000,6.213000,0.163000,-71,0.000000,7,8
1,8.000000,6.104000,0.228000,-71,0.000000,7,8
1,8.000000,6.179000,0.156000,-71,0.000000,7,8
1,8.000000,6.294000,0.132000,-71,0.000000,7,8
1,8.000000,6.260000,0.119000,-71,0.000000,7,8
1,8.000000,6.376000,0.192000,-71,0.000000,7,8
1,8.000000,6.335000,0.227000,-71,0.000000,7,8
1,8.000000,6.210000,0.329000,-71,0.000000,7,8
1,8.000000,6.294000,0.246000,-71,0.000000,7,8
1,8.000000,6.335000,0.277000,-71,0.000000,7,8
1,8.000000,6.257000,0.255000,-71,0.000000,7,8
1,8.000000,6.361000,0.260000,-71,0.000000,7,8
1,8.000000,6.257000,0.149000,-71,0.000000,7,8
1,8.000000,6.366000,0.215000,-71,0.000000,7,8
1,8.000000,6.179000,0.275000,-71,0.000000,7,8
1,8.000000,6.176000,0.237000,-71,0.000000,7,8
1,8.000000,6.294000,0.210000,-71,0.000000,7,8
1,8.000000,6.210000,0.284000,-71,0.000000,7,8
1,8.000000,6.213000,0.206000,-71,0.000000,7,8
1,8.000000,6.104000,0.410000,-71,0.000000,7,8
1,8.000000,6.141000,0.289000,-71,0.000000,7,8
1,8.000000,6.141000,0.249000,-71,0.000000,7,8
1,8.000000,6.057000,0.364000,-71,0.000000,7,8
1,8.000000,6.098000,0.324000,-72,0.000000,7,8
1,8.000000,6.063000,0.263000,-72,0.000000,7,8
1,8.000000,6.166000,0.188000,-72,0.000000,7,8
1,8.000000,6.135000,0.226000,-71,0.000000,7,8
1,8.000000,6.016000,0.286000,-71,0.000000,7,8
1,8.000000,6.213000,0.197000,-71,0.000000,7,8
1,8.000000,6.213000,0.166000,-72,0.000000,7,8
1,8.000000,6.138000,0.176000,-72,0.000000,7,8
1,8.000000,6.135000,0.259000,-72,0.000000,7,8
1,8.000000,5.982000,0.268000,-72,0.000000,7,8
1,8.000000,6.060000,0.274000,-72,0.000000,7,8
1,8.000000,6.019000,0.226000,-71,0.000000,7,8
1,8.000000,6.138000,0.202000,-71,0.000000,7,8
1,8.000000,6.135000,0.237000,-71,0.000000,7,8
1,8.000000,6.207000,0.226000,-71,0.000000,7,8
1,8.000000,6.169000,0.166000,-72,0.000000,7,8
1,8.000000,6.054000,0.187000,-72,0.000000,7,8
1,8.000000,6.254000,0.136000,-72,0.000000,7,8
1,8.000000,6.176000,0.201000,-72,0.000000,7,8
1,8.000000,6.091000,0.156000,-71,0.000000,7,8
1,8.000000,5.979000,0.254000,-71,0.000000,7,8
1,8.000000,6.057000,0.217000,-71,0.000000,7,8
1,8.000000,6.135000,0.160000,-71,0.000000,7,8
1,8.000000,6.094000,0.246000,-71,0.000000,7,8
1,8.000000,6.301000,0.178000,-71,0.000000,7,8
1,8.000000,6.216000,0.201000,-71,0.000000,7,8
1,8.000000,6.210000,0.160000,-71,0.000000,7,8
1,8.000000,6.141000,0.171000,-71,0.000000,7,8
1,8.000000,6.219000,0.236000,-71,0.000000,7,8
1,8.000000,6.132000,0.261000,-71,0.000000,7,8
1,8.000000,6.016000,0.294000,-71,0.000000,7,8
1,8.000000,6.132000,0.234000,-71,0.000000,7,8
1,8.000000,6.291000,0.136000,-71,0.000000,7,8
1,8.000000,6.094000,0.206000,-71,0.000000,7,8
1,8.000000,6.141000,0.190000,-71,0.000000,7,8
1,8.000000,6.223000,0.165000,-71,0.000000,7,8
1,8.000000,6.338000,0.175000,-71,0.000000,7,8
1,8.000000,6.101000,0.192000,-71,0.000000,7,8
1,8.000000,6.269000,0.198000,-71,0.000000,7,8
1,8.000000,6.335000,0.204000,-71,0.000000,7,8
1,8.000000,6.329000,0.251000,-71,0.000000,7,8
1,8.000000,6.288000,0.238000,-71,0.000000,7,8
1,8.000000,6.260000,0.259000,-72,0.000000,7,8
1,8.000000,6.294000,0.273000,-72,0.000000,7,8
1,8.000000,6.335000,0.251000,-72,0.000000,7,8
1,8.000000,6.257000,0.251000,-72,0.000000,7,8
1,8.000000,6.063000,0.356000,-71,0.000000,7,8
1,8.000000,6.094000,0.220000,-72,0.000000,7,8
1,8.000000,6.054000,0.271000,-71,0.000000,7,8
1,8.000000,6.094000,0.278000,-71,0.000000,7,8
1,8.000000,6.060000,0.256000,-71,0.000000,7,8
1,8.000000,6.094000,0.274000,-71,0.000000,7,8
1,8.000000,6.054000,0.354000,-70,0.000000,7,8
1,8.000000,5.901000,0.404000,-70,0.000000,7,8
1,8.000000,6.026000,0.378000,-70,0.000000,7,8
1,8.000000,6.091000,0.360000,-70,0.000000,7,8
1,8.000000,6.166000,0.285000,-71,0.000000,7,8
1,8.000000,6.091000,0.358000,-71,0.000000,7,8
1,8.000000,6.135000,0.302000,-71,0.000000,7,8
1,8.000000,6.063000,0.331000,-71,0.000000,7,8
1,8.000000,6.104000,0.348000,-71,0.000000,7,8
1,8.000000,6.132000,0.317000,-71,0.000000,7,8
1,8.000000,6.210000,0.337000,-71,0.000000,7,8
1,8.000000,6.054000,0.421000,-71,0.000000,7,8
1,8.000000,6.135000,0.389000,-71,0.000000,7,8
1,8.000000,6.213000,0.358000,-71,0.000000,7,8
1,8.000000,6.101000,0.378000,-71,0.000000,7,8
1,8.000000,6.216000,0.409000,-71,0.000000,7,8
1,8.000000,6.257000,0.354000,-71,0.000000,7,8
1,8.000000,6.376000,0.371000,-71,0.000000,7,8
1,8.000000,6.291000,0.357000,-72,0.000000,7,8
1,8.000000,6.254000,0.402000,-72,0.000000,7,8
1,8.000000,6.363000,0.360000,-72,0.000000,7,8
1,8.000000,6.448000,0.202000,-72,0.000000,7,8
1,8.000000,6.404000,0.257000,-72,0.000000,7,8
1,8.000000,6.413000,0.254000,-72,0.000000,7,8
1,8.000000,6.451000,0.260000,-72,0.000000,7,8
1,8.000000,6.491000,0.211000,-72,0.000000,7,8
1,8.000000,6.491000,0.245000,-72,0.000000,7,8
1,8.000000,6.482000,0.288000,-72,0.000000,7,8
1,8.000000,6.529000,0.228000,-72,0.000000,7,8
1,8.000000,6.488000,0.276000,-72,0.000000,7,8
1,8.000000,6.454000,0.210000,-72,0.000000,7,8
1,8.000000,6.369000,0.313000,-72,0.000000,7,8
1,8.000000,6.454000,0.268000,-72,0.000000,7,8
1,8.000000,6.294000,0.349000,-72,0.000000,7,8
1,8.000000,6.373000,0.359000,-72,0.000000,7,8
1,8.000000,6.366000,0.320000,-72,0.000000,7,8
1,8.000000,6.373000,0.343000,-72,0.000000,7,8
1,8.000000,6.332000,0.338000,-71,0.000000,7,8
1,8.000000,6.254000,0.317000,-71,0.000000,7,8
1,8.000000,6.216000,0.367000,-71,0.000000,7,8
1,8.000000,6.332000,0.326000,-71,0.000000,7,8
1,8.000000,6.247000,0.393000,-72,0.000000,7,8
1,8.000000,6.251000,0.365000,-72,0.000000,7,8
1,8.000000,6.332000,0.269000,-72,0.000000,7,8
1,8.000000,6.248000,0.348000,-73,0.000000,7,8
1,8.000000,6.182000,0.343000,-72,0.000000,7,8
1,8.000000,6.329000,0.299000,-72,0.000000,7,8
1,8.000000,6.251000,0.351000,-72,0.000000,7,8
1,8.000000,6.141000,0.440000,-72,0.000000,7,8
1,8.000000,6.219000,0.375000,-72,0.000000,7,8
1,8.000000,6.176000,0.359000,-72,0.000000,7,8
1,8.000000,6.176000,0.396000,-71,0.000000,7,8
1,8.000000,6.101000,0.430000,-71,0.000000,7,8
1,8.000000,6.016000,0.487000,-71,0.000000,7,8
1,8.000000,6.063000,0.475000,-71,0.000000,7,8
1,8.000000,6.016000,0.500000,-71,0.000000,7,8
1,8.000000,6.251000,0.336000,-72,0.000000,7,8
1,8.000000,6.376000,0.256000,-72,0.000000,7,8
1,8.000000,6.566000,0.115000,-73,0.000000,7,8
1,8.000000,6.679000,0.044000,-73,0.000000,7,8
1,8.000000,6.274000,0.082000,-71,0.000000,7,8
1,8.000000,6.138000,0.320000,-70,0.000000,7,8
1,8.000000,6.413000,0.432000,-68,0.000000,7,8
1,8.000000,6.329000,0.492000,-70,0.000000,7,8
1,8.000000,6.407000,0.278000,-72,0.000000,7,8
1,8.000000,6.016000,0.404000,-70,0.000000,7,8
1,8.000000,6.091000,0.406000,-70,0.000000,7,8
1,8.000000,6.016000,0.407000,-70,0.000000,7,8
1,8.000000,6.060000,0.376000,-70,0.000000,7,8
1,8.000000,6.101000,0.423000,-70,0.000000,7,8
1,8.000000,6.104000,0.556000,-70,0.000000,7,8
1,8.000000,5.982000,0.354000,-72,0.000000,7,8
1,8.000000,6.176000,0.451000,-72,0.000000,7,8
1,8.000000,5.907000,0.431000,-71,0.000000,7,8
1,8.000000,6.335000,0.354000,-72,0.000000,7,8
1,8.000000,6.216000,0.354000,-71,0.000000,7,8
1,8.000000,6.329000,0.468000,-71,0.000000,7,8
1,8.000000,6.098000,0.438000,-72,0.000000,7,8
1,8.000000,6.169000,0.213000,-73,0.000000,7,8
1,8.000000,6.060000,0.397000,-71,0.000000,7,8
1,8.000000,6.141000,0.369000,-71,0.000000,7,8
1,8.000000,6.485000,0.117000,-72,0.000000,7,8
1,8.000000,6.298000,0.162000,-71,0.000000,7,8
1,8.000000,6.213000,0.250000,-72,0.000000,7,8
1,8.000000,6.210000,0.323000,-72,0.000000,7,8
1,8.000000,6.124000,0.208000,-70,0.000000,7,8
1,8.000000,6.260000,0.376000,-70,0.000000,7,8
1,8.000000,6.291000,0.475000,-69,0.000000,7,8
1,8.000000,6.604000,0.298000,-73,0.000000,7,8
1,8.000000,6.179000,0.322000,-72,0.000000,7,8
1,8.000000,6.254000,0.223000,-73,0.000000,7,8
1,8.000000,6.101000,0.485000,-70,0.000000,7,8
1,8.000000,6.532000,0.334000,-70,0.000000,7,8
1,8.000000,6.285000,0.251000,-72,0.000000,7,8
1,8.000000,6.329000,0.370000,-71,0.000000,7,8
1,8.000000,6.760000,0.403000,-72,0.000000,7,8
1,8.000000,6.329000,0.168000,-71,0.000000,7,8
1,8.000000,6.329000,0.133000,-72,0.000000,7,8
1,8.000000,6.141000,0.356000,-71,0.000000,7,8
1,8.000000,6.129000,0.330000,-71,0.000000,7,8
1,8.000000,6.291000,0.246000,-71,0.000000,7,8
1,8.000000,6.254000,0.474000,-71,0.000000,7,8
1,8.000000,6.407000,0.397000,-70,0.000000,7,8
1,8.000000,6.757000,0.431000,-71,0.000000,7,8
1,8.000000,7.369000,0.364000,-73,0.000000,7,8
1,8.000000,6.957000,1.813000,-74,0.000000,7,8
1,8.000000,6.523000,1.807000,-74,0.000000,7,8
1,8.000000,6.219000,0.285000,-73,0.000000,7,8
1,8.000000,6.057000,0.399000,-71,0.000000,7,8
1,8.000000,6.216000,0.398000,-70,0.000000,7,8
1,8.000000,6.329000,0.337000,-71,0.000000,7,8
1,8.000000,6.366000,0.313000,-71,0.000000,7,8
1,8.000000,6.054000,0.505000,-67,0.000000,7,8
1,8.000000,6.094000,0.470000,-70,0.000000,7,8
1,8.000000,6.516000,0.367000,-70,0.000000,7,8
1,8.000000,8.287000,1.414000,-74,0.000000,7,8
1,8.000000,6.448000,0.431000,-75,0.000000,7,8
1,8.000000,6.213000,0.376000,-74,0.000000,7,8
1,8.000000,6.216000,0.292000,-71,0.000000,7,8
1,8.000000,6.210000,0.544000,-73,0.000000,7,8
1,8.000000,6.094000,0.547000,-69,0.000000,7,8
1,8.000000,6.766000,0.273000,-72,0.000000,7,8
1,8.000000,8.560000,1.549000,-74,0.000000,7,8
1,8.000000,6.135000,0.324000,-72,0.000000,7,8
1,8.000000,6.141000,0.352000,-71,0.000000,7,8
1,8.000000,6.257000,0.270000,-72,0.000000,7,8
1,8.000000,6.332000,0.152000,-73,0.000000,7,8
1,8.000000,6.641000,0.188000,-73,0.000000,7,8
1,8.000000,6.494000,0.227000,-73,0.000000,7,8
1,8.000000,6.366000,0.385000,-72,0.000000,7,8
1,8.000000,6.094000,0.397000,-70,0.000000,7,8
1,8.000000,6.054000,0.366000,-70,0.000000,7,8
1,8.000000,5.985000,0.401000,-71,0.000000,7,8
1,8.000000,6.216000,0.304000,-72,0.000000,7,8
1,8.000000,6.451000,0.417000,-74,0.000000,7,8
1,8.000000,6.491000,0.216000,-73,0.000000,7,8
1,8.000000,6.416000,0.206000,-73,0.000000,7,8
1,8.000000,6.373000,0.163000,-72,0.000000,7,8
1,8.000000,6.104000,0.333000,-72,0.000000,7,8
1,8.000000,6.132000,0.262000,-72,0.000000,7,8
1,8.000000,6.257000,0.248000,-72,0.000000,7,8
1,8.000000,6.454000,0.121000,-72,0.000000,7,8
1,8.000000,6.485000,0.072000,-72,0.000000,7,8
1,8.000000,6.479000,0.102000,-72,0.000000,7,8
1,8.000000,6.539000,0.128000,-72,0.000000,7,8
1,8.000000,6.569000,0.048000,-72,0.000000,7,8
1,8.000000,6.404000,0.085000,-73,0.000000,7,8
1,8.000000,6.491000,0.096000,-72,0.000000,7,8
1,8.000000,6.257000,0.248000,-72,0.000000,7,8
1,8.000000,6.332000,0.220000,-72,0.000000,7,8
1,8.000000,6.413000,0.153000,-72,0.000000,7,8
1,8.000000,6.335000,0.173000,-72,0.000000,7,8
1,8.000000,6.298000,0.229000,-72,0.000000,7,8
1,8.000000,6.138000,0.290000,-72,0.000000,7,8
1,8.000000,6.098000,0.273000,-72,0.000000,7,8
1,8.000000,6.173000,0.300000,-72,0.000000,7,8
1,8.000000,6.213000,0.279000,-72,0.000000,7,8
1,8.000000,6.248000,0.282000,-72,0.000000,7,8
1,8.000000,6.288000,0.189000,-72,0.000000,7,8
1,8.000000,6.219000,0.268000,-72,0.000000,7,8
1,8.000000,6.301000,0.204000,-73,0.000000,7,8
1,8.000000,6.291000,0.206000,-72,0.000000,7,8
1,8.000000,6.291000,0.195000,-72,0.000000,7,8
1,8.000000,6.335000,0.193000,-72,0.000000,7,8
1,8.000000,6.288000,0.220000,-72,0.000000,7,8
1,8.000000,6.298000,0.185000,-72,0.000000,7,8
1,8.000000,6.335000,0.249000,-72,0.000000,7,8
1,8.000000,6.366000,0.157000,-72,0.000000,7,8
1,8.000000,6.179000,0.269000,-73,0.000000,7,8
1,8.000000,6.329000,0.168000,-73,0.000000,7,8
1,8.000000,6.285000,0.198000,-72,0.000000,7,8
1,8.000000,6.141000,0.266000,-73,0.000000,7,8
1,8.000000,6.219000,0.220000,-73,0.000000,7,8
1,8.000000,6.251000,0.235000,-72,0.000000,7,8
1,8.000000,6.132000,0.290000,-72,0.000000,7,8
1,8.000000,6.291000,0.222000,-72,0.000000,7,8
1,8.000000,6.257000,0.213000,-72,0.000000,7,8
1,8.000000,6.251000,0.219000,-72,0.000000,7,8
1,8.000000,6.182000,0.263000,-72,0.000000,7,8
1,8.000000,6.254000,0.207000,-72,0.000000,7,8
1,8.000000,6.329000,0.220000,-73,0.000000,7,8
1,8.000000,6.291000,0.212000,-72,0.000000,7,8
1,8.000000,6.329000,0.164000,-72,0.000000,7,8
1,8.000000,6.366000,0.147000,-72,0.000000,7,8
1,8.000000,6.448000,0.108000,-72,0.000000,7,8
1,8.000000,6.366000,0.181000,-72,0.000000,7,8
1,8.000000,6.360000,0.184000,-72,0.000000,7,8
1,8.000000,6.291000,0.227000,-72,0.000000,7,8
1,8.000000,6.376000,0.150000,-72,0.000000,7,8
1,8.000000,6.329000,0.215000,-72,0.000000,7,8
1,8.000000,6.373000,0.190000,-72,0.000000,7,8
1,8.000000,6.376000,0.197000,-72,0.000000,7,8
1,8.000000,6.410000,0.180000,-72,0.000000,7,8
1,8.000000,6.379000,0.187000,-72,0.000000,7,8
1,8.000000,6.416000,0.162000,-72,0.000000,7,8
1,8.000000,6.441000,0.157000,-72,0.000000,7,8
1,8.000000,6.338000,0.225000,-72,0.000000,7,8
1,8.000000,6.526000,0.129000,-72,0.000000,7,8
1,8.000000,6.407000,0.192000,-72,0.000000,7,8
1,8.000000,6.448000,0.181000,-72,0.000000,7,8
1,8.000000,6.601000,0.101000,-72,0.000000,7,8
1,8.000000,6.604000,0.103000,-72,0.000000,7,8
1,8.000000,6.563000,0.146000,-73,0.000000,7,8
1,8.000000,6.676000,0.061000,-72,0.000000,7,8
1,8.000000,6.532000,0.124000,-73,0.000000,7,8
1,8.000000,6.454000,0.167000,-73,0.000000,7,8
1,8.000000,6.448000,0.149000,-73,0.000000,7,8
1,8.000000,6.569000,0.086000,-73,0.000000,7,8
1,8.000000,6.613000,0.125000,-73,0.000000,7,8
1,8.000000,6.560000,0.134000,-73,0.000000,7,8
1,8.000000,6.604000,0.106000,-73,0.000000,7,8
1,8.000000,6.626000,0.087000,-74,0.000000,7,8
1,8.000000,6.595000,0.055000,-74,0.000000,7,8
1,8.000000,6.610000,0.061000,-74,0.000000,7,8
1,8.000000,6.451000,0.112000,-74,0.000000,7,8
1,8.000000,6.529000,0.120000,-74,0.000000,7,8
1,8.000000,6.566000,0.084000,-74,0.000000,7,8
1,8.000000,6.532000,0.108000,-74,0.000000,7,8
1,8.000000,6.651000,0.039000,-74,0.000000,7,8
1,8.000000,6.569000,0.102000,-74,0.000000,7,8
1,8.000000,6.604000,0.099000,-74,0.000000,7,8
1,8.000000,6.632000,0.086000,-74,0.000000,7,8
1,8.000000,6.691000,0.089000,-74,0.000000,7,8
1,8.000000,6.630000,0.131000,-74,0.000000,7,8
1,8.000000,6.610000,0.109000,-74,0.000000,7,8
1,8.000000,6.712000,0.072000,-74,0.000000,7,8
1,8.000000,6.562000,0.112000,-74,0.000000,7,8
1,8.000000,6.554000,0.118000,-74,0.000000,7,8
1,8.000000,6.491000,0.104000,-74,0.000000,7,8
1,8.000000,6.569000,0.073000,-74,0.000000,7,8
1,8.000000,6.535000,0.080000,-74,0.000000,7,8
1,8.000000,6.605000,0.085000,-73,0.000000,7,8
1,8.000000,6.491000,0.108000,-74,0.000000,7,8
1,8.000000,6.570000,0.107000,-74,0.000000,7,8
1,8.000000,6.604000,0.055000,-74,0.000000,7,8
1,8.000000,6.738000,0.104000,-73,0.000000,7,8
1,8.000000,6.684000,0.077000,-73,0.000000,7,8
1,8.000000,6.689000,0.137000,-73,0.000000,7,8
1,8.000000,6.745000,0.096000,-73,0.000000,7,8
1,8.000000,6.705000,0.063000,-74,0.000000,7,8
1,8.000000,6.710000,0.130000,-73,0.000000,7,8
1,8.000000,6.684000,0.118000,-73,0.000000,7,8
1,8.000000,6.745000,0.079000,-73,0.000000,7,8
1,8.000000,6.708000,0.105000,-73,0.000000,7,8
1,8.000000,6.763000,0.085000,-73,0.000000,7,8
1,8.000000,6.651000,0.139000,-73,0.000000,7,8
1,8.000000,6.598000,0.106000,-72,0.000000,7,8
1,8.000000,6.563000,0.085000,-72,0.000000,7,8
1,8.000000,6.563000,0.146000,-72,0.000000,7,8
1,8.000000,6.441000,0.172000,-72,0.000000,7,8
1,8.000000,6.523000,0.158000,-73,0.000000,7,8
1,8.000000,6.566000,0.083000,-73,0.000000,7,8
1,8.000000,6.491000,0.150000,-72,0.000000,7,8
1,8.000000,6.523000,0.181000,-73,0.000000,7,8
1,8.000000,6.416000,0.183000,-72,0.000000,7,8
1,8.000000,6.491000,0.182000,-72,0.000000,7,8
1,8.000000,6.404000,0.173000,-72,0.000000,7,8
1,8.000000,6.373000,0.247000,-72,0.000000,7,8
1,8.000000,6.448000,0.211000,-72,0.000000,7,8
1,8.000000,6.451000,0.178000,-72,0.000000,7,8
1,8.000000,6.457000,0.201000,-72,0.000000,7,8
1,8.000000,6.413000,0.222000,-72,0.000000,7,8
1,8.000000,6.526000,0.172000,-72,0.000000,7,8
1,8.000000,6.373000,0.245000,-72,0.000000,7,8
1,8.000000,6.329000,0.198000,-72,0.000000,7,8
1,8.000000,6.444000,0.143000,-72,0.000000,7,8
1,8.000000,6.444000,0.213000,-72,0.000000,7,8
1,8.000000,6.401000,0.216000,-72,0.000000,7,8
1,8.000000,6.369000,0.228000,-72,0.000000,7,8
1,8.000000,6.373000,0.222000,-72,0.000000,7,8
1,8.000000,6.410000,0.199000,-72,0.000000,7,8
1,8.000000,6.448000,0.180000,-72,0.000000,7,8
1,8.000000,6.373000,0.161000,-72,0.000000,7,8
1,8.000000,6.407000,0.175000,-72,0.000000,7,8
1,8.000000,6.379000,0.237000,-72,0.000000,7,8
1,8.000000,6.519000,0.123000,-72,0.000000,7,8
1,8.000000,6.373000,0.237000,-72,0.000000,7,8
1,8.000000,6.416000,0.215000,-72,0.000000,7,8
1,8.000000,6.335000,0.204000,-73,0.000000,7,8
1,8.000000,6.410000,0.165000,-72,0.000000,7,8
1,8.000000,6.448000,0.139000,-72,0.000000,7,8
1,8.000000,6.254000,0.264000,-72,0.000000,7,8
1,8.000000,6.441000,0.139000,-72,0.000000,7,8
1,8.000000,6.369000,0.186000,-72,0.000000,7,8
1,8.000000,6.363000,0.198000,-72,0.000000,7,8
1,8.000000,6.416000,0.184000,-72,0.000000,7,8
1,8.000000,6.294000,0.232000,-72,0.000000,7,8
1,8.000000,6.260000,0.246000,-72,0.000000,7,8
1,8.000000,6.291000,0.217000,-72,0.000000,7,8
1,8.000000,6.179000,0.268000,-72,0.000000,7,8
1,8.000000,6.098000,0.290000,-73,0.000000,7,8
1,8.000000,6.213000,0.216000,-73,0.000000,7,8
1,8.000000,6.254000,0.235000,-73,0.000000,7,8
1,8.000000,6.219000,0.245000,-73,0.000000,7,8
1,8.000000,6.219000,0.273000,-73,0.000000,7,8
1,8.000000,6.294000,0.225000,-72,0.000000,7,8
1,8.000000,6.166000,0.265000,-72,0.000000,7,8
1,8.000000,6.248000,0.293000,-72,0.000000,7,8
1,8.000000,6.173000,0.273000,-72,0.000000,7,8
1,8.000000,6.173000,0.298000,-72,0.000000,7,8
1,8.000000,6.294000,0.216000,-72,0.000000,7,8
1,8.000000,6.248000,0.293000,-72,0.000000,7,8
1,8.000000,6.144000,0.274000,-72,0.000000,7,8
1,8.000000,6.219000,0.216000,-72,0.000000,7,8
1,8.000000,6.169000,0.327000,-72,0.000000,7,8
1,8.000000,6.169000,0.254000,-72,0.000000,7,8
1,8.000000,6.176000,0.270000,-72,0.000000,7,8
1,8.000000,6.219000,0.261000,-72,0.000000,7,8
1,8.000000,6.291000,0.243000,-72,0.000000,7,8
1,8.000000,6.251000,0.274000,-72,0.000000,7,8
1,8.000000,6.210000,0.289000,-72,0.000000,7,8
1,8.000000,6.216000,0.232000,-72,0.000000,7,8
1,8.000000,6.091000,0.304000,-72,0.000000,7,8
1,8.000000,6.291000,0.242000,-72,0.000000,7,8
1,8.000000,6.291000,0.231000,-72,0.000000,7,8
1,8.000000,6.219000,0.284000,-72,0.000000,7,8
1,8.000000,6.141000,0.294000,-72,0.000000,7,8
1,8.000000,6.172000,0.266000,-72,0.000000,7,8
1,8.000000,6.291000,0.194000,-71,0.000000,7,8
1,8.000000,6.213000,0.229000,-71,0.000000,7,8
1,8.000000,6.254000,0.231000,-71,0.000000,7,8
1,8.000000,6.138000,0.303000,-71,0.000000,7,8
1,8.000000,6.254000,0.251000,-71,0.000000,7,8
1,8.000000,6.219000,0.216000,-71,0.000000,7,8
1,8.000000,6.101000,0.319000,-71,0.000000,7,8
1,8.000000,6.141000,0.297000,-71,0.000000,7,8
1,8.000000,6.291000,0.248000,-71,0.000000,7,8
1,8.000000,6.091000,0.329000,-71,0.000000,7,8
1,8.000000,6.207000,0.282000,-71,0.000000,7,8
1,8.000000,6.098000,0.285000,-72,0.000000,7,8
1,8.000000,6.260000,0.240000,-71,0.000000,7,8
1,8.000000,6.213000,0.229000,-71,0.000000,7,8
1,8.000000,6.216000,0.241000,-71,0.000000,7,8
1,8.000000,6.138000,0.260000,-71,0.000000,7,8
1,8.000000,6.054000,0.328000,-71,0.000000,7,8
1,8.000000,6.141000,0.292000,-71,0.000000,7,8
1,8.000000,6.141000,0.284000,-71,0.000000,7,8
1,8.000000,6.173000,0.303000,-71,0.000000,7,8
1,8.000000,6.219000,0.240000,-71,0.000000,7,8
1,8.000000,6.169000,0.279000,-71,0.000000,7,8
1,8.000000,6.182000,0.291000,-71,0.000000,7,8
1,8.000000,6.104000,0.305000,-72,0.000000,7,8
1,8.000000,6.251000,0.253000,-72,0.000000,7,8
1,8.000000,6.173000,0.314000,-72,0.000000,7,8
1,8.000000,6.251000,0.231000,-72,0.000000,7,8
1,8.000000,6.291000,0.241000,-72,0.000000,7,8
1,8.000000,6.179000,0.268000,-72,0.000000,7,8
1,8.000000,6.101000,0.302000,-72,0.000000,7,8
1,8.000000,6.141000,0.253000,-72,0.000000,7,8
1,8.000000,6.101000,0.308000,-72,0.000000,7,8
1,8.000000,6.097000,0.264000,-72,0.000000,7,8
1,8.000000,6.132000,0.336000,-72,0.000000,7,8
1,8.000000,6.219000,0.258000,-72,0.000000,7,8
1,8.000000,6.060000,0.318000,-72,0.000000,7,8
1,8.000000,6.254000,0.186000,-71,0.000000,7,8
1,8.000000,6.219000,0.273000,-72,0.000000,7,8
1,8.000000,6.101000,0.254000,-72,0.000000,7,8
