1,1.000000,-0.409000,0.274000,-44,0.000000,7,8
1,1.000000,-0.611000,0.353000,-44,0.000000,7,8
1,1.000000,-0.120000,0.109000,-49,0.000000,7,8
1,1.000000,-0.501000,0.288000,-50,0.000000,7,8
1,1.000000,-0.726000,0.485000,-49,0.000000,7,8
1,1.000000,-0.730000,0.484000,-46,0.000000,7,8
1,1.000000,-0.520000,0.345000,-46,0.000000,7,8
1,1.000000,-0.730000,0.484000,-44,0.000000,7,8
1,1.000000,-0.423000,0.377000,-45,0.000000,7,8
1,1.000000,-0.648000,0.415000,-45,0.000000,7,8
1,1.000000,-0.689000,0.413000,-44,0.000000,7,8
1,1.000000,-0.476000,0.344000,-45,0.000000,7,8
1,1.000000,-0.439000,0.415000,-45,0.000000,7,8
1,1.000000,-0.730000,0.556000,-47,0.000000,7,8
1,1.000000,-0.695000,0.520000,-48,0.000000,7,8
1,1.000000,-0.808000,0.430000,-46,0.000000,7,8
1,1.000000,-0.555000,0.342000,-44,0.000000,7,8
1,1.000000,-0.808000,0.485000,-43,0.000000,7,8
1,1.000000,-0.514000,0.419000,-42,0.000000,7,8
1,1.000000,-0.733000,0.476000,-43,0.000000,7,8
1,1.000000,-0.767000,0.463000,-44,0.000000,7,8
1,1.000000,-0.701000,0.495000,-45,0.000000,7,8
1,1.000000,-0.886000,0.576000,-45,0.000000,7,8
1,1.000000,-0.892000,0.493000,-45,0.000000,7,8
1,1.000000,-1.061000,0.617000,-45,0.000000,7,8
1,1.000000,-0.998000,0.539000,-45,0.000000,7,8
1,1.000000,-0.976000,0.602000,-45,0.000000,7,8
1,1.000000,-1.164000,0.667000,-45,0.000000,7,8
1,1.000000,-1.198000,0.652000,-45,0.000000,7,8
1,1.000000,-0.861000,0.486000,-44,0.000000,7,8
1,1.000000,-0.814000,0.501000,-44,0.000000,7,8
1,1.000000,-0.814000,0.469000,-44,0.000000,7,8
1,1.000000,-0.783000,0.448000,-44,0.000000,7,8
1,1.000000,-0.811000,0.454000,-44,0.000000,7,8
1,1.000000,-0.789000,0.431000,-44,0.000000,7,8
1,1.000000,-0.892000,0.476000,-44,0.000000,7,8
1,1.000000,-0.864000,0.431000,-43,0.000000,7,8
1,1.000000,-0.751000,0.404000,-42,0.000000,7,8
1,1.000000,-0.808000,0.469000,-42,0.000000,7,8
1,1.000000,-0.664000,0.431000,-41,0.000000,7,8
1,1.000000,-0.736000,0.466000,-41,0.000000,7,8
1,1.000000,-0.576000,0.341000,-41,0.000000,7,8
1,1.000000,-0.861000,0.481000,-41,0.000000,7,8
1,1.000000,-0.708000,0.399000,-41,0.000000,7,8
1,1.000000,-0.726000,0.446000,-41,0.000000,7,8
1,1.000000,-0.698000,0.469000,-41,0.000000,7,8
1,1.000000,-0.733000,0.417000,-41,0.000000,7,8
1,1.000000,-0.767000,0.418000,-41,0.000000,7,8
1,1.000000,-0.730000,0.413000,-41,0.000000,7,8
1,1.000000,-0.770000,0.494000,-41,0.000000,7,8
1,1.000000,-0.623000,0.408000,-41,0.000000,7,8
1,1.000000,-0.736000,0.469000,-42,0.000000,7,8
1,1.000000,-0.698000,0.438000,-42,0.000000,7,8
1,1.000000,-0.698000,0.397000,-42,0.000000,7,8
1,1.000000,-0.770000,0.476000,-42,0.000000,7,8
1,1.000000,-0.626000,0.384000,-42,0.000000,7,8
1,1.000000,-0.698000,0.413000,-42,0.000000,7,8
1,1.000000,-0.701000,0.415000,-42,0.000000,7,8
1,1.000000,-0.701000,0.397000,-42,0.000000,7,8
1,1.000000,-0.667000,0.365000,-42,0.000000,7,8
1,1.000000,-0.808000,0.439000,-42,0.000000,7,8
1,1.000000,-0.883000,0.475000,-42,0.000000,7,8
1,1.000000,-0.811000,0.427000,-42,0.000000,7,8
1,1.000000,-0.855000,0.458000,-42,0.000000,7,8
1,1.000000,-0.786000,0.430000,-42,0.000000,7,8
1,1.000000,-0.848000,0.441000,-42,0.000000,7,8
1,1.000000,-0.667000,0.375000,-42,0.000000,7,8
1,1.000000,-0.776000,0.438000,-42,0.000000,7,8
1,1.000000,-0.739000,0.412000,-42,0.000000,7,8
1,1.000000,-0.808000,0.414000,-42,0.000000,7,8
1,1.000000,-0.626000,0.333000,-42,0.000000,7,8
1,1.000000,-0.883000,0.460000,-42,0.000000,7,8
1,1.000000,-0.805000,0.423000,-42,0.000000,7,8
1,1.000000,-0.883000,0.460000,-43,0.000000,7,8
1,1.000000,-0.664000,0.337000,-43,0.000000,7,8
1,1.000000,-0.776000,0.421000,-43,0.000000,7,8
1,1.000000,-0.664000,0.348000,-43,0.000000,7,8
1,1.000000,-0.845000,0.432000,-43,0.000000,7,8
1,1.000000,-0.808000,0.427000,-43,0.000000,7,8
1,1.000000,-0.751000,0.389000,-43,0.000000,7,8
1,1.000000,-0.745000,0.406000,-43,0.000000,7,8
1,1.000000,-0.861000,0.432000,-43,0.000000,7,8
1,1.000000,-0.648000,0.407000,-44,0.000000,7,8
1,1.000000,-0.692000,0.428000,-43,0.000000,7,8
1,1.000000,-0.611000,0.344000,-42,0.000000,7,8
1,1.000000,-0.670000,0.395000,-42,0.000000,7,8
1,1.000000,-0.736000,0.372000,-42,0.000000,7,8
1,1.000000,-0.823000,0.432000,-42,0.000000,7,8
1,1.000000,-0.808000,0.501000,-41,0.000000,7,8
1,1.000000,-0.736000,0.439000,-41,0.000000,7,8
1,1.000000,-0.770000,0.488000,-41,0.000000,7,8
1,1.000000,-0.630000,0.403000,-41,0.000000,7,8
1,1.000000,-0.551000,0.404000,-42,0.000000,7,8
1,1.000000,-0.767000,0.465000,-42,0.000000,7,8
1,1.000000,-0.661000,0.481000,-41,0.000000,7,8
1,1.000000,-0.730000,0.444000,-42,0.000000,7,8
1,1.000000,-0.555000,0.430000,-41,0.000000,7,8
1,1.000000,-0.698000,0.434000,-41,0.000000,7,8
1,1.000000,-0.698000,0.486000,-41,0.000000,7,8
1,1.000000,-0.733000,0.471000,-41,0.000000,7,8
1,1.000000,-0.811000,0.552000,-42,0.000000,7,8
1,1.000000,-0.805000,0.484000,-43,0.000000,7,8
1,1.000000,-0.539000,0.388000,-41,0.000000,7,8
1,1.000000,-0.855000,0.566000,-42,0.000000,7,8
1,1.000000,-0.767000,0.454000,-42,0.000000,7,8
1,1.000000,-0.886000,0.492000,-43,0.000000,7,8
1,1.000000,-0.767000,0.567000,-46,0.000000,7,8
1,1.000000,-0.776000,0.441000,-53,0.000000,7,8
1,1.000000,-0.767000,0.513000,-49,0.000000,7,8
1,1.000000,-0.805000,0.606000,-51,0.000000,7,8
1,1.000000,-0.583000,0.467000,-49,0.000000,7,8
1,1.000000,-0.545000,0.345000,-50,0.000000,7,8
1,1.000000,-0.464000,0.341000,-48,0.000000,7,8
1,1.000000,-0.773000,0.457000,-45,0.000000,7,8
1,1.000000,-0.848000,0.452000,-50,0.000000,7,8
1,1.000000,-0.583000,0.414000,-47,0.000000,7,8
1,1.000000,-0.861000,0.586000,-46,0.000000,7,8
1,1.000000,-0.726000,0.489000,-47,0.000000,7,8
1,1.000000,-0.883000,0.560000,-51,0.000000,7,8
1,1.000000,-0.698000,0.510000,-51,0.000000,7,8
1,1.000000,-0.673000,0.507000,-48,0.000000,7,8
1,1.000000,-0.976000,0.751000,-46,0.000000,7,8
1,1.000000,-0.548000,0.365000,-46,0.000000,7,8
1,1.000000,-0.808000,0.394000,-46,0.000000,7,8
1,1.000000,-0.501000,0.385000,-44,0.000000,7,8
1,1.000000,-0.476000,0.452000,-46,0.000000,7,8
1,1.000000,-0.776000,0.468000,-50,0.000000,7,8
1,1.000000,-0.692000,0.532000,-47,0.000000,7,8
1,1.000000,-0.570000,0.488000,-49,0.000000,7,8
1,1.000000,-0.655000,0.436000,-50,0.000000,7,8
1,1.000000,-0.730000,0.536000,-51,0.000000,7,8
1,1.000000,-0.976000,0.709000,-48,0.000000,7,8
1,1.000000,-0.889000,0.633000,-48,0.000000,7,8
1,1.000000,-0.979000,0.682000,-46,0.000000,7,8
1,1.000000,-0.492000,0.335000,-51,0.000000,7,8
1,1.000000,-0.698000,0.443000,-49,0.000000,7,8
1,1.000000,-0.698000,0.513000,-49,0.000000,7,8
1,1.000000,-0.767000,0.500000,-50,0.000000,7,8
1,1.000000,-0.539000,0.360000,-53,0.000000,7,8
1,1.000000,-0.783000,0.480000,-50,0.000000,7,8
1,1.000000,-0.817000,0.431000,-48,0.000000,7,8
1,1.000000,-0.511000,0.438000,-50,0.000000,7,8
1,1.000000,-0.658000,0.517000,-49,0.000000,7,8
1,1.000000,-0.551000,0.393000,-52,0.000000,7,8
1,1.000000,-0.886000,0.588000,-50,0.000000,7,8
1,1.000000,-0.736000,0.428000,-49,0.000000,7,8
1,1.000000,-0.648000,0.442000,-50,0.000000,7,8
1,1.000000,-0.730000,0.565000,-50,0.000000,7,8
1,1.000000,-0.886000,0.545000,-49,0.000000,7,8
1,1.000000,-0.848000,0.559000,-49,0.000000,7,8
1,1.000000,-0.901000,0.598000,-48,0.000000,7,8
1,1.000000,-0.533000,0.445000,-48,0.000000,7,8
1,1.000000,-0.626000,0.378000,-47,0.000000,7,8
1,1.000000,-0.805000,0.472000,-49,0.000000,7,8
1,1.000000,-0.429000,0.433000,-47,0.000000,7,8
1,1.000000,-0.705000,0.460000,-49,0.000000,7,8
1,1.000000,-0.783000,0.495000,-48,0.000000,7,8
1,1.000000,-0.648000,0.439000,-49,0.000000,7,8
1,1.000000,-0.664000,0.499000,-46,0.000000,7,8
1,1.000000,-0.664000,0.465000,-49,0.000000,7,8
1,1.000000,-0.501000,0.330000,-48,0.000000,7,8
1,1.000000,-0.611000,0.399000,-49,0.000000,7,8
1,1.000000,-0.767000,0.553000,-46,0.000000,7,8
1,1.000000,-0.620000,0.394000,-52,0.000000,7,8
1,1.000000,-0.805000,0.525000,-51,0.000000,7,8
1,1.000000,-1.161000,0.740000,-47,0.000000,7,8
1,1.000000,-0.617000,0.457000,-44,0.000000,7,8
1,1.000000,-0.730000,0.456000,-49,0.000000,7,8
1,1.000000,-0.845000,0.568000,-45,0.000000,7,8
1,1.000000,-0.592000,0.520000,-49,0.000000,7,8
1,1.000000,-0.611000,0.337000,-49,0.000000,7,8
1,1.000000,-0.608000,0.487000,-42,0.000000,7,8
1,1.000000,-0.511000,0.400000,-45,0.000000,7,8
1,1.000000,-0.855000,0.622000,-43,0.000000,7,8
1,1.000000,-0.501000,0.478000,-44,0.000000,7,8
1,1.000000,-0.545000,0.426000,-40,0.000000,7,8
1,1.000000,-0.736000,0.536000,-42,0.000000,7,8
1,1.000000,-0.586000,0.582000,-40,0.000000,7,8
1,1.000000,-0.548000,0.483000,-43,0.000000,7,8
1,1.000000,-0.736000,0.564000,-44,0.000000,7,8
1,1.000000,-0.542000,0.367000,-44,0.000000,7,8
1,1.000000,-0.573000,0.332000,-45,0.000000,7,8
1,1.000000,-0.514000,0.252000,-45,0.000000,7,8
1,1.000000,-0.730000,0.410000,-46,0.000000,7,8
1,1.000000,-0.698000,0.400000,-46,0.000000,7,8
1,1.000000,-0.698000,0.387000,-45,0.000000,7,8
1,1.000000,-0.692000,0.398000,-46,0.000000,7,8
1,1.000000,-0.579000,0.313000,-45,0.000000,7,8
1,1.000000,-0.692000,0.392000,-45,0.000000,7,8
1,1.000000,-0.511000,0.291000,-45,0.000000,7,8
1,1.000000,-0.736000,0.470000,-47,0.000000,7,8
1,1.000000,-0.730000,0.439000,-49,0.000000,7,8
1,1.000000,-0.855000,0.470000,-44,0.000000,7,8
1,1.000000,-0.664000,0.542000,-43,0.000000,7,8
1,1.000000,-0.736000,0.508000,-42,0.000000,7,8
1,1.000000,-0.705000,0.436000,-42,0.000000,7,8
1,1.000000,-0.698000,0.394000,-44,0.000000,7,8
1,1.000000,-0.617000,0.474000,-48,0.000000,7,8
1,1.000000,-0.730000,0.537000,-45,0.000000,7,8
1,1.000000,-0.476000,0.518000,-45,0.000000,7,8
1,1.000000,-0.698000,0.579000,-45,0.000000,7,8
1,1.000000,-0.658000,0.524000,-46,0.000000,7,8
1,1.000000,-0.648000,0.439000,-46,0.000000,7,8
1,1.000000,-0.730000,0.482000,-46,0.000000,7,8
1,1.000000,-0.436000,0.302000,-44,0.000000,7,8
1,1.000000,-0.617000,0.325000,-43,0.000000,7,8
1,1.000000,-0.623000,0.257000,-43,0.000000,7,8
1,1.000000,-0.658000,0.237000,-43,0.000000,7,8
1,1.000000,-0.548000,0.284000,-44,0.000000,7,8
1,1.000000,-0.392000,0.274000,-46,0.000000,7,8
1,1.000000,-0.464000,0.327000,-45,0.000000,7,8
1,1.000000,-0.423000,0.321000,-43,0.000000,7,8
1,1.000000,-0.467000,0.346000,-42,0.000000,7,8
1,1.000000,-0.464000,0.323000,-42,0.000000,7,8
1,1.000000,-0.304000,0.243000,-43,0.000000,7,8
1,1.000000,-0.392000,0.333000,-45,0.000000,7,8
1,1.000000,-0.580000,0.516000,-49,0.000000,7,8
1,1.000000,-0.611000,0.489000,-46,0.000000,7,8
1,1.000000,-0.623000,0.433000,-45,0.000000,7,8
1,1.000000,-0.661000,0.340000,-45,0.000000,7,8
1,1.000000,-0.730000,0.323000,-47,0.000000,7,8
1,1.000000,-0.736000,0.452000,-50,0.000000,7,8
1,1.000000,-0.667000,0.443000,-51,0.000000,7,8
1,1.000000,-0.808000,0.476000,-52,0.000000,7,8
1,1.000000,-0.767000,0.417000,-53,0.000000,7,8
1,1.000000,-0.573000,0.365000,-55,0.000000,7,8
1,1.000000,-0.855000,0.547000,-50,0.000000,7,8
1,1.000000,-0.855000,0.492000,-47,0.000000,7,8
1,1.000000,-0.855000,0.558000,-45,0.000000,7,8
1,1.000000,-1.123000,0.689000,-42,0.000000,7,8
1,1.000000,-0.664000,0.273000,-53,0.000000,7,8
1,1.000000,-0.539000,0.135000,-53,0.000000,7,8
1,1.000000,-0.698000,0.343000,-51,0.000000,7,8
1,1.000000,-0.886000,0.603000,-44,0.000000,7,8
1,1.000000,-0.805000,0.525000,-45,0.000000,7,8
1,1.000000,-0.623000,0.309000,-49,0.000000,7,8
1,1.000000,-0.589000,0.338000,-47,0.000000,7,8
1,1.000000,-0.770000,0.508000,-50,0.000000,7,8
1,1.000000,-0.698000,0.407000,-48,0.000000,7,8
1,1.000000,-0.620000,0.467000,-45,0.000000,7,8
1,1.000000,-0.851000,0.661000,-43,0.000000,7,8
1,1.000000,-0.886000,0.523000,-43,0.000000,7,8
1,1.000000,-0.811000,0.467000,-45,0.000000,7,8
1,1.000000,-0.742000,0.319000,-50,0.000000,7,8
1,1.000000,-0.930000,0.347000,-50,0.000000,7,8
1,1.000000,-0.904000,0.386000,-49,0.000000,7,8
1,1.000000,-0.848000,0.411000,-45,0.000000,7,8
1,1.000000,-0.848000,0.452000,-43,0.000000,7,8
1,1.000000,-0.817000,0.477000,-41,0.000000,7,8
1,1.000000,-0.776000,0.490000,-41,0.000000,7,8
1,1.000000,-0.855000,0.492000,-41,0.000000,7,8
1,1.000000,-0.820000,0.512000,-40,0.000000,7,8
1,1.000000,-0.933000,0.505000,-42,0.000000,7,8
1,1.000000,-0.901000,0.541000,-41,0.000000,7,8
1,1.000000,-0.855000,0.502000,-42,0.000000,7,8
1,1.000000,-0.848000,0.527000,-42,0.000000,7,8
1,1.000000,-0.811000,0.510000,-42,0.000000,7,8
1,1.000000,-0.970000,0.625000,-42,0.000000,7,8
1,1.000000,-0.979000,0.533000,-43,0.000000,7,8
1,1.000000,-0.923000,0.524000,-44,0.000000,7,8
1,1.000000,-0.942000,0.550000,-44,0.000000,7,8
1,1.000000,-0.805000,0.486000,-44,0.000000,7,8
1,1.000000,-0.936000,0.574000,-44,0.000000,7,8
1,1.000000,-0.904000,0.554000,-45,0.000000,7,8
1,1.000000,-0.926000,0.553000,-45,0.000000,7,8
1,1.000000,-0.923000,0.535000,-48,0.000000,7,8
1,1.000000,-0.855000,0.416000,-49,0.000000,7,8
1,1.000000,-0.861000,0.412000,-49,0.000000,7,8
1,1.000000,-0.848000,0.362000,-49,0.000000,7,8
1,1.000000,-0.855000,0.405000,-49,0.000000,7,8
1,1.000000,-0.936000,0.441000,-49,0.000000,7,8
1,1.000000,-0.855000,0.417000,-49,0.000000,7,8
1,1.000000,-0.855000,0.445000,-49,0.000000,7,8
1,1.000000,-0.886000,0.492000,-48,0.000000,7,8
1,1.000000,-0.933000,0.501000,-48,0.000000,7,8
1,1.000000,-0.892000,0.471000,-48,0.000000,7,8
1,1.000000,-0.983000,0.512000,-48,0.000000,7,8
1,1.000000,-0.886000,0.505000,-48,0.000000,7,8
1,1.000000,-0.855000,0.475000,-48,0.000000,7,8
1,1.000000,-0.930000,0.512000,-47,0.000000,7,8
1,1.000000,-0.889000,0.517000,-46,0.000000,7,8
1,1.000000,-0.855000,0.514000,-47,0.000000,7,8
1,1.000000,-0.926000,0.540000,-46,0.000000,7,8
1,1.000000,-0.898000,0.499000,-45,0.000000,7,8
1,1.000000,-0.864000,0.528000,-45,0.000000,7,8
1,1.000000,-0.858000,0.537000,-45,0.000000,7,8
1,1.000000,-0.886000,0.520000,-45,0.000000,7,8
1,1.000000,-0.855000,0.543000,-45,0.000000,7,8
1,1.000000,-0.886000,0.573000,-45,0.000000,7,8
1,1.000000,-0.773000,0.485000,-44,0.000000,7,8
1,1.000000,-0.936000,0.586000,-44,0.000000,7,8
1,1.000000,-0.886000,0.503000,-44,0.000000,7,8
1,1.000000,-0.820000,0.545000,-44,0.000000,7,8
1,1.000000,-0.851000,0.534000,-43,0.000000,7,8
1,1.000000,-0.892000,0.544000,-43,0.000000,7,8
1,1.000000,-0.848000,0.526000,-43,0.000000,7,8
1,1.000000,-0.855000,0.499000,-44,0.000000,7,8
1,1.000000,-0.883000,0.527000,-44,0.000000,7,8
1,1.000000,-0.817000,0.499000,-44,0.000000,7,8
1,1.000000,-0.789000,0.484000,-44,0.000000,7,8
1,1.000000,-0.780000,0.498000,-44,0.000000,7,8
1,1.000000,-0.898000,0.479000,-44,0.000000,7,8
1,1.000000,-0.820000,0.443000,-44,0.000000,7,8
1,1.000000,-0.892000,0.511000,-44,0.000000,7,8
1,1.000000,-0.861000,0.497000,-44,0.000000,7,8
1,1.000000,-0.892000,0.525000,-44,0.000000,7,8
1,1.000000,-0.886000,0.460000,-43,0.000000,7,8
1,1.000000,-0.814000,0.453000,-43,0.000000,7,8
1,1.000000,-0.858000,0.460000,-43,0.000000,7,8
1,1.000000,-1.011000,0.565000,-42,0.000000,7,8
1,1.000000,-0.961000,0.540000,-42,0.000000,7,8
1,1.000000,-0.892000,0.489000,-40,0.000000,7,8
1,1.000000,-0.973000,0.545000,-43,0.000000,7,8
1,1.000000,-0.979000,0.533000,-44,0.000000,7,8
1,1.000000,-0.848000,0.606000,-50,0.000000,7,8
1,1.000000,-0.773000,0.190000,-54,0.000000,7,8
1,1.000000,-0.698000,0.294000,-50,0.000000,7,8
1,1.000000,-0.855000,0.315000,-46,0.000000,7,8
1,1.000000,-0.783000,0.420000,-46,0.000000,7,8
1,1.000000,-0.805000,0.396000,-49,0.000000,7,8
1,1.000000,-0.889000,0.434000,-45,0.000000,7,8
1,1.000000,-0.805000,0.355000,-47,0.000000,7,8
1,1.000000,-0.786000,0.271000,-50,0.000000,7,8
1,1.000000,-0.667000,0.186000,-50,0.000000,7,8
1,1.000000,-0.773000,0.294000,-53,0.000000,7,8
1,1.000000,-0.886000,0.511000,-49,0.000000,7,8
1,1.000000,-0.848000,0.540000,-47,0.000000,7,8
1,1.000000,-0.930000,0.642000,-49,0.000000,7,8
1,1.000000,-0.930000,0.732000,-45,0.000000,7,8
1,1.000000,-0.708000,0.506000,-47,0.000000,7,8
1,1.000000,-0.705000,0.423000,-49,0.000000,7,8
1,1.000000,-0.767000,0.544000,-52,0.000000,7,8
1,1.000000,-0.892000,0.503000,-53,0.000000,7,8
1,1.000000,-0.780000,0.424000,-52,0.000000,7,8
1,1.000000,-1.058000,0.557000,-48,0.000000,7,8
1,1.000000,-0.783000,0.327000,-51,0.000000,7,8
1,1.000000,-0.695000,0.316000,-49,0.000000,7,8
1,1.000000,-0.883000,0.614000,-50,0.000000,7,8
1,1.000000,-0.745000,0.453000,-45,0.000000,7,8
1,1.000000,-0.892000,0.490000,-49,0.000000,7,8
1,1.000000,-1.014000,0.539000,-47,0.000000,7,8
1,1.000000,-0.979000,0.533000,-47,0.000000,7,8
1,1.000000,-0.855000,0.458000,-49,0.000000,7,8
1,1.000000,-0.623000,0.499000,-45,0.000000,7,8
1,1.000000,-0.904000,0.519000,-50,0.000000,7,8
1,1.000000,-0.811000,0.435000,-49,0.000000,7,8
1,1.000000,-0.805000,0.321000,-47,0.000000,7,8
1,1.000000,-0.805000,0.463000,-50,0.000000,7,8
1,1.000000,-0.739000,0.359000,-47,0.000000,7,8
1,1.000000,-0.736000,0.497000,-45,0.000000,7,8
1,1.000000,-0.705000,0.330000,-50,0.000000,7,8
1,1.000000,-0.701000,0.340000,-49,0.000000,7,8
1,1.000000,-0.767000,0.422000,-50,0.000000,7,8
1,1.000000,-0.742000,0.426000,-48,0.000000,7,8
1,1.000000,-0.695000,0.380000,-45,0.000000,7,8
1,1.000000,-0.661000,0.468000,-49,0.000000,7,8
1,1.000000,-0.820000,0.471000,-51,0.000000,7,8
1,1.000000,-0.898000,0.453000,-49,0.000000,7,8
1,1.000000,-0.892000,0.602000,-49,0.000000,7,8
1,1.000000,-0.858000,0.366000,-50,0.000000,7,8
1,1.000000,-0.733000,0.309000,-47,0.000000,7,8
1,1.000000,-0.664000,0.310000,-46,0.000000,7,8
1,1.000000,-0.651000,0.403000,-45,0.000000,7,8
1,1.000000,-0.773000,0.382000,-50,0.000000,7,8
1,1.000000,-0.886000,0.594000,-46,0.000000,7,8
1,1.000000,-0.736000,0.373000,-48,0.000000,7,8
1,1.000000,-0.692000,0.444000,-47,0.000000,7,8
1,1.000000,-0.189000,0.220000,-43,0.000000,7,8
1,1.000000,-0.458000,0.421000,-44,0.000000,7,8
1,1.000000,-0.580000,0.438000,-44,0.000000,7,8
1,1.000000,-0.583000,0.447000,-45,0.000000,7,8
1,1.000000,-0.776000,0.465000,-48,0.000000,7,8
1,1.000000,-0.820000,0.398000,-47,0.000000,7,8
1,1.000000,-0.780000,0.549000,-44,0.000000,7,8
1,1.000000,-1.176000,0.737000,-44,0.000000,7,8
1,1.000000,-1.273000,0.763000,-45,0.000000,7,8
1,1.000000,-0.423000,0.342000,-44,0.000000,7,8
1,1.000000,-1.011000,0.573000,-49,0.000000,7,8
1,1.000000,-0.783000,0.396000,-49,0.000000,7,8
1,1.000000,-0.742000,0.408000,-49,0.000000,7,8
1,1.000000,-0.898000,0.397000,-53,0.000000,7,8
1,1.000000,-0.730000,0.485000,-50,0.000000,7,8
1,1.000000,-0.667000,0.370000,-46,0.000000,7,8
1,1.000000,-0.770000,0.517000,-47,0.000000,7,8
1,1.000000,-0.808000,0.574000,-48,0.000000,7,8
1,1.000000,-0.736000,0.410000,-46,0.000000,7,8
1,1.000000,-0.773000,0.537000,-48,0.000000,7,8
1,1.000000,-0.783000,0.556000,-49,0.000000,7,8
1,1.000000,-0.783000,0.418000,-50,0.000000,7,8
1,1.000000,-0.730000,0.473000,-49,0.000000,7,8
1,1.000000,-0.811000,0.406000,-50,0.000000,7,8
1,1.000000,-0.667000,0.414000,-49,0.000000,7,8
1,1.000000,-0.811000,0.530000,-46,0.000000,7,8
1,1.000000,-0.667000,0.467000,-49,0.000000,7,8
1,1.000000,-0.730000,0.469000,-50,0.000000,7,8
1,1.000000,-0.701000,0.442000,-50,0.000000,7,8
1,1.000000,-0.745000,0.524000,-49,0.000000,7,8
1,1.000000,-0.667000,0.406000,-50,0.000000,7,8
1,1.000000,-0.661000,0.371000,-50,0.000000,7,8
1,1.000000,-0.555000,0.397000,-49,0.000000,7,8
1,1.000000,-0.730000,0.546000,-50,0.000000,7,8
1,1.000000,-0.698000,0.575000,-45,0.000000,7,8
1,1.000000,-1.245000,0.727000,-47,0.000000,7,8
1,1.000000,-0.726000,0.387000,-51,0.000000,7,8
1,1.000000,-0.692000,0.353000,-50,0.000000,7,8
1,1.000000,-0.898000,0.568000,-49,0.000000,7,8
1,1.000000,-1.123000,0.586000,-48,0.000000,7,8
1,1.000000,-0.698000,0.202000,-50,0.000000,7,8
1,1.000000,-0.736000,0.425000,-50,0.000000,7,8
1,1.000000,-0.814000,0.471000,-51,0.000000,7,8
1,1.000000,-0.708000,0.390000,-54,0.000000,7,8
1,1.000000,-0.658000,0.334000,-54,0.000000,7,8
1,1.000000,-0.730000,0.426000,-53,0.000000,7,8
1,1.000000,-0.617000,0.354000,-51,0.000000,7,8
1,1.000000,-0.467000,0.256000,-49,0.000000,7,8
1,1.000000,-0.476000,0.356000,-46,0.000000,7,8
1,1.000000,-0.583000,0.469000,-48,0.000000,7,8
1,1.000000,-0.698000,0.584000,-46,0.000000,7,8
1,1.000000,-0.692000,0.522000,-46,0.000000,7,8
1,1.000000,-0.658000,0.484000,-46,0.000000,7,8
1,1.000000,-0.736000,0.470000,-46,0.000000,7,8
1,1.000000,-0.820000,0.530000,-46,0.000000,7,8
1,1.000000,-0.786000,0.505000,-47,0.000000,7,8
1,1.000000,-0.780000,0.476000,-48,0.000000,7,8
1,1.000000,-0.692000,0.392000,-49,0.000000,7,8
1,1.000000,-0.626000,0.369000,-50,0.000000,7,8
1,1.000000,-0.689000,0.465000,-49,0.000000,7,8
1,1.000000,-0.539000,0.373000,-47,0.000000,7,8
1,1.000000,-0.736000,0.482000,-49,0.000000,7,8
1,1.000000,-0.695000,0.457000,-48,0.000000,7,8
1,1.000000,-0.698000,0.509000,-47,0.000000,7,8
1,1.000000,-0.780000,0.547000,-49,0.000000,7,8
1,1.000000,-0.855000,0.533000,-49,0.000000,7,8
1,1.000000,-0.848000,0.591000,-49,0.000000,7,8
1,1.000000,-0.783000,0.549000,-49,0.000000,7,8
1,1.000000,-0.739000,0.501000,-49,0.000000,7,8
1,1.000000,-0.783000,0.556000,-49,0.000000,7,8
1,1.000000,-0.736000,0.486000,-49,0.000000,7,8
1,1.000000,-0.776000,0.503000,-49,0.000000,7,8
1,1.000000,-0.811000,0.541000,-48,0.000000,7,8
1,1.000000,-0.848000,0.591000,-48,0.000000,7,8
1,1.000000,-0.886000,0.543000,-46,0.000000,7,8
1,1.000000,-0.736000,0.470000,-48,0.000000,7,8
1,1.000000,-0.667000,0.439000,-49,0.000000,7,8
1,1.000000,-0.745000,0.506000,-49,0.000000,7,8
1,1.000000,-0.855000,0.533000,-50,0.000000,7,8
1,1.000000,-0.855000,0.556000,-49,0.000000,7,8
1,1.000000,-0.855000,0.561000,-47,0.000000,7,8
1,1.000000,-0.698000,0.433000,-48,0.000000,7,8
1,1.000000,-0.623000,0.473000,-47,0.000000,7,8
1,1.000000,-0.698000,0.491000,-49,0.000000,7,8
1,1.000000,-0.698000,0.537000,-48,0.000000,7,8
1,1.000000,-0.661000,0.444000,-50,0.000000,7,8
1,1.000000,-0.780000,0.513000,-47,0.000000,7,8
1,1.000000,-0.742000,0.482000,-46,0.000000,7,8
1,1.000000,-0.848000,0.396000,-52,0.000000,7,8
1,1.000000,-0.855000,0.445000,-50,0.000000,7,8
1,1.000000,-0.692000,0.533000,-47,0.000000,7,8
1,1.000000,-0.664000,0.448000,-48,0.000000,7,8
1,1.000000,-0.783000,0.502000,-44,0.000000,7,8
1,1.000000,-0.698000,0.465000,-48,0.000000,7,8
1,1.000000,-0.895000,0.540000,-48,0.000000,7,8
1,1.000000,-0.892000,0.432000,-50,0.000000,7,8
1,1.000000,-1.330000,0.759000,-50,0.000000,7,8
1,1.000000,-0.811000,0.550000,-50,0.000000,7,8
1,1.000000,-0.855000,0.532000,-49,0.000000,7,8
1,1.000000,-1.011000,0.551000,-50,0.000000,7,8
1,1.000000,-0.970000,0.486000,-50,0.000000,7,8
1,1.000000,-0.892000,0.540000,-50,0.000000,7,8
1,1.000000,-0.855000,0.523000,-50,0.000000,7,8
1,1.000000,-0.848000,0.592000,-50,0.000000,7,8
1,1.000000,-0.623000,0.337000,-51,0.000000,7,8
1,1.000000,-0.848000,0.549000,-49,0.000000,7,8
1,1.000000,-0.817000,0.410000,-52,0.000000,7,8
1,1.000000,-0.892000,0.550000,-50,0.000000,7,8
1,1.000000,-0.664000,0.348000,-50,0.000000,7,8
1,1.000000,-0.823000,0.398000,-50,0.000000,7,8
1,1.000000,-0.892000,0.574000,-48,0.000000,7,8
1,1.000000,-0.626000,0.420000,-49,0.000000,7,8
1,1.000000,-0.692000,0.453000,-50,0.000000,7,8
1,1.000000,-0.623000,0.434000,-49,0.000000,7,8
1,1.000000,-0.820000,0.545000,-50,0.000000,7,8
1,1.000000,-0.805000,0.466000,-49,0.000000,7,8
1,1.000000,-0.545000,0.416000,-49,0.000000,7,8
1,1.000000,-0.658000,0.449000,-50,0.000000,7,8
1,1.000000,-0.811000,0.494000,-51,0.000000,7,8
1,1.000000,-0.811000,0.536000,-50,0.000000,7,8
1,1.000000,-0.892000,0.540000,-51,0.000000,7,8
1,1.000000,-1.005000,0.630000,-50,0.000000,7,8
1,1.000000,-0.895000,0.594000,-49,0.000000,7,8
1,1.000000,-0.848000,0.575000,-49,0.000000,7,8
1,1.000000,-0.855000,0.609000,-49,0.000000,7,8
1,1.000000,-0.780000,0.491000,-49,0.000000,7,8
1,1.000000,-0.823000,0.543000,-49,0.000000,7,8
1,1.000000,-0.855000,0.561000,-50,0.000000,7,8
1,1.000000,-0.892000,0.572000,-49,0.000000,7,8
1,1.000000,-0.970000,0.612000,-50,0.000000,7,8
1,1.000000,-0.939000,0.550000,-49,0.000000,7,8
1,1.000000,-0.895000,0.598000,-50,0.000000,7,8
1,1.000000,-0.976000,0.586000,-50,0.000000,7,8
1,1.000000,-0.970000,0.577000,-50,0.000000,7,8
1,1.000000,-0.855000,0.506000,-51,0.000000,7,8
1,1.000000,-0.814000,0.481000,-51,0.000000,7,8
1,1.000000,-0.748000,0.480000,-51,0.000000,7,8
1,1.000000,-0.855000,0.543000,-50,0.000000,7,8
1,1.000000,-0.770000,0.512000,-50,0.000000,7,8
1,1.000000,-0.698000,0.486000,-50,0.000000,7,8
1,1.000000,-0.664000,0.426000,-50,0.000000,7,8
1,1.000000,-0.623000,0.408000,-50,0.000000,7,8
1,1.000000,-0.620000,0.409000,-50,0.000000,7,8
1,1.000000,-0.773000,0.486000,-50,0.000000,7,8
1,1.000000,-0.695000,0.439000,-50,0.000000,7,8
1,1.000000,-0.811000,0.496000,-50,0.000000,7,8
1,1.000000,-0.661000,0.464000,-49,0.000000,7,8
1,1.000000,-0.667000,0.455000,-49,0.000000,7,8
1,1.000000,-0.586000,0.453000,-50,0.000000,7,8
1,1.000000,-0.473000,0.360000,-50,0.000000,7,8
1,1.000000,-0.508000,0.382000,-50,0.000000,7,8
1,1.000000,-0.576000,0.485000,-48,0.000000,7,8
1,1.000000,-0.614000,0.501000,-48,0.000000,7,8
1,1.000000,-0.539000,0.477000,-49,0.000000,7,8
1,1.000000,-0.589000,0.539000,-48,0.000000,7,8
1,1.000000,-0.736000,0.601000,-49,0.000000,7,8
1,1.000000,-0.767000,0.606000,-50,0.000000,7,8
1,1.000000,-0.886000,0.622000,-49,0.000000,7,8
1,1.000000,-0.701000,0.513000,-49,0.000000,7,8
1,1.000000,-0.661000,0.547000,-49,0.000000,7,8
1,1.000000,-0.783000,0.528000,-50,0.000000,7,8
1,1.000000,-0.630000,0.401000,-51,0.000000,7,8
1,1.000000,-0.739000,0.481000,-51,0.000000,7,8
1,1.000000,-0.973000,0.592000,-50,0.000000,7,8
1,1.000000,-0.926000,0.497000,-49,0.000000,7,8
1,1.000000,-0.861000,0.473000,-50,0.000000,7,8
1,1.000000,-0.698000,0.447000,-50,0.000000,7,8
1,1.000000,-0.745000,0.558000,-50,0.000000,7,8
1,1.000000,-0.695000,0.462000,-50,0.000000,7,8
1,1.000000,-0.886000,0.558000,-51,0.000000,7,8
1,1.000000,-0.692000,0.457000,-50,0.000000,7,8
1,1.000000,-0.773000,0.507000,-50,0.000000,7,8
1,1.000000,-0.855000,0.470000,-50,0.000000,7,8
1,1.000000,-0.886000,0.573000,-50,0.000000,7,8
1,1.000000,-1.011000,0.626000,-49,0.000000,7,8
1,1.000000,-0.886000,0.517000,-50,0.000000,7,8
1,1.000000,-0.930000,0.485000,-50,0.000000,7,8
1,1.000000,-0.745000,0.434000,-50,0.000000,7,8
1,1.000000,-0.976000,0.504000,-49,0.000000,7,8
1,1.000000,-0.970000,0.521000,-49,0.000000,7,8
1,1.000000,-0.855000,0.546000,-49,0.000000,7,8
1,1.000000,-0.783000,0.478000,-50,0.000000,7,8
1,1.000000,-0.805000,0.450000,-51,0.000000,7,8
1,1.000000,-0.817000,0.468000,-50,0.000000,7,8
1,1.000000,-0.739000,0.430000,-49,0.000000,7,8
1,1.000000,-0.783000,0.479000,-49,0.000000,7,8
1,1.000000,-0.848000,0.549000,-50,0.000000,7,8
1,1.000000,-0.773000,0.466000,-50,0.000000,7,8
1,1.000000,-0.767000,0.481000,-50,0.000000,7,8
1,1.000000,-0.614000,0.449000,-50,0.000000,7,8
1,1.000000,-0.658000,0.401000,-50,0.000000,7,8
1,1.000000,-0.701000,0.384000,-50,0.000000,7,8
1,1.000000,-0.820000,0.508000,-50,0.000000,7,8
1,1.000000,-0.745000,0.506000,-50,0.000000,7,8
1,1.000000,-0.767000,0.510000,-49,0.000000,7,8
1,1.000000,-0.736000,0.497000,-49,0.000000,7,8
1,1.000000,-0.848000,0.507000,-50,0.000000,7,8
1,1.000000,-0.820000,0.521000,-50,0.000000,7,8
1,1.000000,-0.848000,0.498000,-49,0.000000,7,8
1,1.000000,-0.967000,0.543000,-49,0.000000,7,8
1,1.000000,-0.886000,0.501000,-49,0.000000,7,8
1,1.000000,-0.858000,0.487000,-49,0.000000,7,8
1,1.000000,-1.058000,0.607000,-49,0.000000,7,8
1,1.000000,-0.895000,0.540000,-49,0.000000,7,8
1,1.000000,-0.933000,0.578000,-48,0.000000,7,8
1,1.000000,-0.811000,0.525000,-49,0.000000,7,8
1,1.000000,-0.811000,0.540000,-49,0.000000,7,8
1,1.000000,-0.776000,0.546000,-49,0.000000,7,8
1,1.000000,-0.664000,0.517000,-50,0.000000,7,8
1,1.000000,-0.583000,0.463000,-50,0.000000,7,8
1,1.000000,-0.664000,0.493000,-49,0.000000,7,8
1,1.000000,-0.733000,0.539000,-49,0.000000,7,8
1,1.000000,-0.661000,0.495000,-49,0.000000,7,8
1,1.000000,-0.848000,0.575000,-49,0.000000,7,8
1,1.000000,-0.780000,0.531000,-49,0.000000,7,8
1,1.000000,-0.783000,0.549000,-49,0.000000,7,8
1,1.000000,-0.848000,0.558000,-50,0.000000,7,8
1,1.000000,-0.701000,0.448000,-50,0.000000,7,8
1,1.000000,-0.767000,0.495000,-50,0.000000,7,8
1,1.000000,-0.739000,0.481000,-50,0.000000,7,8
1,1.000000,-0.855000,0.487000,-50,0.000000,7,8
1,1.000000,-0.698000,0.429000,-50,0.000000,7,8
1,1.000000,-0.708000,0.459000,-50,0.000000,7,8
1,1.000000,-0.773000,0.507000,-50,0.000000,7,8
1,1.000000,-0.767000,0.468000,-50,0.000000,7,8
1,1.000000,-0.773000,0.495000,-49,0.000000,7,8
1,1.000000,-0.848000,0.512000,-50,0.000000,7,8
1,1.000000,-0.692000,0.436000,-50,0.000000,7,8
1,1.000000,-0.811000,0.542000,-50,0.000000,7,8
1,1.000000,-0.739000,0.450000,-49,0.000000,7,8
1,1.000000,-0.848000,0.493000,-50,0.000000,7,8
1,1.000000,-0.820000,0.583000,-49,0.000000,7,8
1,1.000000,-0.811000,0.590000,-49,0.000000,7,8
1,1.000000,-0.705000,0.431000,-52,0.000000,7,8
1,1.000000,-0.620000,0.435000,-51,0.000000,7,8
1,1.000000,-0.617000,0.381000,-50,0.000000,7,8
1,1.000000,-0.695000,0.496000,-50,0.000000,7,8
1,1.000000,-0.701000,0.485000,-50,0.000000,7,8
1,1.000000,-0.848000,0.543000,-49,0.000000,7,8
1,1.000000,-0.855000,0.563000,-50,0.000000,7,8
1,1.000000,-0.742000,0.571000,-50,0.000000,7,8
1,1.000000,-0.855000,0.578000,-49,0.000000,7,8
1,1.000000,-0.730000,0.476000,-50,0.000000,7,8
1,1.000000,-0.698000,0.447000,-50,0.000000,7,8
1,1.000000,-0.586000,0.418000,-50,0.000000,7,8
1,1.000000,-0.661000,0.412000,-51,0.000000,7,8
1,1.000000,-0.630000,0.411000,-50,0.000000,7,8
1,1.000000,-0.576000,0.375000,-50,0.000000,7,8
1,1.000000,-0.548000,0.374000,-50,0.000000,7,8
1,1.000000,-0.583000,0.424000,-50,0.000000,7,8
1,1.000000,-0.695000,0.474000,-50,0.000000,7,8
1,1.000000,-0.630000,0.433000,-49,0.000000,7,8
1,1.000000,-0.655000,0.489000,-49,0.000000,7,8
1,1.000000,-0.705000,0.508000,-49,0.000000,7,8
1,1.000000,-0.670000,0.477000,-49,0.000000,7,8
1,1.000000,-0.664000,0.506000,-49,0.000000,7,8
1,1.000000,-0.698000,0.487000,-49,0.000000,7,8
1,1.000000,-0.742000,0.543000,-49,0.000000,7,8
1,1.000000,-0.695000,0.457000,-49,0.000000,7,8
1,1.000000,-0.667000,0.452000,-49,0.000000,7,8
1,1.000000,-0.736000,0.497000,-49,0.000000,7,8
1,1.000000,-0.667000,0.481000,-49,0.000000,7,8
1,1.000000,-0.695000,0.479000,-49,0.000000,7,8
1,1.000000,-0.736000,0.526000,-49,0.000000,7,8
1,1.000000,-0.708000,0.475000,-49,0.000000,7,8
1,1.000000,-0.667000,0.494000,-49,0.000000,7,8
1,1.000000,-0.736000,0.504000,-49,0.000000,7,8
1,1.000000,-0.508000,0.399000,-49,0.000000,7,8
1,1.000000,-0.698000,0.460000,-49,0.000000,7,8
1,1.000000,-0.661000,0.484000,-49,0.000000,7,8
1,1.000000,-0.586000,0.474000,-50,0.000000,7,8
1,1.000000,-0.692000,0.461000,-49,0.000000,7,8
1,1.000000,-0.586000,0.427000,-49,0.000000,7,8
1,1.000000,-0.661000,0.453000,-50,0.000000,7,8
1,1.000000,-0.664000,0.466000,-50,0.000000,7,8
1,1.000000,-0.767000,0.482000,-50,0.000000,7,8
1,1.000000,-0.780000,0.497000,-49,0.000000,7,8
1,1.000000,-0.698000,0.487000,-49,0.000000,7,8
1,1.000000,-0.742000,0.497000,-49,0.000000,7,8
1,1.000000,-0.848000,0.575000,-49,0.000000,7,8
1,1.000000,-0.848000,0.528000,-50,0.000000,7,8
1,1.000000,-0.808000,0.474000,-51,0.000000,7,8
1,1.000000,-0.780000,0.529000,-49,0.000000,7,8
1,1.000000,-0.820000,0.564000,-49,0.000000,7,8
1,1.000000,-0.626000,0.395000,-50,0.000000,7,8
1,1.000000,-0.848000,0.518000,-50,0.000000,7,8
1,1.000000,-0.742000,0.444000,-50,0.000000,7,8
1,1.000000,-0.773000,0.466000,-49,0.000000,7,8
1,1.000000,-0.814000,0.489000,-50,0.000000,7,8
1,1.000000,-0.811000,0.496000,-49,0.000000,7,8
1,1.000000,-0.823000,0.507000,-50,0.000000,7,8
1,1.000000,-0.886000,0.546000,-50,0.000000,7,8
1,1.000000,-0.780000,0.483000,-49,0.000000,7,8
1,1.000000,-0.848000,0.575000,-49,0.000000,7,8
1,1.000000,-0.770000,0.493000,-49,0.000000,7,8
1,1.000000,-0.892000,0.552000,-49,0.000000,7,8
1,1.000000,-0.823000,0.519000,-49,0.000000,7,8
1,1.000000,-0.858000,0.539000,-50,0.000000,7,8
1,1.000000,-0.701000,0.313000,-51,0.000000,7,8
1,1.000000,-0.776000,0.502000,-49,0.000000,7,8
1,1.000000,-0.817000,0.471000,-50,0.000000,7,8
1,1.000000,-0.820000,0.519000,-50,0.000000,7,8
1,1.000000,-0.773000,0.495000,-50,0.000000,7,8
1,1.000000,-0.848000,0.574000,-49,0.000000,7,8
1,1.000000,-0.823000,0.490000,-49,0.000000,7,8
1,1.000000,-0.670000,0.440000,-50,0.000000,7,8
1,1.000000,-0.892000,0.615000,-50,0.000000,7,8
1,1.000000,-0.736000,0.412000,-50,0.000000,7,8
1,1.000000,-0.811000,0.439000,-49,0.000000,7,8
1,1.000000,-0.814000,0.524000,-50,0.000000,7,8
1,1.000000,-0.820000,0.583000,-49,0.000000,7,8
1,1.000000,-0.623000,0.417000,-50,0.000000,7,8
1,1.000000,-0.545000,0.396000,-50,0.000000,7,8
1,1.000000,-0.817000,0.504000,-49,0.000000,7,8
1,1.000000,-0.811000,0.514000,-49,0.000000,7,8
1,1.000000,-0.773000,0.436000,-49,0.000000,7,8
1,1.000000,-0.930000,0.493000,-49,0.000000,7,8
1,1.000000,-0.855000,0.506000,-49,0.000000,7,8
1,1.000000,-0.811000,0.381000,-50,0.000000,7,8
1,1.000000,-0.848000,0.437000,-50,0.000000,7,8
1,1.000000,-0.823000,0.473000,-50,0.000000,7,8
1,1.000000,-0.701000,0.434000,-50,0.000000,7,8
1,1.000000,-0.776000,0.509000,-50,0.000000,7,8
1,1.000000,-0.583000,0.400000,-50,0.000000,7,8
1,1.000000,-0.858000,0.558000,-50,0.000000,7,8
1,1.000000,-0.773000,0.467000,-49,0.000000,7,8
1,1.000000,-0.933000,0.542000,-49,0.000000,7,8
1,1.000000,-0.776000,0.549000,-50,0.000000,7,8
1,1.000000,-0.783000,0.443000,-50,0.000000,7,8
1,1.000000,-0.780000,0.501000,-50,0.000000,7,8
1,1.000000,-0.851000,0.507000,-50,0.000000,7,8
1,1.000000,-0.736000,0.452000,-50,0.000000,7,8
1,1.000000,-0.664000,0.493000,-49,0.000000,7,8
1,1.000000,-0.808000,0.500000,-49,0.000000,7,8
1,1.000000,-0.780000,0.451000,-50,0.000000,7,8
1,1.000000,-0.708000,0.438000,-50,0.000000,7,8
1,1.000000,-0.698000,0.450000,-51,0.000000,7,8
1,1.000000,-0.664000,0.448000,-49,0.000000,7,8
1,1.000000,-0.664000,0.517000,-49,0.000000,7,8
1,1.000000,-0.855000,0.556000,-49,0.000000,7,8
1,1.000000,-0.698000,0.463000,-49,0.000000,7,8
1,1.000000,-0.848000,0.532000,-48,0.000000,7,8
1,1.000000,-0.783000,0.471000,-49,0.000000,7,8
1,1.000000,-0.780000,0.464000,-49,0.000000,7,8
1,1.000000,-0.895000,0.495000,-49,0.000000,7,8
1,1.000000,-0.745000,0.467000,-49,0.000000,7,8
1,1.000000,-0.817000,0.555000,-49,0.000000,7,8
1,1.000000,-0.776000,0.522000,-49,0.000000,7,8
1,1.000000,-0.783000,0.435000,-49,0.000000,7,8
1,1.000000,-0.855000,0.471000,-49,0.000000,7,8
1,1.000000,-0.745000,0.450000,-49,0.000000,7,8
1,1.000000,-0.776000,0.456000,-49,0.000000,7,8
1,1.000000,-0.848000,0.541000,-50,0.000000,7,8
1,1.000000,-0.855000,0.504000,-49,0.000000,7,8
1,1.000000,-0.623000,0.449000,-49,0.000000,7,8
1,1.000000,-0.855000,0.578000,-49,0.000000,7,8
1,1.000000,-0.767000,0.464000,-50,0.000000,7,8
1,1.000000,-0.736000,0.463000,-50,0.000000,7,8
1,1.000000,-0.698000,0.463000,-49,0.000000,7,8
1,1.000000,-0.783000,0.505000,-49,0.000000,7,8
1,1.000000,-0.820000,0.507000,-49,0.000000,7,8
1,1.000000,-0.820000,0.508000,-50,0.000000,7,8
1,1.000000,-0.708000,0.418000,-49,0.000000,7,8
1,1.000000,-0.855000,0.520000,-48,0.000000,7,8
1,1.000000,-0.855000,0.506000,-50,0.000000,7,8
1,1.000000,-0.933000,0.557000,-50,0.000000,7,8
1,1.000000,-0.858000,0.506000,-50,0.000000,7,8
1,1.000000,-0.667000,0.429000,-50,0.000000,7,8
1,1.000000,-0.855000,0.498000,-50,0.000000,7,8
1,1.000000,-0.783000,0.443000,-50,0.000000,7,8
1,1.000000,-0.770000,0.433000,-50,0.000000,7,8
1,1.000000,-0.776000,0.479000,-49,0.000000,7,8
1,1.000000,-0.776000,0.464000,-49,0.000000,7,8
1,1.000000,-0.811000,0.501000,-50,0.000000,7,8
1,1.000000,-0.698000,0.439000,-50,0.000000,7,8
1,1.000000,-0.658000,0.390000,-50,0.000000,7,8
1,1.000000,-0.855000,0.561000,-50,0.000000,7,8
1,1.000000,-0.811000,0.482000,-50,0.000000,7,8
1,1.000000,-0.776000,0.525000,-49,0.000000,7,8
1,1.000000,-0.780000,0.501000,-50,0.000000,7,8
1,1.000000,-0.742000,0.484000,-50,0.000000,7,8
1,1.000000,-0.786000,0.472000,-50,0.000000,7,8
1,1.000000,-0.773000,0.466000,-50,0.000000,7,8
1,1.000000,-0.855000,0.506000,-50,0.000000,7,8
1,1.000000,-0.783000,0.459000,-49,0.000000,7,8
1,1.000000,-0.767000,0.464000,-50,0.000000,7,8
1,1.000000,-0.736000,0.429000,-50,0.000000,7,8
1,1.000000,-0.783000,0.485000,-49,0.000000,7,8
1,1.000000,-0.820000,0.473000,-50,0.000000,7,8
1,1.000000,-0.786000,0.494000,-49,0.000000,7,8
1,1.000000,-0.820000,0.517000,-49,0.000000,7,8
1,1.000000,-0.817000,0.490000,-49,0.000000,7,8
1,1.000000,-0.817000,0.504000,-49,0.000000,7,8
1,1.000000,-0.698000,0.429000,-49,0.000000,7,8
1,1.000000,-0.814000,0.534000,-50,0.000000,7,8
1,1.000000,-0.664000,0.460000,-49,0.000000,7,8
1,1.000000,-0.661000,0.434000,-50,0.000000,7,8
1,1.000000,-0.783000,0.459000,-50,0.000000,7,8
1,1.000000,-0.811000,0.501000,-50,0.000000,7,8
1,1.000000,-0.664000,0.435000,-50,0.000000,7,8
1,1.000000,-0.776000,0.483000,-50,0.000000,7,8
1,1.000000,-0.776000,0.483000,-50,0.000000,7,8
1,1.000000,-0.767000,0.510000,-49,0.000000,7,8
1,1.000000,-0.776000,0.532000,-49,0.000000,7,8
1,1.000000,-0.773000,0.479000,-49,0.000000,7,8
1,1.000000,-0.695000,0.469000,-49,0.000000,7,8
1,1.000000,-0.770000,0.472000,-49,0.000000,7,8
1,1.000000,-0.698000,0.429000,-50,0.000000,7,8
1,1.000000,-0.698000,0.447000,-49,0.000000,7,8
1,1.000000,-0.855000,0.520000,-49,0.000000,7,8
1,1.000000,-0.767000,0.495000,-49,0.000000,7,8
1,1.000000,-0.742000,0.452000,-50,0.000000,7,8
1,1.000000,-0.817000,0.504000,-50,0.000000,7,8
1,1.000000,-0.736000,0.488000,-50,0.000000,7,8
1,1.000000,-0.745000,0.434000,-50,0.000000,7,8
1,1.000000,-0.776000,0.427000,-50,0.000000,7,8
1,1.000000,-0.658000,0.432000,-50,0.000000,7,8
1,1.000000,-0.848000,0.503000,-50,0.000000,7,8
1,1.000000,-0.736000,0.452000,-50,0.000000,7,8
1,1.000000,-0.701000,0.506000,-50,0.000000,7,8
1,1.000000,-0.736000,0.521000,-50,0.000000,7,8
1,1.000000,-0.770000,0.464000,-50,0.000000,7,8
1,1.000000,-0.786000,0.520000,-50,0.000000,7,8
1,1.000000,-0.820000,0.456000,-50,0.000000,7,8
1,1.000000,-0.739000,0.481000,-50,0.000000,7,8
1,1.000000,-0.776000,0.541000,-50,0.000000,7,8
1,1.000000,-0.745000,0.453000,-50,0.000000,7,8
1,1.000000,-0.705000,0.451000,-50,0.000000,7,8
1,1.000000,-0.695000,0.439000,-50,0.000000,7,8
1,1.000000,-0.783000,0.459000,-49,0.000000,7,8
1,1.000000,-0.776000,0.470000,-50,0.000000,7,8
1,1.000000,-0.770000,0.490000,-50,0.000000,7,8
1,1.000000,-0.667000,0.439000,-49,0.000000,7,8
1,1.000000,-0.773000,0.484000,-50,0.000000,7,8
1,1.000000,-0.742000,0.453000,-50,0.000000,7,8
1,1.000000,-0.739000,0.464000,-49,0.000000,7,8
1,1.000000,-0.745000,0.434000,-49,0.000000,7,8
1,1.000000,-0.767000,0.491000,-50,0.000000,7,8
1,1.000000,-0.698000,0.441000,-49,0.000000,7,8
1,1.000000,-0.730000,0.441000,-49,0.000000,7,8
1,1.000000,-0.855000,0.531000,-50,0.000000,7,8
1,1.000000,-0.783000,0.468000,-49,0.000000,7,8
1,1.000000,-0.664000,0.444000,-49,0.000000,7,8
1,1.000000,-0.811000,0.512000,-49,0.000000,7,8
1,1.000000,-0.736000,0.499000,-49,0.000000,7,8
1,1.000000,-0.855000,0.506000,-49,0.000000,7,8
1,1.000000,-0.730000,0.459000,-49,0.000000,7,8
1,1.000000,-0.661000,0.430000,-50,0.000000,7,8
1,1.000000,-0.658000,0.441000,-49,0.000000,7,8
1,1.000000,-0.701000,0.507000,-49,0.000000,7,8
1,1.000000,-0.770000,0.466000,-50,0.000000,7,8
1,1.000000,-0.820000,0.456000,-50,0.000000,7,8
1,1.000000,-0.730000,0.460000,-50,0.000000,7,8
1,1.000000,-0.698000,0.447000,-50,0.000000,7,8
1,1.000000,-0.698000,0.470000,-50,0.000000,7,8
1,1.000000,-0.811000,0.503000,-50,0.000000,7,8
1,1.000000,-0.742000,0.449000,-49,0.000000,7,8
1,1.000000,-0.767000,0.467000,-50,0.000000,7,8
1,1.000000,-0.736000,0.463000,-50,0.000000,7,8
1,1.000000,-0.698000,0.500000,-49,0.000000,7,8
1,1.000000,-0.780000,0.497000,-50,0.000000,7,8
1,1.000000,-0.698000,0.470000,-50,0.000000,7,8
1,1.000000,-0.698000,0.493000,-49,0.000000,7,8
1,1.000000,-0.745000,0.467000,-50,0.000000,7,8
1,1.000000,-0.736000,0.452000,-50,0.000000,7,8
1,1.000000,-0.820000,0.497000,-50,0.000000,7,8
1,1.000000,-0.780000,0.480000,-50,0.000000,7,8
1,1.000000,-0.780000,0.475000,-50,0.000000,7,8
1,1.000000,-0.811000,0.495000,-50,0.000000,7,8
1,1.000000,-0.848000,0.523000,-50,0.000000,7,8
1,1.000000,-0.742000,0.453000,-49,0.000000,7,8
1,1.000000,-0.742000,0.463000,-50,0.000000,7,8
1,1.000000,-0.739000,0.473000,-50,0.000000,7,8
1,1.000000,-0.783000,0.459000,-50,0.000000,7,8
1,1.000000,-0.739000,0.446000,-50,0.000000,7,8
1,1.000000,-0.820000,0.492000,-50,0.000000,7,8
1,1.000000,-0.811000,0.511000,-49,0.000000,7,8
1,1.000000,-0.783000,0.480000,-50,0.000000,7,8
1,1.000000,-0.783000,0.493000,-49,0.000000,7,8
1,1.000000,-0.855000,0.573000,-49,0.000000,7,8
1,1.000000,-0.855000,0.520000,-50,0.000000,7,8
1,1.000000,-0.898000,0.528000,-49,0.000000,7,8
1,1.000000,-0.858000,0.575000,-50,0.000000,7,8
1,1.000000,-0.805000,0.515000,-50,0.000000,7,8
1,1.000000,-0.814000,0.520000,-50,0.000000,7,8
1,1.000000,-0.789000,0.532000,-49,0.000000,7,8
1,1.000000,-0.783000,0.509000,-49,0.000000,7,8
1,1.000000,-0.814000,0.512000,-50,0.000000,7,8
1,1.000000,-0.820000,0.505000,-50,0.000000,7,8
1,1.000000,-0.858000,0.586000,-49,0.000000,7,8
1,1.000000,-0.855000,0.573000,-49,0.000000,7,8
1,1.000000,-0.776000,0.472000,-49,0.000000,7,8
1,1.000000,-0.820000,0.497000,-49,0.000000,7,8
1,1.000000,-0.817000,0.504000,-49,0.000000,7,8
1,1.000000,-0.930000,0.604000,-49,0.000000,7,8
1,1.000000,-0.817000,0.490000,-49,0.000000,7,8
1,1.000000,-0.742000,0.478000,-50,0.000000,7,8
1,1.000000,-0.848000,0.546000,-50,0.000000,7,8
1,1.000000,-0.701000,0.465000,-49,0.000000,7,8
1,1.000000,-0.855000,0.546000,-49,0.000000,7,8
1,1.000000,-0.786000,0.469000,-49,0.000000,7,8
1,1.000000,-0.708000,0.452000,-49,0.000000,7,8
1,1.000000,-0.730000,0.459000,-49,0.000000,7,8
1,1.000000,-0.742000,0.549000,-49,0.000000,7,8
1,1.000000,-0.701000,0.473000,-49,0.000000,7,8
1,1.000000,-0.817000,0.521000,-50,0.000000,7,8
1,1.000000,-0.736000,0.452000,-51,0.000000,7,8
1,1.000000,-0.767000,0.495000,-50,0.000000,7,8
1,1.000000,-0.805000,0.484000,-52,0.000000,7,8
1,1.000000,-0.855000,0.546000,-50,0.000000,7,8
1,1.000000,-0.820000,0.546000,-48,0.000000,7,8
1,1.000000,-0.620000,0.410000,-49,0.000000,7,8
1,1.000000,-0.730000,0.469000,-50,0.000000,7,8
1,1.000000,-0.811000,0.482000,-50,0.000000,7,8
1,1.000000,-0.783000,0.493000,-50,0.000000,7,8
1,1.000000,-0.820000,0.472000,-50,0.000000,7,8
1,1.000000,-0.848000,0.517000,-50,0.000000,7,8
1,1.000000,-0.780000,0.478000,-50,0.000000,7,8
1,1.000000,-0.855000,0.486000,-50,0.000000,7,8
1,1.000000,-0.708000,0.418000,-50,0.000000,7,8
1,1.000000,-0.708000,0.427000,-50,0.000000,7,8
1,1.000000,-0.783000,0.485000,-50,0.000000,7,8
1,1.000000,-0.780000,0.449000,-50,0.000000,7,8
1,1.000000,-0.733000,0.443000,-50,0.000000,7,8
1,1.000000,-0.770000,0.450000,-50,0.000000,7,8
1,1.000000,-0.811000,0.487000,-49,0.000000,7,8
1,1.000000,-0.695000,0.391000,-50,0.000000,7,8
1,1.000000,-0.776000,0.470000,-50,0.000000,7,8
1,1.000000,-0.780000,0.515000,-49,0.000000,7,8
1,1.000000,-0.695000,0.395000,-50,0.000000,7,8
1,1.000000,-0.780000,0.561000,-50,0.000000,7,8
1,1.000000,-0.745000,0.434000,-49,0.000000,7,8
1,1.000000,-0.811000,0.468000,-50,0.000000,7,8
1,1.000000,-0.742000,0.483000,-50,0.000000,7,8
1,1.000000,-0.848000,0.561000,-48,0.000000,7,8
1,1.000000,-0.814000,0.562000,-49,0.000000,7,8
1,1.000000,-0.730000,0.477000,-49,0.000000,7,8
1,1.000000,-0.773000,0.507000,-49,0.000000,7,8
1,1.000000,-0.811000,0.496000,-49,0.000000,7,8
1,1.000000,-0.705000,0.460000,-49,0.000000,7,8
1,1.000000,-0.701000,0.510000,-50,0.000000,7,8
1,1.000000,-0.708000,0.473000,-50,0.000000,7,8
1,1.000000,-0.783000,0.524000,-50,0.000000,7,8
1,1.000000,-0.739000,0.542000,-49,0.000000,7,8
1,1.000000,-0.698000,0.504000,-49,0.000000,7,8
1,1.000000,-0.667000,0.411000,-50,0.000000,7,8
1,1.000000,-0.730000,0.477000,-50,0.000000,7,8
1,1.000000,-0.814000,0.510000,-50,0.000000,7,8
1,1.000000,-0.855000,0.578000,-51,0.000000,7,8
1,1.000000,-0.820000,0.480000,-50,0.000000,7,8
1,1.000000,-0.942000,0.565000,-48,0.000000,7,8
1,1.000000,-0.820000,0.564000,-48,0.000000,7,8
1,1.000000,-0.708000,0.452000,-49,0.000000,7,8
1,1.000000,-0.736000,0.463000,-50,0.000000,7,8
1,1.000000,-0.780000,0.494000,-50,0.000000,7,8
1,1.000000,-0.742000,0.486000,-49,0.000000,7,8
1,1.000000,-0.855000,0.564000,-49,0.000000,7,8
1,1.000000,-0.817000,0.530000,-49,0.000000,7,8
1,1.000000,-0.773000,0.451000,-49,0.000000,7,8
1,1.000000,-0.620000,0.431000,-49,0.000000,7,8
1,1.000000,-0.780000,0.512000,-49,0.000000,7,8
1,1.000000,-0.783000,0.496000,-49,0.000000,7,8
1,1.000000,-0.820000,0.469000,-50,0.000000,7,8
1,1.000000,-0.736000,0.418000,-50,0.000000,7,8
1,1.000000,-0.695000,0.449000,-50,0.000000,7,8
1,1.000000,-0.708000,0.438000,-50,0.000000,7,8
1,1.000000,-0.698000,0.447000,-49,0.000000,7,8
1,1.000000,-0.745000,0.471000,-49,0.000000,7,8
1,1.000000,-0.783000,0.544000,-49,0.000000,7,8
1,1.000000,-0.782000,0.478000,-50,0.000000,7,8
1,1.000000,-0.820000,0.497000,-50,0.000000,7,8
1,1.000000,-0.783000,0.482000,-50,0.000000,7,8
1,1.000000,-0.886000,0.562000,-50,0.000000,7,8
1,1.000000,-0.783000,0.496000,-50,0.000000,7,8
1,1.000000,-0.858000,0.516000,-50,0.000000,7,8
1,1.000000,-0.736000,0.448000,-50,0.000000,7,8
1,1.000000,-0.858000,0.548000,-50,0.000000,7,8
1,1.000000,-0.805000,0.466000,-50,0.000000,7,8
1,1.000000,-0.855000,0.487000,-50,0.000000,7,8
1,1.000000,-0.698000,0.446000,-50,0.000000,7,8
1,1.000000,-0.845000,0.502000,-50,0.000000,7,8
1,1.000000,-0.783000,0.496000,-50,0.000000,7,8
1,1.000000,-0.808000,0.500000,-50,0.000000,7,8
1,1.000000,-0.855000,0.520000,-50,0.000000,7,8
1,1.000000,-0.808000,0.536000,-50,0.000000,7,8
1,1.000000,-0.698000,0.410000,-50,0.000000,7,8
1,1.000000,-0.739000,0.464000,-51,0.000000,7,8
1,1.000000,-0.736000,0.429000,-51,0.000000,7,8
1,1.000000,-0.858000,0.489000,-50,0.000000,7,8
1,1.000000,-0.586000,0.414000,-51,0.000000,7,8
1,1.000000,-0.858000,0.547000,-50,0.000000,7,8
1,1.000000,-0.855000,0.531000,-50,0.000000,7,8
1,1.000000,-0.776000,0.500000,-50,0.000000,7,8
1,1.000000,-0.742000,0.494000,-49,0.000000,7,8
1,1.000000,-0.695000,0.427000,-50,0.000000,7,8
1,1.000000,-0.770000,0.505000,-49,0.000000,7,8
1,1.000000,-0.767000,0.481000,-49,0.000000,7,8
1,1.000000,-0.855000,0.520000,-49,0.000000,7,8
1,1.000000,-0.730000,0.477000,-49,0.000000,7,8
1,1.000000,-0.695000,0.457000,-49,0.000000,7,8
1,1.000000,-0.767000,0.498000,-49,0.000000,7,8
1,1.000000,-0.695000,0.424000,-50,0.000000,7,8
1,1.000000,-0.820000,0.497000,-50,0.000000,7,8
1,1.000000,-0.767000,0.510000,-49,0.000000,7,8
1,1.000000,-0.736000,0.452000,-51,0.000000,7,8
1,1.000000,-0.780000,0.466000,-50,0.000000,7,8
1,1.000000,-0.786000,0.461000,-50,0.000000,7,8
1,1.000000,-0.773000,0.451000,-50,0.000000,7,8
1,1.000000,-0.892000,0.550000,-49,0.000000,7,8
1,1.000000,-0.767000,0.448000,-50,0.000000,7,8
1,1.000000,-0.658000,0.406000,-49,0.000000,7,8
1,1.000000,-0.695000,0.427000,-51,0.000000,7,8
1,1.000000,-0.698000,0.426000,-50,0.000000,7,8
1,1.000000,-0.733000,0.427000,-50,0.000000,7,8
1,1.000000,-0.820000,0.483000,-49,0.000000,7,8
1,1.000000,-0.811000,0.468000,-50,0.000000,7,8
1,1.000000,-0.698000,0.427000,-50,0.000000,7,8
1,1.000000,-0.855000,0.531000,-50,0.000000,7,8
1,1.000000,-0.848000,0.501000,-50,0.000000,7,8
1,1.000000,-0.776000,0.532000,-50,0.000000,7,8
1,1.000000,-0.811000,0.483000,-50,0.000000,7,8
1,1.000000,-0.733000,0.435000,-50,0.000000,7,8
1,1.000000,-0.783000,0.509000,-49,0.000000,7,8
1,1.000000,-0.742000,0.483000,-50,0.000000,7,8
1,1.000000,-0.811000,0.468000,-50,0.000000,7,8
1,1.000000,-0.817000,0.471000,-50,0.000000,7,8
1,1.000000,-0.770000,0.524000,-49,0.000000,7,8
1,1.000000,-0.780000,0.479000,-49,0.000000,7,8
1,1.000000,-0.848000,0.528000,-49,0.000000,7,8
1,1.000000,-0.773000,0.470000,-50,0.000000,7,8
1,1.000000,-0.848000,0.530000,-50,0.000000,7,8
1,1.000000,-0.736000,0.507000,-49,0.000000,7,8
1,1.000000,-0.855000,0.537000,-49,0.000000,7,8
1,1.000000,-0.745000,0.435000,-50,0.000000,7,8
1,1.000000,-0.811000,0.469000,-50,0.000000,7,8
1,1.000000,-0.811000,0.468000,-50,0.000000,7,8
1,1.000000,-0.736000,0.462000,-51,0.000000,7,8
1,1.000000,-0.620000,0.376000,-49,0.000000,7,8
1,1.000000,-0.695000,0.474000,-50,0.000000,7,8
1,1.000000,-0.698000,0.464000,-50,0.000000,7,8
1,1.000000,-0.811000,0.512000,-49,0.000000,7,8
1,1.000000,-0.783000,0.480000,-49,0.000000,7,8
1,1.000000,-0.701000,0.477000,-50,0.000000,7,8
1,1.000000,-0.701000,0.448000,-49,0.000000,7,8
1,1.000000,-0.811000,0.564000,-49,0.000000,7,8
1,1.000000,-0.848000,0.512000,-50,0.000000,7,8
1,1.000000,-0.780000,0.507000,-50,0.000000,7,8
1,1.000000,-0.770000,0.479000,-49,0.000000,7,8
1,1.000000,-0.770000,0.524000,-49,0.000000,7,8
1,1.000000,-0.745000,0.434000,-50,0.000000,7,8
1,1.000000,-0.708000,0.438000,-50,0.000000,7,8
1,1.000000,-0.667000,0.415000,-49,0.000000,7,8
1,1.000000,-0.742000,0.509000,-50,0.000000,7,8
1,1.000000,-0.776000,0.503000,-50,0.000000,7,8
1,1.000000,-0.848000,0.490000,-50,0.000000,7,8
1,1.000000,-0.708000,0.434000,-50,0.000000,7,8
1,1.000000,-0.776000,0.483000,-50,0.000000,7,8
1,1.000000,-0.783000,0.492000,-50,0.000000,7,8
1,1.000000,-0.820000,0.505000,-50,0.000000,7,8
1,1.000000,-0.855000,0.522000,-50,0.000000,7,8
1,1.000000,-0.698000,0.459000,-49,0.000000,7,8
1,1.000000,-0.820000,0.505000,-50,0.000000,7,8
1,1.000000,-0.811000,0.501000,-50,0.000000,7,8
1,1.000000,-0.708000,0.460000,-49,0.000000,7,8
1,1.000000,-0.773000,0.466000,-49,0.000000,7,8
1,1.000000,-0.701000,0.477000,-49,0.000000,7,8
1,1.000000,-0.736000,0.480000,-50,0.000000,7,8
1,1.000000,-0.742000,0.501000,-49,0.000000,7,8
1,1.000000,-0.776000,0.532000,-50,0.000000,7,8
1,1.000000,-0.848000,0.519000,-50,0.000000,7,8
1,1.000000,-0.730000,0.441000,-49,0.000000,7,8
1,1.000000,-0.698000,0.467000,-50,0.000000,7,8
1,1.000000,-0.855000,0.520000,-50,0.000000,7,8
1,1.000000,-0.742000,0.449000,-50,0.000000,7,8
1,1.000000,-0.855000,0.504000,-50,0.000000,7,8
1,1.000000,-0.736000,0.480000,-50,0.000000,7,8
1,1.000000,-0.739000,0.464000,-50,0.000000,7,8
1,1.000000,-0.745000,0.475000,-50,0.000000,7,8
1,1.000000,-0.820000,0.469000,-50,0.000000,7,8
1,1.000000,-0.780000,0.520000,-50,0.000000,7,8
1,1.000000,-0.811000,0.501000,-50,0.000000,7,8
1,1.000000,-0.736000,0.472000,-50,0.000000,7,8
1,1.000000,-0.817000,0.504000,-50,0.000000,7,8
1,1.000000,-0.745000,0.457000,-50,0.000000,7,8
1,1.000000,-0.855000,0.520000,-50,0.000000,7,8
1,1.000000,-0.739000,0.466000,-50,0.000000,7,8
1,1.000000,-0.736000,0.436000,-49,0.000000,7,8
1,1.000000,-0.858000,0.538000,-50,0.000000,7,8
1,1.000000,-0.773000,0.447000,-50,0.000000,7,8
1,1.000000,-0.773000,0.470000,-50,0.000000,7,8
1,1.000000,-0.745000,0.467000,-50,0.000000,7,8
1,1.000000,-0.817000,0.492000,-50,0.000000,7,8
1,1.000000,-0.783000,0.468000,-50,0.000000,7,8
1,1.000000,-0.858000,0.507000,-50,0.000000,7,8
1,1.000000,-0.817000,0.548000,-50,0.000000,7,8
1,1.000000,-0.848000,0.528000,-50,0.000000,7,8
1,1.000000,-0.698000,0.440000,-50,0.000000,7,8
1,1.000000,-0.736000,0.436000,-50,0.000000,7,8
1,1.000000,-0.736000,0.436000,-49,0.000000,7,8
1,1.000000,-0.745000,0.457000,-50,0.000000,7,8
1,1.000000,-0.780000,0.509000,-50,0.000000,7,8
1,1.000000,-0.736000,0.488000,-49,0.000000,7,8
1,1.000000,-0.855000,0.475000,-49,0.000000,7,8
1,1.000000,-0.770000,0.557000,-50,0.000000,7,8
1,1.000000,-0.855000,0.537000,-50,0.000000,7,8
1,1.000000,-0.811000,0.487000,-49,0.000000,7,8
1,1.000000,-0.811000,0.487000,-50,0.000000,7,8
1,1.000000,-0.820000,0.522000,-50,0.000000,7,8
1,1.000000,-0.661000,0.451000,-49,0.000000,7,8
1,1.000000,-0.770000,0.516000,-49,0.000000,7,8
1,1.000000,-0.855000,0.506000,-50,0.000000,7,8
1,1.000000,-0.730000,0.485000,-50,0.000000,7,8
1,1.000000,-0.817000,0.504000,-50,0.000000,7,8
1,1.000000,-0.698000,0.504000,-49,0.000000,7,8
1,1.000000,-0.814000,0.541000,-50,0.000000,7,8
1,1.000000,-0.698000,0.483000,-49,0.000000,7,8
1,1.000000,-0.730000,0.489000,-49,0.000000,7,8
1,1.000000,-0.695000,0.454000,-49,0.000000,7,8
1,1.000000,-0.820000,0.517000,-49,0.000000,7,8
1,1.000000,-0.742000,0.471000,-49,0.000000,7,8
1,1.000000,-0.733000,0.515000,-49,0.000000,7,8
1,1.000000,-0.783000,0.496000,-50,0.000000,7,8
1,1.000000,-0.858000,0.566000,-49,0.000000,7,8
1,1.000000,-0.811000,0.501000,-49,0.000000,7,8
1,1.000000,-0.783000,0.493000,-49,0.000000,7,8
1,1.000000,-0.848000,0.512000,-49,0.000000,7,8
1,1.000000,-0.742000,0.502000,-49,0.000000,7,8
1,1.000000,-0.776000,0.520000,-49,0.000000,7,8
1,1.000000,-0.820000,0.514000,-49,0.000000,7,8
1,1.000000,-0.783000,0.496000,-49,0.000000,7,8
1,1.000000,-0.770000,0.497000,-49,0.000000,7,8
1,1.000000,-0.739000,0.468000,-50,0.000000,7,8
1,1.000000,-0.620000,0.427000,-50,0.000000,7,8
1,1.000000,-0.817000,0.504000,-50,0.000000,7,8
1,1.000000,-0.783000,0.485000,-50,0.000000,7,8
1,1.000000,-0.736000,0.462000,-49,0.000000,7,8
1,1.000000,-0.817000,0.499000,-50,0.000000,7,8
1,1.000000,-0.858000,0.565000,-50,0.000000,7,8
1,1.000000,-0.776000,0.512000,-50,0.000000,7,8
1,1.000000,-0.783000,0.478000,-50,0.000000,7,8
1,1.000000,-0.783000,0.453000,-50,0.000000,7,8
1,1.000000,-0.783000,0.471000,-50,0.000000,7,8
1,1.000000,-0.658000,0.406000,-50,0.000000,7,8
1,1.000000,-0.773000,0.425000,-50,0.000000,7,8
1,1.000000,-0.855000,0.494000,-50,0.000000,7,8
1,1.000000,-0.623000,0.417000,-50,0.000000,7,8
1,1.000000,-0.695000,0.462000,-50,0.000000,7,8
1,1.000000,-0.817000,0.548000,-50,0.000000,7,8
1,1.000000,-0.814000,0.534000,-50,0.000000,7,8
1,1.000000,-0.736000,0.501000,-49,0.000000,7,8
1,1.000000,-0.658000,0.425000,-50,0.000000,7,8
1,1.000000,-0.817000,0.504000,-51,0.000000,7,8
1,1.000000,-0.848000,0.571000,-50,0.000000,7,8
1,1.000000,-0.817000,0.540000,-50,0.000000,7,8
1,1.000000,-0.745000,0.467000,-50,0.000000,7,8
1,1.000000,-0.739000,0.490000,-49,0.000000,7,8
1,1.000000,-0.698000,0.490000,-50,0.000000,7,8
1,1.000000,-0.783000,0.440000,-50,0.000000,7,8
1,1.000000,-0.658000,0.493000,-50,0.000000,7,8
1,1.000000,-0.780000,0.509000,-50,0.000000,7,8
1,1.000000,-0.855000,0.506000,-50,0.000000,7,8
1,1.000000,-0.773000,0.451000,-50,0.000000,7,8
1,1.000000,-0.773000,0.474000,-50,0.000000,7,8
1,1.000000,-0.745000,0.467000,-50,0.000000,7,8
1,1.000000,-0.780000,0.516000,-51,0.000000,7,8
1,1.000000,-0.820000,0.491000,-50,0.000000,7,8
1,1.000000,-0.736000,0.492000,-49,0.000000,7,8
1,1.000000,-0.770000,0.489000,-49,0.000000,7,8
1,1.000000,-0.820000,0.522000,-50,0.000000,7,8
1,1.000000,-0.814000,0.555000,-50,0.000000,7,8
1,1.000000,-0.695000,0.423000,-49,0.000000,7,8
1,1.000000,-0.855000,0.531000,-50,0.000000,7,8
1,1.000000,-0.820000,0.502000,-49,0.000000,7,8
1,1.000000,-0.823000,0.501000,-49,0.000000,7,8
1,1.000000,-0.705000,0.451000,-49,0.000000,7,8
1,1.000000,-0.939000,0.549000,-50,0.000000,7,8
1,1.000000,-0.820000,0.491000,-49,0.000000,7,8
1,1.000000,-0.886000,0.564000,-49,0.000000,7,8
1,1.000000,-0.783000,0.478000,-50,0.000000,7,8
1,1.000000,-0.770000,0.450000,-50,0.000000,7,8
1,1.000000,-0.855000,0.470000,-49,0.000000,7,8
1,1.000000,-0.817000,0.517000,-49,0.000000,7,8
1,1.000000,-0.811000,0.525000,-50,0.000000,7,8
1,1.000000,-0.780000,0.493000,-50,0.000000,7,8
1,1.000000,-0.820000,0.558000,-50,0.000000,7,8
1,1.000000,-0.851000,0.558000,-49,0.000000,7,8
1,1.000000,-0.895000,0.584000,-49,0.000000,7,8
1,1.000000,-0.858000,0.557000,-50,0.000000,7,8
1,1.000000,-0.811000,0.471000,-49,0.000000,7,8
1,1.000000,-0.933000,0.546000,-50,0.000000,7,8
1,1.000000,-0.664000,0.471000,-49,0.000000,7,8
1,1.000000,-0.739000,0.518000,-48,0.000000,7,8
1,1.000000,-0.620000,0.445000,-49,0.000000,7,8
1,1.000000,-0.901000,0.530000,-49,0.000000,7,8
1,1.000000,-0.933000,0.576000,-49,0.000000,7,8
1,1.000000,-0.933000,0.578000,-49,0.000000,7,8
1,1.000000,-0.736000,0.456000,-50,0.000000,7,8
1,1.000000,-0.783000,0.427000,-49,0.000000,7,8
1,1.000000,-0.620000,0.451000,-48,0.000000,7,8
1,1.000000,-0.701000,0.445000,-52,0.000000,7,8
1,1.000000,-0.583000,0.366000,-50,0.000000,7,8
1,1.000000,-0.508000,0.362000,-49,0.000000,7,8
1,1.000000,-0.586000,0.392000,-48,0.000000,7,8
1,1.000000,-0.811000,0.468000,-49,0.000000,7,8
1,1.000000,-0.664000,0.505000,-46,0.000000,7,8
1,1.000000,-0.730000,0.518000,-49,0.000000,7,8
1,1.000000,-0.861000,0.536000,-52,0.000000,7,8
1,1.000000,-0.701000,0.559000,-51,0.000000,7,8
1,1.000000,-0.583000,0.459000,-46,0.000000,7,8
1,1.000000,-0.583000,0.366000,-49,0.000000,7,8
1,1.000000,-0.783000,0.529000,-48,0.000000,7,8
1,1.000000,-0.701000,0.470000,-46,0.000000,7,8
1,1.000000,-0.820000,0.569000,-49,0.000000,7,8
1,1.000000,-0.661000,0.434000,-49,0.000000,7,8
1,1.000000,-0.783000,0.585000,-47,0.000000,7,8
1,1.000000,-0.817000,0.516000,-50,0.000000,7,8
1,1.000000,-0.814000,0.560000,-49,0.000000,7,8
1,1.000000,-0.848000,0.455000,-49,0.000000,7,8
1,1.000000,-0.851000,0.557000,-49,0.000000,7,8
1,1.000000,-0.820000,0.529000,-47,0.000000,7,8
1,1.000000,-0.776000,0.565000,-46,0.000000,7,8
1,1.000000,-0.820000,0.596000,-46,0.000000,7,8
1,1.000000,-0.817000,0.528000,-48,0.000000,7,8
1,1.000000,-0.858000,0.600000,-48,0.000000,7,8
1,1.000000,-0.848000,0.503000,-49,0.000000,7,8
1,1.000000,-0.895000,0.509000,-50,0.000000,7,8
1,1.000000,-0.848000,0.488000,-50,0.000000,7,8
1,1.000000,-0.773000,0.451000,-50,0.000000,7,8
1,1.000000,-0.820000,0.461000,-50,0.000000,7,8
1,1.000000,-0.658000,0.414000,-50,0.000000,7,8
1,1.000000,-0.855000,0.516000,-50,0.000000,7,8
1,1.000000,-0.736000,0.456000,-49,0.000000,7,8
1,1.000000,-0.820000,0.567000,-47,0.000000,7,8
1,1.000000,-0.701000,0.526000,-48,0.000000,7,8
1,1.000000,-0.658000,0.410000,-49,0.000000,7,8
1,1.000000,-0.858000,0.507000,-50,0.000000,7,8
1,1.000000,-0.658000,0.432000,-49,0.000000,7,8
1,1.000000,-0.739000,0.464000,-48,0.000000,7,8
1,1.000000,-0.698000,0.446000,-49,0.000000,7,8
1,1.000000,-0.730000,0.473000,-49,0.000000,7,8
1,1.000000,-0.705000,0.462000,-50,0.000000,7,8
1,1.000000,-0.661000,0.478000,-50,0.000000,7,8
1,1.000000,-0.695000,0.438000,-49,0.000000,7,8
1,1.000000,-0.776000,0.517000,-49,0.000000,7,8
1,1.000000,-0.701000,0.492000,-49,0.000000,7,8
1,1.000000,-0.930000,0.541000,-50,0.000000,7,8
1,1.000000,-0.701000,0.448000,-50,0.000000,7,8
1,1.000000,-0.620000,0.454000,-49,0.000000,7,8
1,1.000000,-0.783000,0.448000,-49,0.000000,7,8
1,1.000000,-0.736000,0.516000,-50,0.000000,7,8
1,1.000000,-0.623000,0.470000,-49,0.000000,7,8
1,1.000000,-0.695000,0.445000,-46,0.000000,7,8
1,1.000000,-0.776000,0.546000,-49,0.000000,7,8
1,1.000000,-0.848000,0.470000,-49,0.000000,7,8
1,1.000000,-0.808000,0.570000,-50,0.000000,7,8
1,1.000000,-0.736000,0.527000,-49,0.000000,7,8
1,1.000000,-0.783000,0.492000,-49,0.000000,7,8
1,1.000000,-0.895000,0.598000,-49,0.000000,7,8
1,1.000000,-0.848000,0.510000,-49,0.000000,7,8
1,1.000000,-0.548000,0.377000,-49,0.000000,7,8
1,1.000000,-0.783000,0.544000,-48,0.000000,7,8
1,1.000000,-0.739000,0.465000,-50,0.000000,7,8
1,1.000000,-0.933000,0.543000,-50,0.000000,7,8
1,1.000000,-0.814000,0.502000,-48,0.000000,7,8
1,1.000000,-0.820000,0.480000,-50,0.000000,7,8
1,1.000000,-0.620000,0.427000,-48,0.000000,7,8
1,1.000000,-0.895000,0.540000,-50,0.000000,7,8
1,1.000000,-0.661000,0.446000,-48,0.000000,7,8
1,1.000000,-0.620000,0.362000,-48,0.000000,7,8
1,1.000000,-0.501000,0.330000,-48,0.000000,7,8
1,1.000000,-0.620000,0.439000,-49,0.000000,7,8
1,1.000000,-0.783000,0.527000,-48,0.000000,7,8
1,1.000000,-0.661000,0.484000,-49,0.000000,7,8
1,1.000000,-0.783000,0.511000,-49,0.000000,7,8
1,1.000000,-1.020000,0.819000,-43,0.000000,7,8
1,1.000000,-0.658000,0.425000,-49,0.000000,7,8
1,1.000000,-0.770000,0.403000,-50,0.000000,7,8
1,1.000000,-0.848000,0.499000,-48,0.000000,7,8
1,1.000000,-0.736000,0.481000,-49,0.000000,7,8
1,1.000000,-0.848000,0.472000,-50,0.000000,7,8
1,1.000000,-0.780000,0.460000,-50,0.000000,7,8
1,1.000000,-0.820000,0.500000,-49,0.000000,7,8
1,1.000000,-0.705000,0.459000,-48,0.000000,7,8
1,1.000000,-0.742000,0.465000,-49,0.000000,7,8
1,1.000000,-0.742000,0.472000,-50,0.000000,7,8
1,1.000000,-0.698000,0.409000,-50,0.000000,7,8
1,1.000000,-0.811000,0.545000,-49,0.000000,7,8
1,1.000000,-0.545000,0.328000,-49,0.000000,7,8
1,1.000000,-0.623000,0.366000,-48,0.000000,7,8
1,1.000000,-0.783000,0.393000,-49,0.000000,7,8
1,1.000000,-0.817000,0.442000,-49,0.000000,7,8
1,1.000000,-0.848000,0.441000,-49,0.000000,7,8
1,1.000000,-0.858000,0.430000,-49,0.000000,7,8
1,1.000000,-0.814000,0.437000,-49,0.000000,7,8
1,1.000000,-0.817000,0.399000,-49,0.000000,7,8
1,1.000000,-0.820000,0.422000,-49,0.000000,7,8
1,1.000000,-0.780000,0.392000,-49,0.000000,7,8
1,1.000000,-0.892000,0.448000,-49,0.000000,7,8
1,1.000000,-0.742000,0.363000,-49,0.000000,7,8
1,1.000000,-0.620000,0.360000,-49,0.000000,7,8
1,1.000000,-0.705000,0.347000,-49,0.000000,7,8
1,1.000000,-0.745000,0.385000,-49,0.000000,7,8
1,1.000000,-0.705000,0.357000,-49,0.000000,7,8
1,1.000000,-0.742000,0.335000,-49,0.000000,7,8
1,1.000000,-0.701000,0.353000,-49,0.000000,7,8
1,1.000000,-0.855000,0.417000,-49,0.000000,7,8
1,1.000000,-0.780000,0.389000,-49,0.000000,7,8
1,1.000000,-0.817000,0.430000,-49,0.000000,7,8
1,1.000000,-0.895000,0.463000,-49,0.000000,7,8
1,1.000000,-0.808000,0.451000,-49,0.000000,7,8
1,1.000000,-0.767000,0.420000,-48,0.000000,7,8
1,1.000000,-0.783000,0.424000,-49,0.000000,7,8
1,1.000000,-0.739000,0.400000,-49,0.000000,7,8
1,1.000000,-0.736000,0.436000,-48,0.000000,7,8
1,1.000000,-0.705000,0.453000,-49,0.000000,7,8
1,1.000000,-0.848000,0.454000,-48,0.000000,7,8
1,1.000000,-0.811000,0.427000,-49,0.000000,7,8
1,1.000000,-0.780000,0.411000,-49,0.000000,7,8
1,1.000000,-0.745000,0.408000,-49,0.000000,7,8
1,1.000000,-0.705000,0.387000,-48,0.000000,7,8
1,1.000000,-0.855000,0.463000,-49,0.000000,7,8
1,1.000000,-0.695000,0.369000,-49,0.000000,7,8
1,1.000000,-0.742000,0.383000,-49,0.000000,7,8
1,1.000000,-0.623000,0.366000,-49,0.000000,7,8
1,1.000000,-0.783000,0.423000,-49,0.000000,7,8
1,1.000000,-0.848000,0.426000,-49,0.000000,7,8
1,1.000000,-0.745000,0.415000,-49,0.000000,7,8
1,1.000000,-0.780000,0.392000,-49,0.000000,7,8
1,1.000000,-0.783000,0.430000,-49,0.000000,7,8
1,1.000000,-0.736000,0.380000,-49,0.000000,7,8
1,1.000000,-0.892000,0.467000,-49,0.000000,7,8
1,1.000000,-0.820000,0.411000,-49,0.000000,7,8
1,1.000000,-0.811000,0.428000,-48,0.000000,7,8
1,1.000000,-0.855000,0.444000,-49,0.000000,7,8
1,1.000000,-0.783000,0.400000,-49,0.000000,7,8
1,1.000000,-0.820000,0.443000,-48,0.000000,7,8
1,1.000000,-0.783000,0.417000,-49,0.000000,7,8
1,1.000000,-0.811000,0.393000,-48,0.000000,7,8
1,1.000000,-0.811000,0.425000,-48,0.000000,7,8
1,1.000000,-0.773000,0.394000,-48,0.000000,7,8
1,1.000000,-0.736000,0.371000,-48,0.000000,7,8
1,1.000000,-0.817000,0.428000,-48,0.000000,7,8
1,1.000000,-0.811000,0.414000,-48,0.000000,7,8
1,1.000000,-0.820000,0.429000,-49,0.000000,7,8
1,1.000000,-0.770000,0.415000,-48,0.000000,7,8
1,1.000000,-0.776000,0.412000,-48,0.000000,7,8
1,1.000000,-0.773000,0.407000,-49,0.000000,7,8
1,1.000000,-0.858000,0.439000,-49,0.000000,7,8
1,1.000000,-0.695000,0.391000,-48,0.000000,7,8
1,1.000000,-0.814000,0.426000,-49,0.000000,7,8
1,1.000000,-0.814000,0.448000,-49,0.000000,7,8
1,1.000000,-0.745000,0.421000,-49,0.000000,7,8
1,1.000000,-0.783000,0.411000,-48,0.000000,7,8
1,1.000000,-0.773000,0.398000,-49,0.000000,7,8
1,1.000000,-0.776000,0.414000,-49,0.000000,7,8
1,1.000000,-0.783000,0.394000,-49,0.000000,7,8
1,1.000000,-0.817000,0.401000,-48,0.000000,7,8
1,1.000000,-0.780000,0.392000,-48,0.000000,7,8
1,1.000000,-0.767000,0.411000,-48,0.000000,7,8
1,1.000000,-0.820000,0.419000,-49,0.000000,7,8
1,1.000000,-0.783000,0.417000,-48,0.000000,7,8
1,1.000000,-0.820000,0.415000,-48,0.000000,7,8
1,1.000000,-0.733000,0.406000,-49,0.000000,7,8
1,1.000000,-0.783000,0.408000,-48,0.000000,7,8
1,1.000000,-0.773000,0.375000,-49,0.000000,7,8
1,1.000000,-0.855000,0.416000,-49,0.000000,7,8
1,1.000000,-0.817000,0.384000,-49,0.000000,7,8
1,1.000000,-0.780000,0.407000,-49,0.000000,7,8
1,1.000000,-0.811000,0.409000,-49,0.000000,7,8
1,1.000000,-0.739000,0.378000,-50,0.000000,7,8
1,1.000000,-0.817000,0.418000,-49,0.000000,7,8
1,1.000000,-0.855000,0.443000,-49,0.000000,7,8
1,1.000000,-0.620000,0.336000,-49,0.000000,7,8
1,1.000000,-0.739000,0.357000,-49,0.000000,7,8
1,1.000000,-0.780000,0.380000,-49,0.000000,7,8
1,1.000000,-0.811000,0.425000,-49,0.000000,7,8
1,1.000000,-0.783000,0.398000,-49,0.000000,7,8
1,1.000000,-0.811000,0.393000,-49,0.000000,7,8
1,1.000000,-0.776000,0.361000,-49,0.000000,7,8
1,1.000000,-0.695000,0.354000,-49,0.000000,7,8
1,1.000000,-0.783000,0.422000,-49,0.000000,7,8
1,1.000000,-0.817000,0.384000,-49,0.000000,7,8
1,1.000000,-0.808000,0.381000,-50,0.000000,7,8
1,1.000000,-0.767000,0.432000,-49,0.000000,7,8
1,1.000000,-0.820000,0.409000,-49,0.000000,7,8
1,1.000000,-0.745000,0.400000,-49,0.000000,7,8
1,1.000000,-0.780000,0.385000,-49,0.000000,7,8
1,1.000000,-0.742000,0.353000,-49,0.000000,7,8
1,1.000000,-0.745000,0.391000,-50,0.000000,7,8
1,1.000000,-0.783000,0.408000,-49,0.000000,7,8
1,1.000000,-0.783000,0.381000,-49,0.000000,7,8
1,1.000000,-0.773000,0.401000,-49,0.000000,7,8
1,1.000000,-0.658000,0.373000,-49,0.000000,7,8
1,1.000000,-0.742000,0.407000,-49,0.000000,7,8
1,1.000000,-0.658000,0.349000,-49,0.000000,7,8
1,1.000000,-0.783000,0.398000,-50,0.000000,7,8
1,1.000000,-0.817000,0.394000,-49,0.000000,7,8
1,1.000000,-0.770000,0.372000,-49,0.000000,7,8
1,1.000000,-0.767000,0.408000,-49,0.000000,7,8
1,1.000000,-0.811000,0.425000,-49,0.000000,7,8
1,1.000000,-0.773000,0.390000,-49,0.000000,7,8
1,1.000000,-0.708000,0.402000,-49,0.000000,7,8
1,1.000000,-0.783000,0.393000,-49,0.000000,7,8
1,1.000000,-0.658000,0.373000,-49,0.000000,7,8
1,1.000000,-0.736000,0.421000,-48,0.000000,7,8
1,1.000000,-0.670000,0.378000,-49,0.000000,7,8
1,1.000000,-0.848000,0.439000,-49,0.000000,7,8
1,1.000000,-0.864000,0.475000,-48,0.000000,7,8
1,1.000000,-0.770000,0.376000,-49,0.000000,7,8
1,1.000000,-0.858000,0.414000,-49,0.000000,7,8
1,1.000000,-0.858000,0.447000,-49,0.000000,7,8
1,1.000000,-0.745000,0.385000,-48,0.000000,7,8
1,1.000000,-0.736000,0.384000,-49,0.000000,7,8
1,1.000000,-0.855000,0.471000,-49,0.000000,7,8
1,1.000000,-0.742000,0.405000,-48,0.000000,7,8
1,1.000000,-0.783000,0.397000,-49,0.000000,7,8
1,1.000000,-0.814000,0.454000,-48,0.000000,7,8
1,1.000000,-0.817000,0.424000,-49,0.000000,7,8
1,1.000000,-0.817000,0.442000,-49,0.000000,7,8
1,1.000000,-0.776000,0.431000,-48,0.000000,7,8
1,1.000000,-0.817000,0.455000,-49,0.000000,7,8
1,1.000000,-0.820000,0.429000,-49,0.000000,7,8
1,1.000000,-0.733000,0.370000,-49,0.000000,7,8
1,1.000000,-0.855000,0.417000,-49,0.000000,7,8
1,1.000000,-0.855000,0.458000,-49,0.000000,7,8
1,1.000000,-0.820000,0.429000,-49,0.000000,7,8
1,1.000000,-0.848000,0.414000,-49,0.000000,7,8
1,1.000000,-0.855000,0.429000,-49,0.000000,7,8
1,1.000000,-0.817000,0.413000,-49,0.000000,7,8
1,1.000000,-0.933000,0.442000,-49,0.000000,7,8
1,1.000000,-0.811000,0.409000,-50,0.000000,7,8
1,1.000000,-0.773000,0.378000,-49,0.000000,7,8
1,1.000000,-0.808000,0.367000,-49,0.000000,7,8
1,1.000000,-0.780000,0.363000,-49,0.000000,7,8
1,1.000000,-0.855000,0.400000,-49,0.000000,7,8
1,1.000000,-0.773000,0.438000,-49,0.000000,7,8
1,1.000000,-0.770000,0.362000,-49,0.000000,7,8
1,1.000000,-0.661000,0.333000,-49,0.000000,7,8
1,1.000000,-0.770000,0.372000,-49,0.000000,7,8
1,1.000000,-0.658000,0.314000,-49,0.000000,7,8
1,1.000000,-0.698000,0.372000,-49,0.000000,7,8
1,1.000000,-0.817000,0.380000,-49,0.000000,7,8
1,1.000000,-0.695000,0.338000,-49,0.000000,7,8
1,1.000000,-0.695000,0.364000,-49,0.000000,7,8
1,1.000000,-0.623000,0.367000,-49,0.000000,7,8
1,1.000000,-0.811000,0.414000,-49,0.000000,7,8
1,1.000000,-0.783000,0.386000,-49,0.000000,7,8
1,1.000000,-0.698000,0.339000,-49,0.000000,7,8
1,1.000000,-0.620000,0.348000,-49,0.000000,7,8
1,1.000000,-0.739000,0.373000,-49,0.000000,7,8
1,1.000000,-0.820000,0.416000,-49,0.000000,7,8
1,1.000000,-0.698000,0.384000,-48,0.000000,7,8
1,1.000000,-0.820000,0.411000,-49,0.000000,7,8
1,1.000000,-0.783000,0.393000,-49,0.000000,7,8
1,1.000000,-0.698000,0.384000,-49,0.000000,7,8
1,1.000000,-0.776000,0.412000,-49,0.000000,7,8
1,1.000000,-0.783000,0.393000,-49,0.000000,7,8
1,1.000000,-0.783000,0.365000,-49,0.000000,7,8
1,1.000000,-0.848000,0.430000,-49,0.000000,7,8
1,1.000000,-0.620000,0.333000,-49,0.000000,7,8
1,1.000000,-0.855000,0.403000,-49,0.000000,7,8
1,1.000000,-0.783000,0.408000,-49,0.000000,7,8
1,1.000000,-0.783000,0.381000,-49,0.000000,7,8
1,1.000000,-0.655000,0.367000,-49,0.000000,7,8
1,1.000000,-0.661000,0.380000,-49,0.000000,7,8
1,1.000000,-0.858000,0.475000,-49,0.000000,7,8
1,1.000000,-0.780000,0.398000,-49,0.000000,7,8
1,1.000000,-0.811000,0.390000,-49,0.000000,7,8
1,1.000000,-0.733000,0.345000,-49,0.000000,7,8
1,1.000000,-0.780000,0.434000,-48,0.000000,7,8
1,1.000000,-0.814000,0.441000,-49,0.000000,7,8
1,1.000000,-0.736000,0.400000,-49,0.000000,7,8
1,1.000000,-0.770000,0.423000,-49,0.000000,7,8
1,1.000000,-0.708000,0.376000,-49,0.000000,7,8
1,1.000000,-0.736000,0.396000,-48,0.000000,7,8
1,1.000000,-0.742000,0.438000,-49,0.000000,7,8
1,1.000000,-0.736000,0.407000,-49,0.000000,7,8
1,1.000000,-0.670000,0.378000,-49,0.000000,7,8
1,1.000000,-0.745000,0.413000,-49,0.000000,7,8
1,1.000000,-0.698000,0.371000,-49,0.000000,7,8
1,1.000000,-0.820000,0.490000,-48,0.000000,7,8
1,1.000000,-0.773000,0.397000,-49,0.000000,7,8
1,1.000000,-0.736000,0.407000,-49,0.000000,7,8
1,1.000000,-0.817000,0.454000,-48,0.000000,7,8
1,1.000000,-0.770000,0.403000,-49,0.000000,7,8
1,1.000000,-0.745000,0.385000,-49,0.000000,7,8
1,1.000000,-0.811000,0.410000,-49,0.000000,7,8
1,1.000000,-0.773000,0.414000,-49,0.000000,7,8
1,1.000000,-0.776000,0.436000,-49,0.000000,7,8
1,1.000000,-0.811000,0.456000,-49,0.000000,7,8
1,1.000000,-0.858000,0.447000,-49,0.000000,7,8
1,1.000000,-0.820000,0.427000,-49,0.000000,7,8
1,1.000000,-0.817000,0.442000,-49,0.000000,7,8
1,1.000000,-0.820000,0.440000,-49,0.000000,7,8
1,1.000000,-0.820000,0.444000,-49,0.000000,7,8
1,1.000000,-0.736000,0.398000,-49,0.000000,7,8
1,1.000000,-0.848000,0.441000,-49,0.000000,7,8
1,1.000000,-0.692000,0.394000,-49,0.000000,7,8
1,1.000000,-0.773000,0.408000,-49,0.000000,7,8
1,1.000000,-0.783000,0.455000,-49,0.000000,7,8
1,1.000000,-0.736000,0.380000,-49,0.000000,7,8
1,1.000000,-0.695000,0.363000,-49,0.000000,7,8
1,1.000000,-0.820000,0.457000,-49,0.000000,7,8
1,1.000000,-0.742000,0.455000,-48,0.000000,7,8
1,1.000000,-0.730000,0.426000,-49,0.000000,7,8
1,1.000000,-0.739000,0.408000,-49,0.000000,7,8
1,1.000000,-0.701000,0.368000,-48,0.000000,7,8
1,1.000000,-0.855000,0.486000,-49,0.000000,7,8
1,1.000000,-0.745000,0.381000,-49,0.000000,7,8
1,1.000000,-0.811000,0.398000,-49,0.000000,7,8
1,1.000000,-0.733000,0.436000,-49,0.000000,7,8
1,1.000000,-0.783000,0.411000,-48,0.000000,7,8
1,1.000000,-0.767000,0.432000,-48,0.000000,7,8
1,1.000000,-0.701000,0.386000,-48,0.000000,7,8
1,1.000000,-0.733000,0.419000,-49,0.000000,7,8
1,1.000000,-0.705000,0.435000,-48,0.000000,7,8
1,1.000000,-0.701000,0.393000,-49,0.000000,7,8
1,1.000000,-0.780000,0.448000,-49,0.000000,7,8
1,1.000000,-0.745000,0.391000,-48,0.000000,7,8
1,1.000000,-0.736000,0.420000,-49,0.000000,7,8
1,1.000000,-0.736000,0.407000,-49,0.000000,7,8
1,1.000000,-0.736000,0.408000,-49,0.000000,7,8
1,1.000000,-0.730000,0.384000,-49,0.000000,7,8
1,1.000000,-0.780000,0.450000,-49,0.000000,7,8
1,1.000000,-0.730000,0.409000,-48,0.000000,7,8
1,1.000000,-0.692000,0.399000,-48,0.000000,7,8
1,1.000000,-0.745000,0.409000,-48,0.000000,7,8
1,1.000000,-0.620000,0.392000,-48,0.000000,7,8
1,1.000000,-0.773000,0.409000,-48,0.000000,7,8
1,1.000000,-0.770000,0.424000,-48,0.000000,7,8
1,1.000000,-0.739000,0.398000,-49,0.000000,7,8
1,1.000000,-0.783000,0.440000,-49,0.000000,7,8
1,1.000000,-0.767000,0.419000,-48,0.000000,7,8
1,1.000000,-0.742000,0.435000,-48,0.000000,7,8
1,1.000000,-0.695000,0.412000,-49,0.000000,7,8
1,1.000000,-0.658000,0.391000,-48,0.000000,7,8
1,1.000000,-0.670000,0.407000,-49,0.000000,7,8
1,1.000000,-0.770000,0.446000,-49,0.000000,7,8
1,1.000000,-0.770000,0.429000,-49,0.000000,7,8
1,1.000000,-0.742000,0.452000,-49,0.000000,7,8
1,1.000000,-0.770000,0.392000,-49,0.000000,7,8
1,1.000000,-0.701000,0.382000,-49,0.000000,7,8
1,1.000000,-0.736000,0.420000,-49,0.000000,7,8
1,1.000000,-0.745000,0.442000,-49,0.000000,7,8
1,1.000000,-0.783000,0.484000,-49,0.000000,7,8
1,1.000000,-0.783000,0.433000,-49,0.000000,7,8
1,1.000000,-0.817000,0.418000,-49,0.000000,7,8
1,1.000000,-0.770000,0.359000,-49,0.000000,7,8
1,1.000000,-0.658000,0.383000,-49,0.000000,7,8
1,1.000000,-0.848000,0.455000,-49,0.000000,7,8
1,1.000000,-0.817000,0.442000,-49,0.000000,7,8
1,1.000000,-0.817000,0.442000,-49,0.000000,7,8
1,1.000000,-0.811000,0.411000,-49,0.000000,7,8
1,1.000000,-0.698000,0.360000,-48,0.000000,7,8
1,1.000000,-0.783000,0.431000,-49,0.000000,7,8
1,1.000000,-0.736000,0.384000,-49,0.000000,7,8
1,1.000000,-0.855000,0.429000,-49,0.000000,7,8
1,1.000000,-0.855000,0.384000,-49,0.000000,7,8
1,1.000000,-0.730000,0.392000,-49,0.000000,7,8
1,1.000000,-0.773000,0.398000,-49,0.000000,7,8
1,1.000000,-0.773000,0.409000,-49,0.000000,7,8
1,1.000000,-0.817000,0.429000,-49,0.000000,7,8
1,1.000000,-0.783000,0.423000,-49,0.000000,7,8
1,1.000000,-0.701000,0.397000,-49,0.000000,7,8
1,1.000000,-0.695000,0.411000,-49,0.000000,7,8
1,1.000000,-0.733000,0.395000,-49,0.000000,7,8
1,1.000000,-0.855000,0.470000,-49,0.000000,7,8
1,1.000000,-0.776000,0.453000,-49,0.000000,7,8
1,1.000000,-0.783000,0.427000,-49,0.000000,7,8
1,1.000000,-0.733000,0.374000,-49,0.000000,7,8
1,1.000000,-0.695000,0.400000,-48,0.000000,7,8
1,1.000000,-0.770000,0.418000,-49,0.000000,7,8
1,1.000000,-0.658000,0.361000,-48,0.000000,7,8
1,1.000000,-0.701000,0.368000,-49,0.000000,7,8
1,1.000000,-0.583000,0.300000,-49,0.000000,7,8
1,1.000000,-0.742000,0.383000,-48,0.000000,7,8
1,1.000000,-0.808000,0.409000,-49,0.000000,7,8
1,1.000000,-0.773000,0.408000,-48,0.000000,7,8
1,1.000000,-0.658000,0.349000,-49,0.000000,7,8
1,1.000000,-0.817000,0.482000,-49,0.000000,7,8
1,1.000000,-0.773000,0.392000,-48,0.000000,7,8
1,1.000000,-0.730000,0.423000,-49,0.000000,7,8
1,1.000000,-0.745000,0.377000,-49,0.000000,7,8
1,1.000000,-0.698000,0.339000,-48,0.000000,7,8
1,1.000000,-0.739000,0.366000,-48,0.000000,7,8
1,1.000000,-0.736000,0.399000,-48,0.000000,7,8
1,1.000000,-0.767000,0.406000,-48,0.000000,7,8
1,1.000000,-0.698000,0.366000,-48,0.000000,7,8
1,1.000000,-0.658000,0.399000,-48,0.000000,7,8
1,1.000000,-0.698000,0.394000,-48,0.000000,7,8
1,1.000000,-0.736000,0.394000,-48,0.000000,7,8
1,1.000000,-0.745000,0.411000,-48,0.000000,7,8
1,1.000000,-0.708000,0.402000,-48,0.000000,7,8
1,1.000000,-0.773000,0.425000,-49,0.000000,7,8
1,1.000000,-0.858000,0.415000,-49,0.000000,7,8
1,1.000000,-0.739000,0.430000,-48,0.000000,7,8
1,1.000000,-0.780000,0.421000,-48,0.000000,7,8
1,1.000000,-0.820000,0.444000,-49,0.000000,7,8
1,1.000000,-0.817000,0.411000,-49,0.000000,7,8
1,1.000000,-0.780000,0.450000,-49,0.000000,7,8
1,1.000000,-0.736000,0.371000,-49,0.000000,7,8
1,1.000000,-0.698000,0.355000,-49,0.000000,7,8
1,1.000000,-0.820000,0.444000,-49,0.000000,7,8
1,1.000000,-0.695000,0.411000,-49,0.000000,7,8
1,1.000000,-0.817000,0.442000,-49,0.000000,7,8
1,1.000000,-0.858000,0.401000,-49,0.000000,7,8
1,1.000000,-0.739000,0.362000,-49,0.000000,7,8
1,1.000000,-0.770000,0.446000,-49,0.000000,7,8
1,1.000000,-0.736000,0.387000,-49,0.000000,7,8
1,1.000000,-0.820000,0.415000,-49,0.000000,7,8
1,1.000000,-0.658000,0.360000,-49,0.000000,7,8
1,1.000000,-0.692000,0.398000,-48,0.000000,7,8
1,1.000000,-0.736000,0.398000,-48,0.000000,7,8
1,1.000000,-0.698000,0.397000,-49,0.000000,7,8
1,1.000000,-0.733000,0.389000,-49,0.000000,7,8
1,1.000000,-0.733000,0.398000,-49,0.000000,7,8
1,1.000000,-0.783000,0.394000,-49,0.000000,7,8
1,1.000000,-0.658000,0.391000,-49,0.000000,7,8
1,1.000000,-0.705000,0.388000,-48,0.000000,7,8
1,1.000000,-0.701000,0.406000,-48,0.000000,7,8
1,1.000000,-0.620000,0.348000,-49,0.000000,7,8
1,1.000000,-0.733000,0.370000,-49,0.000000,7,8
1,1.000000,-0.820000,0.430000,-49,0.000000,7,8
1,1.000000,-0.695000,0.364000,-49,0.000000,7,8
1,1.000000,-0.783000,0.423000,-49,0.000000,7,8
1,1.000000,-0.736000,0.421000,-49,0.000000,7,8
1,1.000000,-0.783000,0.431000,-49,0.000000,7,8
1,1.000000,-0.736000,0.408000,-48,0.000000,7,8
1,1.000000,-0.776000,0.373000,-49,0.000000,7,8
1,1.000000,-0.817000,0.422000,-49,0.000000,7,8
1,1.000000,-0.661000,0.396000,-49,0.000000,7,8
1,1.000000,-0.770000,0.376000,-49,0.000000,7,8
1,1.000000,-0.736000,0.396000,-49,0.000000,7,8
1,1.000000,-0.820000,0.461000,-48,0.000000,7,8
1,1.000000,-0.930000,0.469000,-49,0.000000,7,8
1,1.000000,-0.783000,0.408000,-48,0.000000,7,8
1,1.000000,-0.783000,0.460000,-48,0.000000,7,8
1,1.000000,-0.817000,0.490000,-49,0.000000,7,8
1,1.000000,-0.811000,0.439000,-48,0.000000,7,8
1,1.000000,-0.855000,0.421000,-48,0.000000,7,8
1,1.000000,-0.583000,0.327000,-48,0.000000,7,8
1,1.000000,-0.745000,0.391000,-49,0.000000,7,8
1,1.000000,-0.736000,0.387000,-49,0.000000,7,8
1,1.000000,-0.701000,0.340000,-49,0.000000,7,8
1,1.000000,-0.708000,0.378000,-49,0.000000,7,8
1,1.000000,-0.695000,0.354000,-49,0.000000,7,8
1,1.000000,-0.773000,0.412000,-49,0.000000,7,8
1,1.000000,-0.776000,0.436000,-49,0.000000,7,8
1,1.000000,-0.708000,0.376000,-49,0.000000,7,8
1,1.000000,-0.708000,0.389000,-49,0.000000,7,8
1,1.000000,-0.770000,0.403000,-49,0.000000,7,8
1,1.000000,-0.817000,0.428000,-49,0.000000,7,8
1,1.000000,-0.733000,0.399000,-50,0.000000,7,8
1,1.000000,-0.817000,0.429000,-48,0.000000,7,8
1,1.000000,-0.780000,0.457000,-49,0.000000,7,8
1,1.000000,-0.698000,0.426000,-49,0.000000,7,8
1,1.000000,-0.733000,0.399000,-49,0.000000,7,8
1,1.000000,-0.770000,0.441000,-49,0.000000,7,8
1,1.000000,-0.742000,0.403000,-49,0.000000,7,8
1,1.000000,-0.692000,0.353000,-49,0.000000,7,8
1,1.000000,-0.855000,0.433000,-48,0.000000,7,8
1,1.000000,-0.773000,0.412000,-49,0.000000,7,8
1,1.000000,-0.701000,0.374000,-49,0.000000,7,8
1,1.000000,-0.736000,0.407000,-49,0.000000,7,8
1,1.000000,-0.695000,0.383000,-49,0.000000,7,8
1,1.000000,-0.620000,0.376000,-49,0.000000,7,8
1,1.000000,-0.692000,0.410000,-48,0.000000,7,8
1,1.000000,-0.658000,0.368000,-48,0.000000,7,8
1,1.000000,-0.811000,0.430000,-49,0.000000,7,8
1,1.000000,-0.658000,0.373000,-49,0.000000,7,8
1,1.000000,-0.733000,0.412000,-48,0.000000,7,8
1,1.000000,-0.817000,0.459000,-49,0.000000,7,8
1,1.000000,-0.780000,0.476000,-48,0.000000,7,8
1,1.000000,-0.776000,0.413000,-49,0.000000,7,8
1,1.000000,-0.783000,0.444000,-48,0.000000,7,8
1,1.000000,-0.658000,0.378000,-49,0.000000,7,8
1,1.000000,-0.742000,0.455000,-49,0.000000,7,8
1,1.000000,-0.664000,0.380000,-49,0.000000,7,8
1,1.000000,-0.736000,0.420000,-49,0.000000,7,8
1,1.000000,-0.767000,0.453000,-49,0.000000,7,8
1,1.000000,-0.658000,0.358000,-49,0.000000,7,8
1,1.000000,-0.745000,0.434000,-49,0.000000,7,8
1,1.000000,-0.698000,0.372000,-49,0.000000,7,8
1,1.000000,-0.761000,0.361000,-49,0.000000,7,8
1,1.000000,-0.692000,0.380000,-49,0.000000,7,8
1,1.000000,-0.661000,0.350000,-49,0.000000,7,8
1,1.000000,-0.692000,0.381000,-49,0.000000,7,8
1,1.000000,-0.623000,0.365000,-49,0.000000,7,8
1,1.000000,-0.745000,0.391000,-49,0.000000,7,8
1,1.000000,-0.620000,0.333000,-49,0.000000,7,8
1,1.000000,-0.783000,0.423000,-49,0.000000,7,8
1,1.000000,-0.820000,0.422000,-49,0.000000,7,8
1,1.000000,-0.733000,0.420000,-48,0.000000,7,8
1,1.000000,-0.767000,0.430000,-48,0.000000,7,8
1,1.000000,-0.701000,0.341000,-49,0.000000,7,8
1,1.000000,-0.858000,0.476000,-49,0.000000,7,8
1,1.000000,-0.658000,0.427000,-48,0.000000,7,8
1,1.000000,-0.692000,0.368000,-49,0.000000,7,8
1,1.000000,-0.742000,0.392000,-49,0.000000,7,8
1,1.000000,-0.780000,0.383000,-49,0.000000,7,8
1,1.000000,-0.701000,0.341000,-49,0.000000,7,8
1,1.000000,-0.745000,0.381000,-49,0.000000,7,8
1,1.000000,-0.820000,0.434000,-49,0.000000,7,8
1,1.000000,-0.701000,0.424000,-49,0.000000,7,8
1,1.000000,-0.736000,0.451000,-49,0.000000,7,8
1,1.000000,-0.730000,0.409000,-49,0.000000,7,8
1,1.000000,-0.698000,0.414000,-49,0.000000,7,8
1,1.000000,-0.783000,0.440000,-48,0.000000,7,8
1,1.000000,-0.695000,0.400000,-49,0.000000,7,8
1,1.000000,-0.780000,0.441000,-49,0.000000,7,8
1,1.000000,-0.783000,0.452000,-49,0.000000,7,8
1,1.000000,-0.736000,0.387000,-49,0.000000,7,8
1,1.000000,-0.655000,0.407000,-48,0.000000,7,8
1,1.000000,-0.695000,0.390000,-49,0.000000,7,8
1,1.000000,-0.658000,0.369000,-49,0.000000,7,8
1,1.000000,-0.745000,0.421000,-49,0.000000,7,8
1,1.000000,-0.780000,0.420000,-49,0.000000,7,8
1,1.000000,-0.736000,0.370000,-49,0.000000,7,8
1,1.000000,-0.820000,0.469000,-49,0.000000,7,8
1,1.000000,-0.698000,0.415000,-49,0.000000,7,8
1,1.000000,-0.658000,0.410000,-49,0.000000,7,8
1,1.000000,-0.736000,0.407000,-49,0.000000,7,8
1,1.000000,-0.695000,0.364000,-49,0.000000,7,8
1,1.000000,-0.820000,0.403000,-49,0.000000,7,8
1,1.000000,-0.817000,0.458000,-49,0.000000,7,8
1,1.000000,-0.739000,0.421000,-49,0.000000,7,8
1,1.000000,-0.623000,0.393000,-49,0.000000,7,8
1,1.000000,-0.701000,0.418000,-48,0.000000,7,8
1,1.000000,-0.623000,0.366000,-49,0.000000,7,8
1,1.000000,-0.739000,0.410000,-48,0.000000,7,8
1,1.000000,-0.773000,0.407000,-49,0.000000,7,8
1,1.000000,-0.780000,0.440000,-49,0.000000,7,8
1,1.000000,-0.817000,0.455000,-48,0.000000,7,8
1,1.000000,-0.698000,0.398000,-49,0.000000,7,8
1,1.000000,-0.776000,0.411000,-49,0.000000,7,8
1,1.000000,-0.817000,0.442000,-49,0.000000,7,8
1,1.000000,-0.776000,0.403000,-49,0.000000,7,8
1,1.000000,-0.661000,0.418000,-49,0.000000,7,8
1,1.000000,-0.620000,0.336000,-49,0.000000,7,8
1,1.000000,-0.736000,0.399000,-49,0.000000,7,8
1,1.000000,-0.811000,0.409000,-49,0.000000,7,8
1,1.000000,-0.770000,0.421000,-49,0.000000,7,8
1,1.000000,-0.736000,0.433000,-49,0.000000,7,8
1,1.000000,-0.817000,0.455000,-49,0.000000,7,8
1,1.000000,-0.623000,0.366000,-49,0.000000,7,8
1,1.000000,-0.817000,0.455000,-49,0.000000,7,8
1,1.000000,-0.783000,0.471000,-49,0.000000,7,8
1,1.000000,-0.858000,0.507000,-48,0.000000,7,8
1,1.000000,-0.661000,0.389000,-49,0.000000,7,8
1,1.000000,-0.770000,0.405000,-49,0.000000,7,8
1,1.000000,-0.661000,0.390000,-49,0.000000,7,8
1,1.000000,-0.658000,0.391000,-47,0.000000,7,8
1,1.000000,-0.783000,0.478000,-49,0.000000,7,8
1,1.000000,-0.770000,0.479000,-49,0.000000,7,8
1,1.000000,-0.730000,0.418000,-49,0.000000,7,8
1,1.000000,-0.742000,0.424000,-49,0.000000,7,8
1,1.000000,-0.658000,0.399000,-49,0.000000,7,8
1,1.000000,-0.736000,0.412000,-49,0.000000,7,8
1,1.000000,-0.695000,0.353000,-49,0.000000,7,8
1,1.000000,-0.705000,0.441000,-48,0.000000,7,8
1,1.000000,-0.708000,0.400000,-49,0.000000,7,8
1,1.000000,-0.780000,0.420000,-48,0.000000,7,8
1,1.000000,-0.658000,0.359000,-49,0.000000,7,8
1,1.000000,-0.698000,0.387000,-49,0.000000,7,8
1,1.000000,-0.811000,0.425000,-49,0.000000,7,8
1,1.000000,-0.745000,0.408000,-49,0.000000,7,8
1,1.000000,-0.817000,0.455000,-49,0.000000,7,8
1,1.000000,-0.820000,0.443000,-49,0.000000,7,8
1,1.000000,-0.858000,0.461000,-49,0.000000,7,8
1,1.000000,-0.848000,0.441000,-49,0.000000,7,8
1,1.000000,-0.780000,0.400000,-49,0.000000,7,8
1,1.000000,-0.733000,0.340000,-49,0.000000,7,8
1,1.000000,-0.742000,0.383000,-49,0.000000,7,8
1,1.000000,-0.817000,0.442000,-49,0.000000,7,8
1,1.000000,-0.789000,0.423000,-49,0.000000,7,8
1,1.000000,-0.739000,0.417000,-49,0.000000,7,8
1,1.000000,-0.858000,0.476000,-49,0.000000,7,8
1,1.000000,-0.773000,0.459000,-48,0.000000,7,8
1,1.000000,-0.780000,0.449000,-48,0.000000,7,8
1,1.000000,-0.695000,0.431000,-49,0.000000,7,8
1,1.000000,-0.739000,0.472000,-49,0.000000,7,8
1,1.000000,-0.783000,0.470000,-48,0.000000,7,8
1,1.000000,-0.770000,0.421000,-48,0.000000,7,8
1,1.000000,-0.586000,0.378000,-48,0.000000,7,8
1,1.000000,-0.701000,0.415000,-48,0.000000,7,8
1,1.000000,-0.698000,0.391000,-48,0.000000,7,8
1,1.000000,-0.733000,0.404000,-48,0.000000,7,8
1,1.000000,-0.733000,0.468000,-48,0.000000,7,8
1,1.000000,-0.698000,0.385000,-48,0.000000,7,8
1,1.000000,-0.623000,0.403000,-48,0.000000,7,8
1,1.000000,-0.783000,0.460000,-48,0.000000,7,8
1,1.000000,-0.739000,0.417000,-49,0.000000,7,8
1,1.000000,-0.658000,0.387000,-48,0.000000,7,8
1,1.000000,-0.698000,0.383000,-48,0.000000,7,8
1,1.000000,-0.692000,0.394000,-49,0.000000,7,8
1,1.000000,-0.708000,0.390000,-48,0.000000,7,8
1,1.000000,-0.705000,0.373000,-49,0.000000,7,8
1,1.000000,-0.705000,0.373000,-49,0.000000,7,8
1,1.000000,-0.736000,0.456000,-49,0.000000,7,8
1,1.000000,-0.776000,0.398000,-49,0.000000,7,8
1,1.000000,-0.742000,0.403000,-48,0.000000,7,8
1,1.000000,-0.811000,0.408000,-48,0.000000,7,8
1,1.000000,-0.767000,0.432000,-49,0.000000,7,8
1,1.000000,-0.820000,0.452000,-49,0.000000,7,8
1,1.000000,-0.623000,0.411000,-48,0.000000,7,8
1,1.000000,-0.742000,0.397000,-49,0.000000,7,8
1,1.000000,-0.742000,0.443000,-49,0.000000,7,8
1,1.000000,-0.783000,0.423000,-49,0.000000,7,8
1,1.000000,-0.767000,0.448000,-48,0.000000,7,8
1,1.000000,-0.808000,0.465000,-49,0.000000,7,8
1,1.000000,-0.739000,0.374000,-49,0.000000,7,8
1,1.000000,-0.780000,0.416000,-49,0.000000,7,8
1,1.000000,-0.736000,0.452000,-49,0.000000,7,8
1,1.000000,-0.733000,0.370000,-49,0.000000,7,8
1,1.000000,-0.698000,0.409000,-49,0.000000,7,8
1,1.000000,-0.770000,0.412000,-49,0.000000,7,8
1,1.000000,-0.776000,0.447000,-49,0.000000,7,8
1,1.000000,-0.783000,0.423000,-48,0.000000,7,8
1,1.000000,-0.701000,0.433000,-48,0.000000,7,8
1,1.000000,-0.770000,0.466000,-48,0.000000,7,8
1,1.000000,-0.692000,0.394000,-49,0.000000,7,8
1,1.000000,-0.658000,0.440000,-48,0.000000,7,8
1,1.000000,-0.745000,0.482000,-49,0.000000,7,8
1,1.000000,-0.770000,0.466000,-48,0.000000,7,8
1,1.000000,-0.695000,0.429000,-48,0.000000,7,8
1,1.000000,-0.773000,0.459000,-49,0.000000,7,8
1,1.000000,-0.780000,0.450000,-48,0.000000,7,8
1,1.000000,-0.705000,0.436000,-48,0.000000,7,8
1,1.000000,-0.780000,0.465000,-48,0.000000,7,8
1,1.000000,-0.739000,0.408000,-48,0.000000,7,8
1,1.000000,-0.745000,0.397000,-48,0.000000,7,8
1,1.000000,-0.776000,0.452000,-48,0.000000,7,8
1,1.000000,-0.783000,0.444000,-47,0.000000,7,8
1,1.000000,-0.811000,0.449000,-48,0.000000,7,8
1,1.000000,-0.736000,0.448000,-49,0.000000,7,8
1,1.000000,-0.780000,0.457000,-48,0.000000,7,8
1,1.000000,-0.736000,0.412000,-47,0.000000,7,8
1,1.000000,-0.733000,0.457000,-48,0.000000,7,8
1,1.000000,-0.733000,0.418000,-48,0.000000,7,8
1,1.000000,-0.730000,0.437000,-48,0.000000,7,8
1,1.000000,-0.661000,0.384000,-48,0.000000,7,8
1,1.000000,-0.701000,0.445000,-48,0.000000,7,8
1,1.000000,-0.661000,0.400000,-47,0.000000,7,8
1,1.000000,-0.848000,0.534000,-48,0.000000,7,8
1,1.000000,-0.820000,0.487000,-48,0.000000,7,8
1,1.000000,-0.780000,0.446000,-47,0.000000,7,8
1,1.000000,-0.730000,0.409000,-47,0.000000,7,8
1,1.000000,-0.695000,0.392000,-48,0.000000,7,8
1,1.000000,-0.742000,0.435000,-48,0.000000,7,8
1,1.000000,-0.780000,0.492000,-49,0.000000,7,8
1,1.000000,-0.658000,0.428000,-48,0.000000,7,8
1,1.000000,-0.817000,0.476000,-48,0.000000,7,8
1,1.000000,-0.705000,0.459000,-47,0.000000,7,8
1,1.000000,-0.733000,0.461000,-48,0.000000,7,8
1,1.000000,-0.733000,0.461000,-48,0.000000,7,8
1,1.000000,-0.698000,0.416000,-48,0.000000,7,8
1,1.000000,-0.658000,0.382000,-48,0.000000,7,8
1,1.000000,-0.776000,0.453000,-49,0.000000,7,8
1,1.000000,-0.773000,0.392000,-48,0.000000,7,8
1,1.000000,-0.623000,0.376000,-48,0.000000,7,8
1,1.000000,-0.783000,0.431000,-49,0.000000,7,8
1,1.000000,-0.733000,0.384000,-48,0.000000,7,8
1,1.000000,-0.776000,0.382000,-48,0.000000,7,8
1,1.000000,-0.736000,0.436000,-49,0.000000,7,8
1,1.000000,-0.742000,0.397000,-48,0.000000,7,8
1,1.000000,-0.733000,0.379000,-49,0.000000,7,8
1,1.000000,-0.773000,0.381000,-49,0.000000,7,8
1,1.000000,-0.698000,0.355000,-49,0.000000,7,8
1,1.000000,-0.770000,0.376000,-49,0.000000,7,8
1,1.000000,-0.736000,0.394000,-49,0.000000,7,8
1,1.000000,-0.770000,0.394000,-49,0.000000,7,8
1,1.000000,-0.736000,0.387000,-49,0.000000,7,8
1,1.000000,-0.736000,0.372000,-49,0.000000,7,8
1,1.000000,-0.770000,0.411000,-49,0.000000,7,8
1,1.000000,-0.733000,0.374000,-49,0.000000,7,8
1,1.000000,-0.820000,0.412000,-49,0.000000,7,8
1,1.000000,-0.770000,0.376000,-49,0.000000,7,8
1,1.000000,-0.736000,0.420000,-49,0.000000,7,8
1,1.000000,-0.773000,0.392000,-49,0.000000,7,8
1,1.000000,-0.783000,0.417000,-49,0.000000,7,8
1,1.000000,-0.733000,0.416000,-49,0.000000,7,8
1,1.000000,-0.736000,0.396000,-50,0.000000,7,8
1,1.000000,-0.623000,0.360000,-49,0.000000,7,8
1,1.000000,-0.695000,0.354000,-50,0.000000,7,8
1,1.000000,-0.736000,0.407000,-49,0.000000,7,8
1,1.000000,-0.695000,0.397000,-49,0.000000,7,8
1,1.000000,-0.780000,0.429000,-49,0.000000,7,8
1,1.000000,-0.776000,0.399000,-49,0.000000,7,8
1,1.000000,-0.739000,0.364000,-49,0.000000,7,8
1,1.000000,-0.695000,0.339000,-49,0.000000,7,8
1,1.000000,-0.780000,0.417000,-49,0.000000,7,8
1,1.000000,-0.776000,0.399000,-49,0.000000,7,8
1,1.000000,-0.742000,0.392000,-49,0.000000,7,8
1,1.000000,-0.767000,0.408000,-49,0.000000,7,8
1,1.000000,-0.695000,0.367000,-49,0.000000,7,8
1,1.000000,-0.739000,0.411000,-49,0.000000,7,8
1,1.000000,-0.736000,0.433000,-49,0.000000,7,8
1,1.000000,-0.658000,0.361000,-48,0.000000,7,8
1,1.000000,-0.817000,0.438000,-48,0.000000,7,8
1,1.000000,-0.780000,0.491000,-49,0.000000,7,8
1,1.000000,-0.739000,0.408000,-49,0.000000,7,8
1,1.000000,-0.770000,0.392000,-49,0.000000,7,8
1,1.000000,-0.745000,0.417000,-48,0.000000,7,8
1,1.000000,-0.745000,0.421000,-49,0.000000,7,8
1,1.000000,-0.708000,0.382000,-49,0.000000,7,8
1,1.000000,-0.742000,0.424000,-49,0.000000,7,8
1,1.000000,-0.692000,0.368000,-48,0.000000,7,8
1,1.000000,-0.820000,0.473000,-49,0.000000,7,8
1,1.000000,-0.620000,0.350000,-49,0.000000,7,8
1,1.000000,-0.742000,0.383000,-49,0.000000,7,8
1,1.000000,-0.767000,0.468000,-49,0.000000,7,8
1,1.000000,-0.583000,0.346000,-48,0.000000,7,8
1,1.000000,-0.705000,0.409000,-48,0.000000,7,8
1,1.000000,-0.695000,0.354000,-49,0.000000,7,8
1,1.000000,-0.783000,0.398000,-48,0.000000,7,8
1,1.000000,-0.745000,0.396000,-48,0.000000,7,8
1,1.000000,-0.745000,0.396000,-49,0.000000,7,8
1,1.000000,-0.708000,0.405000,-49,0.000000,7,8
1,1.000000,-0.695000,0.365000,-49,0.000000,7,8
1,1.000000,-0.736000,0.415000,-48,0.000000,7,8
1,1.000000,-0.739000,0.435000,-49,0.000000,7,8
1,1.000000,-0.658000,0.377000,-49,0.000000,7,8
1,1.000000,-0.695000,0.355000,-49,0.000000,7,8
1,1.000000,-0.730000,0.445000,-49,0.000000,7,8
1,1.000000,-0.695000,0.382000,-49,0.000000,7,8
1,1.000000,-0.820000,0.456000,-49,0.000000,7,8
1,1.000000,-0.820000,0.473000,-48,0.000000,7,8
1,1.000000,-0.820000,0.445000,-49,0.000000,7,8
1,1.000000,-0.736000,0.430000,-48,0.000000,7,8
1,1.000000,-0.811000,0.425000,-48,0.000000,7,8
1,1.000000,-0.817000,0.447000,-48,0.000000,7,8
1,1.000000,-0.848000,0.479000,-48,0.000000,7,8
1,1.000000,-0.817000,0.471000,-49,0.000000,7,8
1,1.000000,-0.817000,0.406000,-48,0.000000,7,8
1,1.000000,-0.858000,0.449000,-49,0.000000,7,8
1,1.000000,-0.658000,0.414000,-48,0.000000,7,8
1,1.000000,-0.848000,0.472000,-49,0.000000,7,8
1,1.000000,-0.773000,0.392000,-49,0.000000,7,8
1,1.000000,-0.776000,0.441000,-49,0.000000,7,8
1,1.000000,-0.817000,0.412000,-48,0.000000,7,8
1,1.000000,-0.817000,0.442000,-48,0.000000,7,8
1,1.000000,-0.808000,0.366000,-49,0.000000,7,8
1,1.000000,-0.658000,0.361000,-49,0.000000,7,8
1,1.000000,-0.848000,0.415000,-49,0.000000,7,8
1,1.000000,-0.770000,0.359000,-48,0.000000,7,8
1,1.000000,-0.664000,0.381000,-49,0.000000,7,8
1,1.000000,-0.817000,0.452000,-49,0.000000,7,8
1,1.000000,-0.736000,0.382000,-49,0.000000,7,8
1,1.000000,-0.773000,0.398000,-48,0.000000,7,8
1,1.000000,-0.658000,0.343000,-49,0.000000,7,8
1,1.000000,-0.742000,0.420000,-49,0.000000,7,8
1,1.000000,-0.817000,0.431000,-49,0.000000,7,8
1,1.000000,-0.770000,0.403000,-49,0.000000,7,8
1,1.000000,-0.770000,0.343000,-49,0.000000,7,8
1,1.000000,-0.733000,0.398000,-49,0.000000,7,8
1,1.000000,-0.730000,0.409000,-49,0.000000,7,8
1,1.000000,-0.705000,0.378000,-49,0.000000,7,8
1,1.000000,-0.858000,0.445000,-49,0.000000,7,8
1,1.000000,-0.658000,0.349000,-49,0.000000,7,8
1,1.000000,-0.583000,0.284000,-49,0.000000,7,8
1,1.000000,-0.661000,0.345000,-49,0.000000,7,8
1,1.000000,-0.776000,0.418000,-49,0.000000,7,8
1,1.000000,-0.773000,0.408000,-49,0.000000,7,8
1,1.000000,-0.736000,0.420000,-49,0.000000,7,8
1,1.000000,-0.783000,0.424000,-49,0.000000,7,8
1,1.000000,-0.742000,0.355000,-49,0.000000,7,8
1,1.000000,-0.776000,0.412000,-49,0.000000,7,8
1,1.000000,-0.739000,0.405000,-49,0.000000,7,8
1,1.000000,-0.858000,0.459000,-49,0.000000,7,8
1,1.000000,-0.817000,0.419000,-49,0.000000,7,8
1,1.000000,-0.736000,0.420000,-49,0.000000,7,8
1,1.000000,-0.733000,0.419000,-49,0.000000,7,8
1,1.000000,-0.811000,0.433000,-49,0.000000,7,8
1,1.000000,-0.708000,0.339000,-48,0.000000,7,8
1,1.000000,-0.773000,0.416000,-49,0.000000,7,8
1,1.000000,-0.820000,0.445000,-48,0.000000,7,8
1,1.000000,-0.895000,0.513000,-49,0.000000,7,8
1,1.000000,-0.776000,0.449000,-48,0.000000,7,8
1,1.000000,-0.739000,0.439000,-49,0.000000,7,8
1,1.000000,-0.783000,0.431000,-49,0.000000,7,8
1,1.000000,-0.820000,0.443000,-49,0.000000,7,8
1,1.000000,-0.658000,0.360000,-49,0.000000,7,8
1,1.000000,-0.858000,0.430000,-48,0.000000,7,8
1,1.000000,-0.773000,0.381000,-49,0.000000,7,8
1,1.000000,-0.736000,0.371000,-48,0.000000,7,8
1,1.000000,-0.745000,0.438000,-48,0.000000,7,8
1,1.000000,-0.745000,0.423000,-48,0.000000,7,8
1,1.000000,-0.783000,0.423000,-48,0.000000,7,8
1,1.000000,-0.695000,0.383000,-48,0.000000,7,8
1,1.000000,-0.858000,0.461000,-49,0.000000,7,8
1,1.000000,-0.855000,0.489000,-49,0.000000,7,8
1,1.000000,-0.820000,0.431000,-49,0.000000,7,8
1,1.000000,-0.739000,0.419000,-49,0.000000,7,8
1,1.000000,-0.817000,0.448000,-49,0.000000,7,8
1,1.000000,-0.776000,0.441000,-49,0.000000,7,8
1,1.000000,-0.773000,0.390000,-49,0.000000,7,8
1,1.000000,-0.808000,0.454000,-48,0.000000,7,8
1,1.000000,-0.780000,0.444000,-48,0.000000,7,8
1,1.000000,-0.733000,0.353000,-49,0.000000,7,8
1,1.000000,-0.770000,0.345000,-48,0.000000,7,8
1,1.000000,-0.695000,0.390000,-49,0.000000,7,8
1,1.000000,-0.733000,0.436000,-49,0.000000,7,8
1,1.000000,-0.811000,0.424000,-49,0.000000,7,8
1,1.000000,-0.855000,0.467000,-49,0.000000,7,8
1,1.000000,-0.701000,0.410000,-49,0.000000,7,8
1,1.000000,-0.780000,0.389000,-49,0.000000,7,8
1,1.000000,-0.745000,0.385000,-49,0.000000,7,8
1,1.000000,-0.780000,0.434000,-49,0.000000,7,8
1,1.000000,-0.773000,0.398000,-49,0.000000,7,8
1,1.000000,-0.661000,0.402000,-49,0.000000,7,8
1,1.000000,-0.708000,0.371000,-49,0.000000,7,8
1,1.000000,-0.770000,0.372000,-49,0.000000,7,8
1,1.000000,-0.780000,0.380000,-49,0.000000,7,8
1,1.000000,-0.820000,0.427000,-49,0.000000,7,8
1,1.000000,-0.770000,0.403000,-49,0.000000,7,8
1,1.000000,-0.745000,0.387000,-49,0.000000,7,8
1,1.000000,-0.817000,0.443000,-49,0.000000,7,8
1,1.000000,-0.820000,0.403000,-49,0.000000,7,8
1,1.000000,-0.695000,0.370000,-49,0.000000,7,8
1,1.000000,-0.858000,0.463000,-49,0.000000,7,8
1,1.000000,-0.855000,0.491000,-49,0.000000,7,8
1,1.000000,-0.817000,0.441000,-49,0.000000,7,8
1,1.000000,-0.776000,0.424000,-49,0.000000,7,8
1,1.000000,-0.817000,0.455000,-49,0.000000,7,8
1,1.000000,-0.776000,0.437000,-49,0.000000,7,8
1,1.000000,-0.820000,0.461000,-48,0.000000,7,8
1,1.000000,-0.780000,0.444000,-48,0.000000,7,8
1,1.000000,-0.583000,0.356000,-48,0.000000,7,8
1,1.000000,-0.708000,0.419000,-49,0.000000,7,8
1,1.000000,-0.783000,0.433000,-48,0.000000,7,8
1,1.000000,-0.858000,0.565000,-49,0.000000,7,8
1,1.000000,-0.701000,0.435000,-48,0.000000,7,8
1,1.000000,-0.783000,0.462000,-48,0.000000,7,8
