1,7.000000,6.424000,0.315000,-61,0.000000,7,8
1,7.000000,6.534000,0.157000,-60,0.000000,7,8
1,7.000000,6.532000,0.127000,-60,0.000000,7,8
1,7.000000,6.595000,0.633000,-60,0.000000,7,8
1,7.000000,6.613000,0.094000,-60,0.000000,7,8
1,7.000000,6.600000,0.073000,-60,0.000000,7,8
1,7.000000,6.518000,0.666000,-61,0.000000,7,8
1,7.000000,6.593000,0.243000,-61,0.000000,7,8
1,7.000000,6.567000,0.281000,-60,0.000000,7,8
1,7.000000,6.483000,0.223000,-60,0.000000,7,8
1,7.000000,6.565000,0.215000,-61,0.000000,7,8
1,7.000000,6.567000,0.295000,-60,0.000000,7,8
1,7.000000,6.483000,0.401000,-61,0.000000,7,8
1,7.000000,6.473000,0.358000,-63,0.000000,7,8
1,7.000000,6.251000,0.190000,-60,0.000000,7,8
1,7.000000,5.929000,0.236000,-61,0.000000,7,8
1,7.000000,6.019000,0.260000,-62,0.000000,7,8
1,7.000000,6.069000,0.298000,-62,0.000000,7,8
1,7.000000,6.404000,0.245000,-62,0.000000,7,8
1,7.000000,6.260000,0.239000,-61,0.000000,7,8
1,7.000000,6.476000,0.268000,-61,0.000000,7,8
1,7.000000,6.607000,0.159000,-61,0.000000,7,8
1,7.000000,6.285000,0.238000,-60,0.000000,7,8
1,7.000000,6.298000,0.209000,-60,0.000000,7,8
1,7.000000,6.016000,0.305000,-60,0.000000,7,8
1,7.000000,6.254000,0.212000,-60,0.000000,7,8
1,7.000000,6.254000,0.328000,-61,0.000000,7,8
1,7.000000,6.441000,0.264000,-62,0.000000,7,8
1,7.000000,6.688000,0.166000,-62,0.000000,7,8
1,7.000000,6.691000,0.088000,-61,0.000000,7,8
1,7.000000,6.757000,0.246000,-61,0.000000,7,8
1,7.000000,6.832000,0.215000,-60,0.000000,7,8
1,7.000000,6.806000,0.161000,-60,0.000000,7,8
1,7.000000,6.860000,0.194000,-59,0.000000,7,8
1,7.000000,6.635000,0.242000,-59,0.000000,7,8
1,7.000000,5.898000,0.617000,-59,0.000000,7,8
1,7.000000,5.676000,0.416000,-60,0.000000,7,8
1,7.000000,5.719000,0.477000,-58,0.000000,7,8
1,7.000000,5.876000,0.854000,-59,0.000000,7,8
1,7.000000,6.294000,0.134000,-58,0.000000,7,8
1,7.000000,6.760000,0.946000,-59,0.000000,7,8
1,7.000000,7.426000,0.620000,-61,0.000000,7,8
1,7.000000,7.138000,0.556000,-60,0.000000,7,8
1,7.000000,7.585000,0.583000,-60,0.000000,7,8
1,7.000000,7.276000,0.788000,-59,0.000000,7,8
1,7.000000,7.419000,0.614000,-60,0.000000,7,8
1,7.000000,7.473000,0.226000,-60,0.000000,7,8
1,7.000000,6.448000,0.484000,-61,0.000000,7,8
1,7.000000,5.976000,0.214000,-60,0.000000,7,8
1,7.000000,6.023000,0.316000,-59,0.000000,7,8
1,7.000000,6.341000,0.160000,-59,0.000000,7,8
1,7.000000,6.454000,0.170000,-59,0.000000,7,8
1,7.000000,6.532000,0.427000,-59,0.000000,7,8
1,7.000000,6.098000,0.773000,-60,0.000000,7,8
1,7.000000,6.591000,0.178000,-60,0.000000,7,8
1,7.000000,6.685000,0.694000,-60,0.000000,7,8
1,7.000000,6.763000,0.911000,-60,0.000000,7,8
1,7.000000,6.694000,0.962000,-61,0.000000,7,8
1,7.000000,6.904000,0.862000,-61,0.000000,7,8
1,7.000000,6.754000,0.930000,-61,0.000000,7,8
1,7.000000,6.616000,0.998000,-62,0.000000,7,8
1,7.000000,6.416000,1.024000,-61,0.000000,7,8
1,7.000000,7.391000,0.566000,-60,0.000000,7,8
1,7.000000,7.041000,0.997000,-59,0.000000,7,8
1,7.000000,6.754000,1.012000,-60,0.000000,7,8
1,7.000000,6.529000,1.024000,-61,0.000000,7,8
1,7.000000,7.348000,0.682000,-60,0.000000,7,8
1,7.000000,7.683000,0.696000,-60,0.000000,7,8
1,7.000000,6.732000,1.047000,-59,0.000000,7,8
1,7.000000,6.998000,0.917000,-60,0.000000,7,8
1,7.000000,6.769000,0.919000,-59,0.000000,7,8
1,7.000000,7.335000,0.789000,-58,0.000000,7,8
1,7.000000,7.237000,0.798000,-59,0.000000,7,8
1,7.000000,7.504000,0.625000,-59,0.000000,7,8
1,7.000000,7.348000,0.873000,-59,0.000000,7,8
1,7.000000,7.107000,0.809000,-59,0.000000,7,8
1,7.000000,7.307000,0.726000,-59,0.000000,7,8
1,7.000000,7.541000,0.608000,-59,0.000000,7,8
1,7.000000,7.432000,0.770000,-59,0.000000,7,8
1,7.000000,7.148000,0.761000,-58,0.000000,7,8
1,7.000000,6.954000,0.865000,-59,0.000000,7,8
1,7.000000,6.771000,0.168000,-58,0.000000,7,8
1,7.000000,6.682000,0.169000,-58,0.000000,7,8
1,7.000000,6.382000,0.205000,-58,0.000000,7,8
1,7.000000,6.684000,0.516000,-59,0.000000,7,8
1,7.000000,6.649000,0.446000,-59,0.000000,7,8
1,7.000000,6.454000,0.231000,-58,0.000000,7,8
1,7.000000,6.682000,0.110000,-59,0.000000,7,8
1,7.000000,6.766000,0.221000,-58,0.000000,7,8
1,7.000000,6.893000,0.148000,-57,0.000000,7,8
1,7.000000,6.656000,0.285000,-58,0.000000,7,8
1,7.000000,7.209000,0.553000,-58,0.000000,7,8
1,7.000000,6.710000,0.460000,-58,0.000000,7,8
1,7.000000,7.801000,0.526000,-60,0.000000,7,8
1,7.000000,6.763000,0.768000,-61,0.000000,7,8
1,7.000000,6.572000,0.600000,-59,0.000000,7,8
1,7.000000,6.748000,0.108000,-57,0.000000,7,8
1,7.000000,6.689000,0.112000,-57,0.000000,7,8
1,7.000000,6.705000,0.212000,-58,0.000000,7,8
1,7.000000,6.598000,0.092000,-58,0.000000,7,8
1,7.000000,6.979000,0.880000,-58,0.000000,7,8
1,7.000000,7.388000,0.737000,-59,0.000000,7,8
1,7.000000,7.151000,0.623000,-59,0.000000,7,8
1,7.000000,6.508000,0.328000,-57,0.000000,7,8
1,7.000000,7.041000,0.719000,-60,0.000000,7,8
1,7.000000,7.069000,0.656000,-60,0.000000,7,8
1,7.000000,6.788000,0.797000,-60,0.000000,7,8
1,7.000000,7.113000,0.533000,-60,0.000000,7,8
1,7.000000,7.032000,0.706000,-61,0.000000,7,8
1,7.000000,6.448000,0.179000,-59,0.000000,7,8
1,7.000000,6.919000,0.693000,-59,0.000000,7,8
1,7.000000,6.535000,0.592000,-58,0.000000,7,8
1,7.000000,7.035000,0.502000,-60,0.000000,7,8
1,7.000000,6.213000,1.109000,-61,0.000000,7,8
1,7.000000,6.954000,0.594000,-58,0.000000,7,8
1,7.000000,7.004000,0.516000,-58,0.000000,7,8
1,7.000000,6.613000,0.843000,-59,0.000000,7,8
1,7.000000,7.026000,0.584000,-58,0.000000,7,8
1,7.000000,6.107000,0.352000,-58,0.000000,7,8
1,7.000000,6.798000,0.166000,-58,0.000000,7,8
1,7.000000,7.222000,0.815000,-60,0.000000,7,8
1,7.000000,7.198000,0.771000,-59,0.000000,7,8
1,7.000000,6.713000,0.814000,-60,0.000000,7,8
1,7.000000,6.535000,1.165000,-58,0.000000,7,8
1,7.000000,6.682000,0.422000,-57,0.000000,7,8
1,7.000000,6.804000,0.170000,-59,0.000000,7,8
1,7.000000,6.769000,0.917000,-60,0.000000,7,8
1,7.000000,6.873000,0.952000,-60,0.000000,7,8
1,7.000000,6.537000,0.099000,-58,0.000000,7,8
1,7.000000,6.771000,0.171000,-58,0.000000,7,8
1,7.000000,6.723000,0.553000,-59,0.000000,7,8
1,7.000000,6.810000,0.750000,-59,0.000000,7,8
1,7.000000,6.687000,0.229000,-58,0.000000,7,8
1,7.000000,6.651000,0.133000,-59,0.000000,7,8
1,7.000000,6.760000,0.121000,-57,0.000000,7,8
1,7.000000,6.691000,0.123000,-58,0.000000,7,8
1,7.000000,6.554000,0.180000,-58,0.000000,7,8
1,7.000000,5.976000,0.477000,-58,0.000000,7,8
1,7.000000,6.226000,0.350000,-58,0.000000,7,8
1,7.000000,6.369000,0.243000,-59,0.000000,7,8
1,7.000000,6.107000,0.402000,-58,0.000000,7,8
1,7.000000,6.401000,0.268000,-58,0.000000,7,8
1,7.000000,6.494000,0.231000,-58,0.000000,7,8
1,7.000000,6.416000,0.258000,-58,0.000000,7,8
1,7.000000,6.098000,0.458000,-59,0.000000,7,8
1,7.000000,6.410000,0.278000,-58,0.000000,7,8
1,7.000000,6.357000,0.389000,-57,0.000000,7,8
1,7.000000,6.254000,0.989000,-59,0.000000,7,8
1,7.000000,5.935000,1.139000,-60,0.000000,7,8
1,7.000000,6.301000,1.060000,-60,0.000000,7,8
1,7.000000,6.048000,0.857000,-59,0.000000,7,8
1,7.000000,6.057000,1.073000,-60,0.000000,7,8
1,7.000000,5.991000,0.461000,-58,0.000000,7,8
1,7.000000,5.866000,0.543000,-59,0.000000,7,8
1,7.000000,6.026000,1.102000,-60,0.000000,7,8
1,7.000000,6.022000,1.230000,-59,0.000000,7,8
1,7.000000,6.060000,1.198000,-60,0.000000,7,8
1,7.000000,6.023000,1.231000,-60,0.000000,7,8
1,7.000000,5.863000,1.251000,-61,0.000000,7,8
1,7.000000,5.701000,1.340000,-60,0.000000,7,8
1,7.000000,5.855000,0.447000,-59,0.000000,7,8
1,7.000000,5.816000,0.489000,-58,0.000000,7,8
1,7.000000,6.326000,0.792000,-60,0.000000,7,8
1,7.000000,6.257000,1.124000,-59,0.000000,7,8
1,7.000000,6.410000,1.158000,-59,0.000000,7,8
1,7.000000,6.413000,1.050000,-60,0.000000,7,8
1,7.000000,6.069000,1.155000,-59,0.000000,7,8
1,7.000000,5.941000,0.357000,-58,0.000000,7,8
1,7.000000,6.613000,0.792000,-60,0.000000,7,8
1,7.000000,6.435000,0.389000,-59,0.000000,7,8
1,7.000000,6.382000,0.717000,-60,0.000000,7,8
1,7.000000,6.382000,1.022000,-60,0.000000,7,8
1,7.000000,6.632000,0.946000,-59,0.000000,7,8
1,7.000000,6.166000,1.125000,-60,0.000000,7,8
1,7.000000,6.604000,0.990000,-59,0.000000,7,8
1,7.000000,6.616000,1.013000,-59,0.000000,7,8
1,7.000000,6.332000,1.093000,-61,0.000000,7,8
1,7.000000,6.523000,1.096000,-61,0.000000,7,8
1,7.000000,6.016000,1.323000,-59,0.000000,7,8
1,7.000000,5.863000,0.897000,-58,0.000000,7,8
1,7.000000,6.091000,1.189000,-59,0.000000,7,8
1,7.000000,6.051000,0.653000,-58,0.000000,7,8
1,7.000000,5.973000,0.458000,-57,0.000000,7,8
1,7.000000,5.829000,0.486000,-58,0.000000,7,8
1,7.000000,6.013000,0.448000,-58,0.000000,7,8
1,7.000000,5.941000,0.501000,-58,0.000000,7,8
1,7.000000,5.585000,0.547000,-58,0.000000,7,8
1,7.000000,5.473000,0.635000,-58,0.000000,7,8
1,7.000000,5.707000,1.199000,-60,0.000000,7,8
1,7.000000,5.898000,1.397000,-60,0.000000,7,8
1,7.000000,5.660000,1.319000,-60,0.000000,7,8
1,7.000000,5.785000,1.294000,-59,0.000000,7,8
1,7.000000,6.257000,0.935000,-60,0.000000,7,8
1,7.000000,6.019000,1.086000,-60,0.000000,7,8
1,7.000000,5.935000,1.111000,-61,0.000000,7,8
1,7.000000,6.016000,0.514000,-60,0.000000,7,8
1,7.000000,6.535000,0.285000,-59,0.000000,7,8
1,7.000000,5.979000,0.403000,-58,0.000000,7,8
1,7.000000,6.282000,0.201000,-58,0.000000,7,8
1,7.000000,6.132000,0.758000,-59,0.000000,7,8
1,7.000000,6.363000,0.735000,-60,0.000000,7,8
1,7.000000,6.488000,0.907000,-59,0.000000,7,8
1,7.000000,6.460000,0.998000,-61,0.000000,7,8
1,7.000000,6.613000,0.701000,-59,0.000000,7,8
1,7.000000,6.641000,0.976000,-61,0.000000,7,8
1,7.000000,6.613000,0.936000,-60,0.000000,7,8
1,7.000000,6.919000,0.851000,-60,0.000000,7,8
1,7.000000,6.794000,0.295000,-59,0.000000,7,8
1,7.000000,6.304000,0.267000,-58,0.000000,7,8
1,7.000000,6.379000,0.186000,-58,0.000000,7,8
1,7.000000,6.957000,0.659000,-59,0.000000,7,8
1,7.000000,6.694000,0.885000,-59,0.000000,7,8
1,7.000000,6.682000,0.910000,-59,0.000000,7,8
1,7.000000,6.769000,0.203000,-58,0.000000,7,8
1,7.000000,7.035000,0.505000,-58,0.000000,7,8
1,7.000000,6.794000,0.185000,-59,0.000000,7,8
1,7.000000,6.798000,0.627000,-59,0.000000,7,8
1,7.000000,6.332000,0.654000,-59,0.000000,7,8
1,7.000000,6.460000,0.180000,-59,0.000000,7,8
1,7.000000,6.444000,0.162000,-58,0.000000,7,8
1,7.000000,6.488000,0.868000,-59,0.000000,7,8
1,7.000000,6.479000,1.033000,-59,0.000000,7,8
1,7.000000,6.638000,0.802000,-58,0.000000,7,8
1,7.000000,7.066000,0.731000,-58,0.000000,7,8
1,7.000000,6.847000,1.096000,-59,0.000000,7,8
1,7.000000,6.538000,0.985000,-60,0.000000,7,8
1,7.000000,6.966000,0.767000,-59,0.000000,7,8
1,7.000000,7.063000,0.745000,-58,0.000000,7,8
1,7.000000,7.232000,0.741000,-59,0.000000,7,8
1,7.000000,6.565000,0.291000,-59,0.000000,7,8
1,7.000000,6.682000,0.304000,-60,0.000000,7,8
1,7.000000,6.689000,0.288000,-58,0.000000,7,8
1,7.000000,6.410000,0.130000,-58,0.000000,7,8
1,7.000000,6.708000,0.225000,-57,0.000000,7,8
1,7.000000,6.179000,0.302000,-58,0.000000,7,8
1,7.000000,6.654000,0.165000,-58,0.000000,7,8
1,7.000000,6.712000,0.221000,-59,0.000000,7,8
1,7.000000,6.682000,0.222000,-57,0.000000,7,8
1,7.000000,6.651000,0.954000,-59,0.000000,7,8
1,7.000000,6.495000,0.271000,-59,0.000000,7,8
1,7.000000,6.248000,0.350000,-57,0.000000,7,8
1,7.000000,6.457000,0.155000,-59,0.000000,7,8
1,7.000000,6.532000,0.093000,-58,0.000000,7,8
1,7.000000,6.565000,0.077000,-57,0.000000,7,8
1,7.000000,6.410000,0.150000,-57,0.000000,7,8
1,7.000000,6.407000,0.152000,-56,0.000000,7,8
1,7.000000,6.567000,0.148000,-59,0.000000,7,8
1,7.000000,6.682000,0.319000,-56,0.000000,7,8
1,7.000000,6.648000,0.668000,-57,0.000000,7,8
1,7.000000,6.338000,1.129000,-58,0.000000,7,8
1,7.000000,6.332000,0.319000,-56,0.000000,7,8
1,7.000000,6.422000,0.138000,-56,0.000000,7,8
1,7.000000,6.566000,0.790000,-58,0.000000,7,8
1,7.000000,6.379000,0.329000,-56,0.000000,7,8
1,7.000000,5.857000,0.537000,-56,0.000000,7,8
1,7.000000,6.254000,1.297000,-59,0.000000,7,8
1,7.000000,5.785000,0.605000,-56,0.000000,7,8
1,7.000000,6.862000,0.186000,-58,0.000000,7,8
1,7.000000,5.704000,0.578000,-57,0.000000,7,8
1,7.000000,6.610000,1.027000,-60,0.000000,7,8
1,7.000000,5.832000,1.265000,-58,0.000000,7,8
1,7.000000,6.954000,0.797000,-58,0.000000,7,8
1,7.000000,6.680000,0.173000,-59,0.000000,7,8
1,7.000000,6.641000,0.831000,-58,0.000000,7,8
1,7.000000,6.760000,0.628000,-60,0.000000,7,8
1,7.000000,6.013000,0.688000,-59,0.000000,7,8
1,7.000000,5.932000,0.486000,-58,0.000000,7,8
1,7.000000,6.138000,0.897000,-59,0.000000,7,8
1,7.000000,5.785000,0.848000,-59,0.000000,7,8
1,7.000000,5.935000,0.645000,-57,0.000000,7,8
1,7.000000,5.782000,1.525000,-59,0.000000,7,8
1,7.000000,6.798000,0.711000,-59,0.000000,7,8
1,7.000000,6.135000,0.844000,-60,0.000000,7,8
1,7.000000,7.316000,0.685000,-60,0.000000,7,8
1,7.000000,6.366000,0.884000,-59,0.000000,7,8
1,7.000000,6.019000,0.405000,-58,0.000000,7,8
1,7.000000,6.179000,0.764000,-58,0.000000,7,8
1,7.000000,6.410000,0.672000,-59,0.000000,7,8
1,7.000000,6.482000,1.011000,-61,0.000000,7,8
1,7.000000,5.860000,1.250000,-59,0.000000,7,8
1,7.000000,5.913000,0.447000,-57,0.000000,7,8
1,7.000000,5.932000,1.032000,-59,0.000000,7,8
1,7.000000,7.279000,0.323000,-61,0.000000,7,8
1,7.000000,5.366000,1.677000,-59,0.000000,7,8
1,7.000000,6.994000,0.850000,-62,0.000000,7,8
1,7.000000,7.082000,0.908000,-59,0.000000,7,8
1,7.000000,7.498000,0.669000,-59,0.000000,7,8
1,7.000000,6.855000,0.465000,-59,0.000000,7,8
1,7.000000,7.669000,0.322000,-60,0.000000,7,8
1,7.000000,7.279000,0.621000,-59,0.000000,7,8
1,7.000000,7.116000,0.638000,-59,0.000000,7,8
1,7.000000,6.860000,0.227000,-58,0.000000,7,8
1,7.000000,6.985000,0.694000,-59,0.000000,7,8
1,7.000000,7.041000,0.719000,-60,0.000000,7,8
1,7.000000,7.154000,0.681000,-60,0.000000,7,8
1,7.000000,7.076000,0.663000,-58,0.000000,7,8
1,7.000000,6.607000,0.928000,-59,0.000000,7,8
1,7.000000,6.094000,0.427000,-57,0.000000,7,8
1,7.000000,6.060000,0.387000,-58,0.000000,7,8
1,7.000000,6.169000,0.398000,-58,0.000000,7,8
1,7.000000,6.641000,0.255000,-59,0.000000,7,8
1,7.000000,6.688000,0.410000,-58,0.000000,7,8
1,7.000000,6.410000,0.325000,-58,0.000000,7,8
1,7.000000,6.254000,0.403000,-58,0.000000,7,8
1,7.000000,6.066000,0.344000,-59,0.000000,7,8
1,7.000000,6.413000,0.263000,-59,0.000000,7,8
1,7.000000,6.454000,0.286000,-58,0.000000,7,8
1,7.000000,6.729000,0.486000,-58,0.000000,7,8
1,7.000000,7.113000,0.466000,-59,0.000000,7,8
1,7.000000,6.213000,0.337000,-58,0.000000,7,8
1,7.000000,6.807000,0.864000,-58,0.000000,7,8
1,7.000000,6.685000,0.771000,-58,0.000000,7,8
1,7.000000,6.098000,0.384000,-58,0.000000,7,8
1,7.000000,6.723000,0.129000,-57,0.000000,7,8
1,7.000000,6.985000,0.812000,-60,0.000000,7,8
1,7.000000,6.179000,0.328000,-57,0.000000,7,8
1,7.000000,6.766000,0.147000,-57,0.000000,7,8
1,7.000000,6.736000,0.236000,-57,0.000000,7,8
1,7.000000,6.710000,0.277000,-57,0.000000,7,8
1,7.000000,6.710000,0.174000,-57,0.000000,7,8
1,7.000000,6.776000,0.144000,-57,0.000000,7,8
1,7.000000,6.745000,0.204000,-57,0.000000,7,8
1,7.000000,6.736000,0.131000,-58,0.000000,7,8
1,7.000000,6.682000,0.199000,-58,0.000000,7,8
1,7.000000,7.212000,0.649000,-59,0.000000,7,8
1,7.000000,7.307000,0.580000,-59,0.000000,7,8
1,7.000000,7.004000,0.848000,-58,0.000000,7,8
1,7.000000,6.488000,0.150000,-58,0.000000,7,8
1,7.000000,6.126000,1.034000,-61,0.000000,7,8
1,7.000000,6.438000,0.870000,-59,0.000000,7,8
1,7.000000,6.610000,0.999000,-64,0.000000,7,8
1,7.000000,6.763000,0.755000,-61,0.000000,7,8
1,7.000000,6.488000,0.830000,-61,0.000000,7,8
1,7.000000,6.688000,0.746000,-62,0.000000,7,8
1,7.000000,6.844000,0.699000,-63,0.000000,7,8
1,7.000000,6.841000,0.780000,-61,0.000000,7,8
1,7.000000,6.723000,1.033000,-60,0.000000,7,8
1,7.000000,6.441000,1.198000,-60,0.000000,7,8
1,7.000000,6.488000,1.194000,-59,0.000000,7,8
1,7.000000,6.326000,1.288000,-59,0.000000,7,8
1,7.000000,6.413000,1.245000,-59,0.000000,7,8
1,7.000000,6.566000,1.113000,-59,0.000000,7,8
1,7.000000,6.523000,1.129000,-60,0.000000,7,8
1,7.000000,6.529000,1.098000,-60,0.000000,7,8
1,7.000000,6.604000,1.076000,-60,0.000000,7,8
1,7.000000,6.644000,1.056000,-60,0.000000,7,8
1,7.000000,6.754000,1.004000,-60,0.000000,7,8
1,7.000000,6.651000,0.991000,-60,0.000000,7,8
1,7.000000,6.488000,1.086000,-60,0.000000,7,8
1,7.000000,6.573000,0.960000,-61,0.000000,7,8
1,7.000000,6.479000,1.037000,-61,0.000000,7,8
1,7.000000,6.638000,0.914000,-61,0.000000,7,8
1,7.000000,6.573000,0.978000,-61,0.000000,7,8
1,7.000000,6.673000,0.876000,-61,0.000000,7,8
1,7.000000,6.682000,0.873000,-60,0.000000,7,8
1,7.000000,6.716000,0.915000,-60,0.000000,7,8
1,7.000000,6.598000,0.927000,-61,0.000000,7,8
1,7.000000,6.679000,0.867000,-60,0.000000,7,8
1,7.000000,6.604000,0.940000,-60,0.000000,7,8
1,7.000000,6.641000,0.910000,-60,0.000000,7,8
1,7.000000,6.876000,0.796000,-60,0.000000,7,8
1,7.000000,6.791000,0.828000,-60,0.000000,7,8
1,7.000000,6.716000,0.842000,-61,0.000000,7,8
1,7.000000,6.651000,0.900000,-60,0.000000,7,8
1,7.000000,6.644000,0.867000,-60,0.000000,7,8
1,7.000000,7.188000,0.526000,-60,0.000000,7,8
1,7.000000,7.304000,0.469000,-60,0.000000,7,8
1,7.000000,7.344000,0.450000,-60,0.000000,7,8
1,7.000000,6.094000,0.382000,-58,0.000000,7,8
1,7.000000,6.026000,1.097000,-59,0.000000,7,8
1,7.000000,6.485000,0.748000,-61,0.000000,7,8
1,7.000000,6.654000,0.109000,-58,0.000000,7,8
1,7.000000,5.985000,1.247000,-59,0.000000,7,8
1,7.000000,6.601000,0.743000,-56,0.000000,7,8
1,7.000000,6.613000,0.974000,-58,0.000000,7,8
1,7.000000,7.188000,0.715000,-60,0.000000,7,8
1,7.000000,7.107000,0.664000,-59,0.000000,7,8
1,7.000000,6.088000,1.031000,-62,0.000000,7,8
1,7.000000,6.251000,0.842000,-60,0.000000,7,8
1,7.000000,6.832000,0.143000,-57,0.000000,7,8
1,7.000000,6.762000,0.231000,-57,0.000000,7,8
1,7.000000,5.819000,0.446000,-58,0.000000,7,8
1,7.000000,5.863000,1.366000,-59,0.000000,7,8
1,7.000000,6.329000,1.115000,-59,0.000000,7,8
1,7.000000,6.491000,0.226000,-58,0.000000,7,8
1,7.000000,6.679000,0.182000,-57,0.000000,7,8
1,7.000000,6.723000,0.236000,-56,0.000000,7,8
1,7.000000,6.719000,0.222000,-55,0.000000,7,8
1,7.000000,6.638000,0.165000,-55,0.000000,7,8
1,7.000000,6.413000,0.325000,-56,0.000000,7,8
1,7.000000,6.363000,0.337000,-56,0.000000,7,8
1,7.000000,5.794000,0.523000,-57,0.000000,7,8
1,7.000000,5.907000,0.820000,-58,0.000000,7,8
1,7.000000,6.338000,0.184000,-58,0.000000,7,8
1,7.000000,5.666000,0.599000,-59,0.000000,7,8
1,7.000000,6.656000,0.176000,-58,0.000000,7,8
1,7.000000,5.898000,0.512000,-58,0.000000,7,8
1,7.000000,6.023000,1.015000,-62,0.000000,7,8
1,7.000000,6.488000,0.963000,-59,0.000000,7,8
1,7.000000,6.838000,0.744000,-58,0.000000,7,8
1,7.000000,6.844000,0.724000,-59,0.000000,7,8
1,7.000000,6.807000,0.708000,-59,0.000000,7,8
1,7.000000,6.844000,0.773000,-59,0.000000,7,8
1,7.000000,6.916000,0.687000,-58,0.000000,7,8
1,7.000000,7.094000,0.635000,-58,0.000000,7,8
1,7.000000,7.026000,0.685000,-58,0.000000,7,8
1,7.000000,7.004000,0.741000,-59,0.000000,7,8
1,7.000000,6.957000,0.763000,-59,0.000000,7,8
1,7.000000,6.879000,0.772000,-59,0.000000,7,8
1,7.000000,6.763000,0.837000,-59,0.000000,7,8
1,7.000000,6.841000,0.814000,-59,0.000000,7,8
1,7.000000,6.838000,0.827000,-59,0.000000,7,8
1,7.000000,6.957000,0.733000,-59,0.000000,7,8
1,7.000000,6.879000,0.748000,-59,0.000000,7,8
1,7.000000,6.913000,0.718000,-58,0.000000,7,8
1,7.000000,6.929000,0.827000,-58,0.000000,7,8
1,7.000000,7.188000,0.768000,-58,0.000000,7,8
1,7.000000,7.238000,0.792000,-58,0.000000,7,8
1,7.000000,6.879000,0.801000,-59,0.000000,7,8
1,7.000000,6.806000,0.132000,-58,0.000000,7,8
1,7.000000,6.910000,0.163000,-58,0.000000,7,8
1,7.000000,6.832000,0.643000,-57,0.000000,7,8
1,7.000000,6.801000,0.855000,-57,0.000000,7,8
1,7.000000,6.716000,1.021000,-58,0.000000,7,8
1,7.000000,6.648000,1.102000,-58,0.000000,7,8
1,7.000000,6.613000,1.041000,-58,0.000000,7,8
1,7.000000,6.641000,1.058000,-58,0.000000,7,8
1,7.000000,6.569000,1.078000,-59,0.000000,7,8
1,7.000000,6.494000,1.122000,-59,0.000000,7,8
1,7.000000,6.482000,1.171000,-59,0.000000,7,8
1,7.000000,6.329000,1.238000,-59,0.000000,7,8
1,7.000000,6.332000,1.197000,-59,0.000000,7,8
1,7.000000,6.216000,1.376000,-59,0.000000,7,8
1,7.000000,6.216000,1.314000,-58,0.000000,7,8
1,7.000000,6.210000,1.221000,-58,0.000000,7,8
1,7.000000,6.094000,1.181000,-58,0.000000,7,8
1,7.000000,6.185000,0.873000,-58,0.000000,7,8
1,7.000000,6.285000,0.834000,-58,0.000000,7,8
1,7.000000,6.094000,0.284000,-57,0.000000,7,8
1,7.000000,6.135000,0.295000,-57,0.000000,7,8
1,7.000000,6.138000,0.308000,-57,0.000000,7,8
1,7.000000,5.829000,0.433000,-57,0.000000,7,8
1,7.000000,5.866000,0.471000,-57,0.000000,7,8
1,7.000000,6.098000,0.321000,-57,0.000000,7,8
1,7.000000,5.948000,0.406000,-57,0.000000,7,8
1,7.000000,5.932000,0.420000,-57,0.000000,7,8
1,7.000000,6.135000,0.361000,-57,0.000000,7,8
1,7.000000,6.141000,0.298000,-57,0.000000,7,8
1,7.000000,6.094000,0.286000,-58,0.000000,7,8
1,7.000000,6.219000,0.302000,-58,0.000000,7,8
1,7.000000,6.176000,0.297000,-58,0.000000,7,8
1,7.000000,6.098000,0.321000,-58,0.000000,7,8
1,7.000000,6.054000,0.358000,-58,0.000000,7,8
1,7.000000,6.129000,0.319000,-58,0.000000,7,8
1,7.000000,6.260000,0.286000,-57,0.000000,7,8
1,7.000000,6.132000,0.315000,-57,0.000000,7,8
1,7.000000,6.172000,0.307000,-58,0.000000,7,8
1,7.000000,6.251000,0.292000,-57,0.000000,7,8
1,7.000000,6.104000,0.355000,-57,0.000000,7,8
1,7.000000,6.213000,0.273000,-57,0.000000,7,8
1,7.000000,6.135000,0.295000,-57,0.000000,7,8
1,7.000000,6.257000,0.337000,-57,0.000000,7,8
1,7.000000,6.182000,0.326000,-57,0.000000,7,8
1,7.000000,6.260000,0.261000,-57,0.000000,7,8
1,7.000000,6.304000,0.241000,-58,0.000000,7,8
1,7.000000,6.444000,0.153000,-57,0.000000,7,8
1,7.000000,6.410000,0.175000,-58,0.000000,7,8
1,7.000000,6.379000,0.250000,-57,0.000000,7,8
1,7.000000,6.451000,0.917000,-57,0.000000,7,8
1,7.000000,6.441000,0.834000,-58,0.000000,7,8
1,7.000000,6.407000,0.194000,-58,0.000000,7,8
1,7.000000,6.407000,0.193000,-57,0.000000,7,8
1,7.000000,6.410000,0.175000,-57,0.000000,7,8
1,7.000000,6.329000,0.263000,-57,0.000000,7,8
1,7.000000,6.251000,0.314000,-57,0.000000,7,8
1,7.000000,6.132000,0.343000,-57,0.000000,7,8
1,7.000000,6.060000,0.941000,-58,0.000000,7,8
1,7.000000,6.066000,1.150000,-58,0.000000,7,8
1,7.000000,6.132000,0.847000,-58,0.000000,7,8
1,7.000000,6.332000,1.155000,-59,0.000000,7,8
1,7.000000,6.485000,0.990000,-59,0.000000,7,8
1,7.000000,7.579000,0.483000,-60,0.000000,7,8
1,7.000000,7.669000,0.504000,-60,0.000000,7,8
1,7.000000,7.429000,0.542000,-59,0.000000,7,8
1,7.000000,7.388000,0.627000,-58,0.000000,7,8
1,7.000000,6.919000,0.247000,-57,0.000000,7,8
1,7.000000,6.607000,0.195000,-57,0.000000,7,8
1,7.000000,6.332000,0.234000,-57,0.000000,7,8
1,7.000000,6.244000,0.249000,-57,0.000000,7,8
1,7.000000,6.291000,0.246000,-56,0.000000,7,8
1,7.000000,6.366000,0.182000,-56,0.000000,7,8
1,7.000000,6.494000,0.116000,-56,0.000000,7,8
1,7.000000,6.491000,0.147000,-56,0.000000,7,8
1,7.000000,6.491000,0.195000,-56,0.000000,7,8
1,7.000000,6.491000,0.226000,-56,0.000000,7,8
1,7.000000,6.479000,0.207000,-56,0.000000,7,8
1,7.000000,6.519000,0.174000,-55,0.000000,7,8
1,7.000000,6.488000,0.143000,-56,0.000000,7,8
1,7.000000,6.410000,0.150000,-55,0.000000,7,8
1,7.000000,6.563000,0.212000,-56,0.000000,7,8
1,7.000000,6.601000,0.134000,-55,0.000000,7,8
1,7.000000,6.413000,0.291000,-56,0.000000,7,8
1,7.000000,6.363000,0.195000,-55,0.000000,7,8
1,7.000000,6.526000,0.240000,-56,0.000000,7,8
1,7.000000,6.560000,0.232000,-56,0.000000,7,8
1,7.000000,6.416000,0.225000,-56,0.000000,7,8
1,7.000000,6.444000,0.234000,-56,0.000000,7,8
1,7.000000,6.441000,0.267000,-56,0.000000,7,8
1,7.000000,6.369000,0.232000,-57,0.000000,7,8
1,7.000000,6.379000,0.311000,-57,0.000000,7,8
1,7.000000,6.419000,0.291000,-57,0.000000,7,8
1,7.000000,6.366000,0.334000,-57,0.000000,7,8
1,7.000000,6.294000,0.361000,-57,0.000000,7,8
1,7.000000,6.451000,0.303000,-57,0.000000,7,8
1,7.000000,6.523000,0.293000,-57,0.000000,7,8
1,7.000000,6.488000,0.286000,-57,0.000000,7,8
1,7.000000,6.491000,0.297000,-57,0.000000,7,8
1,7.000000,6.526000,0.260000,-57,0.000000,7,8
1,7.000000,6.457000,0.305000,-57,0.000000,7,8
1,7.000000,6.366000,0.370000,-57,0.000000,7,8
1,7.000000,6.441000,0.348000,-57,0.000000,7,8
1,7.000000,6.410000,0.364000,-57,0.000000,7,8
1,7.000000,6.410000,0.381000,-57,0.000000,7,8
1,7.000000,6.560000,0.295000,-57,0.000000,7,8
1,7.000000,6.535000,0.255000,-57,0.000000,7,8
1,7.000000,6.576000,0.201000,-57,0.000000,7,8
1,7.000000,6.607000,0.149000,-57,0.000000,7,8
1,7.000000,6.676000,0.141000,-57,0.000000,7,8
1,7.000000,6.641000,0.092000,-57,0.000000,7,8
1,7.000000,6.607000,0.111000,-57,0.000000,7,8
1,7.000000,6.682000,0.665000,-57,0.000000,7,8
1,7.000000,6.687000,0.091000,-57,0.000000,7,8
1,7.000000,6.604000,0.982000,-58,0.000000,7,8
1,7.000000,6.526000,0.803000,-58,0.000000,7,8
1,7.000000,6.566000,0.106000,-58,0.000000,7,8
1,7.000000,6.441000,0.208000,-57,0.000000,7,8
1,7.000000,6.376000,0.216000,-56,0.000000,7,8
1,7.000000,6.373000,0.234000,-56,0.000000,7,8
1,7.000000,6.858000,0.177000,-56,0.000000,7,8
1,7.000000,5.785000,0.520000,-58,0.000000,7,8
1,7.000000,5.982000,0.379000,-58,0.000000,7,8
1,7.000000,6.576000,1.055000,-58,0.000000,7,8
1,7.000000,6.951000,0.707000,-61,0.000000,7,8
1,7.000000,6.610000,0.981000,-57,0.000000,7,8
1,7.000000,5.782000,0.377000,-58,0.000000,7,8
1,7.000000,5.710000,0.570000,-57,0.000000,7,8
1,7.000000,5.826000,1.146000,-58,0.000000,7,8
1,7.000000,6.294000,1.038000,-59,0.000000,7,8
1,7.000000,6.019000,1.179000,-59,0.000000,7,8
1,7.000000,5.751000,1.278000,-61,0.000000,7,8
1,7.000000,6.379000,0.625000,-58,0.000000,7,8
1,7.000000,5.988000,0.703000,-58,0.000000,7,8
1,7.000000,5.941000,1.359000,-58,0.000000,7,8
1,7.000000,5.941000,1.373000,-59,0.000000,7,8
1,7.000000,6.326000,1.314000,-58,0.000000,7,8
1,7.000000,6.141000,1.332000,-58,0.000000,7,8
1,7.000000,5.935000,1.408000,-58,0.000000,7,8
1,7.000000,6.210000,1.335000,-58,0.000000,7,8
1,7.000000,6.326000,1.213000,-57,0.000000,7,8
1,7.000000,6.054000,1.311000,-57,0.000000,7,8
1,7.000000,6.448000,0.979000,-58,0.000000,7,8
1,7.000000,6.488000,1.030000,-58,0.000000,7,8
1,7.000000,6.873000,0.827000,-58,0.000000,7,8
1,7.000000,6.654000,0.397000,-57,0.000000,7,8
1,7.000000,7.923000,0.231000,-57,0.000000,7,8
1,7.000000,6.607000,0.881000,-58,0.000000,7,8
1,7.000000,6.879000,0.709000,-59,0.000000,7,8
1,7.000000,6.610000,0.722000,-57,0.000000,7,8
1,7.000000,6.329000,0.271000,-58,0.000000,7,8
1,7.000000,6.254000,0.676000,-59,0.000000,7,8
1,7.000000,6.394000,0.793000,-59,0.000000,7,8
1,7.000000,6.757000,0.047000,-55,0.000000,7,8
1,7.000000,5.788000,1.141000,-60,0.000000,7,8
1,7.000000,6.213000,0.231000,-55,0.000000,7,8
1,7.000000,6.210000,1.052000,-59,0.000000,7,8
1,7.000000,6.332000,1.168000,-59,0.000000,7,8
1,7.000000,6.804000,0.765000,-58,0.000000,7,8
1,7.000000,6.705000,0.157000,-56,0.000000,7,8
1,7.000000,6.291000,0.263000,-56,0.000000,7,8
1,7.000000,6.560000,0.923000,-58,0.000000,7,8
1,7.000000,7.260000,0.610000,-58,0.000000,7,8
1,7.000000,7.073000,0.651000,-60,0.000000,7,8
1,7.000000,6.478000,0.273000,-58,0.000000,7,8
1,7.000000,6.179000,0.382000,-55,0.000000,7,8
1,7.000000,6.654000,0.199000,-58,0.000000,7,8
1,7.000000,6.723000,0.205000,-56,0.000000,7,8
1,7.000000,6.644000,0.255000,-57,0.000000,7,8
1,7.000000,6.644000,0.246000,-58,0.000000,7,8
1,7.000000,6.679000,0.247000,-56,0.000000,7,8
1,7.000000,6.947000,0.178000,-56,0.000000,7,8
1,7.000000,6.573000,0.099000,-57,0.000000,7,8
1,7.000000,6.598000,0.202000,-57,0.000000,7,8
1,7.000000,6.616000,0.154000,-54,0.000000,7,8
1,7.000000,6.591000,0.107000,-57,0.000000,7,8
1,7.000000,6.535000,0.167000,-58,0.000000,7,8
1,7.000000,6.757000,0.898000,-60,0.000000,7,8
1,7.000000,6.369000,0.104000,-58,0.000000,7,8
1,7.000000,6.685000,0.177000,-57,0.000000,7,8
1,7.000000,6.291000,0.422000,-57,0.000000,7,8
1,7.000000,6.097000,0.361000,-56,0.000000,7,8
1,7.000000,6.610000,0.742000,-59,0.000000,7,8
1,7.000000,6.088000,0.529000,-56,0.000000,7,8
1,7.000000,6.944000,0.205000,-56,0.000000,7,8
1,7.000000,6.094000,0.238000,-58,0.000000,7,8
1,7.000000,6.213000,1.202000,-59,0.000000,7,8
1,7.000000,5.901000,0.568000,-57,0.000000,7,8
1,7.000000,6.526000,1.054000,-61,0.000000,7,8
1,7.000000,5.869000,0.454000,-56,0.000000,7,8
1,7.000000,6.213000,0.178000,-57,0.000000,7,8
1,7.000000,5.832000,0.501000,-58,0.000000,7,8
1,7.000000,6.716000,0.982000,-60,0.000000,7,8
1,7.000000,6.628000,0.314000,-59,0.000000,7,8
1,7.000000,6.504000,0.324000,-59,0.000000,7,8
1,7.000000,5.676000,0.434000,-58,0.000000,7,8
1,7.000000,6.616000,0.104000,-58,0.000000,7,8
1,7.000000,5.860000,1.053000,-59,0.000000,7,8
1,7.000000,5.698000,1.315000,-59,0.000000,7,8
1,7.000000,6.248000,1.177000,-60,0.000000,7,8
1,7.000000,6.288000,0.324000,-59,0.000000,7,8
1,7.000000,6.097000,0.277000,-59,0.000000,7,8
1,7.000000,6.210000,0.312000,-59,0.000000,7,8
1,7.000000,5.669000,0.488000,-59,0.000000,7,8
1,7.000000,5.754000,0.469000,-59,0.000000,7,8
1,7.000000,6.023000,0.414000,-59,0.000000,7,8
1,7.000000,6.213000,0.322000,-59,0.000000,7,8
1,7.000000,6.097000,0.319000,-58,0.000000,7,8
1,7.000000,6.591000,0.228000,-58,0.000000,7,8
1,7.000000,6.654000,0.159000,-59,0.000000,7,8
1,7.000000,6.619000,0.174000,-59,0.000000,7,8
1,7.000000,6.876000,0.341000,-59,0.000000,7,8
1,7.000000,6.682000,0.266000,-59,0.000000,7,8
1,7.000000,6.482000,0.281000,-59,0.000000,7,8
1,7.000000,6.407000,0.234000,-59,0.000000,7,8
1,7.000000,6.485000,0.168000,-59,0.000000,7,8
1,7.000000,6.454000,0.128000,-59,0.000000,7,8
1,7.000000,6.332000,0.212000,-59,0.000000,7,8
1,7.000000,6.260000,0.262000,-59,0.000000,7,8
1,7.000000,6.291000,0.276000,-59,0.000000,7,8
1,7.000000,6.129000,0.305000,-59,0.000000,7,8
1,7.000000,6.138000,0.314000,-59,0.000000,7,8
1,7.000000,6.304000,0.324000,-59,0.000000,7,8
1,7.000000,6.216000,0.316000,-59,0.000000,7,8
1,7.000000,6.173000,0.290000,-59,0.000000,7,8
1,7.000000,6.210000,0.308000,-59,0.000000,7,8
1,7.000000,6.051000,0.375000,-59,0.000000,7,8
1,7.000000,6.101000,0.365000,-59,0.000000,7,8
1,7.000000,6.057000,0.337000,-59,0.000000,7,8
1,7.000000,5.941000,0.357000,-58,0.000000,7,8
1,7.000000,5.982000,0.390000,-58,0.000000,7,8
1,7.000000,5.826000,0.420000,-58,0.000000,7,8
1,7.000000,5.932000,0.359000,-58,0.000000,7,8
1,7.000000,5.744000,0.479000,-58,0.000000,7,8
1,7.000000,5.548000,0.530000,-57,0.000000,7,8
1,7.000000,5.507000,0.546000,-57,0.000000,7,8
1,7.000000,5.398000,0.523000,-57,0.000000,7,8
1,7.000000,5.191000,0.629000,-57,0.000000,7,8
1,7.000000,5.426000,0.548000,-57,0.000000,7,8
1,7.000000,5.319000,0.588000,-57,0.000000,7,8
1,7.000000,5.351000,0.569000,-57,0.000000,7,8
1,7.000000,5.398000,0.554000,-57,0.000000,7,8
1,7.000000,5.460000,0.518000,-57,0.000000,7,8
1,7.000000,5.307000,0.614000,-57,0.000000,7,8
1,7.000000,5.401000,0.574000,-57,0.000000,7,8
1,7.000000,5.423000,0.591000,-57,0.000000,7,8
1,7.000000,5.154000,0.721000,-57,0.000000,7,8
1,7.000000,5.469000,0.561000,-56,0.000000,7,8
1,7.000000,5.469000,0.558000,-57,0.000000,7,8
1,7.000000,5.554000,0.474000,-57,0.000000,7,8
1,7.000000,5.304000,0.670000,-57,0.000000,7,8
1,7.000000,5.394000,0.570000,-56,0.000000,7,8
1,7.000000,5.438000,0.540000,-56,0.000000,7,8
1,7.000000,5.360000,0.591000,-56,0.000000,7,8
1,7.000000,5.588000,0.514000,-57,0.000000,7,8
1,7.000000,5.629000,0.441000,-56,0.000000,7,8
1,7.000000,5.557000,0.496000,-56,0.000000,7,8
1,7.000000,5.669000,0.413000,-56,0.000000,7,8
1,7.000000,5.473000,0.505000,-56,0.000000,7,8
1,7.000000,5.357000,0.634000,-56,0.000000,7,8
1,7.000000,5.513000,0.546000,-56,0.000000,7,8
1,7.000000,5.579000,0.466000,-56,0.000000,7,8
1,7.000000,5.316000,0.631000,-56,0.000000,7,8
1,7.000000,5.588000,0.476000,-56,0.000000,7,8
1,7.000000,5.479000,0.540000,-56,0.000000,7,8
1,7.000000,5.279000,0.648000,-56,0.000000,7,8
1,7.000000,5.504000,0.549000,-56,0.000000,7,8
1,7.000000,5.401000,0.596000,-57,0.000000,7,8
1,7.000000,5.560000,0.551000,-57,0.000000,7,8
1,7.000000,5.473000,0.574000,-57,0.000000,7,8
1,7.000000,5.619000,0.488000,-57,0.000000,7,8
1,7.000000,5.866000,0.345000,-57,0.000000,7,8
1,7.000000,6.213000,0.150000,-57,0.000000,7,8
1,7.000000,6.356000,0.131000,-58,0.000000,7,8
1,7.000000,6.363000,0.292000,-57,0.000000,7,8
1,7.000000,6.163000,0.210000,-58,0.000000,7,8
1,7.000000,5.904000,0.316000,-58,0.000000,7,8
1,7.000000,5.710000,0.455000,-57,0.000000,7,8
1,7.000000,5.863000,0.380000,-57,0.000000,7,8
1,7.000000,5.938000,0.401000,-57,0.000000,7,8
1,7.000000,6.398000,0.166000,-57,0.000000,7,8
1,7.000000,6.251000,0.225000,-58,0.000000,7,8
1,7.000000,6.476000,0.154000,-58,0.000000,7,8
1,7.000000,6.404000,0.178000,-58,0.000000,7,8
1,7.000000,6.329000,0.301000,-58,0.000000,7,8
1,7.000000,6.282000,0.232000,-58,0.000000,7,8
1,7.000000,6.710000,0.182000,-58,0.000000,7,8
1,7.000000,6.736000,0.301000,-58,0.000000,7,8
1,7.000000,6.771000,0.098000,-58,0.000000,7,8
1,7.000000,6.621000,0.066000,-58,0.000000,7,8
1,7.000000,6.565000,0.140000,-58,0.000000,7,8
1,7.000000,6.651000,0.078000,-58,0.000000,7,8
1,7.000000,6.712000,0.112000,-58,0.000000,7,8
1,7.000000,6.799000,0.437000,-58,0.000000,7,8
1,7.000000,6.771000,0.343000,-59,0.000000,7,8
1,7.000000,6.855000,0.372000,-58,0.000000,7,8
1,7.000000,6.810000,0.414000,-58,0.000000,7,8
1,7.000000,6.654000,0.136000,-59,0.000000,7,8
1,7.000000,6.294000,0.276000,-59,0.000000,7,8
1,7.000000,5.860000,0.428000,-59,0.000000,7,8
1,7.000000,5.866000,0.490000,-58,0.000000,7,8
1,7.000000,6.333000,0.346000,-57,0.000000,7,8
1,7.000000,5.316000,0.559000,-56,0.000000,7,8
1,7.000000,6.019000,0.238000,-57,0.000000,7,8
1,7.000000,5.985000,0.326000,-57,0.000000,7,8
1,7.000000,5.466000,0.515000,-57,0.000000,7,8
1,7.000000,5.360000,0.630000,-60,0.000000,7,8
1,7.000000,5.857000,0.274000,-59,0.000000,7,8
1,7.000000,6.179000,0.286000,-56,0.000000,7,8
1,7.000000,6.213000,0.173000,-60,0.000000,7,8
1,7.000000,6.254000,0.299000,-58,0.000000,7,8
1,7.000000,6.506000,0.596000,-57,0.000000,7,8
1,7.000000,6.482000,0.196000,-57,0.000000,7,8
1,7.000000,5.894000,0.316000,-57,0.000000,7,8
1,7.000000,6.201000,0.249000,-57,0.000000,7,8
1,7.000000,5.832000,0.469000,-56,0.000000,7,8
1,7.000000,5.938000,0.264000,-58,0.000000,7,8
1,7.000000,5.779000,0.361000,-58,0.000000,7,8
1,7.000000,5.548000,0.503000,-58,0.000000,7,8
1,7.000000,5.510000,0.499000,-57,0.000000,7,8
1,7.000000,5.857000,0.324000,-59,0.000000,7,8
1,7.000000,5.704000,0.422000,-58,0.000000,7,8
1,7.000000,5.401000,0.589000,-58,0.000000,7,8
1,7.000000,5.557000,0.510000,-58,0.000000,7,8
1,7.000000,5.541000,0.583000,-58,0.000000,7,8
1,7.000000,5.344000,0.640000,-58,0.000000,7,8
1,7.000000,5.588000,0.434000,-59,0.000000,7,8
1,7.000000,5.713000,0.337000,-58,0.000000,7,8
1,7.000000,5.676000,0.512000,-57,0.000000,7,8
1,7.000000,5.823000,0.347000,-58,0.000000,7,8
1,7.000000,5.551000,0.498000,-59,0.000000,7,8
1,7.000000,5.791000,0.373000,-57,0.000000,7,8
1,7.000000,5.969000,0.385000,-57,0.000000,7,8
1,7.000000,5.629000,0.483000,-62,0.000000,7,8
1,7.000000,6.060000,0.298000,-58,0.000000,7,8
1,7.000000,5.548000,0.612000,-56,0.000000,7,8
1,7.000000,6.166000,0.309000,-60,0.000000,7,8
1,7.000000,5.863000,0.339000,-55,0.000000,7,8
1,7.000000,5.666000,0.336000,-56,0.000000,7,8
1,7.000000,5.898000,0.348000,-56,0.000000,7,8
1,7.000000,5.966000,0.329000,-57,0.000000,7,8
1,7.000000,5.548000,0.544000,-58,0.000000,7,8
1,7.000000,5.579000,0.578000,-57,0.000000,7,8
1,7.000000,6.063000,0.275000,-58,0.000000,7,8
1,7.000000,5.745000,0.395000,-58,0.000000,7,8
1,7.000000,5.891000,0.341000,-60,0.000000,7,8
1,7.000000,5.976000,0.276000,-58,0.000000,7,8
1,7.000000,5.857000,0.376000,-57,0.000000,7,8
1,7.000000,6.176000,0.301000,-55,0.000000,7,8
1,7.000000,6.488000,0.163000,-55,0.000000,7,8
1,7.000000,6.407000,0.347000,-61,0.000000,7,8
1,7.000000,6.335000,0.151000,-55,0.000000,7,8
1,7.000000,6.626000,0.187000,-57,0.000000,7,8
1,7.000000,5.510000,0.763000,-58,0.000000,7,8
1,7.000000,5.554000,0.483000,-55,0.000000,7,8
1,7.000000,6.026000,0.265000,-57,0.000000,7,8
1,7.000000,5.698000,0.482000,-57,0.000000,7,8
1,7.000000,6.491000,0.203000,-58,0.000000,7,8
1,7.000000,6.223000,0.196000,-57,0.000000,7,8
1,7.000000,6.216000,0.249000,-57,0.000000,7,8
1,7.000000,5.941000,0.358000,-58,0.000000,7,8
1,7.000000,5.816000,0.431000,-56,0.000000,7,8
1,7.000000,5.629000,0.459000,-58,0.000000,7,8
1,7.000000,5.704000,0.442000,-57,0.000000,7,8
1,7.000000,5.713000,0.391000,-56,0.000000,7,8
1,7.000000,5.660000,0.457000,-56,0.000000,7,8
1,7.000000,5.507000,0.496000,-56,0.000000,7,8
1,7.000000,5.513000,0.519000,-55,0.000000,7,8
1,7.000000,5.388000,0.597000,-56,0.000000,7,8
1,7.000000,5.660000,0.458000,-56,0.000000,7,8
1,7.000000,5.823000,0.385000,-56,0.000000,7,8
1,7.000000,5.748000,0.427000,-57,0.000000,7,8
1,7.000000,5.632000,0.467000,-56,0.000000,7,8
1,7.000000,5.591000,0.427000,-57,0.000000,7,8
1,7.000000,5.544000,0.513000,-57,0.000000,7,8
1,7.000000,5.594000,0.515000,-56,0.000000,7,8
1,7.000000,5.745000,0.356000,-56,0.000000,7,8
1,7.000000,5.548000,0.439000,-56,0.000000,7,8
1,7.000000,5.541000,0.460000,-56,0.000000,7,8
1,7.000000,5.704000,0.434000,-57,0.000000,7,8
1,7.000000,5.276000,0.676000,-57,0.000000,7,8
1,7.000000,5.354000,0.547000,-58,0.000000,7,8
1,7.000000,5.316000,0.600000,-57,0.000000,7,8
1,7.000000,5.282000,0.540000,-59,0.000000,7,8
1,7.000000,5.560000,0.529000,-59,0.000000,7,8
1,7.000000,5.585000,0.551000,-58,0.000000,7,8
1,7.000000,5.469000,0.600000,-59,0.000000,7,8
1,7.000000,5.394000,0.649000,-59,0.000000,7,8
1,7.000000,5.776000,0.397000,-58,0.000000,7,8
1,7.000000,5.894000,0.350000,-59,0.000000,7,8
1,7.000000,6.169000,0.193000,-59,0.000000,7,8
1,7.000000,6.654000,0.076000,-60,0.000000,7,8
1,7.000000,5.913000,0.344000,-58,0.000000,7,8
1,7.000000,5.432000,0.574000,-58,0.000000,7,8
1,7.000000,5.544000,0.516000,-57,0.000000,7,8
1,7.000000,5.435000,0.528000,-57,0.000000,7,8
1,7.000000,5.623000,0.500000,-57,0.000000,7,8
1,7.000000,5.707000,0.505000,-57,0.000000,7,8
1,7.000000,5.741000,0.432000,-57,0.000000,7,8
1,7.000000,5.557000,0.565000,-56,0.000000,7,8
1,7.000000,5.669000,0.474000,-57,0.000000,7,8
1,7.000000,5.557000,0.545000,-56,0.000000,7,8
1,7.000000,5.579000,0.544000,-56,0.000000,7,8
1,7.000000,5.969000,0.373000,-57,0.000000,7,8
1,7.000000,5.857000,0.375000,-58,0.000000,7,8
1,7.000000,5.660000,0.474000,-58,0.000000,7,8
1,7.000000,5.629000,0.476000,-58,0.000000,7,8
1,7.000000,5.829000,0.372000,-57,0.000000,7,8
1,7.000000,5.701000,0.414000,-57,0.000000,7,8
1,7.000000,5.541000,0.602000,-56,0.000000,7,8
1,7.000000,5.266000,0.621000,-56,0.000000,7,8
1,7.000000,5.426000,0.508000,-58,0.000000,7,8
1,7.000000,5.166000,0.664000,-58,0.000000,7,8
1,7.000000,5.519000,0.489000,-57,0.000000,7,8
1,7.000000,5.482000,0.536000,-58,0.000000,7,8
1,7.000000,5.716000,0.431000,-58,0.000000,7,8
1,7.000000,5.632000,0.441000,-57,0.000000,7,8
1,7.000000,5.938000,0.320000,-56,0.000000,7,8
1,7.000000,5.501000,0.501000,-56,0.000000,7,8
1,7.000000,5.466000,0.546000,-56,0.000000,7,8
1,7.000000,5.319000,0.617000,-56,0.000000,7,8
1,7.000000,6.088000,0.310000,-58,0.000000,7,8
1,7.000000,6.138000,0.305000,-59,0.000000,7,8
1,7.000000,5.504000,0.544000,-57,0.000000,7,8
1,7.000000,5.816000,0.482000,-58,0.000000,7,8
1,7.000000,5.501000,0.618000,-57,0.000000,7,8
1,7.000000,5.823000,0.417000,-58,0.000000,7,8
1,7.000000,5.551000,0.536000,-58,0.000000,7,8
1,7.000000,5.779000,0.438000,-56,0.000000,7,8
1,7.000000,5.860000,0.382000,-57,0.000000,7,8
1,7.000000,6.176000,0.325000,-58,0.000000,7,8
1,7.000000,5.779000,0.368000,-58,0.000000,7,8
1,7.000000,5.748000,0.520000,-57,0.000000,7,8
1,7.000000,5.735000,0.420000,-58,0.000000,7,8
1,7.000000,5.810000,0.321000,-58,0.000000,7,8
1,7.000000,5.826000,0.367000,-58,0.000000,7,8
1,7.000000,5.738000,0.386000,-57,0.000000,7,8
1,7.000000,5.866000,0.347000,-57,0.000000,7,8
1,7.000000,5.819000,0.336000,-57,0.000000,7,8
1,7.000000,5.779000,0.423000,-57,0.000000,7,8
1,7.000000,5.826000,0.393000,-57,0.000000,7,8
1,7.000000,5.782000,0.414000,-57,0.000000,7,8
1,7.000000,5.632000,0.449000,-57,0.000000,7,8
1,7.000000,5.948000,0.320000,-57,0.000000,7,8
1,7.000000,5.907000,0.331000,-57,0.000000,7,8
1,7.000000,5.738000,0.454000,-57,0.000000,7,8
1,7.000000,5.866000,0.346000,-57,0.000000,7,8
1,7.000000,6.054000,0.240000,-57,0.000000,7,8
1,7.000000,5.741000,0.415000,-57,0.000000,7,8
1,7.000000,5.873000,0.387000,-57,0.000000,7,8
1,7.000000,5.782000,0.431000,-57,0.000000,7,8
1,7.000000,5.866000,0.336000,-57,0.000000,7,8
1,7.000000,5.979000,0.318000,-57,0.000000,7,8
1,7.000000,5.826000,0.407000,-57,0.000000,7,8
1,7.000000,5.826000,0.354000,-57,0.000000,7,8
1,7.000000,5.869000,0.348000,-57,0.000000,7,8
1,7.000000,5.929000,0.313000,-57,0.000000,7,8
1,7.000000,5.707000,0.431000,-57,0.000000,7,8
1,7.000000,5.951000,0.304000,-57,0.000000,7,8
1,7.000000,5.826000,0.373000,-57,0.000000,7,8
1,7.000000,5.701000,0.448000,-57,0.000000,7,8
1,7.000000,5.744000,0.444000,-57,0.000000,7,8
1,7.000000,5.716000,0.454000,-57,0.000000,7,8
1,7.000000,5.751000,0.455000,-57,0.000000,7,8
1,7.000000,5.779000,0.436000,-57,0.000000,7,8
1,7.000000,5.829000,0.398000,-57,0.000000,7,8
1,7.000000,5.932000,0.362000,-57,0.000000,7,8
1,7.000000,5.782000,0.383000,-57,0.000000,7,8
1,7.000000,5.694000,0.427000,-57,0.000000,7,8
1,7.000000,5.907000,0.344000,-57,0.000000,7,8
1,7.000000,5.869000,0.337000,-57,0.000000,7,8
1,7.000000,5.863000,0.365000,-57,0.000000,7,8
1,7.000000,5.907000,0.363000,-57,0.000000,7,8
1,7.000000,5.704000,0.451000,-57,0.000000,7,8
1,7.000000,5.741000,0.442000,-57,0.000000,7,8
1,7.000000,5.779000,0.402000,-57,0.000000,7,8
1,7.000000,5.982000,0.334000,-57,0.000000,7,8
1,7.000000,5.788000,0.412000,-57,0.000000,7,8
1,7.000000,5.826000,0.357000,-57,0.000000,7,8
1,7.000000,5.857000,0.336000,-57,0.000000,7,8
1,7.000000,5.791000,0.390000,-57,0.000000,7,8
1,7.000000,5.907000,0.333000,-57,0.000000,7,8
1,7.000000,5.935000,0.331000,-57,0.000000,7,8
1,7.000000,5.947000,0.291000,-58,0.000000,7,8
1,7.000000,5.898000,0.422000,-57,0.000000,7,8
1,7.000000,5.866000,0.356000,-57,0.000000,7,8
1,7.000000,5.860000,0.369000,-57,0.000000,7,8
1,7.000000,5.810000,0.368000,-57,0.000000,7,8
1,7.000000,5.626000,0.469000,-57,0.000000,7,8
1,7.000000,5.716000,0.447000,-57,0.000000,7,8
1,7.000000,5.826000,0.398000,-57,0.000000,7,8
1,7.000000,5.779000,0.420000,-57,0.000000,7,8
1,7.000000,5.710000,0.452000,-57,0.000000,7,8
1,7.000000,5.863000,0.346000,-57,0.000000,7,8
1,7.000000,5.779000,0.406000,-57,0.000000,7,8
1,7.000000,5.913000,0.300000,-57,0.000000,7,8
1,7.000000,5.894000,0.352000,-57,0.000000,7,8
1,7.000000,5.741000,0.402000,-57,0.000000,7,8
1,7.000000,5.710000,0.456000,-57,0.000000,7,8
1,7.000000,5.826000,0.361000,-57,0.000000,7,8
1,7.000000,5.663000,0.500000,-57,0.000000,7,8
1,7.000000,5.941000,0.368000,-57,0.000000,7,8
1,7.000000,5.979000,0.265000,-57,0.000000,7,8
1,7.000000,5.819000,0.375000,-57,0.000000,7,8
1,7.000000,5.779000,0.377000,-57,0.000000,7,8
1,7.000000,5.854000,0.333000,-57,0.000000,7,8
1,7.000000,5.819000,0.375000,-57,0.000000,7,8
1,7.000000,5.782000,0.383000,-57,0.000000,7,8
1,7.000000,5.941000,0.299000,-57,0.000000,7,8
1,7.000000,5.738000,0.443000,-57,0.000000,7,8
1,7.000000,5.854000,0.397000,-57,0.000000,7,8
1,7.000000,5.744000,0.392000,-57,0.000000,7,8
1,7.000000,5.829000,0.395000,-57,0.000000,7,8
1,7.000000,5.829000,0.361000,-57,0.000000,7,8
1,7.000000,5.754000,0.423000,-58,0.000000,7,8
1,7.000000,5.823000,0.397000,-57,0.000000,7,8
1,7.000000,5.819000,0.361000,-57,0.000000,7,8
1,7.000000,5.869000,0.353000,-57,0.000000,7,8
1,7.000000,5.666000,0.485000,-57,0.000000,7,8
1,7.000000,5.741000,0.436000,-57,0.000000,7,8
1,7.000000,5.657000,0.489000,-57,0.000000,7,8
1,7.000000,5.816000,0.382000,-57,0.000000,7,8
1,7.000000,5.860000,0.360000,-57,0.000000,7,8
1,7.000000,5.744000,0.435000,-57,0.000000,7,8
1,7.000000,5.985000,0.300000,-58,0.000000,7,8
1,7.000000,5.820000,0.414000,-57,0.000000,7,8
1,7.000000,5.738000,0.434000,-57,0.000000,7,8
1,7.000000,5.748000,0.430000,-57,0.000000,7,8
1,7.000000,5.944000,0.315000,-57,0.000000,7,8
1,7.000000,5.782000,0.385000,-57,0.000000,7,8
1,7.000000,5.904000,0.344000,-57,0.000000,7,8
1,7.000000,5.826000,0.439000,-57,0.000000,7,8
1,7.000000,5.904000,0.362000,-57,0.000000,7,8
1,7.000000,5.857000,0.333000,-57,0.000000,7,8
1,7.000000,5.663000,0.409000,-57,0.000000,7,8
1,7.000000,5.788000,0.426000,-57,0.000000,7,8
1,7.000000,5.829000,0.354000,-57,0.000000,7,8
1,7.000000,5.829000,0.367000,-57,0.000000,7,8
1,7.000000,5.941000,0.322000,-57,0.000000,7,8
1,7.000000,5.863000,0.373000,-57,0.000000,7,8
1,7.000000,5.776000,0.423000,-57,0.000000,7,8
1,7.000000,5.823000,0.384000,-57,0.000000,7,8
1,7.000000,5.901000,0.285000,-57,0.000000,7,8
1,7.000000,5.744000,0.435000,-57,0.000000,7,8
1,7.000000,5.741000,0.462000,-57,0.000000,7,8
1,7.000000,5.829000,0.384000,-57,0.000000,7,8
1,7.000000,5.779000,0.417000,-57,0.000000,7,8
1,7.000000,5.935000,0.324000,-57,0.000000,7,8
1,7.000000,5.704000,0.470000,-57,0.000000,7,8
1,7.000000,5.829000,0.374000,-57,0.000000,7,8
1,7.000000,5.898000,0.309000,-57,0.000000,7,8
1,7.000000,5.637000,0.459000,-57,0.000000,7,8
1,7.000000,5.782000,0.424000,-57,0.000000,7,8
1,7.000000,5.694000,0.417000,-57,0.000000,7,8
1,7.000000,5.707000,0.467000,-57,0.000000,7,8
1,7.000000,5.751000,0.467000,-57,0.000000,7,8
1,7.000000,5.748000,0.442000,-57,0.000000,7,8
1,7.000000,5.898000,0.320000,-57,0.000000,7,8
1,7.000000,5.673000,0.475000,-57,0.000000,7,8
1,7.000000,5.904000,0.365000,-57,0.000000,7,8
1,7.000000,5.788000,0.372000,-57,0.000000,7,8
1,7.000000,5.863000,0.442000,-57,0.000000,7,8
1,7.000000,5.898000,0.327000,-57,0.000000,7,8
1,7.000000,5.823000,0.371000,-57,0.000000,7,8
1,7.000000,5.751000,0.411000,-57,0.000000,7,8
1,7.000000,5.741000,0.417000,-57,0.000000,7,8
1,7.000000,5.588000,0.458000,-57,0.000000,7,8
1,7.000000,5.744000,0.458000,-57,0.000000,7,8
1,7.000000,5.741000,0.444000,-57,0.000000,7,8
1,7.000000,5.663000,0.489000,-57,0.000000,7,8
1,7.000000,5.701000,0.414000,-57,0.000000,7,8
1,7.000000,5.782000,0.415000,-57,0.000000,7,8
1,7.000000,5.788000,0.411000,-58,0.000000,7,8
1,7.000000,5.744000,0.442000,-57,0.000000,7,8
1,7.000000,5.829000,0.382000,-57,0.000000,7,8
1,7.000000,5.829000,0.411000,-57,0.000000,7,8
1,7.000000,5.748000,0.401000,-57,0.000000,7,8
1,7.000000,5.629000,0.472000,-57,0.000000,7,8
1,7.000000,5.738000,0.445000,-57,0.000000,7,8
1,7.000000,5.826000,0.368000,-57,0.000000,7,8
1,7.000000,5.788000,0.465000,-57,0.000000,7,8
1,7.000000,5.869000,0.368000,-57,0.000000,7,8
1,7.000000,5.932000,0.334000,-57,0.000000,7,8
1,7.000000,5.748000,0.418000,-57,0.000000,7,8
1,7.000000,5.748000,0.440000,-57,0.000000,7,8
1,7.000000,5.666000,0.429000,-57,0.000000,7,8
1,7.000000,5.788000,0.374000,-57,0.000000,7,8
1,7.000000,5.869000,0.371000,-57,0.000000,7,8
1,7.000000,5.944000,0.305000,-57,0.000000,7,8
1,7.000000,5.691000,0.441000,-57,0.000000,7,8
1,7.000000,5.741000,0.396000,-57,0.000000,7,8
1,7.000000,5.751000,0.479000,-58,0.000000,7,8
1,7.000000,5.744000,0.394000,-58,0.000000,7,8
1,7.000000,5.948000,0.336000,-57,0.000000,7,8
1,7.000000,5.740000,0.395000,-57,0.000000,7,8
1,7.000000,5.860000,0.347000,-57,0.000000,7,8
1,7.000000,5.785000,0.424000,-57,0.000000,7,8
1,7.000000,5.710000,0.466000,-57,0.000000,7,8
1,7.000000,5.710000,0.457000,-57,0.000000,7,8
1,7.000000,5.826000,0.394000,-57,0.000000,7,8
1,7.000000,5.866000,0.340000,-57,0.000000,7,8
1,7.000000,5.701000,0.430000,-58,0.000000,7,8
1,7.000000,5.666000,0.452000,-57,0.000000,7,8
1,7.000000,5.744000,0.435000,-57,0.000000,7,8
1,7.000000,5.829000,0.386000,-57,0.000000,7,8
1,7.000000,5.626000,0.473000,-57,0.000000,7,8
1,7.000000,5.591000,0.479000,-57,0.000000,7,8
1,7.000000,5.813000,0.366000,-57,0.000000,7,8
1,7.000000,5.751000,0.432000,-57,0.000000,7,8
1,7.000000,5.932000,0.343000,-57,0.000000,7,8
1,7.000000,5.741000,0.417000,-57,0.000000,7,8
1,7.000000,5.782000,0.434000,-57,0.000000,7,8
1,7.000000,5.741000,0.419000,-57,0.000000,7,8
1,7.000000,5.779000,0.376000,-57,0.000000,7,8
1,7.000000,5.660000,0.482000,-57,0.000000,7,8
1,7.000000,5.891000,0.350000,-57,0.000000,7,8
1,7.000000,5.982000,0.284000,-57,0.000000,7,8
1,7.000000,5.776000,0.382000,-57,0.000000,7,8
1,7.000000,5.782000,0.382000,-57,0.000000,7,8
1,7.000000,5.823000,0.385000,-57,0.000000,7,8
1,7.000000,5.754000,0.394000,-57,0.000000,7,8
1,7.000000,5.782000,0.391000,-57,0.000000,7,8
1,7.000000,5.623000,0.494000,-57,0.000000,7,8
1,7.000000,5.776000,0.397000,-57,0.000000,7,8
1,7.000000,5.819000,0.349000,-57,0.000000,7,8
1,7.000000,5.707000,0.431000,-57,0.000000,7,8
1,7.000000,5.904000,0.322000,-57,0.000000,7,8
1,7.000000,5.710000,0.475000,-57,0.000000,7,8
1,7.000000,5.860000,0.376000,-57,0.000000,7,8
1,7.000000,5.826000,0.369000,-57,0.000000,7,8
1,7.000000,5.632000,0.466000,-57,0.000000,7,8
1,7.000000,5.626000,0.465000,-57,0.000000,7,8
1,7.000000,5.904000,0.334000,-57,0.000000,7,8
1,7.000000,5.629000,0.471000,-57,0.000000,7,8
1,7.000000,5.860000,0.389000,-57,0.000000,7,8
1,7.000000,6.098000,0.251000,-57,0.000000,7,8
1,7.000000,5.741000,0.430000,-57,0.000000,7,8
1,7.000000,5.979000,0.298000,-57,0.000000,7,8
1,7.000000,5.823000,0.392000,-57,0.000000,7,8
1,7.000000,5.873000,0.350000,-57,0.000000,7,8
1,7.000000,5.848000,0.381000,-57,0.000000,7,8
1,7.000000,5.707000,0.456000,-57,0.000000,7,8
1,7.000000,5.904000,0.350000,-57,0.000000,7,8
1,7.000000,5.816000,0.395000,-57,0.000000,7,8
1,7.000000,5.738000,0.448000,-57,0.000000,7,8
1,7.000000,5.698000,0.480000,-57,0.000000,7,8
1,7.000000,5.704000,0.422000,-57,0.000000,7,8
1,7.000000,5.938000,0.318000,-57,0.000000,7,8
1,7.000000,5.832000,0.395000,-57,0.000000,7,8
1,7.000000,5.813000,0.362000,-57,0.000000,7,8
1,7.000000,5.669000,0.476000,-57,0.000000,7,8
1,7.000000,5.904000,0.363000,-57,0.000000,7,8
1,7.000000,5.710000,0.409000,-57,0.000000,7,8
1,7.000000,5.779000,0.390000,-57,0.000000,7,8
1,7.000000,5.823000,0.376000,-57,0.000000,7,8
1,7.000000,5.748000,0.467000,-57,0.000000,7,8
1,7.000000,5.829000,0.376000,-57,0.000000,7,8
1,7.000000,5.629000,0.471000,-57,0.000000,7,8
1,7.000000,5.776000,0.392000,-57,0.000000,7,8
1,7.000000,5.904000,0.290000,-57,0.000000,7,8
1,7.000000,5.751000,0.412000,-57,0.000000,7,8
1,7.000000,5.745000,0.411000,-57,0.000000,7,8
1,7.000000,5.948000,0.350000,-57,0.000000,7,8
1,7.000000,5.704000,0.417000,-57,0.000000,7,8
1,7.000000,5.791000,0.361000,-57,0.000000,7,8
1,7.000000,5.673000,0.475000,-57,0.000000,7,8
1,7.000000,5.673000,0.486000,-57,0.000000,7,8
1,7.000000,5.785000,0.416000,-57,0.000000,7,8
1,7.000000,5.941000,0.317000,-57,0.000000,7,8
1,7.000000,5.816000,0.414000,-57,0.000000,7,8
1,7.000000,5.785000,0.417000,-57,0.000000,7,8
1,7.000000,5.748000,0.371000,-57,0.000000,7,8
1,7.000000,5.741000,0.463000,-57,0.000000,7,8
1,7.000000,5.935000,0.339000,-57,0.000000,7,8
1,7.000000,5.782000,0.383000,-57,0.000000,7,8
1,7.000000,5.857000,0.335000,-57,0.000000,7,8
1,7.000000,5.707000,0.425000,-57,0.000000,7,8
1,7.000000,5.663000,0.471000,-57,0.000000,7,8
1,7.000000,5.866000,0.336000,-57,0.000000,7,8
1,7.000000,5.826000,0.385000,-57,0.000000,7,8
1,7.000000,5.744000,0.389000,-57,0.000000,7,8
1,7.000000,5.785000,0.377000,-57,0.000000,7,8
1,7.000000,5.588000,0.488000,-57,0.000000,7,8
1,7.000000,5.851000,0.405000,-57,0.000000,7,8
1,7.000000,5.744000,0.444000,-57,0.000000,7,8
1,7.000000,5.854000,0.363000,-57,0.000000,7,8
1,7.000000,5.785000,0.417000,-57,0.000000,7,8
1,7.000000,5.823000,0.360000,-57,0.000000,7,8
1,7.000000,5.832000,0.428000,-57,0.000000,7,8
1,7.000000,5.860000,0.332000,-57,0.000000,7,8
1,7.000000,5.666000,0.435000,-57,0.000000,7,8
1,7.000000,5.823000,0.393000,-57,0.000000,7,8
1,7.000000,5.904000,0.339000,-57,0.000000,7,8
1,7.000000,5.979000,0.310000,-57,0.000000,7,8
1,7.000000,5.713000,0.443000,-57,0.000000,7,8
1,7.000000,5.751000,0.441000,-57,0.000000,7,8
1,7.000000,5.738000,0.403000,-57,0.000000,7,8
1,7.000000,5.663000,0.465000,-57,0.000000,7,8
1,7.000000,5.751000,0.416000,-57,0.000000,7,8
1,7.000000,5.788000,0.386000,-57,0.000000,7,8
1,7.000000,5.741000,0.433000,-57,0.000000,7,8
1,7.000000,5.832000,0.384000,-57,0.000000,7,8
1,7.000000,5.788000,0.439000,-57,0.000000,7,8
1,7.000000,5.904000,0.380000,-57,0.000000,7,8
1,7.000000,5.785000,0.403000,-57,0.000000,7,8
1,7.000000,5.776000,0.440000,-57,0.000000,7,8
1,7.000000,5.894000,0.333000,-57,0.000000,7,8
1,7.000000,5.816000,0.395000,-57,0.000000,7,8
1,7.000000,5.904000,0.347000,-57,0.000000,7,8
1,7.000000,5.941000,0.281000,-57,0.000000,7,8
1,7.000000,5.910000,0.355000,-57,0.000000,7,8
1,7.000000,5.744000,0.452000,-57,0.000000,7,8
1,7.000000,5.713000,0.431000,-57,0.000000,7,8
1,7.000000,5.863000,0.328000,-57,0.000000,7,8
1,7.000000,5.829000,0.375000,-57,0.000000,7,8
1,7.000000,5.866000,0.361000,-57,0.000000,7,8
1,7.000000,5.832000,0.375000,-57,0.000000,7,8
1,7.000000,5.791000,0.414000,-57,0.000000,7,8
1,7.000000,5.816000,0.357000,-57,0.000000,7,8
1,7.000000,5.691000,0.452000,-58,0.000000,7,8
1,7.000000,5.866000,0.355000,-57,0.000000,7,8
1,7.000000,5.944000,0.328000,-57,0.000000,7,8
1,7.000000,5.823000,0.388000,-57,0.000000,7,8
1,7.000000,5.707000,0.410000,-57,0.000000,7,8
1,7.000000,5.754000,0.424000,-57,0.000000,7,8
1,7.000000,5.860000,0.358000,-57,0.000000,7,8
1,7.000000,5.979000,0.314000,-57,0.000000,7,8
1,7.000000,5.929000,0.337000,-57,0.000000,7,8
1,7.000000,5.829000,0.418000,-58,0.000000,7,8
1,7.000000,5.938000,0.301000,-57,0.000000,7,8
1,7.000000,5.901000,0.352000,-57,0.000000,7,8
1,7.000000,5.866000,0.362000,-58,0.000000,7,8
1,7.000000,5.819000,0.401000,-57,0.000000,7,8
1,7.000000,5.907000,0.329000,-57,0.000000,7,8
1,7.000000,5.744000,0.425000,-57,0.000000,7,8
1,7.000000,5.901000,0.330000,-57,0.000000,7,8
1,7.000000,5.929000,0.364000,-57,0.000000,7,8
1,7.000000,5.873000,0.358000,-57,0.000000,7,8
1,7.000000,5.979000,0.366000,-57,0.000000,7,8
1,7.000000,5.782000,0.409000,-57,0.000000,7,8
1,7.000000,5.785000,0.404000,-57,0.000000,7,8
1,7.000000,5.704000,0.453000,-57,0.000000,7,8
1,7.000000,5.898000,0.389000,-57,0.000000,7,8
1,7.000000,5.926000,0.360000,-57,0.000000,7,8
1,7.000000,5.854000,0.404000,-57,0.000000,7,8
1,7.000000,5.782000,0.424000,-57,0.000000,7,8
1,7.000000,5.979000,0.297000,-57,0.000000,7,8
1,7.000000,5.791000,0.420000,-57,0.000000,7,8
1,7.000000,5.863000,0.357000,-57,0.000000,7,8
1,7.000000,5.863000,0.347000,-57,0.000000,7,8
1,7.000000,5.751000,0.432000,-57,0.000000,7,8
1,7.000000,5.832000,0.385000,-57,0.000000,7,8
1,7.000000,5.829000,0.406000,-57,0.000000,7,8
1,7.000000,5.741000,0.417000,-57,0.000000,7,8
1,7.000000,5.976000,0.288000,-57,0.000000,7,8
1,7.000000,5.973000,0.351000,-57,0.000000,7,8
1,7.000000,5.754000,0.409000,-57,0.000000,7,8
1,7.000000,5.779000,0.453000,-57,0.000000,7,8
1,7.000000,5.894000,0.326000,-57,0.000000,7,8
1,7.000000,5.785000,0.428000,-57,0.000000,7,8
1,7.000000,5.698000,0.433000,-57,0.000000,7,8
1,7.000000,5.941000,0.285000,-57,0.000000,7,8
1,7.000000,5.826000,0.418000,-57,0.000000,7,8
1,7.000000,5.829000,0.405000,-57,0.000000,7,8
1,7.000000,5.907000,0.327000,-57,0.000000,7,8
1,7.000000,5.816000,0.392000,-57,0.000000,7,8
1,7.000000,5.904000,0.354000,-57,0.000000,7,8
1,7.000000,5.741000,0.429000,-57,0.000000,7,8
1,7.000000,5.669000,0.424000,-57,0.000000,7,8
1,7.000000,5.660000,0.477000,-57,0.000000,7,8
1,7.000000,5.860000,0.350000,-57,0.000000,7,8
1,7.000000,5.863000,0.376000,-57,0.000000,7,8
1,7.000000,5.669000,0.423000,-57,0.000000,7,8
1,7.000000,6.016000,0.276000,-57,0.000000,7,8
1,7.000000,5.744000,0.440000,-57,0.000000,7,8
1,7.000000,5.910000,0.335000,-57,0.000000,7,8
1,7.000000,5.910000,0.374000,-57,0.000000,7,8
1,7.000000,5.938000,0.352000,-57,0.000000,7,8
1,7.000000,5.669000,0.448000,-57,0.000000,7,8
1,7.000000,5.866000,0.356000,-57,0.000000,7,8
1,7.000000,5.866000,0.355000,-57,0.000000,7,8
1,7.000000,5.979000,0.341000,-57,0.000000,7,8
1,7.000000,5.788000,0.397000,-57,0.000000,7,8
1,7.000000,5.738000,0.444000,-57,0.000000,7,8
1,7.000000,5.826000,0.378000,-57,0.000000,7,8
1,7.000000,5.744000,0.455000,-58,0.000000,7,8
1,7.000000,5.744000,0.399000,-57,0.000000,7,8
1,7.000000,5.823000,0.398000,-57,0.000000,7,8
1,7.000000,5.823000,0.412000,-57,0.000000,7,8
1,7.000000,5.638000,0.495000,-57,0.000000,7,8
1,7.000000,5.941000,0.330000,-57,0.000000,7,8
1,7.000000,5.751000,0.409000,-57,0.000000,7,8
1,7.000000,5.816000,0.397000,-57,0.000000,7,8
1,7.000000,5.707000,0.401000,-57,0.000000,7,8
1,7.000000,5.863000,0.370000,-57,0.000000,7,8
1,7.000000,5.779000,0.384000,-57,0.000000,7,8
1,7.000000,5.819000,0.372000,-57,0.000000,7,8
1,7.000000,5.816000,0.360000,-57,0.000000,7,8
1,7.000000,5.820000,0.377000,-57,0.000000,7,8
1,7.000000,5.819000,0.399000,-57,0.000000,7,8
1,7.000000,5.754000,0.411000,-58,0.000000,7,8
1,7.000000,5.823000,0.355000,-57,0.000000,7,8
1,7.000000,5.791000,0.360000,-57,0.000000,7,8
1,7.000000,5.673000,0.457000,-57,0.000000,7,8
1,7.000000,5.710000,0.408000,-57,0.000000,7,8
1,7.000000,5.820000,0.419000,-57,0.000000,7,8
1,7.000000,5.985000,0.319000,-57,0.000000,7,8
1,7.000000,5.829000,0.377000,-57,0.000000,7,8
1,7.000000,5.819000,0.384000,-57,0.000000,7,8
1,7.000000,5.626000,0.466000,-57,0.000000,7,8
1,7.000000,5.869000,0.400000,-57,0.000000,7,8
1,7.000000,5.944000,0.361000,-57,0.000000,7,8
1,7.000000,5.826000,0.354000,-57,0.000000,7,8
1,7.000000,5.707000,0.461000,-57,0.000000,7,8
1,7.000000,5.820000,0.387000,-57,0.000000,7,8
1,7.000000,5.826000,0.424000,-57,0.000000,7,8
1,7.000000,6.013000,0.283000,-57,0.000000,7,8
1,7.000000,5.866000,0.376000,-57,0.000000,7,8
1,7.000000,5.629000,0.494000,-57,0.000000,7,8
1,7.000000,5.910000,0.331000,-57,0.000000,7,8
1,7.000000,5.813000,0.368000,-58,0.000000,7,8
1,7.000000,5.866000,0.365000,-57,0.000000,7,8
1,7.000000,5.829000,0.395000,-57,0.000000,7,8
1,7.000000,5.932000,0.314000,-57,0.000000,7,8
1,7.000000,5.782000,0.436000,-57,0.000000,7,8
1,7.000000,5.854000,0.373000,-57,0.000000,7,8
1,7.000000,5.704000,0.456000,-57,0.000000,7,8
1,7.000000,5.744000,0.468000,-57,0.000000,7,8
1,7.000000,5.904000,0.323000,-58,0.000000,7,8
1,7.000000,5.938000,0.324000,-57,0.000000,7,8
1,7.000000,5.938000,0.328000,-57,0.000000,7,8
1,7.000000,5.860000,0.402000,-57,0.000000,7,8
1,7.000000,5.832000,0.355000,-57,0.000000,7,8
1,7.000000,5.904000,0.375000,-57,0.000000,7,8
1,7.000000,5.791000,0.378000,-57,0.000000,7,8
1,7.000000,5.810000,0.363000,-57,0.000000,7,8
1,7.000000,5.782000,0.406000,-57,0.000000,7,8
1,7.000000,5.863000,0.359000,-57,0.000000,7,8
1,7.000000,5.835000,0.357000,-57,0.000000,7,8
1,7.000000,5.863000,0.371000,-57,0.000000,7,8
1,7.000000,5.779000,0.367000,-57,0.000000,7,8
1,7.000000,5.635000,0.464000,-57,0.000000,7,8
1,7.000000,5.782000,0.364000,-57,0.000000,7,8
1,7.000000,5.704000,0.469000,-57,0.000000,7,8
1,7.000000,5.891000,0.367000,-57,0.000000,7,8
1,7.000000,5.707000,0.458000,-57,0.000000,7,8
1,7.000000,5.776000,0.398000,-57,0.000000,7,8
1,7.000000,5.710000,0.490000,-57,0.000000,7,8
1,7.000000,5.710000,0.453000,-57,0.000000,7,8
1,7.000000,5.657000,0.449000,-57,0.000000,7,8
1,7.000000,6.022000,0.319000,-57,0.000000,7,8
1,7.000000,5.748000,0.375000,-57,0.000000,7,8
1,7.000000,5.669000,0.441000,-57,0.000000,7,8
1,7.000000,5.754000,0.363000,-57,0.000000,7,8
1,7.000000,5.823000,0.342000,-57,0.000000,7,8
1,7.000000,5.863000,0.388000,-57,0.000000,7,8
1,7.000000,5.748000,0.427000,-57,0.000000,7,8
1,7.000000,5.751000,0.426000,-57,0.000000,7,8
1,7.000000,5.744000,0.423000,-57,0.000000,7,8
1,7.000000,5.551000,0.496000,-57,0.000000,7,8
1,7.000000,5.851000,0.368000,-57,0.000000,7,8
1,7.000000,5.901000,0.336000,-57,0.000000,7,8
1,7.000000,5.710000,0.456000,-57,0.000000,7,8
1,7.000000,5.788000,0.397000,-58,0.000000,7,8
1,7.000000,5.907000,0.360000,-57,0.000000,7,8
1,7.000000,5.698000,0.453000,-58,0.000000,7,8
1,7.000000,5.866000,0.373000,-57,0.000000,7,8
1,7.000000,5.626000,0.473000,-57,0.000000,7,8
1,7.000000,5.776000,0.412000,-57,0.000000,7,8
1,7.000000,5.741000,0.454000,-57,0.000000,7,8
1,7.000000,5.741000,0.398000,-57,0.000000,7,8
1,7.000000,5.898000,0.367000,-57,0.000000,7,8
1,7.000000,5.751000,0.463000,-57,0.000000,7,8
1,7.000000,5.788000,0.403000,-57,0.000000,7,8
1,7.000000,5.982000,0.319000,-57,0.000000,7,8
1,7.000000,5.866000,0.353000,-57,0.000000,7,8
1,7.000000,5.791000,0.406000,-57,0.000000,7,8
1,7.000000,5.907000,0.318000,-57,0.000000,7,8
1,7.000000,5.907000,0.328000,-57,0.000000,7,8
1,7.000000,5.663000,0.478000,-57,0.000000,7,8
1,7.000000,5.707000,0.435000,-57,0.000000,7,8
1,7.000000,5.741000,0.397000,-57,0.000000,7,8
1,7.000000,5.748000,0.435000,-57,0.000000,7,8
1,7.000000,5.894000,0.383000,-57,0.000000,7,8
1,7.000000,5.832000,0.376000,-57,0.000000,7,8
1,7.000000,5.560000,0.542000,-57,0.000000,7,8
1,7.000000,5.785000,0.408000,-57,0.000000,7,8
1,7.000000,5.866000,0.313000,-57,0.000000,7,8
1,7.000000,5.744000,0.419000,-57,0.000000,7,8
1,7.000000,5.791000,0.428000,-57,0.000000,7,8
1,7.000000,5.741000,0.418000,-57,0.000000,7,8
1,7.000000,5.863000,0.358000,-57,0.000000,7,8
1,7.000000,5.663000,0.456000,-57,0.000000,7,8
1,7.000000,5.869000,0.365000,-57,0.000000,7,8
1,7.000000,5.823000,0.407000,-57,0.000000,7,8
1,7.000000,5.779000,0.387000,-57,0.000000,7,8
1,7.000000,5.860000,0.374000,-57,0.000000,7,8
1,7.000000,5.857000,0.355000,-57,0.000000,7,8
1,7.000000,5.701000,0.431000,-57,0.000000,7,8
1,7.000000,5.707000,0.424000,-57,0.000000,7,8
1,7.000000,5.863000,0.374000,-57,0.000000,7,8
1,7.000000,5.779000,0.394000,-57,0.000000,7,8
1,7.000000,5.788000,0.385000,-57,0.000000,7,8
1,7.000000,5.782000,0.422000,-57,0.000000,7,8
1,7.000000,5.832000,0.442000,-57,0.000000,7,8
1,7.000000,5.929000,0.346000,-57,0.000000,7,8
1,7.000000,5.826000,0.383000,-57,0.000000,7,8
1,7.000000,5.979000,0.310000,-57,0.000000,7,8
1,7.000000,6.041000,0.282000,-57,0.000000,7,8
1,7.000000,5.823000,0.410000,-57,0.000000,7,8
1,7.000000,5.791000,0.400000,-57,0.000000,7,8
1,7.000000,5.829000,0.395000,-57,0.000000,7,8
1,7.000000,5.829000,0.391000,-57,0.000000,7,8
1,7.000000,6.026000,0.323000,-57,0.000000,7,8
1,7.000000,5.823000,0.400000,-57,0.000000,7,8
1,7.000000,5.869000,0.326000,-57,0.000000,7,8
1,7.000000,5.823000,0.368000,-58,0.000000,7,8
1,7.000000,5.941000,0.298000,-57,0.000000,7,8
1,7.000000,5.901000,0.348000,-57,0.000000,7,8
1,7.000000,5.826000,0.363000,-57,0.000000,7,8
1,7.000000,5.910000,0.359000,-57,0.000000,7,8
1,7.000000,5.779000,0.420000,-57,0.000000,7,8
1,7.000000,5.748000,0.405000,-57,0.000000,7,8
1,7.000000,5.785000,0.419000,-57,0.000000,7,8
1,7.000000,5.782000,0.393000,-57,0.000000,7,8
1,7.000000,5.863000,0.386000,-57,0.000000,7,8
1,7.000000,5.979000,0.335000,-57,0.000000,7,8
1,7.000000,5.670000,0.476000,-57,0.000000,7,8
1,7.000000,5.982000,0.299000,-57,0.000000,7,8
1,7.000000,5.826000,0.409000,-57,0.000000,7,8
1,7.000000,5.851000,0.408000,-57,0.000000,7,8
1,7.000000,5.904000,0.358000,-57,0.000000,7,8
1,7.000000,5.866000,0.348000,-57,0.000000,7,8
1,7.000000,5.773000,0.400000,-57,0.000000,7,8
1,7.000000,5.741000,0.427000,-57,0.000000,7,8
1,7.000000,5.660000,0.441000,-57,0.000000,7,8
1,7.000000,5.748000,0.379000,-57,0.000000,7,8
1,7.000000,5.932000,0.337000,-57,0.000000,7,8
1,7.000000,5.898000,0.406000,-57,0.000000,7,8
1,7.000000,5.982000,0.325000,-57,0.000000,7,8
1,7.000000,5.741000,0.437000,-57,0.000000,7,8
1,7.000000,5.794000,0.407000,-57,0.000000,7,8
1,7.000000,5.707000,0.454000,-57,0.000000,7,8
1,7.000000,5.888000,0.368000,-57,0.000000,7,8
1,7.000000,5.782000,0.397000,-57,0.000000,7,8
1,7.000000,5.701000,0.436000,-57,0.000000,7,8
1,7.000000,5.860000,0.395000,-57,0.000000,7,8
1,7.000000,5.935000,0.317000,-57,0.000000,7,8
1,7.000000,5.748000,0.428000,-58,0.000000,7,8
1,7.000000,5.873000,0.351000,-57,0.000000,7,8
1,7.000000,5.791000,0.385000,-58,0.000000,7,8
1,7.000000,5.748000,0.454000,-57,0.000000,7,8
1,7.000000,5.901000,0.349000,-57,0.000000,7,8
1,7.000000,5.857000,0.400000,-57,0.000000,7,8
1,7.000000,5.735000,0.493000,-58,0.000000,7,8
1,7.000000,5.826000,0.398000,-58,0.000000,7,8
1,7.000000,5.819000,0.390000,-57,0.000000,7,8
1,7.000000,5.932000,0.318000,-57,0.000000,7,8
1,7.000000,5.788000,0.408000,-57,0.000000,7,8
1,7.000000,5.782000,0.409000,-57,0.000000,7,8
1,7.000000,5.779000,0.394000,-57,0.000000,7,8
1,7.000000,5.941000,0.307000,-57,0.000000,7,8
1,7.000000,5.754000,0.437000,-57,0.000000,7,8
1,7.000000,5.738000,0.440000,-57,0.000000,7,8
1,7.000000,5.669000,0.478000,-57,0.000000,7,8
1,7.000000,5.773000,0.415000,-57,0.000000,7,8
1,7.000000,5.663000,0.438000,-57,0.000000,7,8
1,7.000000,5.669000,0.463000,-57,0.000000,7,8
1,7.000000,5.826000,0.344000,-57,0.000000,7,8
1,7.000000,5.832000,0.397000,-57,0.000000,7,8
1,7.000000,5.907000,0.345000,-57,0.000000,7,8
1,7.000000,5.819000,0.373000,-58,0.000000,7,8
1,7.000000,5.704000,0.460000,-57,0.000000,7,8
1,7.000000,5.894000,0.350000,-57,0.000000,7,8
1,7.000000,5.904000,0.329000,-57,0.000000,7,8
1,7.000000,5.738000,0.446000,-57,0.000000,7,8
1,7.000000,5.941000,0.306000,-57,0.000000,7,8
1,7.000000,5.898000,0.294000,-57,0.000000,7,8
1,7.000000,5.944000,0.328000,-57,0.000000,7,8
1,7.000000,6.063000,0.260000,-57,0.000000,7,8
1,7.000000,5.823000,0.356000,-57,0.000000,7,8
1,7.000000,5.785000,0.421000,-57,0.000000,7,8
1,7.000000,5.788000,0.380000,-57,0.000000,7,8
1,7.000000,5.901000,0.351000,-58,0.000000,7,8
1,7.000000,5.904000,0.310000,-57,0.000000,7,8
1,7.000000,5.741000,0.402000,-58,0.000000,7,8
1,7.000000,5.901000,0.343000,-57,0.000000,7,8
1,7.000000,5.823000,0.424000,-57,0.000000,7,8
1,7.000000,5.832000,0.363000,-57,0.000000,7,8
1,7.000000,5.710000,0.476000,-57,0.000000,7,8
1,7.000000,5.820000,0.422000,-57,0.000000,7,8
1,7.000000,5.819000,0.374000,-57,0.000000,7,8
1,7.000000,5.679000,0.422000,-57,0.000000,7,8
1,7.000000,5.863000,0.342000,-57,0.000000,7,8
1,7.000000,5.860000,0.343000,-57,0.000000,7,8
1,7.000000,5.588000,0.492000,-57,0.000000,7,8
1,7.000000,5.944000,0.340000,-57,0.000000,7,8
1,7.000000,5.820000,0.365000,-57,0.000000,7,8
1,7.000000,5.829000,0.366000,-57,0.000000,7,8
1,7.000000,5.776000,0.424000,-57,0.000000,7,8
1,7.000000,5.785000,0.428000,-58,0.000000,7,8
1,7.000000,5.741000,0.387000,-57,0.000000,7,8
1,7.000000,5.979000,0.288000,-57,0.000000,7,8
1,7.000000,5.935000,0.302000,-57,0.000000,7,8
1,7.000000,5.591000,0.465000,-57,0.000000,7,8
1,7.000000,5.744000,0.424000,-57,0.000000,7,8
1,7.000000,6.098000,0.252000,-57,0.000000,7,8
1,7.000000,5.873000,0.346000,-57,0.000000,7,8
1,7.000000,5.860000,0.367000,-57,0.000000,7,8
1,7.000000,5.863000,0.371000,-57,0.000000,7,8
1,7.000000,5.704000,0.426000,-57,0.000000,7,8
1,7.000000,5.588000,0.488000,-57,0.000000,7,8
1,7.000000,5.782000,0.391000,-57,0.000000,7,8
1,7.000000,5.773000,0.398000,-57,0.000000,7,8
1,7.000000,5.788000,0.391000,-57,0.000000,7,8
1,7.000000,5.741000,0.387000,-57,0.000000,7,8
1,7.000000,5.894000,0.348000,-57,0.000000,7,8
1,7.000000,5.904000,0.366000,-58,0.000000,7,8
1,7.000000,5.869000,0.385000,-57,0.000000,7,8
1,7.000000,5.782000,0.400000,-57,0.000000,7,8
1,7.000000,5.860000,0.389000,-57,0.000000,7,8
1,7.000000,5.863000,0.367000,-57,0.000000,7,8
1,7.000000,5.866000,0.345000,-57,0.000000,7,8
1,7.000000,5.788000,0.423000,-57,0.000000,7,8
1,7.000000,5.782000,0.416000,-57,0.000000,7,8
1,7.000000,5.979000,0.297000,-57,0.000000,7,8
1,7.000000,5.704000,0.429000,-57,0.000000,7,8
1,7.000000,5.898000,0.337000,-57,0.000000,7,8
1,7.000000,5.826000,0.397000,-57,0.000000,7,8
1,7.000000,5.748000,0.446000,-57,0.000000,7,8
1,7.000000,5.938000,0.331000,-57,0.000000,7,8
1,7.000000,5.869000,0.387000,-57,0.000000,7,8
1,7.000000,5.976000,0.323000,-57,0.000000,7,8
1,7.000000,5.863000,0.368000,-57,0.000000,7,8
1,7.000000,5.676000,0.536000,-57,0.000000,7,8
1,7.000000,5.663000,0.465000,-57,0.000000,7,8
1,7.000000,5.779000,0.434000,-57,0.000000,7,8
1,7.000000,5.863000,0.384000,-57,0.000000,7,8
1,7.000000,5.866000,0.343000,-57,0.000000,7,8
1,7.000000,5.860000,0.340000,-57,0.000000,7,8
1,7.000000,5.754000,0.454000,-57,0.000000,7,8
1,7.000000,5.826000,0.401000,-57,0.000000,7,8
1,7.000000,5.751000,0.442000,-57,0.000000,7,8
1,7.000000,5.748000,0.443000,-57,0.000000,7,8
1,7.000000,5.854000,0.349000,-57,0.000000,7,8
1,7.000000,5.866000,0.395000,-57,0.000000,7,8
1,7.000000,5.707000,0.440000,-57,0.000000,7,8
1,7.000000,5.813000,0.395000,-57,0.000000,7,8
1,7.000000,5.860000,0.375000,-57,0.000000,7,8
1,7.000000,5.779000,0.420000,-57,0.000000,7,8
1,7.000000,5.785000,0.411000,-57,0.000000,7,8
1,7.000000,5.707000,0.450000,-57,0.000000,7,8
1,7.000000,5.751000,0.440000,-57,0.000000,7,8
1,7.000000,5.701000,0.455000,-57,0.000000,7,8
1,7.000000,5.816000,0.396000,-58,0.000000,7,8
1,7.000000,5.816000,0.372000,-57,0.000000,7,8
1,7.000000,5.907000,0.372000,-57,0.000000,7,8
1,7.000000,5.820000,0.396000,-57,0.000000,7,8
1,7.000000,5.751000,0.424000,-57,0.000000,7,8
1,7.000000,5.810000,0.401000,-57,0.000000,7,8
1,7.000000,5.744000,0.468000,-57,0.000000,7,8
1,7.000000,5.748000,0.463000,-57,0.000000,7,8
1,7.000000,5.832000,0.384000,-57,0.000000,7,8
1,7.000000,5.707000,0.430000,-57,0.000000,7,8
1,7.000000,5.629000,0.464000,-57,0.000000,7,8
1,7.000000,5.785000,0.422000,-57,0.000000,7,8
1,7.000000,5.710000,0.495000,-57,0.000000,7,8
1,7.000000,5.751000,0.382000,-57,0.000000,7,8
1,7.000000,5.751000,0.409000,-57,0.000000,7,8
1,7.000000,5.810000,0.411000,-57,0.000000,7,8
1,7.000000,5.669000,0.451000,-57,0.000000,7,8
1,7.000000,5.716000,0.442000,-57,0.000000,7,8
1,7.000000,5.898000,0.362000,-57,0.000000,7,8
1,7.000000,5.779000,0.411000,-57,0.000000,7,8
1,7.000000,5.869000,0.394000,-57,0.000000,7,8
1,7.000000,5.785000,0.421000,-57,0.000000,7,8
1,7.000000,5.823000,0.365000,-57,0.000000,7,8
1,7.000000,5.829000,0.361000,-57,0.000000,7,8
1,7.000000,5.932000,0.394000,-57,0.000000,7,8
1,7.000000,5.788000,0.436000,-57,0.000000,7,8
1,7.000000,5.779000,0.423000,-57,0.000000,7,8
1,7.000000,5.907000,0.334000,-58,0.000000,7,8
1,7.000000,5.819000,0.381000,-57,0.000000,7,8
1,7.000000,5.816000,0.419000,-57,0.000000,7,8
1,7.000000,6.013000,0.283000,-57,0.000000,7,8
1,7.000000,5.744000,0.403000,-57,0.000000,7,8
1,7.000000,5.826000,0.404000,-57,0.000000,7,8
1,7.000000,5.929000,0.375000,-57,0.000000,7,8
1,7.000000,5.819000,0.347000,-57,0.000000,7,8
1,7.000000,5.785000,0.394000,-57,0.000000,7,8
1,7.000000,5.754000,0.399000,-57,0.000000,7,8
1,7.000000,5.741000,0.405000,-57,0.000000,7,8
1,7.000000,5.710000,0.460000,-57,0.000000,7,8
1,7.000000,5.785000,0.409000,-57,0.000000,7,8
1,7.000000,5.944000,0.325000,-57,0.000000,7,8
1,7.000000,5.751000,0.411000,-57,0.000000,7,8
1,7.000000,5.866000,0.367000,-57,0.000000,7,8
1,7.000000,6.060000,0.281000,-57,0.000000,7,8
1,7.000000,5.860000,0.387000,-57,0.000000,7,8
1,7.000000,5.785000,0.407000,-57,0.000000,7,8
1,7.000000,5.898000,0.338000,-57,0.000000,7,8
1,7.000000,5.826000,0.374000,-57,0.000000,7,8
1,7.000000,5.863000,0.374000,-57,0.000000,7,8
1,7.000000,5.738000,0.430000,-57,0.000000,7,8
1,7.000000,5.826000,0.355000,-57,0.000000,7,8
1,7.000000,5.744000,0.454000,-57,0.000000,7,8
1,7.000000,5.976000,0.350000,-57,0.000000,7,8
1,7.000000,5.898000,0.401000,-57,0.000000,7,8
1,7.000000,5.979000,0.297000,-57,0.000000,7,8
1,7.000000,5.704000,0.426000,-57,0.000000,7,8
1,7.000000,5.869000,0.409000,-57,0.000000,7,8
1,7.000000,5.813000,0.381000,-57,0.000000,7,8
1,7.000000,5.744000,0.433000,-57,0.000000,7,8
1,7.000000,5.710000,0.421000,-58,0.000000,7,8
1,7.000000,5.710000,0.491000,-57,0.000000,7,8
1,7.000000,5.716000,0.472000,-57,0.000000,7,8
1,7.000000,5.938000,0.330000,-57,0.000000,7,8
1,7.000000,5.745000,0.454000,-57,0.000000,7,8
1,7.000000,5.744000,0.427000,-57,0.000000,7,8
1,7.000000,5.829000,0.381000,-57,0.000000,7,8
1,7.000000,5.904000,0.370000,-57,0.000000,7,8
1,7.000000,5.935000,0.305000,-57,0.000000,7,8
1,7.000000,5.898000,0.378000,-57,0.000000,7,8
1,7.000000,5.744000,0.415000,-57,0.000000,7,8
1,7.000000,5.857000,0.347000,-57,0.000000,7,8
1,7.000000,5.819000,0.374000,-57,0.000000,7,8
1,7.000000,5.891000,0.323000,-57,0.000000,7,8
1,7.000000,5.776000,0.399000,-57,0.000000,7,8
1,7.000000,5.819000,0.416000,-57,0.000000,7,8
1,7.000000,5.701000,0.431000,-57,0.000000,7,8
1,7.000000,5.863000,0.375000,-58,0.000000,7,8
1,7.000000,5.857000,0.387000,-57,0.000000,7,8
1,7.000000,5.735000,0.442000,-57,0.000000,7,8
1,7.000000,5.820000,0.401000,-57,0.000000,7,8
1,7.000000,5.951000,0.318000,-57,0.000000,7,8
1,7.000000,5.854000,0.388000,-57,0.000000,7,8
1,7.000000,5.788000,0.405000,-57,0.000000,7,8
1,7.000000,5.866000,0.394000,-57,0.000000,7,8
1,7.000000,5.829000,0.339000,-57,0.000000,7,8
1,7.000000,5.713000,0.415000,-57,0.000000,7,8
1,7.000000,5.854000,0.407000,-57,0.000000,7,8
1,7.000000,5.626000,0.443000,-57,0.000000,7,8
1,7.000000,5.819000,0.386000,-57,0.000000,7,8
1,7.000000,5.666000,0.459000,-57,0.000000,7,8
1,7.000000,5.869000,0.349000,-57,0.000000,7,8
1,7.000000,5.863000,0.351000,-57,0.000000,7,8
1,7.000000,5.779000,0.399000,-57,0.000000,7,8
1,7.000000,5.748000,0.456000,-57,0.000000,7,8
1,7.000000,5.948000,0.350000,-57,0.000000,7,8
1,7.000000,5.588000,0.496000,-57,0.000000,7,8
1,7.000000,5.829000,0.360000,-57,0.000000,7,8
1,7.000000,5.982000,0.298000,-57,0.000000,7,8
1,7.000000,5.738000,0.432000,-57,0.000000,7,8
1,7.000000,5.829000,0.390000,-57,0.000000,7,8
1,7.000000,5.751000,0.419000,-57,0.000000,7,8
1,7.000000,5.794000,0.392000,-57,0.000000,7,8
1,7.000000,5.898000,0.370000,-57,0.000000,7,8
1,7.000000,6.016000,0.258000,-57,0.000000,7,8
1,7.000000,5.935000,0.348000,-57,0.000000,7,8
1,7.000000,5.782000,0.432000,-57,0.000000,7,8
1,7.000000,5.823000,0.390000,-57,0.000000,7,8
1,7.000000,5.866000,0.341000,-57,0.000000,7,8
1,7.000000,6.016000,0.289000,-57,0.000000,7,8
1,7.000000,5.938000,0.345000,-57,0.000000,7,8
1,7.000000,5.782000,0.409000,-57,0.000000,7,8
1,7.000000,5.819000,0.361000,-57,0.000000,7,8
1,7.000000,5.988000,0.330000,-57,0.000000,7,8
1,7.000000,5.801000,0.333000,-57,0.000000,7,8
1,7.000000,5.898000,0.345000,-57,0.000000,7,8
1,7.000000,5.744000,0.437000,-57,0.000000,7,8
1,7.000000,5.669000,0.432000,-57,0.000000,7,8
1,7.000000,5.669000,0.436000,-57,0.000000,7,8
1,7.000000,5.866000,0.356000,-57,0.000000,7,8
1,7.000000,6.019000,0.248000,-57,0.000000,7,8
1,7.000000,5.819000,0.380000,-57,0.000000,7,8
1,7.000000,5.782000,0.447000,-57,0.000000,7,8
1,7.000000,5.829000,0.386000,-57,0.000000,7,8
1,7.000000,5.860000,0.362000,-57,0.000000,7,8
1,7.000000,6.029000,0.324000,-57,0.000000,7,8
1,7.000000,5.776000,0.405000,-57,0.000000,7,8
1,7.000000,5.951000,0.346000,-57,0.000000,7,8
1,7.000000,5.663000,0.498000,-57,0.000000,7,8
1,7.000000,5.969000,0.308000,-57,0.000000,7,8
1,7.000000,5.710000,0.476000,-57,0.000000,7,8
1,7.000000,5.857000,0.343000,-57,0.000000,7,8
1,7.000000,5.819000,0.396000,-57,0.000000,7,8
1,7.000000,5.863000,0.414000,-57,0.000000,7,8
1,7.000000,5.866000,0.367000,-57,0.000000,7,8
1,7.000000,5.782000,0.413000,-57,0.000000,7,8
1,7.000000,5.816000,0.386000,-57,0.000000,7,8
1,7.000000,5.976000,0.288000,-57,0.000000,7,8
1,7.000000,5.741000,0.457000,-57,0.000000,7,8
1,7.000000,5.866000,0.370000,-58,0.000000,7,8
1,7.000000,5.745000,0.442000,-57,0.000000,7,8
1,7.000000,5.823000,0.365000,-57,0.000000,7,8
1,7.000000,5.779000,0.406000,-57,0.000000,7,8
1,7.000000,5.548000,0.514000,-57,0.000000,7,8
1,7.000000,5.669000,0.436000,-57,0.000000,7,8
1,7.000000,5.816000,0.384000,-57,0.000000,7,8
1,7.000000,5.629000,0.512000,-57,0.000000,7,8
1,7.000000,5.826000,0.359000,-57,0.000000,7,8
1,7.000000,5.832000,0.384000,-57,0.000000,7,8
1,7.000000,5.751000,0.409000,-58,0.000000,7,8
1,7.000000,5.891000,0.358000,-57,0.000000,7,8
1,7.000000,5.823000,0.406000,-57,0.000000,7,8
1,7.000000,5.776000,0.383000,-57,0.000000,7,8
1,7.000000,5.745000,0.412000,-57,0.000000,7,8
1,7.000000,5.904000,0.323000,-57,0.000000,7,8
1,7.000000,5.857000,0.346000,-57,0.000000,7,8
1,7.000000,5.698000,0.453000,-57,0.000000,7,8
1,7.000000,5.866000,0.329000,-57,0.000000,7,8
1,7.000000,6.023000,0.267000,-57,0.000000,7,8
1,7.000000,5.782000,0.355000,-57,0.000000,7,8
1,7.000000,5.751000,0.435000,-57,0.000000,7,8
1,7.000000,5.988000,0.280000,-57,0.000000,7,8
1,7.000000,5.829000,0.351000,-57,0.000000,7,8
1,7.000000,5.901000,0.318000,-57,0.000000,7,8
1,7.000000,5.823000,0.360000,-57,0.000000,7,8
1,7.000000,6.097000,0.246000,-57,0.000000,7,8
1,7.000000,5.941000,0.304000,-57,0.000000,7,8
1,7.000000,5.788000,0.385000,-57,0.000000,7,8
1,7.000000,5.813000,0.413000,-57,0.000000,7,8
1,7.000000,5.829000,0.424000,-58,0.000000,7,8
1,7.000000,5.748000,0.427000,-57,0.000000,7,8
1,7.000000,5.863000,0.345000,-57,0.000000,7,8
1,7.000000,5.819000,0.402000,-57,0.000000,7,8
1,7.000000,5.707000,0.397000,-57,0.000000,7,8
1,7.000000,5.823000,0.412000,-57,0.000000,7,8
1,7.000000,5.947000,0.335000,-58,0.000000,7,8
1,7.000000,5.788000,0.378000,-57,0.000000,7,8
1,7.000000,5.904000,0.323000,-57,0.000000,7,8
1,7.000000,5.976000,0.333000,-57,0.000000,7,8
1,7.000000,5.857000,0.359000,-57,0.000000,7,8
1,7.000000,5.826000,0.413000,-57,0.000000,7,8
1,7.000000,5.623000,0.485000,-57,0.000000,7,8
1,7.000000,5.816000,0.427000,-57,0.000000,7,8
1,7.000000,5.860000,0.324000,-57,0.000000,7,8
1,7.000000,5.776000,0.446000,-57,0.000000,7,8
1,7.000000,5.748000,0.385000,-57,0.000000,7,8
1,7.000000,5.826000,0.365000,-57,0.000000,7,8
1,7.000000,5.744000,0.431000,-57,0.000000,7,8
1,7.000000,5.932000,0.324000,-57,0.000000,7,8
1,7.000000,5.898000,0.348000,-57,0.000000,7,8
1,7.000000,5.745000,0.372000,-57,0.000000,7,8
1,7.000000,5.898000,0.346000,-57,0.000000,7,8
1,7.000000,5.829000,0.342000,-57,0.000000,7,8
1,7.000000,5.907000,0.331000,-57,0.000000,7,8
1,7.000000,5.741000,0.445000,-57,0.000000,7,8
1,7.000000,5.907000,0.363000,-57,0.000000,7,8
1,7.000000,5.707000,0.437000,-57,0.000000,7,8
1,7.000000,5.913000,0.357000,-57,0.000000,7,8
1,7.000000,5.713000,0.507000,-57,0.000000,7,8
1,7.000000,5.860000,0.398000,-57,0.000000,7,8
1,7.000000,5.826000,0.404000,-57,0.000000,7,8
1,7.000000,5.863000,0.398000,-57,0.000000,7,8
1,7.000000,5.819000,0.370000,-57,0.000000,7,8
1,7.000000,5.788000,0.424000,-57,0.000000,7,8
1,7.000000,5.751000,0.405000,-57,0.000000,7,8
1,7.000000,5.910000,0.383000,-57,0.000000,7,8
1,7.000000,5.863000,0.385000,-57,0.000000,7,8
1,7.000000,5.826000,0.348000,-57,0.000000,7,8
1,7.000000,5.969000,0.305000,-57,0.000000,7,8
1,7.000000,5.735000,0.425000,-57,0.000000,7,8
1,7.000000,5.866000,0.339000,-57,0.000000,7,8
1,7.000000,5.791000,0.366000,-57,0.000000,7,8
1,7.000000,6.019000,0.282000,-57,0.000000,7,8
1,7.000000,5.979000,0.313000,-57,0.000000,7,8
1,7.000000,6.159000,0.469000,-57,0.000000,7,8
1,7.000000,5.832000,0.397000,-57,0.000000,7,8
1,7.000000,5.704000,0.435000,-57,0.000000,7,8
1,7.000000,5.944000,0.355000,-57,0.000000,7,8
1,7.000000,5.773000,0.468000,-57,0.000000,7,8
1,7.000000,5.860000,0.341000,-57,0.000000,7,8
1,7.000000,5.823000,0.385000,-57,0.000000,7,8
1,7.000000,5.751000,0.402000,-58,0.000000,7,8
1,7.000000,6.016000,0.291000,-58,0.000000,7,8
1,7.000000,5.704000,0.472000,-57,0.000000,7,8
1,7.000000,5.904000,0.389000,-57,0.000000,7,8
1,7.000000,5.932000,0.361000,-57,0.000000,7,8
1,7.000000,5.985000,0.283000,-58,0.000000,7,8
1,7.000000,5.973000,0.306000,-58,0.000000,7,8
1,7.000000,5.901000,0.361000,-58,0.000000,7,8
1,7.000000,5.629000,0.486000,-58,0.000000,7,8
1,7.000000,6.172000,0.143000,-58,0.000000,7,8
1,7.000000,5.785000,0.464000,-58,0.000000,7,8
1,7.000000,5.744000,0.490000,-57,0.000000,7,8
1,7.000000,5.632000,0.492000,-58,0.000000,7,8
1,7.000000,5.904000,0.375000,-57,0.000000,7,8
1,7.000000,5.632000,0.493000,-57,0.000000,7,8
1,7.000000,5.673000,0.469000,-57,0.000000,7,8
1,7.000000,5.632000,0.524000,-56,0.000000,7,8
1,7.000000,5.860000,0.430000,-56,0.000000,7,8
1,7.000000,5.782000,0.484000,-57,0.000000,7,8
1,7.000000,5.666000,0.459000,-57,0.000000,7,8
1,7.000000,6.063000,0.360000,-57,0.000000,7,8
1,7.000000,5.616000,0.567000,-57,0.000000,7,8
1,7.000000,5.713000,0.434000,-57,0.000000,7,8
1,7.000000,5.676000,0.476000,-57,0.000000,7,8
1,7.000000,5.588000,0.604000,-57,0.000000,7,8
1,7.000000,5.501000,0.547000,-57,0.000000,7,8
1,7.000000,5.588000,0.466000,-58,0.000000,7,8
1,7.000000,5.626000,0.426000,-58,0.000000,7,8
1,7.000000,5.704000,0.326000,-57,0.000000,7,8
1,7.000000,5.991000,0.360000,-58,0.000000,7,8
1,7.000000,6.210000,0.188000,-58,0.000000,7,8
1,7.000000,5.829000,0.323000,-58,0.000000,7,8
1,7.000000,5.710000,0.388000,-57,0.000000,7,8
1,7.000000,6.019000,0.250000,-58,0.000000,7,8
1,7.000000,5.741000,0.348000,-57,0.000000,7,8
1,7.000000,5.701000,0.509000,-57,0.000000,7,8
1,7.000000,6.680000,0.094000,-57,0.000000,7,8
1,7.000000,6.626000,0.197000,-58,0.000000,7,8
1,7.000000,6.482000,0.215000,-58,0.000000,7,8
1,7.000000,6.715000,0.168000,-58,0.000000,7,8
1,7.000000,6.712000,0.308000,-58,0.000000,7,8
1,7.000000,6.801000,0.233000,-58,0.000000,7,8
1,7.000000,6.026000,0.315000,-59,0.000000,7,8
1,7.000000,5.279000,0.612000,-58,0.000000,7,8
1,7.000000,5.479000,0.481000,-57,0.000000,7,8
1,7.000000,5.626000,0.464000,-56,0.000000,7,8
1,7.000000,6.438000,0.228000,-58,0.000000,7,8
1,7.000000,6.288000,0.308000,-58,0.000000,7,8
1,7.000000,5.848000,0.537000,-58,0.000000,7,8
1,7.000000,6.104000,0.386000,-58,0.000000,7,8
1,7.000000,6.454000,0.270000,-58,0.000000,7,8
1,7.000000,6.301000,0.317000,-58,0.000000,7,8
1,7.000000,6.360000,0.300000,-58,0.000000,7,8
1,7.000000,6.407000,0.150000,-58,0.000000,7,8
1,7.000000,6.366000,0.154000,-58,0.000000,7,8
1,7.000000,6.562000,0.145000,-57,0.000000,7,8
1,7.000000,6.204000,0.217000,-57,0.000000,7,8
1,7.000000,5.469000,0.549000,-58,0.000000,7,8
1,7.000000,5.941000,0.301000,-58,0.000000,7,8
1,7.000000,5.713000,0.452000,-57,0.000000,7,8
1,7.000000,5.860000,0.317000,-57,0.000000,7,8
1,7.000000,5.826000,0.309000,-57,0.000000,7,8
1,7.000000,5.979000,0.246000,-57,0.000000,7,8
1,7.000000,5.904000,0.278000,-58,0.000000,7,8
1,7.000000,5.901000,0.361000,-58,0.000000,7,8
1,7.000000,5.779000,0.453000,-57,0.000000,7,8
1,7.000000,5.788000,0.366000,-57,0.000000,7,8
1,7.000000,5.751000,0.428000,-57,0.000000,7,8
1,7.000000,5.738000,0.450000,-57,0.000000,7,8
1,7.000000,5.694000,0.450000,-57,0.000000,7,8
1,7.000000,5.710000,0.444000,-57,0.000000,7,8
1,7.000000,5.626000,0.538000,-57,0.000000,7,8
1,7.000000,5.748000,0.442000,-57,0.000000,7,8
1,7.000000,5.813000,0.383000,-57,0.000000,7,8
1,7.000000,6.023000,0.269000,-57,0.000000,7,8
1,7.000000,6.098000,0.272000,-57,0.000000,7,8
1,7.000000,6.135000,0.197000,-58,0.000000,7,8
1,7.000000,6.098000,0.232000,-57,0.000000,7,8
1,7.000000,6.179000,0.241000,-57,0.000000,7,8
1,7.000000,6.060000,0.245000,-57,0.000000,7,8
1,7.000000,6.051000,0.248000,-57,0.000000,7,8
1,7.000000,6.176000,0.190000,-57,0.000000,7,8
1,7.000000,5.985000,0.269000,-57,0.000000,7,8
1,7.000000,5.701000,0.413000,-57,0.000000,7,8
1,7.000000,5.666000,0.466000,-57,0.000000,7,8
1,7.000000,5.663000,0.502000,-57,0.000000,7,8
1,7.000000,5.748000,0.438000,-57,0.000000,7,8
1,7.000000,5.582000,0.523000,-57,0.000000,7,8
1,7.000000,5.585000,0.485000,-57,0.000000,7,8
1,7.000000,5.632000,0.493000,-57,0.000000,7,8
1,7.000000,5.554000,0.477000,-57,0.000000,7,8
1,7.000000,5.579000,0.477000,-57,0.000000,7,8
1,7.000000,5.204000,0.643000,-57,0.000000,7,8
1,7.000000,5.229000,0.649000,-57,0.000000,7,8
1,7.000000,6.366000,0.213000,-57,0.000000,7,8
1,7.000000,6.498000,0.171000,-57,0.000000,7,8
1,7.000000,6.282000,0.139000,-56,0.000000,7,8
1,7.000000,5.823000,0.346000,-56,0.000000,7,8
1,7.000000,5.441000,0.562000,-56,0.000000,7,8
1,7.000000,5.791000,0.378000,-56,0.000000,7,8
1,7.000000,5.707000,0.425000,-56,0.000000,7,8
1,7.000000,5.860000,0.330000,-56,0.000000,7,8
1,7.000000,6.174000,0.159000,-57,0.000000,7,8
1,7.000000,6.057000,0.320000,-56,0.000000,7,8
1,7.000000,6.019000,0.401000,-56,0.000000,7,8
1,7.000000,5.907000,0.372000,-57,0.000000,7,8
1,7.000000,6.182000,0.281000,-56,0.000000,7,8
1,7.000000,5.794000,0.404000,-57,0.000000,7,8
1,7.000000,6.051000,0.282000,-58,0.000000,7,8
1,7.000000,5.854000,0.442000,-57,0.000000,7,8
1,7.000000,6.126000,0.347000,-57,0.000000,7,8
1,7.000000,6.085000,0.325000,-57,0.000000,7,8
1,7.000000,6.023000,0.393000,-57,0.000000,7,8
1,7.000000,6.004000,0.380000,-57,0.000000,7,8
1,7.000000,6.054000,0.336000,-57,0.000000,7,8
1,7.000000,6.419000,0.196000,-57,0.000000,7,8
1,7.000000,6.516000,0.178000,-57,0.000000,7,8
1,7.000000,6.651000,0.078000,-57,0.000000,7,8
1,7.000000,6.213000,0.290000,-57,0.000000,7,8
1,7.000000,6.257000,0.360000,-57,0.000000,7,8
1,7.000000,6.566000,0.085000,-57,0.000000,7,8
1,7.000000,6.323000,0.290000,-57,0.000000,7,8
1,7.000000,6.144000,0.265000,-58,0.000000,7,8
1,7.000000,5.819000,0.419000,-58,0.000000,7,8
1,7.000000,5.894000,0.338000,-58,0.000000,7,8
1,7.000000,6.019000,0.346000,-58,0.000000,7,8
1,7.000000,6.016000,0.317000,-58,0.000000,7,8
1,7.000000,6.016000,0.343000,-58,0.000000,7,8
1,7.000000,6.061000,0.283000,-57,0.000000,7,8
1,7.000000,5.935000,0.339000,-58,0.000000,7,8
1,7.000000,6.057000,0.300000,-58,0.000000,7,8
1,7.000000,6.063000,0.306000,-57,0.000000,7,8
1,7.000000,5.904000,0.367000,-57,0.000000,7,8
1,7.000000,5.973000,0.308000,-57,0.000000,7,8
1,7.000000,6.204000,0.236000,-57,0.000000,7,8
1,7.000000,6.094000,0.269000,-57,0.000000,7,8
1,7.000000,6.141000,0.317000,-57,0.000000,7,8
1,7.000000,5.901000,0.386000,-57,0.000000,7,8
1,7.000000,6.029000,0.398000,-57,0.000000,7,8
1,7.000000,5.979000,0.379000,-57,0.000000,7,8
1,7.000000,6.048000,0.259000,-57,0.000000,7,8
1,7.000000,5.829000,0.493000,-57,0.000000,7,8
1,7.000000,6.019000,0.364000,-57,0.000000,7,8
1,7.000000,6.029000,0.343000,-57,0.000000,7,8
1,7.000000,5.951000,0.330000,-57,0.000000,7,8
1,7.000000,5.791000,0.405000,-57,0.000000,7,8
1,7.000000,5.982000,0.387000,-57,0.000000,7,8
1,7.000000,5.944000,0.365000,-57,0.000000,7,8
1,7.000000,6.176000,0.258000,-57,0.000000,7,8
1,7.000000,6.026000,0.288000,-57,0.000000,7,8
1,7.000000,6.132000,0.240000,-58,0.000000,7,8
1,7.000000,6.019000,0.290000,-58,0.000000,7,8
1,7.000000,6.019000,0.312000,-58,0.000000,7,8
1,7.000000,6.257000,0.237000,-57,0.000000,7,8
1,7.000000,6.621000,0.082000,-57,0.000000,7,8
1,7.000000,6.641000,0.207000,-57,0.000000,7,8
1,7.000000,6.301000,0.229000,-57,0.000000,7,8
1,7.000000,6.454000,0.236000,-57,0.000000,7,8
1,7.000000,6.488000,0.232000,-57,0.000000,7,8
1,7.000000,6.566000,0.038000,-58,0.000000,7,8
1,7.000000,6.435000,0.126000,-57,0.000000,7,8
1,7.000000,6.254000,0.224000,-58,0.000000,7,8
1,7.000000,6.572000,0.085000,-57,0.000000,7,8
1,7.000000,6.635000,0.062000,-57,0.000000,7,8
1,7.000000,6.260000,0.232000,-57,0.000000,7,8
1,7.000000,6.366000,0.287000,-58,0.000000,7,8
1,7.000000,6.404000,0.182000,-57,0.000000,7,8
1,7.000000,6.494000,0.191000,-57,0.000000,7,8
1,7.000000,6.494000,0.169000,-57,0.000000,7,8
1,7.000000,6.566000,0.105000,-57,0.000000,7,8
1,7.000000,6.248000,0.200000,-57,0.000000,7,8
1,7.000000,6.166000,0.332000,-57,0.000000,7,8
1,7.000000,6.182000,0.293000,-57,0.000000,7,8
1,7.000000,6.379000,0.229000,-57,0.000000,7,8
1,7.000000,6.057000,0.350000,-57,0.000000,7,8
1,7.000000,5.982000,0.353000,-57,0.000000,7,8
1,7.000000,6.144000,0.315000,-57,0.000000,7,8
1,7.000000,6.098000,0.260000,-57,0.000000,7,8
1,7.000000,6.010000,0.343000,-57,0.000000,7,8
1,7.000000,6.338000,0.241000,-57,0.000000,7,8
1,7.000000,5.982000,0.343000,-57,0.000000,7,8
1,7.000000,6.163000,0.339000,-57,0.000000,7,8
1,7.000000,6.029000,0.364000,-57,0.000000,7,8
1,7.000000,5.969000,0.368000,-57,0.000000,7,8
1,7.000000,6.304000,0.246000,-57,0.000000,7,8
1,7.000000,6.057000,0.346000,-57,0.000000,7,8
1,7.000000,5.791000,0.446000,-57,0.000000,7,8
1,7.000000,6.010000,0.375000,-57,0.000000,7,8
1,7.000000,5.941000,0.353000,-57,0.000000,7,8
1,7.000000,6.094000,0.351000,-56,0.000000,7,8
1,7.000000,5.985000,0.394000,-57,0.000000,7,8
1,7.000000,5.982000,0.389000,-56,0.000000,7,8
1,7.000000,6.094000,0.334000,-56,0.000000,7,8
1,7.000000,5.973000,0.386000,-57,0.000000,7,8
1,7.000000,6.129000,0.352000,-56,0.000000,7,8
1,7.000000,5.979000,0.402000,-56,0.000000,7,8
1,7.000000,6.054000,0.362000,-57,0.000000,7,8
1,7.000000,6.179000,0.314000,-57,0.000000,7,8
1,7.000000,6.082000,0.329000,-57,0.000000,7,8
1,7.000000,6.357000,0.245000,-57,0.000000,7,8
1,7.000000,6.219000,0.294000,-57,0.000000,7,8
1,7.000000,6.332000,0.270000,-57,0.000000,7,8
1,7.000000,6.026000,0.294000,-57,0.000000,7,8
1,7.000000,6.129000,0.291000,-57,0.000000,7,8
1,7.000000,6.182000,0.314000,-57,0.000000,7,8
1,7.000000,5.976000,0.331000,-57,0.000000,7,8
1,7.000000,5.932000,0.379000,-57,0.000000,7,8
1,7.000000,6.091000,0.304000,-57,0.000000,7,8
1,7.000000,6.132000,0.333000,-57,0.000000,7,8
1,7.000000,5.904000,0.380000,-57,0.000000,7,8
1,7.000000,6.138000,0.279000,-57,0.000000,7,8
1,7.000000,6.066000,0.282000,-57,0.000000,7,8
1,7.000000,6.166000,0.328000,-57,0.000000,7,8
1,7.000000,6.216000,0.253000,-57,0.000000,7,8
1,7.000000,6.019000,0.366000,-57,0.000000,7,8
1,7.000000,6.213000,0.304000,-57,0.000000,7,8
1,7.000000,6.176000,0.334000,-57,0.000000,7,8
1,7.000000,6.054000,0.276000,-57,0.000000,7,8
1,7.000000,6.332000,0.256000,-57,0.000000,7,8
1,7.000000,6.257000,0.327000,-57,0.000000,7,8
1,7.000000,6.569000,0.158000,-57,0.000000,7,8
1,7.000000,6.176000,0.316000,-57,0.000000,7,8
1,7.000000,6.248000,0.260000,-57,0.000000,7,8
1,7.000000,6.444000,0.132000,-57,0.000000,7,8
1,7.000000,6.338000,0.222000,-57,0.000000,7,8
1,7.000000,6.360000,0.282000,-57,0.000000,7,8
1,7.000000,6.091000,0.328000,-56,0.000000,7,8
1,7.000000,6.176000,0.294000,-56,0.000000,7,8
1,7.000000,6.219000,0.310000,-57,0.000000,7,8
1,7.000000,6.066000,0.357000,-56,0.000000,7,8
1,7.000000,6.026000,0.386000,-57,0.000000,7,8
1,7.000000,6.044000,0.343000,-56,0.000000,7,8
1,7.000000,6.063000,0.328000,-56,0.000000,7,8
1,7.000000,6.054000,0.362000,-57,0.000000,7,8
1,7.000000,5.941000,0.403000,-57,0.000000,7,8
1,7.000000,6.057000,0.307000,-57,0.000000,7,8
1,7.000000,6.060000,0.340000,-57,0.000000,7,8
1,7.000000,6.054000,0.330000,-58,0.000000,7,8
1,7.000000,5.898000,0.403000,-58,0.000000,7,8
1,7.000000,5.873000,0.400000,-57,0.000000,7,8
1,7.000000,5.813000,0.439000,-56,0.000000,7,8
1,7.000000,5.860000,0.368000,-57,0.000000,7,8
1,7.000000,5.779000,0.432000,-57,0.000000,7,8
1,7.000000,5.791000,0.462000,-57,0.000000,7,8
1,7.000000,5.466000,0.666000,-56,0.000000,7,8
1,7.000000,5.854000,0.457000,-57,0.000000,7,8
1,7.000000,5.869000,0.406000,-56,0.000000,7,8
1,7.000000,5.829000,0.386000,-56,0.000000,7,8
1,7.000000,5.898000,0.389000,-56,0.000000,7,8
1,7.000000,5.785000,0.462000,-57,0.000000,7,8
1,7.000000,5.788000,0.503000,-57,0.000000,7,8
1,7.000000,5.782000,0.502000,-57,0.000000,7,8
1,7.000000,5.944000,0.483000,-57,0.000000,7,8
1,7.000000,5.979000,0.448000,-58,0.000000,7,8
1,7.000000,5.751000,0.561000,-58,0.000000,7,8
1,7.000000,5.626000,0.610000,-57,0.000000,7,8
1,7.000000,5.823000,0.506000,-57,0.000000,7,8
1,7.000000,5.626000,0.561000,-57,0.000000,7,8
1,7.000000,5.860000,0.465000,-56,0.000000,7,8
1,7.000000,5.854000,0.456000,-57,0.000000,7,8
1,7.000000,6.007000,0.424000,-57,0.000000,7,8
1,7.000000,6.576000,0.150000,-57,0.000000,7,8
1,7.000000,6.444000,0.216000,-57,0.000000,7,8
1,7.000000,6.213000,0.315000,-56,0.000000,7,8
1,7.000000,6.526000,0.199000,-57,0.000000,7,8
1,7.000000,6.513000,0.153000,-57,0.000000,7,8
1,7.000000,6.216000,0.272000,-57,0.000000,7,8
1,7.000000,6.144000,0.314000,-56,0.000000,7,8
1,7.000000,6.263000,0.336000,-56,0.000000,7,8
1,7.000000,6.607000,0.240000,-56,0.000000,7,8
1,7.000000,7.207000,0.420000,-58,0.000000,7,8
1,7.000000,6.804000,0.365000,-58,0.000000,7,8
1,7.000000,6.451000,0.242000,-58,0.000000,7,8
1,7.000000,5.694000,0.481000,-57,0.000000,7,8
1,7.000000,5.891000,0.339000,-57,0.000000,7,8
1,7.000000,5.988000,0.326000,-57,0.000000,7,8
1,7.000000,6.138000,0.247000,-57,0.000000,7,8
1,7.000000,5.816000,0.312000,-58,0.000000,7,8
1,7.000000,5.666000,0.414000,-57,0.000000,7,8
1,7.000000,5.676000,0.395000,-57,0.000000,7,8
1,7.000000,5.279000,0.629000,-57,0.000000,7,8
1,7.000000,5.626000,0.450000,-57,0.000000,7,8
1,7.000000,5.591000,0.482000,-58,0.000000,7,8
1,7.000000,5.738000,0.372000,-58,0.000000,7,8
1,7.000000,5.554000,0.490000,-58,0.000000,7,8
1,7.000000,5.435000,0.489000,-58,0.000000,7,8
1,7.000000,5.635000,0.391000,-58,0.000000,7,8
1,7.000000,5.666000,0.406000,-58,0.000000,7,8
1,7.000000,5.748000,0.346000,-58,0.000000,7,8
1,7.000000,5.666000,0.403000,-58,0.000000,7,8
1,7.000000,5.707000,0.409000,-58,0.000000,7,8
1,7.000000,5.669000,0.418000,-58,0.000000,7,8
1,7.000000,5.679000,0.342000,-58,0.000000,7,8
1,7.000000,5.698000,0.343000,-58,0.000000,7,8
1,7.000000,5.704000,0.376000,-58,0.000000,7,8
1,7.000000,5.573000,0.418000,-58,0.000000,7,8
1,7.000000,5.707000,0.355000,-58,0.000000,7,8
1,7.000000,5.698000,0.411000,-58,0.000000,7,8
1,7.000000,5.629000,0.414000,-58,0.000000,7,8
1,7.000000,5.516000,0.437000,-58,0.000000,7,8
1,7.000000,5.713000,0.358000,-58,0.000000,7,8
1,7.000000,5.632000,0.408000,-58,0.000000,7,8
1,7.000000,5.516000,0.479000,-58,0.000000,7,8
1,7.000000,5.744000,0.354000,-58,0.000000,7,8
1,7.000000,5.707000,0.444000,-58,0.000000,7,8
1,7.000000,5.669000,0.413000,-58,0.000000,7,8
1,7.000000,5.666000,0.372000,-58,0.000000,7,8
1,7.000000,5.823000,0.342000,-58,0.000000,7,8
