1,18.000000,20.044001,1.253000,-79,0.000000,7,8
1,18.000000,20.419001,1.154000,-78,0.000000,7,8
1,18.000000,19.766001,1.324000,-77,0.000000,7,8
1,18.000000,18.488001,1.569000,-77,0.000000,7,8
1,18.000000,19.782000,0.769000,-78,0.000000,7,8
1,18.000000,19.801001,0.262000,-78,0.000000,7,8
1,18.000000,19.391001,0.708000,-78,0.000000,7,8
1,18.000000,19.302999,0.290000,-78,0.000000,7,8
1,18.000000,19.004999,0.622000,-78,0.000000,7,8
1,18.000000,18.839001,1.100000,-78,0.000000,7,8
1,18.000000,19.108000,0.118000,-78,0.000000,7,8
1,18.000000,18.473000,0.695000,-77,0.000000,7,8
1,18.000000,18.403999,1.531000,-78,0.000000,7,8
1,18.000000,19.834999,0.220000,-78,0.000000,7,8
1,18.000000,19.495001,0.171000,-78,0.000000,7,8
1,18.000000,19.603001,0.213000,-78,0.000000,7,8
1,18.000000,20.132000,0.254000,-78,0.000000,7,8
1,18.000000,20.166000,0.942000,-78,0.000000,7,8
1,18.000000,20.362000,0.625000,-78,0.000000,7,8
1,18.000000,19.992001,1.270000,-80,0.000000,7,8
1,18.000000,20.670000,0.213000,-81,0.000000,7,8
1,18.000000,20.166000,0.945000,-81,0.000000,7,8
1,18.000000,18.201000,1.074000,-80,0.000000,7,8
1,18.000000,18.076000,0.424000,-79,0.000000,7,8
1,18.000000,18.091000,1.631000,-80,0.000000,7,8
1,18.000000,18.466000,0.127000,-79,0.000000,7,8
1,18.000000,18.129000,1.332000,-80,0.000000,7,8
1,18.000000,19.371000,0.103000,-77,0.000000,7,8
1,18.000000,19.459999,0.152000,-76,0.000000,7,8
1,18.000000,19.931000,0.169000,-75,0.000000,7,8
1,18.000000,20.013000,0.427000,-79,0.000000,7,8
1,18.000000,19.573000,0.459000,-78,0.000000,7,8
1,18.000000,19.259001,0.442000,-78,0.000000,7,8
1,18.000000,19.268000,0.417000,-76,0.000000,7,8
1,18.000000,19.104000,1.096000,-77,0.000000,7,8
1,18.000000,19.666000,0.373000,-78,0.000000,7,8
1,18.000000,20.025000,0.099000,-77,0.000000,7,8
1,18.000000,18.792000,0.177000,-79,0.000000,7,8
1,18.000000,20.545000,0.278000,-78,0.000000,7,8
1,18.000000,19.252001,0.547000,-77,0.000000,7,8
1,18.000000,18.354000,0.916000,-80,0.000000,7,8
1,18.000000,19.025999,0.349000,-77,0.000000,7,8
1,18.000000,18.209999,1.474000,-77,0.000000,7,8
1,18.000000,19.629000,0.434000,-76,0.000000,7,8
1,18.000000,19.535000,0.495000,-75,0.000000,7,8
1,18.000000,18.757000,1.290000,-78,0.000000,7,8
1,18.000000,19.813999,1.125000,-79,0.000000,7,8
1,18.000000,19.851999,1.281000,-78,0.000000,7,8
1,18.000000,19.884001,1.279000,-77,0.000000,7,8
1,18.000000,20.325001,0.125000,-75,0.000000,7,8
1,18.000000,20.655001,0.441000,-74,0.000000,7,8
1,18.000000,20.353001,0.443000,-74,0.000000,7,8
1,18.000000,20.590000,0.163000,-75,0.000000,7,8
1,18.000000,20.740999,0.213000,-75,0.000000,7,8
1,18.000000,20.826000,0.063000,-75,0.000000,7,8
1,18.000000,20.872999,0.245000,-74,0.000000,7,8
1,18.000000,19.910000,0.371000,-74,0.000000,7,8
1,18.000000,20.766001,0.110000,-75,0.000000,7,8
1,18.000000,19.924000,0.470000,-74,0.000000,7,8
1,18.000000,20.719000,0.715000,-74,0.000000,7,8
1,18.000000,20.662001,0.640000,-74,0.000000,7,8
1,18.000000,19.669001,0.482000,-74,0.000000,7,8
1,18.000000,21.243999,0.311000,-75,0.000000,7,8
1,18.000000,20.156000,0.161000,-75,0.000000,7,8
1,18.000000,20.166000,0.716000,-75,0.000000,7,8
1,18.000000,20.177000,0.219000,-77,0.000000,7,8
1,18.000000,20.282000,0.243000,-76,0.000000,7,8
1,18.000000,20.982000,0.166000,-77,0.000000,7,8
1,18.000000,20.266001,0.150000,-74,0.000000,7,8
1,18.000000,20.653000,0.178000,-76,0.000000,7,8
1,18.000000,20.802999,0.868000,-73,0.000000,7,8
1,18.000000,19.653999,0.323000,-74,0.000000,7,8
1,18.000000,20.166000,0.603000,-73,0.000000,7,8
1,18.000000,20.566000,0.676000,-74,0.000000,7,8
1,18.000000,20.304001,0.219000,-74,0.000000,7,8
1,18.000000,20.407000,0.274000,-76,0.000000,7,8
1,18.000000,19.671000,0.202000,-78,0.000000,7,8
1,18.000000,20.419001,0.188000,-79,0.000000,7,8
1,18.000000,19.059000,1.519000,-79,0.000000,7,8
1,18.000000,18.927999,1.085000,-78,0.000000,7,8
1,18.000000,19.280001,0.624000,-79,0.000000,7,8
1,18.000000,18.766001,0.506000,-76,0.000000,7,8
1,18.000000,18.905001,0.611000,-75,0.000000,7,8
1,18.000000,19.141001,1.857000,-79,0.000000,7,8
1,18.000000,18.391001,1.939000,-78,0.000000,7,8
1,18.000000,18.910000,1.554000,-78,0.000000,7,8
1,18.000000,20.110001,0.803000,-78,0.000000,7,8
1,18.000000,21.159000,0.507000,-78,0.000000,7,8
1,18.000000,19.681999,0.745000,-78,0.000000,7,8
1,18.000000,20.863001,0.581000,-78,0.000000,7,8
1,18.000000,21.032000,0.402000,-78,0.000000,7,8
1,18.000000,20.354000,1.100000,-77,0.000000,7,8
1,18.000000,21.023001,0.708000,-77,0.000000,7,8
1,18.000000,18.141001,2.056000,-78,0.000000,7,8
1,18.000000,20.041000,1.180000,-78,0.000000,7,8
1,18.000000,21.141001,0.146000,-78,0.000000,7,8
1,18.000000,19.969000,0.744000,-76,0.000000,7,8
1,18.000000,19.788000,0.756000,-77,0.000000,7,8
1,18.000000,21.334999,0.982000,-78,0.000000,7,8
1,18.000000,20.599001,0.543000,-79,0.000000,7,8
1,18.000000,19.333000,1.311000,-77,0.000000,7,8
1,18.000000,19.336000,1.011000,-76,0.000000,7,8
1,18.000000,19.245001,1.040000,-76,0.000000,7,8
1,18.000000,19.113001,0.986000,-76,0.000000,7,8
1,18.000000,19.179001,1.138000,-76,0.000000,7,8
1,18.000000,19.193001,1.047000,-77,0.000000,7,8
1,18.000000,19.431999,0.938000,-77,0.000000,7,8
1,18.000000,19.754999,0.680000,-78,0.000000,7,8
1,18.000000,20.773001,0.487000,-78,0.000000,7,8
1,18.000000,19.476999,0.666000,-79,0.000000,7,8
1,18.000000,18.877001,0.691000,-79,0.000000,7,8
1,18.000000,21.240999,0.405000,-78,0.000000,7,8
1,18.000000,18.041000,1.202000,-79,0.000000,7,8
1,18.000000,19.188000,1.242000,-73,0.000000,7,8
1,18.000000,19.893999,1.260000,-76,0.000000,7,8
1,18.000000,19.337999,1.154000,-80,0.000000,7,8
1,18.000000,17.370001,0.586000,-74,0.000000,7,8
1,18.000000,18.660000,1.276000,-78,0.000000,7,8
1,18.000000,17.778999,1.043000,-78,0.000000,7,8
1,18.000000,19.368999,0.658000,-75,0.000000,7,8
1,18.000000,18.365999,1.265000,-74,0.000000,7,8
1,18.000000,17.882000,1.749000,-76,0.000000,7,8
1,18.000000,18.198000,1.987000,-74,0.000000,7,8
1,18.000000,20.004000,0.559000,-74,0.000000,7,8
1,18.000000,19.184999,0.557000,-76,0.000000,7,8
1,18.000000,17.875999,1.104000,-78,0.000000,7,8
1,18.000000,18.695999,0.799000,-78,0.000000,7,8
1,18.000000,18.707001,0.196000,-77,0.000000,7,8
1,18.000000,18.778999,0.476000,-76,0.000000,7,8
1,18.000000,18.841000,1.763000,-78,0.000000,7,8
1,18.000000,18.951000,1.675000,-80,0.000000,7,8
1,18.000000,20.229000,0.109000,-78,0.000000,7,8
1,18.000000,19.882000,0.641000,-77,0.000000,7,8
1,18.000000,19.704000,0.659000,-77,0.000000,7,8
1,18.000000,19.341000,0.907000,-77,0.000000,7,8
1,18.000000,19.445999,0.616000,-77,0.000000,7,8
1,18.000000,19.379999,0.629000,-76,0.000000,7,8
1,18.000000,19.431999,0.641000,-76,0.000000,7,8
1,18.000000,19.392000,0.849000,-76,0.000000,7,8
1,18.000000,19.256001,1.155000,-76,0.000000,7,8
1,18.000000,19.308001,1.312000,-76,0.000000,7,8
1,18.000000,19.445999,1.311000,-76,0.000000,7,8
1,18.000000,19.497999,0.901000,-76,0.000000,7,8
1,18.000000,19.497999,0.803000,-76,0.000000,7,8
1,18.000000,19.141001,1.208000,-75,0.000000,7,8
1,18.000000,19.106001,1.188000,-76,0.000000,7,8
1,18.000000,19.104000,1.219000,-76,0.000000,7,8
1,18.000000,19.115999,1.146000,-76,0.000000,7,8
1,18.000000,19.052000,1.061000,-76,0.000000,7,8
1,18.000000,19.099001,0.990000,-76,0.000000,7,8
1,18.000000,19.111000,1.087000,-77,0.000000,7,8
1,18.000000,19.087000,1.089000,-76,0.000000,7,8
1,18.000000,18.962999,1.032000,-76,0.000000,7,8
1,18.000000,19.028999,0.773000,-76,0.000000,7,8
1,18.000000,19.139000,0.360000,-76,0.000000,7,8
1,18.000000,18.990999,0.114000,-77,0.000000,7,8
1,18.000000,18.750999,0.294000,-77,0.000000,7,8
1,18.000000,18.554001,0.536000,-77,0.000000,7,8
1,18.000000,18.740999,0.682000,-77,0.000000,7,8
1,18.000000,18.488001,1.129000,-77,0.000000,7,8
1,18.000000,18.354000,1.552000,-77,0.000000,7,8
1,18.000000,18.541000,1.543000,-76,0.000000,7,8
1,18.000000,18.679001,0.234000,-76,0.000000,7,8
1,18.000000,18.482000,0.178000,-77,0.000000,7,8
1,18.000000,18.285000,0.487000,-79,0.000000,7,8
1,18.000000,19.638000,1.022000,-78,0.000000,7,8
1,18.000000,18.240999,0.891000,-75,0.000000,7,8
1,18.000000,20.716000,0.330000,-75,0.000000,7,8
1,18.000000,19.516001,0.360000,-74,0.000000,7,8
1,18.000000,20.087999,0.515000,-74,0.000000,7,8
1,18.000000,19.413000,0.760000,-77,0.000000,7,8
1,18.000000,18.473000,1.436000,-77,0.000000,7,8
1,18.000000,20.566000,0.416000,-74,0.000000,7,8
1,18.000000,20.046000,0.545000,-75,0.000000,7,8
1,18.000000,20.222000,1.097000,-75,0.000000,7,8
1,18.000000,20.875999,0.330000,-76,0.000000,7,8
1,18.000000,20.875999,0.652000,-77,0.000000,7,8
1,18.000000,19.785999,0.842000,-75,0.000000,7,8
1,18.000000,20.245001,0.662000,-74,0.000000,7,8
1,18.000000,20.913000,0.263000,-75,0.000000,7,8
1,18.000000,20.893999,0.121000,-75,0.000000,7,8
1,18.000000,20.266001,0.615000,-75,0.000000,7,8
1,18.000000,21.131001,0.294000,-74,0.000000,7,8
1,18.000000,19.488001,0.741000,-74,0.000000,7,8
1,18.000000,20.716000,0.315000,-76,0.000000,7,8
1,18.000000,20.145000,0.482000,-76,0.000000,7,8
1,18.000000,21.281000,0.436000,-74,0.000000,7,8
1,18.000000,20.177000,0.952000,-75,0.000000,7,8
1,18.000000,20.318001,0.945000,-73,0.000000,7,8
1,18.000000,20.801001,0.346000,-76,0.000000,7,8
1,18.000000,21.382000,0.108000,-75,0.000000,7,8
1,18.000000,21.177999,0.076000,-74,0.000000,7,8
1,18.000000,21.400999,0.603000,-75,0.000000,7,8
1,18.000000,21.014000,0.655000,-76,0.000000,7,8
1,18.000000,20.908001,0.194000,-75,0.000000,7,8
1,18.000000,20.908001,0.569000,-76,0.000000,7,8
1,18.000000,20.816000,0.205000,-77,0.000000,7,8
1,18.000000,20.726000,0.138000,-76,0.000000,7,8
1,18.000000,20.670000,0.742000,-77,0.000000,7,8
1,18.000000,21.059999,0.212000,-74,0.000000,7,8
1,18.000000,20.548000,0.102000,-74,0.000000,7,8
1,18.000000,21.094000,0.630000,-73,0.000000,7,8
1,18.000000,19.966000,1.148000,-77,0.000000,7,8
1,18.000000,21.087999,0.385000,-76,0.000000,7,8
1,18.000000,19.386999,1.423000,-76,0.000000,7,8
1,18.000000,20.959999,0.110000,-77,0.000000,7,8
1,18.000000,18.513000,1.743000,-78,0.000000,7,8
1,18.000000,18.209000,2.019000,-79,0.000000,7,8
1,18.000000,18.983999,1.018000,-78,0.000000,7,8
1,18.000000,19.535000,0.571000,-77,0.000000,7,8
1,18.000000,18.351000,0.924000,-76,0.000000,7,8
1,18.000000,20.132000,0.223000,-75,0.000000,7,8
1,18.000000,19.497999,0.210000,-75,0.000000,7,8
1,18.000000,19.891001,0.290000,-75,0.000000,7,8
1,18.000000,19.172001,0.411000,-76,0.000000,7,8
1,18.000000,17.650999,0.220000,-77,0.000000,7,8
1,18.000000,17.497999,0.695000,-78,0.000000,7,8
1,18.000000,18.361000,0.651000,-76,0.000000,7,8
1,18.000000,17.782000,0.600000,-75,0.000000,7,8
1,18.000000,18.438000,0.873000,-77,0.000000,7,8
1,18.000000,19.778999,0.124000,-76,0.000000,7,8
1,18.000000,19.195000,0.267000,-75,0.000000,7,8
1,18.000000,19.138000,0.892000,-75,0.000000,7,8
1,18.000000,17.709999,1.824000,-76,0.000000,7,8
1,18.000000,17.729000,1.764000,-75,0.000000,7,8
1,18.000000,18.059999,1.671000,-75,0.000000,7,8
1,18.000000,17.613001,2.311000,-75,0.000000,7,8
1,18.000000,19.104000,1.140000,-77,0.000000,7,8
1,18.000000,18.051001,1.837000,-75,0.000000,7,8
1,18.000000,21.101000,0.197000,-76,0.000000,7,8
1,18.000000,20.041000,0.857000,-77,0.000000,7,8
1,18.000000,19.770000,1.149000,-78,0.000000,7,8
1,18.000000,19.452999,0.629000,-75,0.000000,7,8
1,18.000000,18.629000,0.074000,-74,0.000000,7,8
1,18.000000,20.747000,0.838000,-75,0.000000,7,8
1,18.000000,19.980000,0.381000,-75,0.000000,7,8
1,18.000000,19.289000,0.580000,-73,0.000000,7,8
1,18.000000,20.318001,0.171000,-73,0.000000,7,8
1,18.000000,20.599001,0.714000,-74,0.000000,7,8
1,18.000000,20.587000,0.357000,-74,0.000000,7,8
1,18.000000,20.412001,1.065000,-75,0.000000,7,8
1,18.000000,19.732000,0.390000,-76,0.000000,7,8
1,18.000000,19.020000,0.713000,-75,0.000000,7,8
1,18.000000,18.684000,0.875000,-74,0.000000,7,8
1,18.000000,18.565001,0.956000,-73,0.000000,7,8
1,18.000000,18.695999,0.132000,-73,0.000000,7,8
1,18.000000,18.990999,0.612000,-73,0.000000,7,8
1,18.000000,18.240999,0.193000,-73,0.000000,7,8
1,18.000000,19.193001,0.588000,-76,0.000000,7,8
1,18.000000,20.441000,0.173000,-74,0.000000,7,8
1,18.000000,19.870001,0.484000,-76,0.000000,7,8
1,18.000000,18.316000,0.449000,-76,0.000000,7,8
1,18.000000,19.841999,0.239000,-74,0.000000,7,8
1,18.000000,21.436001,0.478000,-74,0.000000,7,8
1,18.000000,20.490999,0.721000,-75,0.000000,7,8
1,18.000000,20.070000,0.388000,-77,0.000000,7,8
1,18.000000,19.629000,0.216000,-76,0.000000,7,8
1,18.000000,18.837999,0.214000,-76,0.000000,7,8
1,18.000000,21.645000,0.295000,-75,0.000000,7,8
1,18.000000,20.423000,0.493000,-74,0.000000,7,8
1,18.000000,19.915001,0.150000,-74,0.000000,7,8
1,18.000000,19.476000,0.369000,-75,0.000000,7,8
1,18.000000,20.121000,0.321000,-76,0.000000,7,8
1,18.000000,21.063000,0.705000,-75,0.000000,7,8
1,18.000000,20.719000,0.777000,-76,0.000000,7,8
1,18.000000,20.802999,0.452000,-76,0.000000,7,8
1,18.000000,19.783001,0.503000,-76,0.000000,7,8
1,18.000000,19.523001,0.698000,-78,0.000000,7,8
1,18.000000,18.434999,0.874000,-77,0.000000,7,8
1,18.000000,17.395000,1.999000,-79,0.000000,7,8
1,18.000000,19.452999,0.201000,-77,0.000000,7,8
1,18.000000,19.620001,0.432000,-76,0.000000,7,8
1,18.000000,17.770000,0.760000,-79,0.000000,7,8
1,18.000000,17.938000,1.260000,-77,0.000000,7,8
1,18.000000,18.591000,0.802000,-77,0.000000,7,8
1,18.000000,18.010000,1.037000,-78,0.000000,7,8
1,18.000000,19.291000,0.801000,-77,0.000000,7,8
1,18.000000,18.240999,0.202000,-76,0.000000,7,8
1,18.000000,18.795000,0.874000,-77,0.000000,7,8
1,18.000000,19.395000,0.329000,-77,0.000000,7,8
1,18.000000,19.511999,0.183000,-77,0.000000,7,8
1,18.000000,18.135000,0.375000,-79,0.000000,7,8
1,18.000000,19.605000,0.663000,-80,0.000000,7,8
1,18.000000,19.725000,1.013000,-81,0.000000,7,8
1,18.000000,19.747999,1.283000,-79,0.000000,7,8
1,18.000000,19.872999,1.109000,-78,0.000000,7,8
1,18.000000,20.433001,0.961000,-77,0.000000,7,8
1,18.000000,19.254000,1.304000,-77,0.000000,7,8
1,18.000000,20.777000,0.766000,-78,0.000000,7,8
1,18.000000,22.282000,0.086000,-75,0.000000,7,8
1,18.000000,18.947001,1.495000,-74,0.000000,7,8
1,18.000000,19.905001,0.904000,-76,0.000000,7,8
1,18.000000,21.495001,0.410000,-75,0.000000,7,8
1,18.000000,20.311001,1.028000,-74,0.000000,7,8
1,18.000000,20.145000,1.065000,-75,0.000000,7,8
1,18.000000,20.641001,0.531000,-76,0.000000,7,8
1,18.000000,20.259001,1.122000,-76,0.000000,7,8
1,18.000000,20.521999,0.875000,-75,0.000000,7,8
1,18.000000,21.011999,0.529000,-74,0.000000,7,8
1,18.000000,20.681000,0.133000,-75,0.000000,7,8
1,18.000000,20.559000,0.670000,-75,0.000000,7,8
1,18.000000,20.695000,0.160000,-77,0.000000,7,8
1,18.000000,21.032000,0.393000,-76,0.000000,7,8
1,18.000000,19.985001,0.536000,-76,0.000000,7,8
1,18.000000,21.032000,0.162000,-76,0.000000,7,8
1,18.000000,20.780001,0.336000,-74,0.000000,7,8
1,18.000000,20.584999,0.513000,-74,0.000000,7,8
1,18.000000,20.916000,0.511000,-75,0.000000,7,8
1,18.000000,20.976999,0.438000,-75,0.000000,7,8
1,18.000000,20.285000,0.693000,-74,0.000000,7,8
1,18.000000,20.398001,0.873000,-75,0.000000,7,8
1,18.000000,20.254999,1.004000,-75,0.000000,7,8
1,18.000000,20.163000,1.009000,-75,0.000000,7,8
1,18.000000,20.660000,0.879000,-76,0.000000,7,8
1,18.000000,20.959999,0.092000,-76,0.000000,7,8
1,18.000000,21.110001,0.094000,-75,0.000000,7,8
1,18.000000,21.110001,0.519000,-74,0.000000,7,8
1,18.000000,20.775000,0.691000,-75,0.000000,7,8
1,18.000000,20.979000,0.521000,-75,0.000000,7,8
1,18.000000,20.490999,1.003000,-75,0.000000,7,8
1,18.000000,20.923000,0.718000,-75,0.000000,7,8
1,18.000000,21.010000,0.124000,-75,0.000000,7,8
1,18.000000,20.757999,0.620000,-75,0.000000,7,8
1,18.000000,21.018999,0.633000,-75,0.000000,7,8
1,18.000000,20.903999,0.600000,-74,0.000000,7,8
1,18.000000,20.851999,0.670000,-74,0.000000,7,8
1,18.000000,20.747000,0.822000,-75,0.000000,7,8
1,18.000000,20.632000,0.874000,-74,0.000000,7,8
1,18.000000,20.388000,0.310000,-75,0.000000,7,8
1,18.000000,20.462999,0.944000,-74,0.000000,7,8
1,18.000000,20.455999,0.965000,-74,0.000000,7,8
1,18.000000,21.014000,0.107000,-75,0.000000,7,8
1,18.000000,20.531000,0.639000,-74,0.000000,7,8
1,18.000000,20.875999,0.121000,-76,0.000000,7,8
1,18.000000,20.995001,0.504000,-76,0.000000,7,8
1,18.000000,20.931999,0.738000,-76,0.000000,7,8
1,18.000000,20.756001,0.610000,-74,0.000000,7,8
1,18.000000,20.837999,0.740000,-74,0.000000,7,8
1,18.000000,20.573000,0.891000,-74,0.000000,7,8
1,18.000000,20.587000,0.804000,-75,0.000000,7,8
1,18.000000,20.875999,0.595000,-75,0.000000,7,8
1,18.000000,20.584999,0.573000,-74,0.000000,7,8
1,18.000000,20.959999,0.557000,-74,0.000000,7,8
1,18.000000,20.878000,0.122000,-75,0.000000,7,8
1,18.000000,20.639000,0.284000,-74,0.000000,7,8
1,18.000000,20.780001,0.902000,-75,0.000000,7,8
1,18.000000,20.763000,0.821000,-76,0.000000,7,8
1,18.000000,20.809999,0.847000,-75,0.000000,7,8
1,18.000000,20.329000,0.174000,-74,0.000000,7,8
1,18.000000,20.745001,0.816000,-75,0.000000,7,8
1,18.000000,20.747000,0.838000,-75,0.000000,7,8
1,18.000000,20.948000,0.717000,-74,0.000000,7,8
1,18.000000,20.962000,0.525000,-75,0.000000,7,8
1,18.000000,20.632000,0.931000,-75,0.000000,7,8
1,18.000000,20.735001,0.108000,-75,0.000000,7,8
1,18.000000,20.641001,0.929000,-75,0.000000,7,8
1,18.000000,20.658001,0.905000,-75,0.000000,7,8
1,18.000000,20.698000,0.904000,-75,0.000000,7,8
1,18.000000,20.773001,0.793000,-75,0.000000,7,8
1,18.000000,20.809999,0.759000,-75,0.000000,7,8
1,18.000000,20.857000,0.623000,-75,0.000000,7,8
1,18.000000,20.903999,0.122000,-75,0.000000,7,8
1,18.000000,20.969999,0.685000,-75,0.000000,7,8
1,18.000000,20.959999,0.080000,-75,0.000000,7,8
1,18.000000,20.808001,0.840000,-75,0.000000,7,8
1,18.000000,20.419001,0.594000,-75,0.000000,7,8
1,18.000000,20.712000,0.775000,-75,0.000000,7,8
1,18.000000,20.848000,0.123000,-75,0.000000,7,8
1,18.000000,20.801001,0.845000,-75,0.000000,7,8
1,18.000000,20.865999,0.729000,-75,0.000000,7,8
1,18.000000,20.698000,0.705000,-75,0.000000,7,8
1,18.000000,20.941000,0.506000,-74,0.000000,7,8
1,18.000000,20.716000,0.790000,-75,0.000000,7,8
1,18.000000,20.829000,0.809000,-75,0.000000,7,8
1,18.000000,20.285000,0.233000,-75,0.000000,7,8
1,18.000000,20.285000,0.070000,-75,0.000000,7,8
1,18.000000,20.726000,0.688000,-75,0.000000,7,8
1,18.000000,21.054001,0.392000,-75,0.000000,7,8
1,18.000000,20.247999,0.416000,-75,0.000000,7,8
1,18.000000,20.875999,0.278000,-75,0.000000,7,8
1,18.000000,20.948000,0.658000,-74,0.000000,7,8
1,18.000000,21.179001,0.186000,-76,0.000000,7,8
1,18.000000,20.660000,0.061000,-76,0.000000,7,8
1,18.000000,20.766001,0.637000,-75,0.000000,7,8
1,18.000000,20.247999,0.920000,-74,0.000000,7,8
1,18.000000,20.201000,0.383000,-74,0.000000,7,8
1,18.000000,20.648001,0.156000,-74,0.000000,7,8
1,18.000000,20.864000,0.762000,-74,0.000000,7,8
1,18.000000,20.046000,0.856000,-73,0.000000,7,8
1,18.000000,20.458000,0.909000,-75,0.000000,7,8
1,18.000000,20.163000,0.429000,-76,0.000000,7,8
1,18.000000,20.476999,0.565000,-74,0.000000,7,8
1,18.000000,20.979000,0.446000,-76,0.000000,7,8
1,18.000000,21.518999,0.413000,-75,0.000000,7,8
1,18.000000,20.344000,1.019000,-75,0.000000,7,8
1,18.000000,20.181999,0.326000,-76,0.000000,7,8
1,18.000000,20.865999,0.042000,-75,0.000000,7,8
1,18.000000,20.370001,0.476000,-73,0.000000,7,8
1,18.000000,20.332001,0.375000,-77,0.000000,7,8
1,18.000000,20.663000,0.457000,-74,0.000000,7,8
1,18.000000,20.745001,0.509000,-73,0.000000,7,8
1,18.000000,20.556999,0.499000,-76,0.000000,7,8
1,18.000000,21.032000,0.188000,-76,0.000000,7,8
1,18.000000,19.486000,0.718000,-78,0.000000,7,8
1,18.000000,19.118000,0.819000,-75,0.000000,7,8
1,18.000000,20.426001,0.949000,-77,0.000000,7,8
1,18.000000,20.500999,0.169000,-77,0.000000,7,8
1,18.000000,19.931000,0.265000,-76,0.000000,7,8
1,18.000000,18.820000,0.939000,-78,0.000000,7,8
1,18.000000,18.976999,0.193000,-78,0.000000,7,8
1,18.000000,17.785000,1.869000,-81,0.000000,7,8
1,18.000000,17.945999,0.266000,-78,0.000000,7,8
1,18.000000,17.973000,0.262000,-75,0.000000,7,8
1,18.000000,17.969999,1.095000,-75,0.000000,7,8
1,18.000000,19.141001,0.398000,-76,0.000000,7,8
1,18.000000,17.604000,1.365000,-76,0.000000,7,8
1,18.000000,17.903999,1.093000,-77,0.000000,7,8
1,18.000000,19.426001,0.498000,-75,0.000000,7,8
1,18.000000,19.638000,0.557000,-77,0.000000,7,8
1,18.000000,19.778999,0.231000,-78,0.000000,7,8
1,18.000000,20.598000,0.163000,-76,0.000000,7,8
1,18.000000,20.188999,0.143000,-76,0.000000,7,8
1,18.000000,20.208000,0.185000,-76,0.000000,7,8
1,18.000000,19.357000,0.518000,-75,0.000000,7,8
1,18.000000,20.573000,0.142000,-75,0.000000,7,8
1,18.000000,20.309000,0.201000,-76,0.000000,7,8
1,18.000000,20.698000,0.097000,-75,0.000000,7,8
1,18.000000,20.622999,0.429000,-74,0.000000,7,8
1,18.000000,20.598000,0.534000,-75,0.000000,7,8
1,18.000000,21.138000,0.612000,-75,0.000000,7,8
1,18.000000,19.938000,0.409000,-74,0.000000,7,8
1,18.000000,19.995001,0.383000,-74,0.000000,7,8
1,18.000000,20.208000,0.186000,-74,0.000000,7,8
1,18.000000,20.145000,0.265000,-74,0.000000,7,8
1,18.000000,20.370001,0.144000,-74,0.000000,7,8
1,18.000000,20.698000,0.786000,-76,0.000000,7,8
1,18.000000,20.549999,0.930000,-76,0.000000,7,8
1,18.000000,20.398001,0.629000,-76,0.000000,7,8
1,18.000000,20.370001,0.948000,-75,0.000000,7,8
1,18.000000,19.900999,0.863000,-75,0.000000,7,8
1,18.000000,20.469999,0.243000,-75,0.000000,7,8
1,18.000000,20.041000,0.876000,-75,0.000000,7,8
1,18.000000,18.504000,1.842000,-74,0.000000,7,8
1,18.000000,19.254000,1.292000,-74,0.000000,7,8
1,18.000000,21.101000,0.588000,-74,0.000000,7,8
1,18.000000,21.306999,0.349000,-75,0.000000,7,8
1,18.000000,20.497999,0.540000,-75,0.000000,7,8
1,18.000000,19.076000,0.649000,-75,0.000000,7,8
1,18.000000,18.795000,0.740000,-74,0.000000,7,8
1,18.000000,20.583000,0.742000,-75,0.000000,7,8
1,18.000000,19.650000,0.605000,-77,0.000000,7,8
1,18.000000,19.704000,0.233000,-75,0.000000,7,8
1,18.000000,19.657000,0.536000,-74,0.000000,7,8
1,18.000000,19.301001,0.454000,-74,0.000000,7,8
1,18.000000,19.202000,0.666000,-75,0.000000,7,8
1,18.000000,19.423000,0.687000,-75,0.000000,7,8
1,18.000000,19.497999,0.505000,-76,0.000000,7,8
1,18.000000,19.704000,0.415000,-75,0.000000,7,8
1,18.000000,19.372999,0.632000,-74,0.000000,7,8
1,18.000000,19.122999,0.707000,-75,0.000000,7,8
1,18.000000,19.028999,0.721000,-74,0.000000,7,8
1,18.000000,19.820999,0.301000,-75,0.000000,7,8
1,18.000000,20.337000,0.198000,-75,0.000000,7,8
1,18.000000,20.398001,0.251000,-74,0.000000,7,8
1,18.000000,20.584999,0.292000,-75,0.000000,7,8
1,18.000000,19.966000,0.573000,-75,0.000000,7,8
1,18.000000,21.207001,0.642000,-74,0.000000,7,8
1,18.000000,21.766001,0.186000,-74,0.000000,7,8
1,18.000000,20.820000,0.390000,-76,0.000000,7,8
1,18.000000,20.801001,0.585000,-75,0.000000,7,8
1,18.000000,19.704000,0.288000,-74,0.000000,7,8
1,18.000000,19.771999,0.250000,-73,0.000000,7,8
1,18.000000,18.122999,0.419000,-73,0.000000,7,8
1,18.000000,17.632000,0.578000,-72,0.000000,7,8
1,18.000000,18.865999,0.972000,-73,0.000000,7,8
1,18.000000,21.341999,0.467000,-73,0.000000,7,8
1,18.000000,21.177999,0.673000,-74,0.000000,7,8
1,18.000000,20.466000,0.248000,-73,0.000000,7,8
1,18.000000,19.841000,0.980000,-73,0.000000,7,8
1,18.000000,21.341999,0.448000,-74,0.000000,7,8
1,18.000000,20.801001,0.283000,-75,0.000000,7,8
1,18.000000,21.166000,0.268000,-74,0.000000,7,8
1,18.000000,21.625999,0.075000,-74,0.000000,7,8
1,18.000000,21.166000,0.376000,-75,0.000000,7,8
1,18.000000,20.398001,0.222000,-75,0.000000,7,8
1,18.000000,19.841999,0.318000,-76,0.000000,7,8
1,18.000000,20.670000,0.091000,-76,0.000000,7,8
1,18.000000,20.174999,0.256000,-73,0.000000,7,8
1,18.000000,20.016001,0.147000,-75,0.000000,7,8
1,18.000000,20.194000,0.452000,-74,0.000000,7,8
1,18.000000,20.280001,0.352000,-75,0.000000,7,8
1,18.000000,19.610001,0.393000,-76,0.000000,7,8
1,18.000000,19.479000,0.615000,-74,0.000000,7,8
1,18.000000,20.156000,0.270000,-75,0.000000,7,8
1,18.000000,20.271000,0.206000,-76,0.000000,7,8
1,18.000000,21.073000,0.628000,-76,0.000000,7,8
1,18.000000,21.118999,0.577000,-75,0.000000,7,8
1,18.000000,20.135000,0.192000,-74,0.000000,7,8
1,18.000000,19.263000,0.522000,-74,0.000000,7,8
1,18.000000,19.554001,0.489000,-74,0.000000,7,8
1,18.000000,19.617001,0.605000,-75,0.000000,7,8
1,18.000000,19.774000,0.553000,-74,0.000000,7,8
1,18.000000,20.023001,0.135000,-74,0.000000,7,8
1,18.000000,20.257000,0.443000,-75,0.000000,7,8
1,18.000000,19.900999,0.394000,-75,0.000000,7,8
1,18.000000,20.604000,0.181000,-75,0.000000,7,8
1,18.000000,20.566000,0.153000,-74,0.000000,7,8
1,18.000000,20.520000,0.115000,-74,0.000000,7,8
1,18.000000,20.351000,0.193000,-75,0.000000,7,8
1,18.000000,20.341000,1.072000,-75,0.000000,7,8
1,18.000000,19.976000,0.564000,-74,0.000000,7,8
1,18.000000,20.201000,0.494000,-74,0.000000,7,8
1,18.000000,20.098000,0.393000,-75,0.000000,7,8
1,18.000000,20.520000,0.676000,-76,0.000000,7,8
1,18.000000,20.351000,1.037000,-76,0.000000,7,8
1,18.000000,19.725000,0.445000,-75,0.000000,7,8
1,18.000000,19.666000,0.481000,-76,0.000000,7,8
1,18.000000,19.357000,0.511000,-76,0.000000,7,8
1,18.000000,19.863001,0.572000,-78,0.000000,7,8
1,18.000000,21.291000,0.235000,-77,0.000000,7,8
1,18.000000,20.285000,0.588000,-75,0.000000,7,8
1,18.000000,19.113001,0.758000,-74,0.000000,7,8
1,18.000000,19.183001,0.605000,-75,0.000000,7,8
1,18.000000,18.698000,0.343000,-74,0.000000,7,8
1,18.000000,19.333000,0.568000,-74,0.000000,7,8
1,18.000000,19.875000,0.640000,-76,0.000000,7,8
1,18.000000,20.726000,0.710000,-76,0.000000,7,8
1,18.000000,20.997999,0.466000,-76,0.000000,7,8
1,18.000000,21.191999,0.352000,-76,0.000000,7,8
1,18.000000,21.719000,0.123000,-75,0.000000,7,8
1,18.000000,20.598000,0.763000,-74,0.000000,7,8
1,18.000000,20.285000,0.752000,-74,0.000000,7,8
1,18.000000,20.238001,0.981000,-75,0.000000,7,8
1,18.000000,19.063000,1.588000,-75,0.000000,7,8
1,18.000000,20.490999,0.927000,-74,0.000000,7,8
1,18.000000,20.441000,0.332000,-74,0.000000,7,8
1,18.000000,20.598000,0.589000,-74,0.000000,7,8
1,18.000000,19.038000,0.777000,-74,0.000000,7,8
1,18.000000,19.650000,1.054000,-77,0.000000,7,8
1,18.000000,21.851000,0.262000,-76,0.000000,7,8
1,18.000000,20.485001,0.172000,-75,0.000000,7,8
1,18.000000,19.791000,0.382000,-76,0.000000,7,8
1,18.000000,19.488001,0.624000,-75,0.000000,7,8
1,18.000000,20.132000,0.267000,-75,0.000000,7,8
1,18.000000,19.497999,0.431000,-76,0.000000,7,8
1,18.000000,19.666000,0.204000,-78,0.000000,7,8
1,18.000000,19.547001,0.714000,-76,0.000000,7,8
1,18.000000,19.704000,0.597000,-77,0.000000,7,8
1,18.000000,20.441000,0.513000,-78,0.000000,7,8
1,18.000000,19.596001,0.489000,-79,0.000000,7,8
1,18.000000,18.157000,1.247000,-80,0.000000,7,8
1,18.000000,17.113001,0.690000,-82,0.000000,7,8
1,18.000000,19.250999,0.367000,-82,0.000000,7,8
1,18.000000,19.132000,0.415000,-79,0.000000,7,8
1,18.000000,19.204000,0.763000,-79,0.000000,7,8
1,18.000000,20.704000,0.164000,-78,0.000000,7,8
1,18.000000,20.266001,0.347000,-78,0.000000,7,8
1,18.000000,19.629000,1.004000,-76,0.000000,7,8
1,18.000000,20.275999,0.851000,-76,0.000000,7,8
1,18.000000,20.108999,0.903000,-75,0.000000,7,8
1,18.000000,20.236000,1.046000,-75,0.000000,7,8
1,18.000000,21.173000,0.551000,-75,0.000000,7,8
1,18.000000,19.985001,0.269000,-74,0.000000,7,8
1,18.000000,20.266001,0.643000,-76,0.000000,7,8
1,18.000000,20.698000,0.646000,-77,0.000000,7,8
1,18.000000,20.554001,0.351000,-76,0.000000,7,8
1,18.000000,20.173000,1.050000,-76,0.000000,7,8
1,18.000000,20.782000,0.272000,-77,0.000000,7,8
1,18.000000,21.271999,0.533000,-75,0.000000,7,8
1,18.000000,21.316000,0.571000,-74,0.000000,7,8
1,18.000000,21.316000,0.452000,-74,0.000000,7,8
1,18.000000,20.285000,0.115000,-74,0.000000,7,8
1,18.000000,21.194000,0.380000,-74,0.000000,7,8
1,18.000000,20.066999,1.015000,-75,0.000000,7,8
1,18.000000,19.900999,1.295000,-74,0.000000,7,8
1,18.000000,20.313000,0.913000,-74,0.000000,7,8
1,18.000000,20.367001,0.949000,-74,0.000000,7,8
1,18.000000,20.273001,0.331000,-75,0.000000,7,8
1,18.000000,21.176001,0.457000,-74,0.000000,7,8
1,18.000000,20.836000,0.786000,-75,0.000000,7,8
1,18.000000,20.473000,0.491000,-74,0.000000,7,8
1,18.000000,21.118999,0.635000,-74,0.000000,7,8
1,18.000000,21.110001,0.568000,-75,0.000000,7,8
1,18.000000,20.247999,0.985000,-76,0.000000,7,8
1,18.000000,21.157000,0.736000,-77,0.000000,7,8
1,18.000000,20.604000,0.198000,-76,0.000000,7,8
1,18.000000,20.782000,0.127000,-73,0.000000,7,8
1,18.000000,20.070000,0.343000,-74,0.000000,7,8
1,18.000000,20.634001,0.841000,-75,0.000000,7,8
1,18.000000,20.209999,0.321000,-75,0.000000,7,8
1,18.000000,20.632000,0.483000,-75,0.000000,7,8
1,18.000000,20.903999,0.468000,-75,0.000000,7,8
1,18.000000,21.204000,0.312000,-74,0.000000,7,8
1,18.000000,21.528999,0.460000,-74,0.000000,7,8
1,18.000000,20.407000,0.279000,-74,0.000000,7,8
1,18.000000,20.660000,0.695000,-74,0.000000,7,8
1,18.000000,21.110001,0.354000,-75,0.000000,7,8
1,18.000000,19.263000,0.445000,-74,0.000000,7,8
1,18.000000,21.495001,0.412000,-76,0.000000,7,8
1,18.000000,20.059999,1.076000,-74,0.000000,7,8
1,18.000000,20.320000,1.019000,-74,0.000000,7,8
1,18.000000,20.257000,0.235000,-74,0.000000,7,8
1,18.000000,20.363001,0.141000,-75,0.000000,7,8
1,18.000000,20.804001,0.298000,-75,0.000000,7,8
1,18.000000,20.426001,0.164000,-74,0.000000,7,8
1,18.000000,20.339001,0.811000,-74,0.000000,7,8
1,18.000000,20.548000,0.678000,-75,0.000000,7,8
1,18.000000,19.995001,0.988000,-74,0.000000,7,8
1,18.000000,20.011000,0.657000,-73,0.000000,7,8
1,18.000000,20.670000,0.790000,-74,0.000000,7,8
1,18.000000,20.688000,0.522000,-75,0.000000,7,8
1,18.000000,19.938000,0.218000,-73,0.000000,7,8
1,18.000000,20.493999,0.597000,-74,0.000000,7,8
1,18.000000,21.129000,0.131000,-75,0.000000,7,8
1,18.000000,20.018000,0.495000,-72,0.000000,7,8
1,18.000000,20.655001,0.165000,-74,0.000000,7,8
1,18.000000,20.184000,0.270000,-75,0.000000,7,8
1,18.000000,20.660000,0.079000,-75,0.000000,7,8
1,18.000000,20.782000,0.125000,-76,0.000000,7,8
1,18.000000,21.169001,0.405000,-76,0.000000,7,8
1,18.000000,20.875999,0.124000,-75,0.000000,7,8
1,18.000000,20.156000,0.333000,-73,0.000000,7,8
1,18.000000,20.070000,0.387000,-73,0.000000,7,8
1,18.000000,20.079000,0.726000,-74,0.000000,7,8
1,18.000000,20.332001,0.982000,-74,0.000000,7,8
1,18.000000,20.201000,0.748000,-73,0.000000,7,8
1,18.000000,20.023001,0.181000,-73,0.000000,7,8
1,18.000000,20.146999,0.270000,-73,0.000000,7,8
1,18.000000,20.139999,0.249000,-74,0.000000,7,8
1,18.000000,20.745001,0.335000,-76,0.000000,7,8
1,18.000000,20.454000,0.520000,-77,0.000000,7,8
1,18.000000,20.013000,1.065000,-75,0.000000,7,8
1,18.000000,20.370001,0.964000,-75,0.000000,7,8
1,18.000000,21.298000,0.492000,-75,0.000000,7,8
1,18.000000,21.916000,0.167000,-76,0.000000,7,8
1,18.000000,22.365999,0.086000,-77,0.000000,7,8
1,18.000000,22.056999,0.050000,-77,0.000000,7,8
1,18.000000,21.870001,0.156000,-77,0.000000,7,8
1,18.000000,22.020000,0.143000,-77,0.000000,7,8
1,18.000000,21.722000,0.315000,-76,0.000000,7,8
1,18.000000,21.934999,0.104000,-76,0.000000,7,8
1,18.000000,21.131001,0.354000,-75,0.000000,7,8
1,18.000000,20.370001,0.857000,-74,0.000000,7,8
1,18.000000,20.142000,1.050000,-75,0.000000,7,8
1,18.000000,19.957001,1.188000,-74,0.000000,7,8
1,18.000000,19.666000,1.019000,-74,0.000000,7,8
1,18.000000,19.582001,0.508000,-73,0.000000,7,8
1,18.000000,19.629000,1.135000,-73,0.000000,7,8
1,18.000000,19.698999,0.483000,-73,0.000000,7,8
1,18.000000,19.648001,0.735000,-73,0.000000,7,8
1,18.000000,19.603001,1.444000,-73,0.000000,7,8
1,18.000000,19.760000,1.324000,-73,0.000000,7,8
1,18.000000,19.788000,1.351000,-74,0.000000,7,8
1,18.000000,19.865999,0.437000,-74,0.000000,7,8
1,18.000000,20.145000,0.880000,-75,0.000000,7,8
1,18.000000,20.153999,0.808000,-75,0.000000,7,8
1,18.000000,20.041000,0.957000,-75,0.000000,7,8
1,18.000000,20.346001,0.924000,-76,0.000000,7,8
1,18.000000,20.332001,0.972000,-76,0.000000,7,8
1,18.000000,20.122999,0.741000,-76,0.000000,7,8
1,18.000000,19.966000,0.416000,-76,0.000000,7,8
1,18.000000,19.778999,0.165000,-76,0.000000,7,8
1,18.000000,19.363001,0.613000,-76,0.000000,7,8
1,18.000000,20.181999,0.413000,-77,0.000000,7,8
1,18.000000,20.202999,0.304000,-78,0.000000,7,8
1,18.000000,20.351000,0.423000,-78,0.000000,7,8
1,18.000000,19.848000,0.295000,-75,0.000000,7,8
1,18.000000,21.058001,0.275000,-77,0.000000,7,8
1,18.000000,20.816999,0.415000,-75,0.000000,7,8
1,18.000000,20.684000,0.434000,-76,0.000000,7,8
1,18.000000,20.608000,0.159000,-75,0.000000,7,8
1,18.000000,21.429001,0.136000,-76,0.000000,7,8
1,18.000000,20.908001,0.428000,-75,0.000000,7,8
1,18.000000,21.016001,0.104000,-75,0.000000,7,8
1,18.000000,20.684000,0.119000,-74,0.000000,7,8
1,18.000000,20.641001,0.907000,-75,0.000000,7,8
1,18.000000,21.341000,0.344000,-76,0.000000,7,8
1,18.000000,20.398001,0.132000,-75,0.000000,7,8
1,18.000000,20.979000,0.224000,-74,0.000000,7,8
1,18.000000,21.266001,0.201000,-77,0.000000,7,8
1,18.000000,19.995001,0.406000,-75,0.000000,7,8
1,18.000000,20.726000,0.925000,-74,0.000000,7,8
1,18.000000,21.138000,0.390000,-76,0.000000,7,8
1,18.000000,20.469999,0.303000,-75,0.000000,7,8
1,18.000000,20.954000,0.254000,-76,0.000000,7,8
1,18.000000,20.209999,0.337000,-75,0.000000,7,8
1,18.000000,20.587999,0.482000,-75,0.000000,7,8
1,18.000000,20.809999,0.185000,-74,0.000000,7,8
1,18.000000,19.884001,0.653000,-74,0.000000,7,8
1,18.000000,20.702000,0.456000,-74,0.000000,7,8
1,18.000000,20.548000,0.054000,-75,0.000000,7,8
1,18.000000,20.613001,0.227000,-76,0.000000,7,8
1,18.000000,20.313000,0.901000,-73,0.000000,7,8
1,18.000000,20.181999,0.337000,-75,0.000000,7,8
1,18.000000,20.434999,0.278000,-75,0.000000,7,8
1,18.000000,20.207001,0.093000,-74,0.000000,7,8
1,18.000000,20.023001,1.050000,-73,0.000000,7,8
1,18.000000,20.153999,0.861000,-76,0.000000,7,8
1,18.000000,20.629000,0.488000,-77,0.000000,7,8
1,18.000000,20.325001,0.377000,-78,0.000000,7,8
1,18.000000,19.495001,0.548000,-76,0.000000,7,8
1,18.000000,20.551001,0.455000,-76,0.000000,7,8
1,18.000000,19.666000,0.635000,-74,0.000000,7,8
1,18.000000,18.541000,0.771000,-77,0.000000,7,8
1,18.000000,20.875999,0.714000,-77,0.000000,7,8
1,18.000000,18.618999,0.930000,-76,0.000000,7,8
1,18.000000,19.761999,0.669000,-78,0.000000,7,8
1,18.000000,20.618999,0.742000,-77,0.000000,7,8
1,18.000000,19.820999,0.443000,-79,0.000000,7,8
1,18.000000,19.587000,0.669000,-78,0.000000,7,8
1,18.000000,20.534000,0.144000,-79,0.000000,7,8
1,18.000000,19.849001,1.264000,-80,0.000000,7,8
1,18.000000,18.541000,0.278000,-79,0.000000,7,8
1,18.000000,19.219000,1.408000,-77,0.000000,7,8
1,18.000000,18.823000,0.653000,-78,0.000000,7,8
1,18.000000,19.582001,0.343000,-78,0.000000,7,8
1,18.000000,17.735001,0.164000,-77,0.000000,7,8
1,18.000000,17.493999,0.578000,-76,0.000000,7,8
1,18.000000,19.444000,0.550000,-76,0.000000,7,8
1,18.000000,20.516001,0.758000,-78,0.000000,7,8
1,18.000000,20.041000,0.997000,-79,0.000000,7,8
1,18.000000,20.046000,0.407000,-77,0.000000,7,8
1,18.000000,19.552000,0.290000,-78,0.000000,7,8
1,18.000000,20.290001,0.106000,-77,0.000000,7,8
1,18.000000,20.809999,0.616000,-79,0.000000,7,8
1,18.000000,19.813999,0.692000,-79,0.000000,7,8
1,18.000000,20.238001,0.949000,-77,0.000000,7,8
1,18.000000,20.209999,0.978000,-75,0.000000,7,8
1,18.000000,19.997000,0.327000,-77,0.000000,7,8
1,18.000000,19.610001,0.507000,-76,0.000000,7,8
1,18.000000,19.392000,0.415000,-74,0.000000,7,8
1,18.000000,20.796000,0.513000,-76,0.000000,7,8
1,18.000000,20.290001,0.624000,-76,0.000000,7,8
1,18.000000,20.705000,0.522000,-74,0.000000,7,8
1,18.000000,20.653000,0.680000,-75,0.000000,7,8
1,18.000000,20.285000,1.160000,-76,0.000000,7,8
1,18.000000,20.490999,0.231000,-76,0.000000,7,8
1,18.000000,19.277000,0.579000,-76,0.000000,7,8
1,18.000000,19.277000,0.627000,-76,0.000000,7,8
1,18.000000,18.579000,0.825000,-75,0.000000,7,8
1,18.000000,18.750000,0.862000,-76,0.000000,7,8
1,18.000000,19.563000,0.518000,-73,0.000000,7,8
1,18.000000,19.282000,0.643000,-74,0.000000,7,8
1,18.000000,19.395000,0.387000,-74,0.000000,7,8
1,18.000000,18.607000,0.933000,-74,0.000000,7,8
1,18.000000,19.760000,0.525000,-74,0.000000,7,8
1,18.000000,21.429001,0.480000,-76,0.000000,7,8
1,18.000000,21.448000,0.484000,-77,0.000000,7,8
1,18.000000,20.816999,0.823000,-78,0.000000,7,8
1,18.000000,20.285000,0.699000,-76,0.000000,7,8
1,18.000000,20.510000,0.509000,-76,0.000000,7,8
1,18.000000,21.466000,0.096000,-76,0.000000,7,8
1,18.000000,20.732000,0.094000,-76,0.000000,7,8
1,18.000000,20.819000,0.627000,-75,0.000000,7,8
1,18.000000,19.028999,0.801000,-74,0.000000,7,8
1,18.000000,19.235001,0.513000,-75,0.000000,7,8
1,18.000000,20.150999,0.306000,-74,0.000000,7,8
1,18.000000,19.747999,0.543000,-75,0.000000,7,8
1,18.000000,19.427000,0.608000,-76,0.000000,7,8
1,18.000000,19.372999,0.535000,-75,0.000000,7,8
1,18.000000,19.263000,0.521000,-75,0.000000,7,8
1,18.000000,20.013000,0.078000,-75,0.000000,7,8
1,18.000000,20.094999,0.300000,-75,0.000000,7,8
1,18.000000,19.750999,0.212000,-76,0.000000,7,8
1,18.000000,19.938000,0.764000,-76,0.000000,7,8
1,18.000000,19.584000,1.416000,-75,0.000000,7,8
1,18.000000,20.013000,0.927000,-75,0.000000,7,8
1,18.000000,19.322001,1.437000,-75,0.000000,7,8
1,18.000000,20.306999,0.576000,-74,0.000000,7,8
1,18.000000,20.641001,0.265000,-74,0.000000,7,8
1,18.000000,20.156000,0.117000,-75,0.000000,7,8
1,18.000000,20.173000,0.111000,-75,0.000000,7,8
1,18.000000,21.135000,0.399000,-76,0.000000,7,8
1,18.000000,21.541000,0.418000,-76,0.000000,7,8
1,18.000000,21.145000,0.350000,-75,0.000000,7,8
1,18.000000,21.204000,0.711000,-76,0.000000,7,8
1,18.000000,21.212999,0.575000,-75,0.000000,7,8
1,18.000000,21.608999,0.434000,-75,0.000000,7,8
1,18.000000,21.266001,0.109000,-75,0.000000,7,8
1,18.000000,20.438000,0.465000,-75,0.000000,7,8
1,18.000000,20.332001,0.275000,-75,0.000000,7,8
1,18.000000,20.441999,0.209000,-75,0.000000,7,8
1,18.000000,20.688000,0.701000,-76,0.000000,7,8
1,18.000000,20.594999,0.161000,-76,0.000000,7,8
1,18.000000,20.632000,0.687000,-77,0.000000,7,8
1,18.000000,20.107000,1.170000,-77,0.000000,7,8
1,18.000000,20.304001,0.235000,-77,0.000000,7,8
1,18.000000,19.976000,0.055000,-77,0.000000,7,8
1,18.000000,19.898001,0.100000,-78,0.000000,7,8
1,18.000000,19.608000,0.334000,-76,0.000000,7,8
1,18.000000,19.854000,0.184000,-77,0.000000,7,8
1,18.000000,19.959999,0.811000,-77,0.000000,7,8
1,18.000000,19.851000,0.239000,-78,0.000000,7,8
1,18.000000,19.783001,0.194000,-79,0.000000,7,8
1,18.000000,18.663000,0.539000,-79,0.000000,7,8
1,18.000000,18.820000,0.603000,-78,0.000000,7,8
1,18.000000,19.385000,0.490000,-79,0.000000,7,8
1,18.000000,19.365999,0.717000,-80,0.000000,7,8
1,18.000000,19.469999,0.699000,-81,0.000000,7,8
1,18.000000,19.035000,0.266000,-81,0.000000,7,8
1,18.000000,17.973000,0.640000,-80,0.000000,7,8
1,18.000000,17.990999,0.988000,-78,0.000000,7,8
1,18.000000,18.968000,0.925000,-79,0.000000,7,8
1,18.000000,18.084999,0.930000,-78,0.000000,7,8
1,18.000000,18.766001,0.896000,-78,0.000000,7,8
1,18.000000,18.420000,1.125000,-77,0.000000,7,8
1,18.000000,18.879000,0.871000,-78,0.000000,7,8
1,18.000000,18.136000,0.866000,-78,0.000000,7,8
1,18.000000,18.834000,0.668000,-78,0.000000,7,8
1,18.000000,18.091000,0.413000,-76,0.000000,7,8
1,18.000000,17.695000,0.888000,-77,0.000000,7,8
1,18.000000,17.375999,1.167000,-79,0.000000,7,8
1,18.000000,17.632000,2.052000,-80,0.000000,7,8
1,18.000000,17.007000,2.174000,-80,0.000000,7,8
1,18.000000,18.448000,1.088000,-82,0.000000,7,8
1,18.000000,18.054001,1.118000,-80,0.000000,7,8
1,18.000000,18.246000,0.937000,-80,0.000000,7,8
1,18.000000,18.260000,1.056000,-78,0.000000,7,8
1,18.000000,18.476000,1.317000,-77,0.000000,7,8
1,18.000000,19.134001,0.610000,-78,0.000000,7,8
1,18.000000,19.282000,0.732000,-81,0.000000,7,8
1,18.000000,20.788000,0.156000,-79,0.000000,7,8
1,18.000000,19.048000,0.811000,-78,0.000000,7,8
1,18.000000,20.051001,0.369000,-78,0.000000,7,8
1,18.000000,20.184999,0.723000,-79,0.000000,7,8
1,18.000000,19.631001,0.195000,-77,0.000000,7,8
1,18.000000,19.348000,0.364000,-78,0.000000,7,8
1,18.000000,19.049999,0.612000,-79,0.000000,7,8
1,18.000000,20.754000,0.069000,-77,0.000000,7,8
1,18.000000,19.591000,0.565000,-77,0.000000,7,8
1,18.000000,19.263000,0.157000,-79,0.000000,7,8
1,18.000000,20.441000,0.443000,-79,0.000000,7,8
1,18.000000,19.104000,0.643000,-79,0.000000,7,8
1,18.000000,19.378000,1.095000,-80,0.000000,7,8
1,18.000000,20.351000,0.652000,-79,0.000000,7,8
1,18.000000,20.136999,0.918000,-76,0.000000,7,8
1,18.000000,20.872999,0.609000,-74,0.000000,7,8
1,18.000000,20.893999,0.745000,-75,0.000000,7,8
1,18.000000,19.999001,0.367000,-78,0.000000,7,8
1,18.000000,19.020000,0.605000,-75,0.000000,7,8
1,18.000000,20.490999,0.523000,-77,0.000000,7,8
1,18.000000,20.391001,0.221000,-76,0.000000,7,8
1,18.000000,20.388000,0.460000,-76,0.000000,7,8
1,18.000000,20.719000,0.176000,-74,0.000000,7,8
1,18.000000,20.412001,0.253000,-74,0.000000,7,8
1,18.000000,22.280001,0.138000,-75,0.000000,7,8
1,18.000000,20.979000,0.581000,-75,0.000000,7,8
1,18.000000,20.238001,0.211000,-76,0.000000,7,8
1,18.000000,21.820000,0.495000,-76,0.000000,7,8
1,18.000000,20.079000,0.355000,-76,0.000000,7,8
1,18.000000,20.247999,0.552000,-76,0.000000,7,8
1,18.000000,19.804001,0.342000,-77,0.000000,7,8
1,18.000000,20.207001,0.248000,-75,0.000000,7,8
1,18.000000,20.934000,0.124000,-76,0.000000,7,8
1,18.000000,20.721001,0.126000,-75,0.000000,7,8
1,18.000000,20.745001,0.519000,-75,0.000000,7,8
1,18.000000,20.976999,0.391000,-75,0.000000,7,8
1,18.000000,19.059999,1.199000,-76,0.000000,7,8
1,18.000000,20.641001,0.304000,-76,0.000000,7,8
1,18.000000,21.042000,0.493000,-75,0.000000,7,8
1,18.000000,20.660000,0.758000,-75,0.000000,7,8
1,18.000000,20.885000,0.462000,-75,0.000000,7,8
1,18.000000,20.426001,0.745000,-75,0.000000,7,8
1,18.000000,20.801001,0.773000,-76,0.000000,7,8
1,18.000000,21.035000,0.732000,-76,0.000000,7,8
1,18.000000,20.407000,0.713000,-74,0.000000,7,8
1,18.000000,20.653000,0.491000,-75,0.000000,7,8
1,18.000000,20.400999,0.270000,-74,0.000000,7,8
1,18.000000,20.510000,0.396000,-76,0.000000,7,8
1,18.000000,20.549999,0.636000,-76,0.000000,7,8
1,18.000000,20.520000,0.294000,-76,0.000000,7,8
1,18.000000,20.745001,0.802000,-76,0.000000,7,8
1,18.000000,20.773001,0.868000,-76,0.000000,7,8
1,18.000000,20.809999,0.781000,-77,0.000000,7,8
1,18.000000,20.423000,0.589000,-78,0.000000,7,8
1,18.000000,20.660000,0.936000,-76,0.000000,7,8
1,18.000000,20.716000,0.909000,-77,0.000000,7,8
1,18.000000,20.979000,0.632000,-74,0.000000,7,8
1,18.000000,20.902000,0.556000,-75,0.000000,7,8
1,18.000000,20.816999,0.773000,-76,0.000000,7,8
1,18.000000,20.754000,0.836000,-76,0.000000,7,8
1,18.000000,20.782000,0.861000,-75,0.000000,7,8
1,18.000000,20.639000,0.932000,-77,0.000000,7,8
1,18.000000,20.754000,0.872000,-75,0.000000,7,8
1,18.000000,20.716000,0.717000,-75,0.000000,7,8
1,18.000000,20.473000,0.303000,-75,0.000000,7,8
1,18.000000,20.829000,0.664000,-76,0.000000,7,8
1,18.000000,21.035000,0.617000,-74,0.000000,7,8
1,18.000000,20.796000,0.456000,-76,0.000000,7,8
1,18.000000,21.061001,0.676000,-75,0.000000,7,8
1,18.000000,21.164000,0.600000,-75,0.000000,7,8
1,18.000000,20.899000,0.567000,-75,0.000000,7,8
1,18.000000,21.080000,0.648000,-75,0.000000,7,8
1,18.000000,21.038000,0.180000,-75,0.000000,7,8
1,18.000000,20.836000,0.741000,-75,0.000000,7,8
1,18.000000,21.155001,0.553000,-74,0.000000,7,8
1,18.000000,21.035000,0.120000,-75,0.000000,7,8
1,18.000000,21.045000,0.435000,-74,0.000000,7,8
1,18.000000,20.954000,0.624000,-74,0.000000,7,8
1,18.000000,20.691000,0.849000,-76,0.000000,7,8
1,18.000000,20.625000,0.419000,-76,0.000000,7,8
1,18.000000,20.754000,0.492000,-75,0.000000,7,8
1,18.000000,20.801001,0.617000,-75,0.000000,7,8
1,18.000000,20.551001,0.359000,-74,0.000000,7,8
1,18.000000,20.979000,0.763000,-73,0.000000,7,8
1,18.000000,20.173000,0.267000,-76,0.000000,7,8
1,18.000000,20.988001,0.733000,-74,0.000000,7,8
1,18.000000,20.250999,0.312000,-76,0.000000,7,8
1,18.000000,20.979000,0.714000,-74,0.000000,7,8
1,18.000000,20.896999,0.729000,-75,0.000000,7,8
1,18.000000,20.843000,0.583000,-76,0.000000,7,8
1,18.000000,20.554001,0.159000,-75,0.000000,7,8
1,18.000000,20.865999,0.819000,-75,0.000000,7,8
1,18.000000,20.843000,0.506000,-75,0.000000,7,8
1,18.000000,20.784000,0.215000,-75,0.000000,7,8
1,18.000000,20.770000,0.664000,-75,0.000000,7,8
1,18.000000,21.164000,0.512000,-74,0.000000,7,8
1,18.000000,20.865999,0.796000,-74,0.000000,7,8
1,18.000000,20.815001,0.766000,-75,0.000000,7,8
1,18.000000,20.745001,0.239000,-76,0.000000,7,8
1,18.000000,20.885000,0.664000,-75,0.000000,7,8
1,18.000000,20.170000,0.444000,-75,0.000000,7,8
1,18.000000,20.226000,0.351000,-75,0.000000,7,8
1,18.000000,20.301001,0.319000,-76,0.000000,7,8
1,18.000000,19.344999,0.589000,-77,0.000000,7,8
1,18.000000,20.173000,0.992000,-77,0.000000,7,8
1,18.000000,21.110001,0.416000,-74,0.000000,7,8
1,18.000000,20.400999,0.348000,-75,0.000000,7,8
1,18.000000,20.632000,0.856000,-75,0.000000,7,8
1,18.000000,21.110001,0.497000,-75,0.000000,7,8
1,18.000000,20.360001,0.087000,-76,0.000000,7,8
1,18.000000,20.639000,0.278000,-76,0.000000,7,8
1,18.000000,20.285000,0.309000,-75,0.000000,7,8
1,18.000000,20.688000,0.887000,-76,0.000000,7,8
1,18.000000,20.938999,0.449000,-76,0.000000,7,8
1,18.000000,19.139000,0.270000,-78,0.000000,7,8
1,18.000000,19.426001,0.307000,-78,0.000000,7,8
1,18.000000,20.782000,0.746000,-76,0.000000,7,8
1,18.000000,21.283001,0.444000,-74,0.000000,7,8
1,18.000000,19.860001,0.185000,-78,0.000000,7,8
1,18.000000,20.721001,0.717000,-76,0.000000,7,8
1,18.000000,20.871000,0.406000,-76,0.000000,7,8
1,18.000000,20.480000,0.897000,-76,0.000000,7,8
1,18.000000,19.417999,0.285000,-78,0.000000,7,8
1,18.000000,19.732000,0.357000,-77,0.000000,7,8
1,18.000000,20.979000,0.701000,-75,0.000000,7,8
1,18.000000,20.632000,0.882000,-77,0.000000,7,8
1,18.000000,19.548000,0.250000,-79,0.000000,7,8
1,18.000000,20.917999,0.711000,-74,0.000000,7,8
1,18.000000,20.329000,0.185000,-77,0.000000,7,8
1,18.000000,21.105000,0.525000,-76,0.000000,7,8
1,18.000000,21.105000,0.533000,-76,0.000000,7,8
1,18.000000,20.823999,0.450000,-76,0.000000,7,8
1,18.000000,21.110001,0.452000,-75,0.000000,7,8
1,18.000000,21.164000,0.602000,-76,0.000000,7,8
1,18.000000,20.791000,0.507000,-77,0.000000,7,8
1,18.000000,19.309999,0.390000,-79,0.000000,7,8
1,18.000000,19.247000,0.411000,-78,0.000000,7,8
1,18.000000,20.934000,0.766000,-76,0.000000,7,8
1,18.000000,20.903999,0.716000,-76,0.000000,7,8
1,18.000000,20.809999,0.102000,-77,0.000000,7,8
1,18.000000,20.938999,0.152000,-77,0.000000,7,8
1,18.000000,20.895000,0.694000,-78,0.000000,7,8
1,18.000000,20.809999,0.164000,-77,0.000000,7,8
1,18.000000,20.969999,0.495000,-76,0.000000,7,8
1,18.000000,20.895000,0.860000,-75,0.000000,7,8
1,18.000000,20.173000,1.162000,-76,0.000000,7,8
1,18.000000,20.295000,0.266000,-77,0.000000,7,8
1,18.000000,20.038000,0.376000,-77,0.000000,7,8
1,18.000000,20.934000,0.766000,-74,0.000000,7,8
1,18.000000,19.495001,0.180000,-78,0.000000,7,8
1,18.000000,21.363001,0.575000,-74,0.000000,7,8
1,18.000000,20.903999,0.676000,-76,0.000000,7,8
1,18.000000,21.166000,0.448000,-75,0.000000,7,8
1,18.000000,20.959999,0.628000,-76,0.000000,7,8
1,18.000000,20.754000,0.600000,-76,0.000000,7,8
1,18.000000,20.632000,0.989000,-76,0.000000,7,8
1,18.000000,20.837999,0.079000,-77,0.000000,7,8
1,18.000000,21.054001,0.703000,-76,0.000000,7,8
1,18.000000,20.750999,0.497000,-76,0.000000,7,8
1,18.000000,20.698000,0.299000,-76,0.000000,7,8
1,18.000000,20.660000,0.937000,-75,0.000000,7,8
1,18.000000,21.115000,0.548000,-74,0.000000,7,8
1,18.000000,20.466000,0.187000,-77,0.000000,7,8
1,18.000000,20.896999,0.809000,-75,0.000000,7,8
1,18.000000,20.548000,0.718000,-76,0.000000,7,8
1,18.000000,20.893999,0.664000,-76,0.000000,7,8
1,18.000000,20.816999,0.531000,-76,0.000000,7,8
1,18.000000,20.541000,0.945000,-76,0.000000,7,8
1,18.000000,21.025999,0.482000,-75,0.000000,7,8
1,18.000000,20.688000,0.845000,-75,0.000000,7,8
1,18.000000,20.820000,0.641000,-76,0.000000,7,8
1,18.000000,20.513000,0.191000,-76,0.000000,7,8
1,18.000000,20.941000,0.747000,-75,0.000000,7,8
1,18.000000,20.599001,0.955000,-75,0.000000,7,8
1,18.000000,20.923000,0.556000,-77,0.000000,7,8
1,18.000000,20.407000,0.286000,-78,0.000000,7,8
1,18.000000,20.245001,0.331000,-77,0.000000,7,8
1,18.000000,21.016001,0.746000,-75,0.000000,7,8
1,18.000000,20.551001,0.140000,-76,0.000000,7,8
1,18.000000,20.745001,0.817000,-75,0.000000,7,8
1,18.000000,20.726000,0.174000,-77,0.000000,7,8
1,18.000000,20.784000,0.176000,-76,0.000000,7,8
1,18.000000,20.754000,0.186000,-77,0.000000,7,8
1,18.000000,20.745001,0.774000,-77,0.000000,7,8
1,18.000000,20.693001,0.906000,-75,0.000000,7,8
1,18.000000,20.716000,0.831000,-76,0.000000,7,8
1,18.000000,20.816999,0.550000,-76,0.000000,7,8
1,18.000000,20.745001,0.817000,-76,0.000000,7,8
1,18.000000,20.745001,0.803000,-77,0.000000,7,8
1,18.000000,20.695000,0.270000,-76,0.000000,7,8
1,18.000000,20.326000,0.357000,-75,0.000000,7,8
1,18.000000,20.282000,0.224000,-78,0.000000,7,8
1,18.000000,20.686001,0.812000,-75,0.000000,7,8
1,18.000000,20.479000,0.155000,-76,0.000000,7,8
1,18.000000,20.554001,0.185000,-76,0.000000,7,8
1,18.000000,20.782000,0.253000,-76,0.000000,7,8
1,18.000000,20.801001,0.114000,-76,0.000000,7,8
1,18.000000,20.285000,0.279000,-76,0.000000,7,8
1,18.000000,20.698000,0.141000,-77,0.000000,7,8
1,18.000000,20.844999,0.157000,-77,0.000000,7,8
1,18.000000,20.745001,0.778000,-76,0.000000,7,8
1,18.000000,20.556999,0.105000,-76,0.000000,7,8
1,18.000000,21.018999,0.079000,-76,0.000000,7,8
1,18.000000,20.577999,0.716000,-76,0.000000,7,8
1,18.000000,20.670000,0.223000,-77,0.000000,7,8
1,18.000000,20.716000,0.235000,-77,0.000000,7,8
1,18.000000,20.554001,0.174000,-76,0.000000,7,8
1,18.000000,20.518999,0.757000,-77,0.000000,7,8
1,18.000000,20.865999,0.592000,-76,0.000000,7,8
1,18.000000,20.882999,0.588000,-75,0.000000,7,8
1,18.000000,20.822001,0.569000,-75,0.000000,7,8
1,18.000000,20.822001,0.583000,-76,0.000000,7,8
1,18.000000,20.801001,0.089000,-76,0.000000,7,8
1,18.000000,20.701000,0.122000,-75,0.000000,7,8
1,18.000000,20.809999,0.087000,-76,0.000000,7,8
1,18.000000,20.209999,0.336000,-76,0.000000,7,8
1,18.000000,20.329000,0.279000,-75,0.000000,7,8
1,18.000000,20.479000,0.276000,-76,0.000000,7,8
1,18.000000,20.660000,0.847000,-75,0.000000,7,8
1,18.000000,20.726000,0.531000,-76,0.000000,7,8
1,18.000000,20.326000,0.304000,-76,0.000000,7,8
1,18.000000,20.247999,0.250000,-75,0.000000,7,8
1,18.000000,20.712000,0.787000,-76,0.000000,7,8
1,18.000000,20.250999,0.254000,-76,0.000000,7,8
1,18.000000,20.745001,0.758000,-76,0.000000,7,8
1,18.000000,20.473000,0.168000,-76,0.000000,7,8
1,18.000000,20.650999,0.625000,-76,0.000000,7,8
1,18.000000,20.745001,0.799000,-76,0.000000,7,8
1,18.000000,20.716000,0.745000,-76,0.000000,7,8
1,18.000000,20.777000,0.886000,-76,0.000000,7,8
1,18.000000,20.510000,0.238000,-76,0.000000,7,8
1,18.000000,20.902000,0.176000,-76,0.000000,7,8
1,18.000000,20.784000,0.394000,-76,0.000000,7,8
1,18.000000,20.829000,0.682000,-77,0.000000,7,8
1,18.000000,20.875999,0.593000,-76,0.000000,7,8
1,18.000000,20.709000,0.742000,-76,0.000000,7,8
1,18.000000,20.693001,0.197000,-76,0.000000,7,8
1,18.000000,20.641001,0.678000,-77,0.000000,7,8
1,18.000000,20.754000,0.606000,-76,0.000000,7,8
1,18.000000,20.679001,0.789000,-76,0.000000,7,8
1,18.000000,20.666000,0.107000,-76,0.000000,7,8
1,18.000000,20.686001,0.697000,-77,0.000000,7,8
1,18.000000,20.749001,0.790000,-76,0.000000,7,8
1,18.000000,20.716000,0.727000,-76,0.000000,7,8
1,18.000000,20.816999,0.417000,-76,0.000000,7,8
1,18.000000,20.686001,0.796000,-76,0.000000,7,8
1,18.000000,20.513000,0.201000,-76,0.000000,7,8
1,18.000000,20.622999,0.677000,-76,0.000000,7,8
1,18.000000,20.837999,0.555000,-76,0.000000,7,8
1,18.000000,20.780001,0.173000,-76,0.000000,7,8
1,18.000000,20.570999,0.751000,-76,0.000000,7,8
1,18.000000,20.791000,0.391000,-76,0.000000,7,8
1,18.000000,20.636999,0.685000,-75,0.000000,7,8
1,18.000000,20.684000,0.887000,-76,0.000000,7,8
1,18.000000,20.604000,0.696000,-75,0.000000,7,8
1,18.000000,20.569000,0.849000,-76,0.000000,7,8
1,18.000000,20.660000,0.651000,-76,0.000000,7,8
1,18.000000,20.705000,0.220000,-77,0.000000,7,8
1,18.000000,20.857000,0.819000,-75,0.000000,7,8
1,18.000000,20.510000,0.133000,-76,0.000000,7,8
1,18.000000,20.665001,0.807000,-76,0.000000,7,8
1,18.000000,20.632000,0.989000,-75,0.000000,7,8
1,18.000000,20.670000,0.088000,-76,0.000000,7,8
1,18.000000,20.326000,0.264000,-76,0.000000,7,8
1,18.000000,20.604000,1.004000,-75,0.000000,7,8
1,18.000000,20.660000,0.897000,-74,0.000000,7,8
1,18.000000,20.686001,0.869000,-75,0.000000,7,8
1,18.000000,20.826000,0.730000,-75,0.000000,7,8
1,18.000000,20.282000,0.246000,-75,0.000000,7,8
1,18.000000,20.913000,0.721000,-75,0.000000,7,8
1,18.000000,20.285000,0.323000,-76,0.000000,7,8
1,18.000000,20.688000,0.924000,-75,0.000000,7,8
1,18.000000,20.660000,0.975000,-76,0.000000,7,8
1,18.000000,20.726000,0.812000,-75,0.000000,7,8
1,18.000000,20.627001,0.619000,-77,0.000000,7,8
1,18.000000,20.754000,0.614000,-75,0.000000,7,8
1,18.000000,20.219999,0.213000,-76,0.000000,7,8
1,18.000000,20.745001,0.690000,-76,0.000000,7,8
1,18.000000,20.548000,0.996000,-75,0.000000,7,8
1,18.000000,20.660000,0.543000,-76,0.000000,7,8
1,18.000000,20.238001,0.268000,-77,0.000000,7,8
1,18.000000,20.548000,0.119000,-77,0.000000,7,8
1,18.000000,20.698000,0.171000,-76,0.000000,7,8
1,18.000000,20.641001,0.636000,-74,0.000000,7,8
1,18.000000,20.669001,0.309000,-75,0.000000,7,8
1,18.000000,20.285000,0.166000,-76,0.000000,7,8
1,18.000000,20.285000,0.111000,-76,0.000000,7,8
1,18.000000,20.566000,0.093000,-76,0.000000,2,8
1,18.000000,20.641001,0.930000,-75,0.000000,7,8
1,18.000000,20.434999,0.914000,-75,0.000000,7,8
1,18.000000,20.745001,0.687000,-77,0.000000,7,8
1,18.000000,20.194000,0.259000,-77,0.000000,7,8
1,18.000000,20.988001,0.570000,-76,0.000000,7,8
1,18.000000,20.808001,0.907000,-74,0.000000,7,8
1,18.000000,20.548000,1.014000,-74,0.000000,7,8
1,18.000000,20.660000,0.976000,-76,0.000000,7,8
1,18.000000,20.865999,0.873000,-75,0.000000,7,8
1,18.000000,20.745001,0.590000,-77,0.000000,7,8
1,18.000000,21.021000,0.465000,-75,0.000000,7,8
1,18.000000,20.812000,0.868000,-76,0.000000,7,8
1,18.000000,20.892000,0.805000,-76,0.000000,7,8
1,18.000000,21.082001,0.766000,-75,0.000000,7,8
1,18.000000,21.285999,0.440000,-75,0.000000,7,8
1,18.000000,21.148001,0.739000,-73,0.000000,7,8
1,18.000000,20.892000,0.864000,-76,0.000000,7,8
1,18.000000,20.923000,0.848000,-76,0.000000,7,8
1,18.000000,21.232000,0.765000,-74,0.000000,7,8
1,18.000000,20.732000,0.184000,-76,0.000000,7,8
1,18.000000,20.341000,0.313000,-76,0.000000,7,8
1,18.000000,20.749001,0.698000,-76,0.000000,7,8
1,18.000000,20.173000,0.212000,-77,0.000000,7,8
1,18.000000,21.232000,0.626000,-75,0.000000,7,8
1,18.000000,20.601000,0.264000,-78,0.000000,7,8
1,18.000000,21.427000,0.552000,-75,0.000000,7,8
1,18.000000,19.622000,0.239000,-78,0.000000,7,8
1,18.000000,20.815001,0.543000,-76,0.000000,7,8
1,18.000000,19.938000,0.199000,-79,0.000000,7,8
1,18.000000,20.959999,0.663000,-75,0.000000,7,8
1,18.000000,20.763000,0.456000,-76,0.000000,7,8
1,18.000000,20.726000,0.594000,-76,0.000000,7,8
1,18.000000,20.871000,0.822000,-75,0.000000,7,8
1,18.000000,20.632000,0.989000,-76,0.000000,7,8
1,18.000000,21.016001,0.744000,-76,0.000000,7,8
1,18.000000,20.871000,0.677000,-76,0.000000,7,8
1,18.000000,20.808001,0.871000,-75,0.000000,7,8
1,18.000000,20.016001,0.358000,-78,0.000000,7,8
1,18.000000,21.077000,0.435000,-76,0.000000,7,8
1,18.000000,20.997999,0.554000,-76,0.000000,7,8
1,18.000000,20.670000,0.511000,-76,0.000000,7,8
1,18.000000,20.931999,0.694000,-76,0.000000,7,8
1,18.000000,20.862000,0.745000,-77,0.000000,7,8
1,18.000000,20.298000,0.179000,-77,0.000000,7,8
1,18.000000,20.809999,0.566000,-77,0.000000,7,8
1,18.000000,20.857000,0.764000,-76,0.000000,7,8
1,18.000000,20.641001,0.434000,-77,0.000000,7,8
1,18.000000,20.634001,0.769000,-77,0.000000,7,8
1,18.000000,19.778999,0.303000,-78,0.000000,7,8
1,18.000000,20.632000,0.876000,-77,0.000000,7,8
1,18.000000,20.323000,0.373000,-76,0.000000,7,8
1,18.000000,20.641001,0.233000,-77,0.000000,7,8
1,18.000000,20.584999,0.190000,-76,0.000000,7,8
1,18.000000,20.698000,0.077000,-77,0.000000,7,8
1,18.000000,20.775999,0.114000,-77,0.000000,7,8
1,18.000000,20.829000,0.778000,-76,0.000000,7,8
1,18.000000,20.815001,0.483000,-77,0.000000,7,8
1,18.000000,20.865999,0.818000,-76,0.000000,7,8
1,18.000000,20.431999,0.191000,-77,0.000000,7,8
1,18.000000,20.250999,0.306000,-77,0.000000,7,8
1,18.000000,20.489000,0.812000,-77,0.000000,7,8
1,18.000000,20.114000,0.615000,-77,0.000000,7,8
1,18.000000,20.641001,0.738000,-76,0.000000,7,8
1,18.000000,20.101000,0.275000,-77,0.000000,7,8
1,18.000000,20.875999,0.459000,-76,0.000000,7,8
1,18.000000,20.606001,0.832000,-76,0.000000,7,8
1,18.000000,20.309999,0.249000,-76,0.000000,7,8
1,18.000000,19.259001,0.362000,-78,0.000000,7,8
1,18.000000,20.173000,0.449000,-76,0.000000,7,8
1,18.000000,19.813000,0.480000,-77,0.000000,7,8
1,18.000000,20.207001,0.521000,-76,0.000000,7,8
1,18.000000,20.745001,0.780000,-76,0.000000,7,8
1,18.000000,20.816999,0.511000,-76,0.000000,7,8
1,18.000000,20.875999,0.509000,-76,0.000000,7,8
1,18.000000,20.198000,0.301000,-78,0.000000,7,8
1,18.000000,20.941000,0.648000,-75,0.000000,7,8
1,18.000000,20.629000,0.097000,-76,0.000000,7,8
1,18.000000,20.829000,0.628000,-76,0.000000,7,8
1,18.000000,20.688000,0.884000,-76,0.000000,7,8
1,18.000000,20.698000,0.229000,-76,0.000000,7,8
1,18.000000,20.173000,0.322000,-77,0.000000,7,8
1,18.000000,20.357000,0.218000,-77,0.000000,7,8
1,18.000000,20.801001,0.756000,-75,0.000000,7,8
1,18.000000,20.698000,0.101000,-76,0.000000,7,8
1,18.000000,20.538000,0.118000,-77,0.000000,7,8
1,18.000000,20.801001,0.501000,-76,0.000000,7,8
1,18.000000,20.745001,0.137000,-77,0.000000,7,8
1,18.000000,20.344000,0.876000,-76,0.000000,7,8
1,18.000000,20.541000,0.840000,-75,0.000000,7,8
1,18.000000,20.475000,0.661000,-77,0.000000,7,8
1,18.000000,20.988001,0.401000,-76,0.000000,7,8
1,18.000000,20.662001,0.885000,-74,0.000000,7,8
1,18.000000,20.407000,0.337000,-76,0.000000,7,8
1,18.000000,20.250999,0.343000,-76,0.000000,7,8
1,18.000000,20.757999,0.490000,-74,0.000000,7,8
1,18.000000,20.770000,0.521000,-74,0.000000,7,8
1,18.000000,20.763000,0.551000,-76,0.000000,7,8
1,18.000000,20.587000,0.553000,-75,0.000000,7,8
1,18.000000,20.445000,0.715000,-75,0.000000,7,8
1,18.000000,20.632000,0.951000,-75,0.000000,7,8
1,18.000000,20.548000,0.221000,-77,0.000000,7,8
1,18.000000,20.490999,0.320000,-77,0.000000,7,8
1,18.000000,20.250999,0.388000,-76,0.000000,7,8
1,18.000000,20.360001,0.699000,-76,0.000000,7,8
1,18.000000,20.723000,0.618000,-76,0.000000,7,8
1,18.000000,20.577999,0.853000,-76,0.000000,7,8
1,18.000000,20.754000,0.450000,-77,0.000000,7,8
1,18.000000,20.837999,0.834000,-77,0.000000,7,8
1,18.000000,20.358000,0.954000,-76,0.000000,7,8
1,18.000000,20.886999,0.555000,-77,0.000000,7,8
1,18.000000,20.398001,0.569000,-76,0.000000,7,8
1,18.000000,20.673000,0.172000,-76,0.000000,7,8
1,18.000000,20.798000,0.482000,-77,0.000000,7,8
1,18.000000,20.865999,0.800000,-78,0.000000,7,8
1,18.000000,19.872999,1.171000,-76,0.000000,7,8
1,18.000000,20.985001,0.222000,-76,0.000000,7,8
1,18.000000,20.278999,0.441000,-76,0.000000,7,8
1,18.000000,19.985001,0.832000,-74,0.000000,7,8
1,18.000000,21.169001,0.369000,-75,0.000000,7,8
1,18.000000,20.903999,0.311000,-75,0.000000,7,8
1,18.000000,19.695000,0.421000,-74,0.000000,7,8
1,18.000000,20.662001,0.519000,-75,0.000000,7,8
1,18.000000,20.548000,0.412000,-75,0.000000,7,8
1,18.000000,21.587999,0.670000,-78,0.000000,7,8
1,18.000000,20.981001,0.149000,-77,0.000000,7,8
1,18.000000,20.163000,1.051000,-74,0.000000,7,8
1,18.000000,20.163000,0.116000,-75,0.000000,7,8
1,18.000000,20.851000,0.092000,-76,0.000000,7,8
1,18.000000,20.548000,0.726000,-77,0.000000,7,8
1,18.000000,20.660000,0.135000,-77,0.000000,7,8
1,18.000000,20.055000,1.174000,-75,0.000000,7,8
1,18.000000,19.730000,0.524000,-77,0.000000,7,8
1,18.000000,20.982000,0.445000,-78,0.000000,7,8
1,18.000000,20.542999,0.745000,-77,0.000000,7,8
1,18.000000,20.170000,0.222000,-76,0.000000,7,8
1,18.000000,20.070000,0.776000,-75,0.000000,7,8
1,18.000000,20.363001,0.515000,-77,0.000000,7,8
1,18.000000,20.091000,0.579000,-77,0.000000,7,8
1,18.000000,19.924000,0.231000,-76,0.000000,7,8
1,18.000000,20.407000,0.690000,-77,0.000000,7,8
1,18.000000,20.545000,0.241000,-77,0.000000,7,8
1,18.000000,20.542999,0.553000,-79,0.000000,7,8
1,18.000000,20.209999,0.259000,-77,0.000000,7,8
1,18.000000,20.407000,0.229000,-78,0.000000,7,8
1,18.000000,20.160000,0.124000,-77,0.000000,7,8
1,18.000000,21.520000,0.081000,-77,0.000000,7,8
1,18.000000,18.663000,1.009000,-75,0.000000,7,8
1,18.000000,20.023001,1.137000,-75,0.000000,7,8
1,18.000000,20.209999,0.834000,-75,0.000000,7,8
1,18.000000,20.285000,0.286000,-78,0.000000,7,8
1,18.000000,19.732000,1.111000,-74,0.000000,7,8
1,18.000000,20.832001,0.838000,-75,0.000000,7,8
1,18.000000,21.326000,0.644000,-76,0.000000,7,8
1,18.000000,22.275999,0.275000,-78,0.000000,7,8
1,18.000000,19.631001,0.645000,-75,0.000000,7,8
1,18.000000,20.257000,0.340000,-75,0.000000,7,8
1,18.000000,21.635000,0.198000,-79,0.000000,7,8
1,18.000000,19.816000,1.024000,-76,0.000000,7,8
1,18.000000,19.872999,0.743000,-75,0.000000,7,8
1,18.000000,20.266001,0.073000,-76,0.000000,7,8
1,18.000000,20.207001,0.215000,-76,0.000000,7,8
1,18.000000,18.872000,0.907000,-78,0.000000,7,8
1,18.000000,20.344000,0.336000,-75,0.000000,7,8
1,18.000000,20.051001,0.199000,-75,0.000000,7,8
1,18.000000,18.600000,1.171000,-77,0.000000,7,8
1,18.000000,19.702000,1.102000,-74,0.000000,7,8
1,18.000000,20.070000,0.873000,-76,0.000000,7,8
1,18.000000,21.441000,0.099000,-77,0.000000,7,8
1,18.000000,21.813000,0.198000,-76,0.000000,7,8
1,18.000000,20.520000,0.121000,-76,0.000000,7,8
1,18.000000,19.926001,0.994000,-77,0.000000,7,8
1,18.000000,21.188000,0.590000,-78,0.000000,7,8
1,18.000000,20.698000,0.573000,-77,0.000000,7,8
1,18.000000,20.676001,0.215000,-79,0.000000,7,8
1,18.000000,21.110001,0.230000,-76,0.000000,7,8
1,18.000000,20.125999,0.304000,-75,0.000000,7,8
1,18.000000,20.282000,0.646000,-76,0.000000,7,8
1,18.000000,20.648001,0.337000,-75,0.000000,7,8
1,18.000000,21.372999,0.507000,-76,0.000000,7,8
1,18.000000,19.309999,0.752000,-76,0.000000,7,8
1,18.000000,21.010000,0.065000,-75,0.000000,7,8
1,18.000000,19.341000,0.474000,-75,0.000000,7,8
1,18.000000,20.726000,0.391000,-75,0.000000,7,8
1,18.000000,19.889000,0.538000,-74,0.000000,7,8
1,18.000000,20.587999,0.124000,-76,0.000000,7,8
1,18.000000,20.688000,0.792000,-76,0.000000,7,8
1,18.000000,19.525999,0.494000,-76,0.000000,7,8
1,18.000000,20.434999,0.711000,-76,0.000000,7,8
1,18.000000,20.098000,0.585000,-77,0.000000,7,8
1,18.000000,20.434999,1.007000,-76,0.000000,7,8
1,18.000000,20.429001,0.143000,-77,0.000000,7,8
1,18.000000,20.416000,0.692000,-77,0.000000,7,8
1,18.000000,21.260000,0.477000,-76,0.000000,7,8
1,18.000000,21.285999,0.424000,-76,0.000000,7,8
1,18.000000,20.510000,0.297000,-77,0.000000,7,8
1,18.000000,20.660000,0.409000,-77,0.000000,7,8
1,18.000000,20.079000,1.129000,-75,0.000000,7,8
1,18.000000,20.976999,0.705000,-76,0.000000,7,8
1,18.000000,20.112000,0.355000,-76,0.000000,7,8
1,18.000000,20.900999,0.126000,-75,0.000000,7,8
1,18.000000,21.344999,0.092000,-75,0.000000,7,8
1,18.000000,20.747000,0.621000,-76,0.000000,7,8
1,18.000000,20.363001,0.644000,-76,0.000000,7,8
1,18.000000,20.566000,0.672000,-77,0.000000,7,8
1,18.000000,20.875999,0.168000,-76,0.000000,7,8
1,18.000000,20.903999,0.140000,-76,0.000000,7,8
1,18.000000,19.926001,0.637000,-76,0.000000,7,8
1,18.000000,20.070000,0.209000,-76,0.000000,7,8
1,18.000000,20.257000,0.325000,-75,0.000000,7,8
1,18.000000,20.398001,0.169000,-76,0.000000,7,8
1,18.000000,21.120001,0.555000,-77,0.000000,7,8
1,18.000000,20.632000,0.952000,-76,0.000000,7,8
1,18.000000,20.407000,0.783000,-76,0.000000,7,8
1,18.000000,20.670000,0.492000,-76,0.000000,7,8
1,18.000000,20.320000,0.382000,-75,0.000000,7,8
1,18.000000,20.548000,0.438000,-76,0.000000,7,8
1,18.000000,20.698000,0.627000,-75,0.000000,7,8
1,18.000000,20.974001,0.478000,-77,0.000000,7,8
1,18.000000,20.745001,0.267000,-76,0.000000,7,8
1,18.000000,20.094999,0.379000,-76,0.000000,7,8
1,18.000000,20.660000,0.547000,-76,0.000000,7,8
1,18.000000,20.566000,0.851000,-75,0.000000,7,8
1,18.000000,20.528999,0.491000,-74,0.000000,7,8
1,18.000000,20.658001,0.916000,-76,0.000000,7,8
1,18.000000,20.805000,0.406000,-74,0.000000,7,8
1,18.000000,20.863001,0.212000,-76,0.000000,7,8
1,18.000000,20.737000,0.557000,-76,0.000000,7,8
1,18.000000,20.332001,0.858000,-76,0.000000,7,8
1,18.000000,20.672001,0.577000,-76,0.000000,7,8
1,18.000000,20.773001,0.614000,-74,0.000000,7,8
1,18.000000,20.207001,0.281000,-76,0.000000,7,8
1,18.000000,20.490999,0.888000,-75,0.000000,7,8
1,18.000000,20.857000,0.799000,-75,0.000000,7,8
1,18.000000,20.701000,0.102000,-77,0.000000,7,8
1,18.000000,20.903999,0.353000,-75,0.000000,7,8
1,18.000000,20.658001,0.865000,-75,0.000000,7,8
1,18.000000,20.412001,0.394000,-77,0.000000,7,8
1,18.000000,19.841999,1.384000,-78,0.000000,7,8
1,18.000000,20.051001,0.535000,-75,0.000000,7,8
1,18.000000,20.613001,0.236000,-76,0.000000,7,8
1,18.000000,20.763000,0.676000,-75,0.000000,7,8
1,18.000000,20.858999,0.730000,-74,0.000000,7,8
1,18.000000,20.250999,0.382000,-75,0.000000,7,8
1,18.000000,20.782000,0.860000,-76,0.000000,7,8
1,18.000000,20.969999,0.619000,-75,0.000000,7,8
1,18.000000,20.285000,0.355000,-75,0.000000,7,8
1,18.000000,20.735001,0.684000,-76,0.000000,7,8
1,18.000000,20.055000,0.140000,-76,0.000000,7,8
1,18.000000,21.195000,0.707000,-74,0.000000,7,8
1,18.000000,20.222000,0.241000,-77,0.000000,7,8
1,18.000000,21.344999,0.587000,-76,0.000000,7,8
1,18.000000,20.893999,0.841000,-75,0.000000,7,8
1,18.000000,20.862000,0.778000,-74,0.000000,7,8
1,18.000000,20.469000,0.229000,-76,0.000000,7,8
1,18.000000,20.398001,0.709000,-77,0.000000,7,8
1,18.000000,20.309999,0.096000,-77,0.000000,7,8
1,18.000000,20.763000,0.703000,-77,0.000000,7,8
1,18.000000,20.903999,0.597000,-76,0.000000,7,8
1,18.000000,20.837999,0.850000,-75,0.000000,7,8
1,18.000000,20.662001,0.309000,-77,0.000000,7,8
1,18.000000,19.870001,1.143000,-79,0.000000,7,8
1,18.000000,20.714001,0.757000,-75,0.000000,7,8
1,18.000000,20.207001,0.151000,-77,0.000000,7,8
1,18.000000,20.632000,0.838000,-76,0.000000,7,8
1,18.000000,20.601999,0.791000,-76,0.000000,7,8
1,18.000000,20.520000,0.879000,-76,0.000000,7,8
1,18.000000,20.913000,0.834000,-76,0.000000,7,8
1,18.000000,20.868999,0.837000,-77,0.000000,7,8
1,18.000000,21.054001,0.908000,-77,0.000000,7,8
1,18.000000,21.138000,0.776000,-74,0.000000,7,8
1,18.000000,20.875999,0.121000,-75,0.000000,7,8
1,18.000000,21.183001,0.463000,-75,0.000000,7,8
1,18.000000,20.719000,0.969000,-77,0.000000,7,8
1,18.000000,20.719000,0.875000,-76,0.000000,7,8
1,18.000000,20.959999,0.694000,-76,0.000000,7,8
1,18.000000,20.784000,0.128000,-75,0.000000,7,8
1,18.000000,20.657000,0.160000,-76,0.000000,7,8
1,18.000000,20.548000,0.121000,-76,0.000000,7,8
1,18.000000,20.754000,0.161000,-76,0.000000,7,8
1,18.000000,20.782000,0.810000,-77,0.000000,7,8
1,18.000000,20.735001,0.092000,-76,0.000000,7,8
1,18.000000,20.510000,0.177000,-76,0.000000,7,8
1,18.000000,20.632000,0.953000,-76,0.000000,7,8
1,18.000000,20.688000,0.963000,-76,0.000000,7,8
1,18.000000,20.576000,0.758000,-76,0.000000,7,8
1,18.000000,20.988001,0.756000,-76,0.000000,7,8
1,18.000000,20.691000,0.924000,-76,0.000000,7,8
1,18.000000,20.934000,0.642000,-76,0.000000,7,8
1,18.000000,20.476000,0.207000,-76,0.000000,7,8
1,18.000000,20.875999,0.532000,-77,0.000000,7,8
1,18.000000,20.782000,0.860000,-77,0.000000,7,8
1,18.000000,20.837999,0.850000,-77,0.000000,7,8
1,18.000000,21.038000,0.091000,-75,0.000000,7,8
1,18.000000,20.903999,0.690000,-77,0.000000,7,8
1,18.000000,20.834999,0.463000,-76,0.000000,7,8
1,18.000000,20.782000,0.759000,-76,0.000000,7,8
1,18.000000,20.997999,0.541000,-76,0.000000,7,8
1,18.000000,20.875999,0.508000,-76,0.000000,7,8
1,18.000000,20.520000,0.168000,-76,0.000000,7,8
1,18.000000,20.780001,0.698000,-77,0.000000,7,8
1,18.000000,20.650999,0.562000,-76,0.000000,7,8
1,18.000000,20.634001,0.809000,-76,0.000000,7,8
1,18.000000,20.716000,0.702000,-76,0.000000,7,8
1,18.000000,20.969999,0.538000,-75,0.000000,7,8
1,18.000000,20.510000,0.220000,-75,0.000000,7,8
1,18.000000,20.551001,0.178000,-75,0.000000,7,8
1,18.000000,20.632000,0.913000,-75,0.000000,7,8
1,18.000000,20.875999,0.690000,-75,0.000000,7,8
1,18.000000,20.445000,0.175000,-76,0.000000,7,8
1,18.000000,20.879999,0.572000,-76,0.000000,7,8
1,18.000000,20.780001,0.883000,-76,0.000000,7,8
1,18.000000,20.754000,0.873000,-76,0.000000,7,8
1,18.000000,20.667000,0.918000,-76,0.000000,7,8
1,18.000000,20.737000,0.462000,-76,0.000000,7,8
1,18.000000,20.778999,0.103000,-75,0.000000,7,8
1,18.000000,20.837999,0.758000,-76,0.000000,7,8
1,18.000000,20.858999,0.495000,-76,0.000000,7,8
1,18.000000,20.885000,0.732000,-76,0.000000,7,8
1,18.000000,20.885000,0.789000,-76,0.000000,7,8
1,18.000000,20.812000,0.748000,-76,0.000000,7,8
1,18.000000,20.756001,0.778000,-76,0.000000,7,8
1,18.000000,20.815001,0.616000,-77,0.000000,7,8
1,18.000000,20.688000,0.845000,-76,0.000000,7,8
1,18.000000,20.745001,0.156000,-76,0.000000,7,8
1,18.000000,20.875999,0.678000,-76,0.000000,7,8
1,18.000000,20.782000,0.859000,-76,0.000000,7,8
1,18.000000,20.716000,0.831000,-76,0.000000,7,8
1,18.000000,20.554001,0.212000,-76,0.000000,7,8
1,18.000000,20.837999,0.834000,-76,0.000000,7,8
1,18.000000,20.875999,0.653000,-76,0.000000,7,8
1,18.000000,20.745001,0.817000,-76,0.000000,7,8
1,18.000000,20.829000,0.798000,-76,0.000000,7,8
1,18.000000,20.931999,0.788000,-76,0.000000,7,8
1,18.000000,20.782000,0.109000,-76,0.000000,7,8
1,18.000000,20.754000,0.873000,-76,0.000000,7,8
1,18.000000,20.707001,0.114000,-76,0.000000,7,8
1,18.000000,20.737000,0.748000,-76,0.000000,7,8
1,18.000000,20.629000,0.203000,-76,0.000000,7,8
1,18.000000,20.554001,0.164000,-76,0.000000,7,8
1,18.000000,20.872999,0.729000,-76,0.000000,7,8
1,18.000000,20.896999,0.520000,-76,0.000000,7,8
1,18.000000,20.829000,0.216000,-76,0.000000,7,8
1,18.000000,20.882999,0.560000,-76,0.000000,7,8
1,18.000000,20.872999,0.634000,-76,0.000000,7,8
1,18.000000,20.747000,0.736000,-76,0.000000,7,8
1,18.000000,20.723000,0.913000,-76,0.000000,7,8
1,18.000000,20.721001,0.769000,-76,0.000000,7,8
1,18.000000,20.809999,0.848000,-76,0.000000,7,8
1,18.000000,20.801001,0.706000,-76,0.000000,7,8
1,18.000000,20.726000,0.887000,-76,0.000000,7,8
1,18.000000,20.709000,0.659000,-76,0.000000,7,8
1,18.000000,20.742001,0.821000,-76,0.000000,7,8
1,18.000000,20.959999,0.616000,-76,0.000000,7,8
1,18.000000,20.719000,0.950000,-76,0.000000,7,8
1,18.000000,20.837999,0.850000,-76,0.000000,7,8
1,18.000000,20.778999,0.126000,-76,0.000000,7,8
1,18.000000,20.850000,0.706000,-76,0.000000,7,8
1,18.000000,20.780001,0.797000,-76,0.000000,7,8
1,18.000000,20.812000,0.825000,-76,0.000000,7,8
1,18.000000,20.740000,0.807000,-76,0.000000,7,8
1,18.000000,20.691000,0.864000,-76,0.000000,7,8
1,18.000000,20.875999,0.119000,-76,0.000000,7,8
1,18.000000,20.754000,0.602000,-76,0.000000,7,8
1,18.000000,20.742001,0.281000,-76,0.000000,7,8
1,18.000000,20.834000,0.611000,-76,0.000000,7,8
1,18.000000,20.701000,0.118000,-76,0.000000,7,8
1,18.000000,20.698000,0.144000,-76,0.000000,7,8
1,18.000000,20.851000,0.127000,-76,0.000000,7,8
1,18.000000,20.591000,0.138000,-76,0.000000,7,8
1,18.000000,20.844999,0.716000,-76,0.000000,7,8
1,18.000000,20.719000,0.832000,-76,0.000000,7,8
1,18.000000,20.747000,0.860000,-76,0.000000,7,8
1,18.000000,20.728001,0.619000,-76,0.000000,7,8
1,18.000000,20.808001,0.904000,-76,0.000000,7,8
1,18.000000,20.875999,0.669000,-76,0.000000,7,8
1,18.000000,20.721001,0.953000,-76,0.000000,7,8
1,18.000000,20.820000,0.497000,-76,0.000000,7,8
1,18.000000,20.627001,0.898000,-76,0.000000,7,8
1,18.000000,20.686001,0.888000,-76,0.000000,7,8
1,18.000000,20.714001,0.822000,-76,0.000000,7,8
1,18.000000,20.658001,0.862000,-76,0.000000,7,8
1,18.000000,20.541000,0.815000,-76,0.000000,7,8
1,18.000000,20.681000,0.763000,-76,0.000000,7,8
1,18.000000,20.632000,0.933000,-76,0.000000,7,8
1,18.000000,20.816999,0.533000,-76,0.000000,7,8
1,18.000000,20.542999,0.921000,-77,0.000000,7,8
1,18.000000,20.576000,0.998000,-77,0.000000,7,8
1,18.000000,20.693001,0.851000,-77,0.000000,7,8
1,18.000000,20.662001,0.216000,-77,0.000000,7,8
1,18.000000,20.632000,0.874000,-77,0.000000,7,8
1,18.000000,20.801001,0.587000,-77,0.000000,7,8
1,18.000000,20.622999,0.126000,-77,0.000000,7,8
1,18.000000,20.750999,0.784000,-77,0.000000,7,8
1,18.000000,20.754000,0.773000,-76,0.000000,7,8
1,18.000000,20.434999,0.142000,-77,0.000000,7,8
1,18.000000,20.662001,0.801000,-77,0.000000,7,8
1,18.000000,20.666000,0.180000,-77,0.000000,7,8
1,18.000000,20.745001,0.856000,-76,0.000000,7,8
1,18.000000,20.660000,0.862000,-77,0.000000,7,8
1,18.000000,20.716000,0.831000,-77,0.000000,7,8
1,18.000000,20.801001,0.830000,-76,0.000000,7,8
1,18.000000,20.749001,0.689000,-77,0.000000,7,8
1,18.000000,20.738001,0.123000,-76,0.000000,7,8
1,18.000000,20.959999,0.080000,-76,0.000000,7,8
1,18.000000,20.655001,0.613000,-76,0.000000,7,8
1,18.000000,20.844999,0.577000,-76,0.000000,7,8
1,18.000000,20.740000,0.496000,-77,0.000000,7,8
1,18.000000,20.794001,0.510000,-76,0.000000,7,8
1,18.000000,20.763000,0.508000,-76,0.000000,7,8
1,18.000000,20.441000,0.205000,-76,0.000000,7,8
1,18.000000,20.707001,0.123000,-76,0.000000,7,8
1,18.000000,20.770000,0.751000,-77,0.000000,7,8
1,18.000000,20.815001,0.108000,-76,0.000000,7,8
1,18.000000,20.655001,0.849000,-77,0.000000,7,8
1,18.000000,20.363001,0.258000,-77,0.000000,7,8
1,18.000000,20.740999,0.177000,-77,0.000000,7,8
1,18.000000,20.784000,0.762000,-77,0.000000,7,8
1,18.000000,20.829000,0.581000,-76,0.000000,7,8
1,18.000000,20.584999,0.222000,-76,0.000000,7,8
1,18.000000,20.742001,0.597000,-76,0.000000,7,8
1,18.000000,20.784000,0.198000,-76,0.000000,7,8
1,18.000000,20.809999,0.815000,-76,0.000000,7,8
1,18.000000,20.782000,0.190000,-76,0.000000,7,8
1,18.000000,20.660000,0.862000,-76,0.000000,7,8
1,18.000000,20.754000,0.601000,-77,0.000000,7,8
1,18.000000,20.747000,0.426000,-76,0.000000,7,8
1,18.000000,20.738001,0.154000,-76,0.000000,7,8
1,18.000000,20.357000,0.374000,-76,0.000000,7,8
1,18.000000,20.749001,0.829000,-76,0.000000,7,8
1,18.000000,20.726000,0.148000,-76,0.000000,7,8
1,18.000000,20.854000,0.099000,-77,0.000000,7,8
1,18.000000,20.681000,0.667000,-77,0.000000,7,8
1,18.000000,20.604000,0.985000,-76,0.000000,7,8
1,18.000000,20.363001,0.240000,-77,0.000000,7,8
1,18.000000,20.666000,0.268000,-77,0.000000,7,8
1,18.000000,20.632000,0.953000,-77,0.000000,7,8
1,18.000000,20.791000,0.180000,-76,0.000000,7,8
1,18.000000,20.712000,0.666000,-76,0.000000,7,8
1,18.000000,20.768000,0.496000,-76,0.000000,7,8
1,18.000000,20.770000,0.753000,-77,0.000000,7,8
1,18.000000,20.822001,0.516000,-76,0.000000,7,8
1,18.000000,20.679001,0.554000,-76,0.000000,7,8
1,18.000000,20.554001,0.192000,-77,0.000000,7,8
1,18.000000,20.513000,0.292000,-76,0.000000,7,8
1,18.000000,20.875999,0.051000,-76,0.000000,7,8
1,18.000000,20.745001,0.858000,-76,0.000000,7,8
1,18.000000,20.834999,0.459000,-76,0.000000,7,8
1,18.000000,20.625999,0.172000,-76,0.000000,7,8
1,18.000000,20.554001,0.185000,-76,0.000000,7,8
1,18.000000,20.398001,0.191000,-75,0.000000,7,8
1,18.000000,20.782000,0.730000,-77,0.000000,7,8
1,18.000000,20.556999,0.119000,-76,0.000000,7,8
1,18.000000,20.479000,0.132000,-76,0.000000,7,8
1,18.000000,20.789000,0.821000,-77,0.000000,7,8
1,18.000000,20.247999,0.244000,-76,0.000000,7,8
1,18.000000,20.759001,0.255000,-77,0.000000,7,8
1,18.000000,20.173000,0.256000,-76,0.000000,7,8
1,18.000000,20.604000,0.838000,-77,0.000000,7,8
1,18.000000,20.695000,0.179000,-76,0.000000,7,8
1,18.000000,20.754000,0.591000,-76,0.000000,7,8
1,18.000000,20.398001,0.242000,-76,0.000000,7,8
1,18.000000,20.796000,0.693000,-76,0.000000,7,8
1,18.000000,20.872999,0.564000,-76,0.000000,7,8
1,18.000000,20.329000,0.170000,-77,0.000000,7,8
1,18.000000,20.510000,0.677000,-76,0.000000,7,8
1,18.000000,20.391001,0.238000,-76,0.000000,7,8
1,18.000000,20.902000,0.833000,-76,0.000000,7,8
1,18.000000,20.107000,0.304000,-76,0.000000,7,8
1,18.000000,20.209999,0.344000,-76,0.000000,7,8
1,18.000000,19.973000,0.354000,-75,0.000000,7,8
1,18.000000,20.434999,0.278000,-75,0.000000,7,8
1,18.000000,20.754000,0.228000,-75,0.000000,7,8
1,18.000000,20.548000,0.658000,-76,0.000000,7,8
1,18.000000,20.285000,0.185000,-76,0.000000,7,8
1,18.000000,20.632000,0.819000,-76,0.000000,7,8
1,18.000000,20.510000,0.174000,-76,0.000000,7,8
1,18.000000,20.719000,0.812000,-75,0.000000,7,8
1,18.000000,20.808001,0.848000,-76,0.000000,7,8
1,18.000000,20.875999,0.718000,-75,0.000000,7,8
1,18.000000,20.625000,0.155000,-76,0.000000,7,8
1,18.000000,20.872999,0.818000,-76,0.000000,7,8
1,18.000000,20.851999,0.520000,-75,0.000000,7,8
1,18.000000,20.745001,0.760000,-75,0.000000,7,8
1,18.000000,21.045000,0.739000,-75,0.000000,7,8
1,18.000000,19.882000,0.272000,-76,0.000000,7,8
1,18.000000,20.240999,0.199000,-76,0.000000,7,8
1,18.000000,20.207001,0.266000,-76,0.000000,7,8
1,18.000000,20.514999,0.955000,-77,0.000000,7,8
1,18.000000,20.773001,0.701000,-75,0.000000,7,8
1,18.000000,20.858999,0.689000,-76,0.000000,7,8
1,18.000000,21.035000,0.580000,-75,0.000000,7,8
1,18.000000,20.409000,0.736000,-78,0.000000,7,8
1,18.000000,20.441000,0.272000,-75,0.000000,7,8
1,18.000000,20.934000,0.682000,-75,0.000000,7,8
1,18.000000,20.923000,0.737000,-74,0.000000,7,8
1,18.000000,20.865999,0.563000,-76,0.000000,7,8
1,18.000000,20.745001,0.874000,-76,0.000000,7,8
1,18.000000,20.885000,0.702000,-75,0.000000,7,8
1,18.000000,20.503000,0.724000,-76,0.000000,7,8
1,18.000000,20.745001,0.598000,-76,0.000000,7,8
1,18.000000,20.896999,0.596000,-75,0.000000,7,8
1,18.000000,20.483999,0.635000,-77,0.000000,7,8
1,18.000000,20.826000,0.142000,-77,0.000000,7,8
1,18.000000,20.620001,0.711000,-76,0.000000,7,8
1,18.000000,20.620001,0.216000,-77,0.000000,7,8
1,18.000000,20.636999,0.585000,-75,0.000000,7,8
1,18.000000,20.721001,0.475000,-75,0.000000,7,8
1,18.000000,20.653000,0.604000,-76,0.000000,7,8
1,18.000000,20.791000,0.118000,-77,0.000000,7,8
1,18.000000,20.658001,0.370000,-77,0.000000,7,8
1,18.000000,20.728001,0.816000,-75,0.000000,7,8
1,18.000000,20.487000,0.119000,-76,0.000000,7,8
1,18.000000,20.393000,0.505000,-74,0.000000,7,8
1,18.000000,20.913000,0.248000,-76,0.000000,7,8
1,18.000000,20.480000,0.760000,-74,0.000000,7,8
1,18.000000,20.823999,0.781000,-76,0.000000,7,8
1,18.000000,20.719000,0.383000,-77,0.000000,7,8
1,18.000000,20.735001,0.475000,-78,0.000000,7,8
1,18.000000,20.520000,0.613000,-75,0.000000,7,8
1,18.000000,20.660000,0.250000,-75,0.000000,7,8
1,18.000000,20.801001,0.524000,-76,0.000000,7,8
1,18.000000,20.462999,0.849000,-76,0.000000,7,8
1,18.000000,20.441999,0.239000,-76,0.000000,7,8
1,18.000000,20.955000,0.236000,-76,0.000000,7,8
1,18.000000,20.273001,0.496000,-76,0.000000,7,8
1,18.000000,20.313000,0.201000,-76,0.000000,7,8
1,18.000000,20.632000,0.145000,-76,0.000000,7,8
1,18.000000,20.334000,0.862000,-76,0.000000,7,8
1,18.000000,21.181999,0.565000,-78,0.000000,7,8
1,18.000000,21.294001,0.142000,-75,0.000000,7,8
1,18.000000,21.120001,0.579000,-76,0.000000,7,8
1,18.000000,20.742001,0.583000,-75,0.000000,7,8
1,18.000000,21.646999,0.361000,-75,0.000000,7,8
1,18.000000,19.760000,1.293000,-76,0.000000,7,8
1,18.000000,19.959000,0.712000,-76,0.000000,7,8
1,18.000000,19.059999,0.704000,-75,0.000000,7,8
1,18.000000,21.712999,0.255000,-76,0.000000,7,8
1,18.000000,19.798000,0.560000,-76,0.000000,7,8
1,18.000000,19.462999,0.939000,-76,0.000000,7,8
1,18.000000,20.370001,0.138000,-78,0.000000,7,8
1,18.000000,21.101000,0.004000,-76,0.000000,7,8
1,18.000000,21.344999,0.156000,-75,0.000000,7,8
1,18.000000,20.693001,0.541000,-76,0.000000,7,8
1,18.000000,20.285000,0.708000,-76,0.000000,7,8
1,18.000000,20.969999,0.477000,-76,0.000000,7,8
1,18.000000,21.559999,0.332000,-76,0.000000,7,8
1,18.000000,21.025999,0.517000,-75,0.000000,7,8
1,18.000000,20.398001,0.954000,-75,0.000000,7,8
1,18.000000,20.142000,0.938000,-75,0.000000,7,8
1,18.000000,19.933001,0.995000,-77,0.000000,7,8
1,18.000000,21.260000,0.415000,-77,0.000000,7,8
1,18.000000,21.365999,0.419000,-77,0.000000,7,8
1,18.000000,20.170000,1.035000,-76,0.000000,7,8
1,18.000000,21.110001,0.285000,-76,0.000000,7,8
1,18.000000,21.457001,0.198000,-76,0.000000,7,8
1,18.000000,20.742001,0.633000,-75,0.000000,7,8
1,18.000000,21.457001,0.248000,-76,0.000000,7,8
1,18.000000,21.190001,0.364000,-77,0.000000,7,8
1,18.000000,20.334000,0.715000,-76,0.000000,7,8
1,18.000000,20.079000,0.862000,-75,0.000000,7,8
1,18.000000,20.079000,0.962000,-75,0.000000,7,8
1,18.000000,21.270000,0.447000,-75,0.000000,7,8
1,18.000000,20.580000,0.226000,-76,0.000000,7,8
1,18.000000,20.632000,0.770000,-76,0.000000,7,8
1,18.000000,21.429001,0.224000,-76,0.000000,7,8
1,18.000000,21.415001,0.167000,-77,0.000000,7,8
1,18.000000,21.166000,0.360000,-78,0.000000,7,8
1,18.000000,20.391001,0.843000,-76,0.000000,7,8
1,18.000000,20.885000,0.764000,-74,0.000000,7,8
1,18.000000,20.402000,0.719000,-75,0.000000,7,8
1,18.000000,20.611000,0.522000,-76,0.000000,7,8
1,18.000000,19.957001,0.348000,-74,0.000000,7,8
1,18.000000,19.938000,0.228000,-75,0.000000,7,8
1,18.000000,18.860001,1.066000,-76,0.000000,7,8
1,18.000000,20.875999,0.214000,-75,0.000000,7,8
1,18.000000,19.638000,0.708000,-79,0.000000,7,8
1,18.000000,19.638000,1.272000,-77,0.000000,7,8
1,18.000000,20.528999,0.563000,-77,0.000000,7,8
1,18.000000,20.398001,0.519000,-77,0.000000,7,8
1,18.000000,19.221001,0.979000,-77,0.000000,7,8
1,18.000000,19.441000,0.912000,-77,0.000000,7,8
1,18.000000,19.497999,0.958000,-77,0.000000,7,8
1,18.000000,19.507000,0.992000,-76,0.000000,7,8
1,18.000000,20.341000,0.667000,-76,0.000000,7,8
1,18.000000,20.594999,0.605000,-76,0.000000,7,8
1,18.000000,20.531000,0.755000,-77,0.000000,7,8
1,18.000000,20.231001,0.941000,-76,0.000000,7,8
1,18.000000,19.826000,0.980000,-76,0.000000,7,8
1,18.000000,19.820999,1.173000,-76,0.000000,7,8
1,18.000000,20.416000,0.569000,-77,0.000000,7,8
1,18.000000,20.348000,0.856000,-77,0.000000,7,8
1,18.000000,20.379000,0.614000,-77,0.000000,7,8
1,18.000000,20.412001,0.153000,-78,0.000000,7,8
1,18.000000,19.929001,0.243000,-78,0.000000,7,8
1,18.000000,19.525999,0.527000,-77,0.000000,7,8
1,18.000000,19.900999,0.159000,-78,0.000000,7,8
1,18.000000,19.801001,0.339000,-76,0.000000,7,8
1,18.000000,18.973000,0.492000,-77,0.000000,7,8
1,18.000000,19.420000,0.698000,-77,0.000000,7,8
1,18.000000,19.826000,0.483000,-78,0.000000,7,8
1,18.000000,19.819000,0.107000,-76,0.000000,7,8
1,18.000000,20.266001,0.450000,-77,0.000000,7,8
1,18.000000,20.400999,0.204000,-77,0.000000,7,8
1,18.000000,20.979000,0.703000,-78,0.000000,7,8
1,18.000000,20.201000,1.123000,-76,0.000000,7,8
1,18.000000,20.285000,0.464000,-75,0.000000,7,8
1,18.000000,20.745001,0.803000,-75,0.000000,7,8
1,18.000000,21.291000,0.507000,-76,0.000000,7,8
1,18.000000,19.750999,1.256000,-75,0.000000,7,8
1,18.000000,20.497999,0.219000,-76,0.000000,7,8
1,18.000000,21.420000,0.530000,-76,0.000000,7,8
1,18.000000,20.738001,0.235000,-74,0.000000,7,8
1,18.000000,20.051001,1.134000,-75,0.000000,7,8
1,18.000000,20.250999,0.464000,-78,0.000000,7,8
1,18.000000,20.990999,0.224000,-75,0.000000,7,8
1,18.000000,20.434999,0.337000,-76,0.000000,7,8
1,18.000000,21.485001,0.466000,-75,0.000000,7,8
1,18.000000,19.829000,0.125000,-73,0.000000,7,8
1,18.000000,21.513000,0.427000,-77,0.000000,7,8
1,18.000000,21.049000,0.445000,-76,0.000000,7,8
1,18.000000,19.900999,1.180000,-73,0.000000,7,8
1,18.000000,20.388000,0.215000,-76,0.000000,7,8
1,18.000000,19.798000,0.517000,-75,0.000000,7,8
1,18.000000,20.107000,1.005000,-74,0.000000,7,8
1,18.000000,20.521999,0.111000,-77,0.000000,7,8
1,18.000000,21.372999,0.311000,-76,0.000000,7,8
1,18.000000,21.270000,0.413000,-76,0.000000,7,8
1,18.000000,19.788000,0.334000,-74,0.000000,7,8
1,18.000000,19.566000,1.039000,-74,0.000000,7,8
1,18.000000,21.646999,0.421000,-78,0.000000,7,8
1,18.000000,20.360001,0.290000,-75,0.000000,7,8
1,18.000000,20.754000,0.764000,-76,0.000000,7,8
1,18.000000,20.360001,0.157000,-74,0.000000,7,8
1,18.000000,20.815001,0.590000,-76,0.000000,7,8
1,18.000000,20.726000,0.773000,-77,0.000000,7,8
1,18.000000,20.875999,0.338000,-76,0.000000,7,8
1,18.000000,21.091000,0.614000,-76,0.000000,7,8
1,18.000000,20.662001,0.278000,-76,0.000000,7,8
1,18.000000,20.224001,0.460000,-75,0.000000,7,8
1,18.000000,20.745001,0.971000,-77,0.000000,7,8
1,18.000000,20.796000,0.091000,-75,0.000000,7,8
1,18.000000,20.332001,0.674000,-76,0.000000,7,8
1,18.000000,21.250999,0.189000,-76,0.000000,7,8
1,18.000000,20.857000,0.130000,-77,0.000000,7,8
1,18.000000,20.414000,0.588000,-75,0.000000,7,8
1,18.000000,20.716000,0.082000,-77,0.000000,7,8
1,18.000000,20.295000,0.589000,-76,0.000000,7,8
1,18.000000,20.723000,0.561000,-75,0.000000,7,8
1,18.000000,20.482000,0.274000,-75,0.000000,7,8
1,18.000000,20.832001,0.404000,-75,0.000000,7,8
1,18.000000,21.187000,0.648000,-77,0.000000,7,8
1,18.000000,20.372000,1.022000,-75,0.000000,7,8
1,18.000000,20.745001,0.417000,-76,0.000000,7,8
1,18.000000,20.490999,0.557000,-75,0.000000,7,8
1,18.000000,20.750999,0.252000,-77,0.000000,7,8
1,18.000000,20.353001,0.654000,-74,0.000000,7,8
1,18.000000,20.910000,0.481000,-75,0.000000,7,8
1,18.000000,20.398001,0.414000,-77,0.000000,7,8
1,18.000000,20.662001,0.512000,-75,0.000000,7,8
1,18.000000,20.902000,0.570000,-77,0.000000,7,8
1,18.000000,20.573000,0.601000,-78,0.000000,7,8
1,18.000000,20.892000,0.475000,-75,0.000000,7,8
1,18.000000,20.721001,0.746000,-76,0.000000,7,8
1,18.000000,20.229000,1.008000,-75,0.000000,7,8
1,18.000000,20.466000,0.554000,-75,0.000000,7,8
1,18.000000,21.288000,0.599000,-78,0.000000,7,8
1,18.000000,20.473000,0.183000,-75,0.000000,7,8
1,18.000000,20.784000,0.568000,-76,0.000000,7,8
1,18.000000,20.407000,0.995000,-75,0.000000,7,8
1,18.000000,20.379000,0.618000,-74,0.000000,7,8
1,18.000000,20.632000,0.874000,-75,0.000000,7,8
1,18.000000,20.756001,0.354000,-75,0.000000,7,8
1,18.000000,20.348000,0.510000,-76,0.000000,7,8
1,18.000000,20.695000,0.449000,-76,0.000000,7,8
1,18.000000,20.832001,0.482000,-76,0.000000,7,8
1,18.000000,20.742001,0.447000,-76,0.000000,7,8
1,18.000000,20.857000,0.635000,-76,0.000000,7,8
1,18.000000,20.954000,0.153000,-76,0.000000,7,8
1,18.000000,21.306999,0.117000,-77,0.000000,7,8
1,18.000000,21.166000,0.183000,-75,0.000000,7,8
1,18.000000,20.791000,0.352000,-76,0.000000,7,8
1,18.000000,20.278000,0.787000,-74,0.000000,7,8
1,18.000000,21.054001,0.162000,-75,0.000000,7,8
1,18.000000,20.951000,0.328000,-75,0.000000,7,8
1,18.000000,20.885000,0.679000,-75,0.000000,7,8
1,18.000000,20.604000,0.171000,-75,0.000000,7,8
1,18.000000,21.138000,0.116000,-77,0.000000,7,8
1,18.000000,20.538000,0.292000,-76,0.000000,7,8
1,18.000000,20.377001,0.245000,-76,0.000000,7,8
1,18.000000,21.021000,0.129000,-76,0.000000,7,8
1,18.000000,20.363001,0.220000,-75,0.000000,7,8
1,18.000000,21.299999,0.553000,-76,0.000000,7,8
1,18.000000,20.639000,0.289000,-76,0.000000,7,8
1,18.000000,20.247999,0.099000,-75,0.000000,7,8
1,18.000000,20.370001,0.925000,-75,0.000000,7,8
1,18.000000,20.670000,0.838000,-76,0.000000,7,8
1,18.000000,21.054001,0.196000,-77,0.000000,7,8
1,18.000000,19.938000,0.512000,-77,0.000000,7,8
1,18.000000,18.973000,0.706000,-76,0.000000,7,8
1,18.000000,18.551001,0.903000,-77,0.000000,7,8
1,18.000000,20.538000,0.176000,-77,0.000000,7,8
1,18.000000,20.988001,0.081000,-77,0.000000,7,8
1,18.000000,21.110001,0.125000,-77,0.000000,7,8
1,18.000000,20.872999,0.617000,-77,0.000000,7,8
1,18.000000,21.579000,0.327000,-76,0.000000,7,8
1,18.000000,19.950001,0.811000,-74,0.000000,7,8
1,18.000000,19.806999,0.186000,-73,0.000000,7,8
1,18.000000,19.816000,0.119000,-74,0.000000,7,8
1,18.000000,20.069000,0.270000,-75,0.000000,7,8
1,18.000000,20.461000,0.341000,-76,0.000000,7,8
1,18.000000,20.691000,0.224000,-77,0.000000,7,8
1,18.000000,20.865999,0.179000,-76,0.000000,7,8
1,18.000000,21.157000,0.144000,-77,0.000000,7,8
1,18.000000,21.023001,0.144000,-77,0.000000,7,8
1,18.000000,21.160000,0.344000,-77,0.000000,7,8
1,18.000000,20.985001,0.693000,-78,0.000000,7,8
1,18.000000,21.257000,0.526000,-78,0.000000,7,8
1,18.000000,21.045000,0.579000,-78,0.000000,7,8
1,18.000000,20.888000,0.667000,-77,0.000000,7,8
1,18.000000,21.334999,0.224000,-77,0.000000,7,8
1,18.000000,21.669001,0.483000,-76,0.000000,7,8
1,18.000000,20.482000,0.758000,-77,0.000000,7,8
1,18.000000,21.240999,0.493000,-77,0.000000,7,8
1,18.000000,21.304001,0.395000,-77,0.000000,7,8
1,18.000000,21.323000,0.183000,-77,0.000000,7,8
1,18.000000,21.795000,0.075000,-78,0.000000,7,8
1,18.000000,21.188000,0.384000,-78,0.000000,7,8
1,18.000000,21.841000,0.124000,-78,0.000000,7,8
1,18.000000,22.104000,0.106000,-77,0.000000,7,8
1,18.000000,21.688000,0.486000,-78,0.000000,7,8
1,18.000000,21.541000,0.246000,-78,0.000000,7,8
1,18.000000,22.104000,0.133000,-77,0.000000,7,8
1,18.000000,22.309999,0.165000,-77,0.000000,7,8
1,18.000000,22.141001,0.202000,-77,0.000000,7,8
1,18.000000,21.566000,0.596000,-76,0.000000,7,8
1,18.000000,21.243999,0.717000,-76,0.000000,7,8
1,18.000000,21.179001,0.692000,-76,0.000000,7,8
1,18.000000,21.247999,0.668000,-76,0.000000,7,8
1,18.000000,21.141001,0.646000,-76,0.000000,7,8
1,18.000000,21.207001,0.643000,-76,0.000000,7,8
1,18.000000,21.719999,0.343000,-76,0.000000,7,8
1,18.000000,21.691000,0.302000,-76,0.000000,7,8
1,18.000000,21.916000,0.222000,-76,0.000000,7,8
1,18.000000,21.457001,0.547000,-76,0.000000,7,8
1,18.000000,21.951000,0.208000,-77,0.000000,7,8
1,18.000000,21.870001,0.281000,-77,0.000000,7,8
1,18.000000,21.766001,0.362000,-78,0.000000,7,8
1,18.000000,21.243999,0.495000,-78,0.000000,7,8
1,18.000000,20.954000,0.360000,-76,0.000000,7,8
1,18.000000,20.871000,0.137000,-76,0.000000,7,8
1,18.000000,20.041000,0.419000,-77,0.000000,7,8
1,18.000000,19.788000,0.257000,-74,0.000000,7,8
1,18.000000,20.041000,0.228000,-75,0.000000,7,8
1,18.000000,20.108999,0.195000,-77,0.000000,7,8
1,18.000000,19.929001,0.160000,-75,0.000000,7,8
1,18.000000,19.507000,0.424000,-75,0.000000,7,8
1,18.000000,20.191000,0.309000,-74,0.000000,7,8
1,18.000000,21.066000,0.183000,-76,0.000000,7,8
1,18.000000,20.740000,0.705000,-75,0.000000,7,8
1,18.000000,21.247999,0.484000,-77,0.000000,7,8
1,18.000000,20.153999,0.183000,-75,0.000000,7,8
1,18.000000,20.740000,0.627000,-75,0.000000,7,8
1,18.000000,22.094999,0.085000,-77,0.000000,7,8
1,18.000000,19.676001,0.612000,-74,0.000000,7,8
1,18.000000,20.747999,0.673000,-77,0.000000,7,8
1,18.000000,20.023001,1.065000,-76,0.000000,7,8
1,18.000000,19.209000,0.596000,-76,0.000000,7,8
1,18.000000,21.829000,0.442000,-76,0.000000,7,8
1,18.000000,18.548000,0.717000,-76,0.000000,7,8
1,18.000000,20.115999,0.378000,-74,0.000000,7,8
1,18.000000,20.320000,0.846000,-75,0.000000,7,8
1,18.000000,20.988001,0.342000,-74,0.000000,7,8
1,18.000000,19.750999,0.559000,-74,0.000000,7,8
1,18.000000,20.698000,0.058000,-76,0.000000,7,8
1,18.000000,20.613001,0.089000,-75,0.000000,7,8
1,18.000000,19.427000,0.673000,-75,0.000000,7,8
1,18.000000,20.747999,0.130000,-74,0.000000,7,8
1,18.000000,19.875000,1.150000,-76,0.000000,7,8
1,18.000000,20.570999,0.639000,-76,0.000000,7,8
1,18.000000,20.686001,0.833000,-74,0.000000,7,8
1,18.000000,20.745001,0.766000,-74,0.000000,7,8
1,18.000000,20.004000,0.914000,-75,0.000000,7,8
1,18.000000,20.430000,0.799000,-75,0.000000,7,8
1,18.000000,20.069000,1.134000,-75,0.000000,7,8
1,18.000000,20.145000,0.789000,-74,0.000000,7,8
1,18.000000,20.118999,0.797000,-74,0.000000,7,8
1,18.000000,20.716000,0.757000,-74,0.000000,7,8
1,18.000000,20.173000,0.809000,-75,0.000000,7,8
1,18.000000,20.257000,1.046000,-74,0.000000,7,8
1,18.000000,20.548000,0.862000,-74,0.000000,7,8
1,18.000000,20.294001,0.689000,-74,0.000000,7,8
1,18.000000,21.004999,0.633000,-74,0.000000,7,8
1,18.000000,22.245001,0.060000,-74,0.000000,7,8
1,18.000000,21.907000,0.120000,-74,0.000000,7,8
1,18.000000,21.663000,0.315000,-74,0.000000,7,8
1,18.000000,21.518000,0.503000,-75,0.000000,7,8
1,18.000000,20.782000,0.487000,-75,0.000000,7,8
1,18.000000,20.782000,0.431000,-76,0.000000,7,8
1,18.000000,21.270000,0.435000,-76,0.000000,7,8
1,18.000000,21.724001,0.381000,-76,0.000000,7,8
1,18.000000,20.311001,0.868000,-76,0.000000,7,8
1,18.000000,19.291000,0.197000,-75,0.000000,7,8
1,18.000000,20.528999,0.862000,-76,0.000000,7,8
1,18.000000,20.360001,0.452000,-77,0.000000,7,8
1,18.000000,21.091000,0.723000,-75,0.000000,7,8
1,18.000000,20.398001,0.256000,-77,0.000000,7,8
1,18.000000,20.784000,0.117000,-76,0.000000,7,8
1,18.000000,20.398001,0.607000,-75,0.000000,7,8
1,18.000000,20.219999,0.888000,-77,0.000000,7,8
1,18.000000,20.726000,0.668000,-77,0.000000,7,8
1,18.000000,20.851000,0.233000,-77,0.000000,7,8
1,18.000000,21.080000,0.381000,-76,0.000000,7,8
1,18.000000,21.011999,0.718000,-74,0.000000,7,8
1,18.000000,20.629999,0.882000,-76,0.000000,7,8
1,18.000000,20.955000,0.776000,-77,0.000000,7,8
1,18.000000,21.011999,0.636000,-78,0.000000,7,8
1,18.000000,21.240999,0.540000,-77,0.000000,7,8
1,18.000000,21.635000,0.299000,-77,0.000000,7,8
1,18.000000,21.148001,0.566000,-76,0.000000,7,8
1,18.000000,21.110001,0.422000,-76,0.000000,7,8
1,18.000000,20.716000,0.778000,-76,0.000000,7,8
1,18.000000,20.923000,0.729000,-77,0.000000,7,8
1,18.000000,21.117001,0.637000,-76,0.000000,7,8
1,18.000000,21.018999,0.519000,-75,0.000000,7,8
1,18.000000,20.754000,0.140000,-76,0.000000,7,8
1,18.000000,19.966000,0.578000,-77,0.000000,7,8
1,18.000000,20.384001,0.821000,-76,0.000000,7,8
1,18.000000,19.938000,1.217000,-76,0.000000,7,8
1,18.000000,19.375999,0.560000,-76,0.000000,7,8
1,18.000000,20.423000,0.941000,-75,0.000000,7,8
1,18.000000,20.941000,0.488000,-76,0.000000,7,8
1,18.000000,20.622999,0.084000,-74,0.000000,7,8
1,18.000000,20.875999,0.468000,-74,0.000000,7,8
1,18.000000,21.400999,0.291000,-74,0.000000,7,8
1,18.000000,19.754000,1.020000,-74,0.000000,7,8
1,18.000000,20.712999,0.334000,-74,0.000000,7,8
1,18.000000,20.576000,0.354000,-74,0.000000,7,8
1,18.000000,19.773001,0.558000,-75,0.000000,7,8
1,18.000000,19.482000,0.594000,-74,0.000000,7,8
1,18.000000,21.226999,0.600000,-74,0.000000,7,8
1,18.000000,21.047001,0.646000,-75,0.000000,7,8
1,18.000000,20.077000,0.203000,-74,0.000000,7,8
1,18.000000,20.351000,0.776000,-76,0.000000,7,8
1,18.000000,19.882000,0.375000,-75,0.000000,7,8
1,18.000000,21.135000,0.480000,-74,0.000000,7,8
1,18.000000,19.931000,0.713000,-76,0.000000,7,8
1,18.000000,20.407000,0.928000,-76,0.000000,7,8
1,18.000000,19.466999,0.609000,-77,0.000000,7,8
1,18.000000,20.806999,0.426000,-77,0.000000,7,8
1,18.000000,20.704000,0.566000,-77,0.000000,7,8
1,18.000000,21.110001,0.349000,-76,0.000000,7,8
1,18.000000,20.421000,1.018000,-75,0.000000,7,8
1,18.000000,20.524000,0.899000,-75,0.000000,7,8
1,18.000000,20.962000,0.561000,-75,0.000000,7,8
1,18.000000,21.653999,0.230000,-76,0.000000,7,8
1,18.000000,21.313999,0.201000,-76,0.000000,7,8
1,18.000000,20.829000,0.465000,-76,0.000000,7,8
1,18.000000,20.872999,0.121000,-77,0.000000,7,8
1,18.000000,20.688000,0.088000,-76,0.000000,7,8
1,18.000000,20.872999,0.099000,-75,0.000000,7,8
1,18.000000,20.615999,0.283000,-75,0.000000,7,8
1,18.000000,21.738001,0.345000,-76,0.000000,7,8
1,18.000000,21.466000,0.353000,-76,0.000000,7,8
1,18.000000,21.246000,0.598000,-76,0.000000,7,8
1,18.000000,21.073000,0.719000,-76,0.000000,7,8
1,18.000000,20.903999,0.126000,-76,0.000000,7,8
1,18.000000,20.587000,0.247000,-76,0.000000,7,8
1,18.000000,20.334000,0.224000,-75,0.000000,7,8
1,18.000000,20.520000,0.649000,-75,0.000000,7,8
1,18.000000,20.266001,0.338000,-75,0.000000,7,8
1,18.000000,20.209999,0.657000,-75,0.000000,7,8
1,18.000000,20.520000,0.874000,-75,0.000000,7,8
1,18.000000,20.604000,0.784000,-75,0.000000,7,8
1,18.000000,20.429001,0.156000,-75,0.000000,7,8
1,18.000000,20.641001,0.637000,-76,0.000000,7,8
1,18.000000,20.662001,0.582000,-76,0.000000,7,8
1,18.000000,20.773001,0.112000,-76,0.000000,7,8
1,18.000000,20.698000,0.904000,-76,0.000000,7,8
1,18.000000,20.787001,0.751000,-76,0.000000,7,8
1,18.000000,20.754000,0.736000,-77,0.000000,7,8
1,18.000000,20.576000,0.738000,-77,0.000000,7,8
1,18.000000,20.500999,0.852000,-78,0.000000,7,8
1,18.000000,20.229000,0.486000,-77,0.000000,7,8
1,18.000000,20.114000,0.857000,-76,0.000000,7,8
1,18.000000,19.900999,0.257000,-76,0.000000,7,8
1,18.000000,20.545000,0.795000,-76,0.000000,7,8
1,18.000000,21.396000,0.479000,-77,0.000000,7,8
1,18.000000,20.962999,0.197000,-77,0.000000,7,8
1,18.000000,19.743999,0.427000,-76,0.000000,7,8
1,18.000000,19.870001,0.508000,-77,0.000000,7,8
1,18.000000,20.965000,0.381000,-78,0.000000,7,8
