1,18.000000,17.615999,0.648000,-72,0.000000,7,8
1,18.000000,17.740999,0.346000,-72,0.000000,7,8
1,18.000000,17.732000,0.370000,-72,0.000000,7,8
1,18.000000,17.735001,0.528000,-72,0.000000,7,8
1,18.000000,17.657000,0.498000,-72,0.000000,7,8
1,18.000000,17.545000,0.499000,-71,0.000000,7,8
1,18.000000,17.541000,0.515000,-70,0.000000,7,8
1,18.000000,17.625999,0.440000,-71,0.000000,7,8
1,18.000000,17.694000,0.369000,-71,0.000000,7,8
1,18.000000,17.657000,0.319000,-71,0.000000,7,8
1,18.000000,17.541000,0.441000,-70,0.000000,7,8
1,18.000000,17.544001,0.510000,-69,0.000000,7,8
1,18.000000,17.582001,0.441000,-69,0.000000,7,8
1,18.000000,17.653999,0.346000,-70,0.000000,7,8
1,18.000000,17.778999,0.358000,-71,0.000000,7,8
1,18.000000,17.773001,0.378000,-71,0.000000,7,8
1,18.000000,17.857000,0.408000,-71,0.000000,7,8
1,18.000000,17.735001,0.492000,-71,0.000000,7,8
1,18.000000,17.854000,0.478000,-70,0.000000,7,8
1,18.000000,17.510000,0.668000,-70,0.000000,7,8
1,18.000000,17.694000,0.605000,-70,0.000000,7,8
1,18.000000,17.469000,0.786000,-71,0.000000,7,8
1,18.000000,17.429001,1.024000,-71,0.000000,7,8
1,18.000000,17.535000,1.022000,-74,0.000000,7,8
1,18.000000,17.582001,0.569000,-74,0.000000,7,8
1,18.000000,17.541000,0.564000,-72,0.000000,7,8
1,18.000000,17.778999,0.486000,-70,0.000000,7,8
1,18.000000,17.541000,0.646000,-70,0.000000,7,8
1,18.000000,17.694000,0.529000,-71,0.000000,7,8
1,18.000000,17.701000,0.655000,-70,0.000000,7,8
1,18.000000,17.738001,0.646000,-70,0.000000,7,8
1,18.000000,17.778999,0.515000,-70,0.000000,7,8
1,18.000000,17.775999,0.489000,-71,0.000000,7,8
1,18.000000,17.854000,0.438000,-71,0.000000,7,8
1,18.000000,17.934999,0.370000,-70,0.000000,7,8
1,18.000000,17.854000,0.484000,-71,0.000000,7,8
1,18.000000,17.854000,0.459000,-71,0.000000,7,8
1,18.000000,17.854000,0.482000,-73,0.000000,7,8
1,18.000000,17.625999,0.523000,-72,0.000000,7,8
1,18.000000,17.778999,0.449000,-70,0.000000,7,8
1,18.000000,17.773001,0.411000,-70,0.000000,7,8
1,18.000000,17.809999,0.388000,-71,0.000000,7,8
1,18.000000,17.657000,0.596000,-69,0.000000,7,8
1,18.000000,17.504000,0.620000,-71,0.000000,7,8
1,18.000000,17.732000,0.499000,-72,0.000000,7,8
1,18.000000,17.541000,0.598000,-72,0.000000,7,8
1,18.000000,17.775999,0.405000,-72,0.000000,7,8
1,18.000000,17.854000,0.260000,-72,0.000000,7,8
1,18.000000,17.929001,0.255000,-71,0.000000,7,8
1,18.000000,17.773001,0.427000,-73,0.000000,7,8
1,18.000000,17.813000,0.504000,-74,0.000000,7,8
1,18.000000,17.860001,0.515000,-73,0.000000,7,8
1,18.000000,17.584999,0.669000,-72,0.000000,7,8
1,18.000000,18.013000,0.394000,-71,0.000000,7,8
1,18.000000,17.903999,0.453000,-71,0.000000,7,8
1,18.000000,17.816000,0.568000,-71,0.000000,7,8
1,18.000000,17.660000,0.607000,-72,0.000000,7,8
1,18.000000,17.735001,0.517000,-72,0.000000,7,8
1,18.000000,17.854000,0.439000,-73,0.000000,7,8
1,18.000000,17.773001,0.453000,-73,0.000000,7,8
1,18.000000,17.657000,0.595000,-74,0.000000,7,8
1,18.000000,17.653999,0.584000,-72,0.000000,7,8
1,18.000000,17.579000,0.664000,-71,0.000000,7,8
1,18.000000,17.544001,0.640000,-70,0.000000,7,8
1,18.000000,17.618999,0.662000,-72,0.000000,7,8
1,18.000000,17.507000,0.657000,-73,0.000000,7,8
1,18.000000,17.579000,0.607000,-74,0.000000,7,8
1,18.000000,17.459999,0.643000,-74,0.000000,7,8
1,18.000000,17.538000,0.557000,-76,0.000000,7,8
1,18.000000,17.579000,0.586000,-75,0.000000,7,8
1,18.000000,17.732000,0.384000,-75,0.000000,7,8
1,18.000000,17.782000,0.395000,-75,0.000000,7,8
1,18.000000,17.694000,0.426000,-75,0.000000,7,8
1,18.000000,17.582001,0.545000,-73,0.000000,7,8
1,18.000000,17.548000,0.546000,-74,0.000000,7,8
1,18.000000,17.504000,0.638000,-73,0.000000,7,8
1,18.000000,17.660000,0.567000,-72,0.000000,7,8
1,18.000000,17.740999,0.479000,-71,0.000000,7,8
1,18.000000,17.738001,0.477000,-73,0.000000,7,8
1,18.000000,17.773001,0.450000,-73,0.000000,7,8
1,18.000000,17.576000,0.522000,-74,0.000000,7,8
1,18.000000,17.778999,0.409000,-73,0.000000,7,8
1,18.000000,17.735001,0.414000,-72,0.000000,7,8
1,18.000000,17.740999,0.376000,-73,0.000000,7,8
1,18.000000,17.704000,0.448000,-73,0.000000,7,8
1,18.000000,17.701000,0.488000,-72,0.000000,7,8
1,18.000000,17.732000,0.423000,-72,0.000000,7,8
1,18.000000,17.813000,0.449000,-71,0.000000,7,8
1,18.000000,17.538000,0.606000,-71,0.000000,7,8
1,18.000000,17.625999,0.538000,-72,0.000000,7,8
1,18.000000,17.770000,0.504000,-72,0.000000,7,8
1,18.000000,17.778999,0.483000,-71,0.000000,7,8
1,18.000000,17.773001,0.504000,-71,0.000000,7,8
1,18.000000,17.851000,0.465000,-71,0.000000,7,8
1,18.000000,17.778999,0.436000,-72,0.000000,7,8
1,18.000000,17.778999,0.450000,-72,0.000000,7,8
1,18.000000,17.694000,0.493000,-72,0.000000,7,8
1,18.000000,17.816000,0.457000,-71,0.000000,7,8
1,18.000000,17.782000,0.460000,-71,0.000000,7,8
1,18.000000,17.688000,0.476000,-71,0.000000,7,8
1,18.000000,17.507000,0.483000,-71,0.000000,7,8
1,18.000000,17.391001,0.686000,-70,0.000000,7,8
1,18.000000,17.541000,0.548000,-70,0.000000,7,8
1,18.000000,17.548000,0.531000,-70,0.000000,7,8
1,18.000000,17.735001,0.493000,-69,0.000000,7,8
1,18.000000,17.782000,0.507000,-70,0.000000,7,8
1,18.000000,17.657000,0.560000,-71,0.000000,7,8
1,18.000000,17.653999,0.563000,-71,0.000000,7,8
1,18.000000,17.423000,0.641000,-70,0.000000,7,8
1,18.000000,17.663000,0.522000,-69,0.000000,7,8
1,18.000000,17.854000,0.411000,-70,0.000000,7,8
1,18.000000,17.816000,0.407000,-70,0.000000,7,8
1,18.000000,17.735001,0.434000,-70,0.000000,7,8
1,18.000000,17.704000,0.441000,-71,0.000000,7,8
1,18.000000,17.778999,0.419000,-71,0.000000,7,8
1,18.000000,17.701000,0.418000,-71,0.000000,7,8
1,18.000000,17.579000,0.546000,-71,0.000000,7,8
1,18.000000,17.466000,0.599000,-71,0.000000,7,8
1,18.000000,17.504000,0.542000,-71,0.000000,7,8
1,18.000000,17.653999,0.512000,-71,0.000000,7,8
1,18.000000,17.704000,0.449000,-71,0.000000,7,8
1,18.000000,17.653999,0.497000,-70,0.000000,7,8
1,18.000000,17.541000,0.617000,-70,0.000000,7,8
1,18.000000,17.466000,0.630000,-71,0.000000,7,8
1,18.000000,17.576000,0.583000,-72,0.000000,7,8
1,18.000000,17.541000,0.554000,-71,0.000000,7,8
1,18.000000,17.504000,0.650000,-71,0.000000,7,8
1,18.000000,17.504000,0.520000,-71,0.000000,7,8
1,18.000000,17.419001,0.576000,-70,0.000000,7,8
1,18.000000,17.504000,0.551000,-70,0.000000,7,8
1,18.000000,17.391001,0.703000,-70,0.000000,7,8
1,18.000000,17.431999,0.711000,-70,0.000000,7,8
1,18.000000,17.541000,0.651000,-71,0.000000,7,8
1,18.000000,17.500999,0.617000,-70,0.000000,7,8
1,18.000000,17.591000,0.565000,-70,0.000000,7,8
1,18.000000,17.579000,0.579000,-71,0.000000,7,8
1,18.000000,17.698000,0.476000,-72,0.000000,7,8
1,18.000000,17.618999,0.505000,-72,0.000000,7,8
1,18.000000,18.079000,0.227000,-72,0.000000,7,8
1,18.000000,17.809999,0.362000,-72,0.000000,7,8
1,18.000000,17.778999,0.491000,-72,0.000000,7,8
1,18.000000,17.500999,0.736000,-71,0.000000,7,8
1,18.000000,17.385000,0.759000,-69,0.000000,7,8
1,18.000000,17.429001,0.585000,-69,0.000000,7,8
1,18.000000,17.666000,0.454000,-70,0.000000,7,8
1,18.000000,17.979000,0.282000,-71,0.000000,7,8
1,18.000000,17.929001,0.325000,-71,0.000000,7,8
1,18.000000,17.582001,0.519000,-70,0.000000,7,8
1,18.000000,17.469000,0.613000,-69,0.000000,7,8
1,18.000000,17.466000,0.654000,-68,0.000000,7,8
1,18.000000,17.504000,0.663000,-68,0.000000,7,8
1,18.000000,17.538000,0.613000,-69,0.000000,7,8
1,18.000000,17.582001,0.539000,-69,0.000000,7,8
1,18.000000,17.622999,0.589000,-69,0.000000,7,8
1,18.000000,17.510000,0.639000,-69,0.000000,7,8
1,18.000000,17.510000,0.629000,-69,0.000000,7,8
1,18.000000,17.354000,0.688000,-69,0.000000,7,8
1,18.000000,17.423000,0.678000,-69,0.000000,7,8
1,18.000000,17.541000,0.545000,-69,0.000000,7,8
1,18.000000,17.541000,0.529000,-69,0.000000,7,8
1,18.000000,17.466000,0.616000,-69,0.000000,7,8
1,18.000000,17.622999,0.523000,-69,0.000000,7,8
1,18.000000,17.431999,0.611000,-69,0.000000,7,8
1,18.000000,17.538000,0.568000,-69,0.000000,7,8
1,18.000000,17.466000,0.578000,-69,0.000000,7,8
1,18.000000,17.591000,0.537000,-69,0.000000,7,8
1,18.000000,17.625999,0.578000,-69,0.000000,7,8
1,18.000000,17.500999,0.648000,-68,0.000000,7,8
1,18.000000,17.500999,0.637000,-68,0.000000,7,8
1,18.000000,17.579000,0.566000,-68,0.000000,7,8
1,18.000000,17.507000,0.530000,-69,0.000000,7,8
1,18.000000,17.622999,0.496000,-68,0.000000,7,8
1,18.000000,17.579000,0.551000,-68,0.000000,7,8
1,18.000000,17.691000,0.476000,-69,0.000000,7,8
1,18.000000,17.788000,0.480000,-69,0.000000,7,8
1,18.000000,17.663000,0.496000,-69,0.000000,7,8
1,18.000000,17.466000,0.573000,-69,0.000000,7,8
1,18.000000,17.541000,0.498000,-68,0.000000,7,8
1,18.000000,17.507000,0.533000,-69,0.000000,7,8
1,18.000000,17.740999,0.403000,-69,0.000000,7,8
1,18.000000,17.694000,0.384000,-70,0.000000,7,8
1,18.000000,17.778999,0.422000,-69,0.000000,7,8
1,18.000000,17.653999,0.384000,-69,0.000000,7,8
1,18.000000,17.653999,0.400000,-70,0.000000,7,8
1,18.000000,17.735001,0.357000,-69,0.000000,7,8
1,18.000000,17.813000,0.273000,-69,0.000000,7,8
1,18.000000,17.740999,0.378000,-69,0.000000,7,8
1,18.000000,17.504000,0.493000,-69,0.000000,7,8
1,18.000000,17.813000,0.356000,-70,0.000000,7,8
1,18.000000,17.813000,0.278000,-70,0.000000,7,8
1,18.000000,17.854000,0.264000,-70,0.000000,7,8
1,18.000000,17.548000,0.502000,-69,0.000000,7,8
1,18.000000,17.738001,0.424000,-69,0.000000,7,8
1,18.000000,17.657000,0.400000,-69,0.000000,7,8
1,18.000000,17.704000,0.400000,-70,0.000000,7,8
1,18.000000,17.629000,0.462000,-69,0.000000,7,8
1,18.000000,17.735001,0.379000,-70,0.000000,7,8
1,18.000000,17.775999,0.349000,-70,0.000000,7,8
1,18.000000,17.653999,0.461000,-69,0.000000,7,8
1,18.000000,17.704000,0.431000,-69,0.000000,7,8
1,18.000000,17.704000,0.412000,-69,0.000000,7,8
1,18.000000,17.740999,0.366000,-70,0.000000,7,8
1,18.000000,17.813000,0.334000,-70,0.000000,7,8
1,18.000000,17.813000,0.406000,-70,0.000000,7,8
1,18.000000,17.698000,0.410000,-69,0.000000,7,8
1,18.000000,17.857000,0.313000,-70,0.000000,7,8
1,18.000000,17.738001,0.355000,-70,0.000000,7,8
1,18.000000,17.819000,0.292000,-70,0.000000,7,8
1,18.000000,17.704000,0.395000,-69,0.000000,7,8
1,18.000000,17.615999,0.421000,-70,0.000000,7,8
1,18.000000,17.740999,0.432000,-70,0.000000,7,8
1,18.000000,17.816000,0.402000,-71,0.000000,7,8
1,18.000000,17.778999,0.431000,-70,0.000000,7,8
1,18.000000,17.773001,0.445000,-70,0.000000,7,8
1,18.000000,17.541000,0.628000,-69,0.000000,7,8
1,18.000000,17.304001,0.708000,-70,0.000000,7,8
1,18.000000,17.579000,0.606000,-72,0.000000,7,8
1,18.000000,17.778999,0.488000,-71,0.000000,7,8
1,18.000000,17.735001,0.326000,-71,0.000000,7,8
1,18.000000,17.893999,0.279000,-72,0.000000,7,8
1,18.000000,17.888000,0.457000,-72,0.000000,7,8
1,18.000000,17.809999,0.456000,-73,0.000000,7,8
1,18.000000,17.740999,0.508000,-72,0.000000,7,8
1,18.000000,17.615999,0.591000,-72,0.000000,7,8
1,18.000000,17.740999,0.522000,-72,0.000000,7,8
1,18.000000,17.778999,0.389000,-71,0.000000,7,8
1,18.000000,17.820000,0.359000,-72,0.000000,7,8
1,18.000000,17.816000,0.346000,-72,0.000000,7,8
1,18.000000,17.729000,0.418000,-73,0.000000,7,8
1,18.000000,17.773001,0.330000,-73,0.000000,7,8
1,18.000000,17.819000,0.349000,-72,0.000000,7,8
1,18.000000,17.854000,0.221000,-71,0.000000,7,8
1,18.000000,17.860001,0.247000,-70,0.000000,7,8
1,18.000000,17.735001,0.331000,-70,0.000000,7,8
1,18.000000,17.735001,0.390000,-72,0.000000,7,8
1,18.000000,17.698000,0.516000,-72,0.000000,7,8
1,18.000000,17.691000,0.514000,-70,0.000000,7,8
1,18.000000,17.541000,0.727000,-75,0.000000,7,8
1,18.000000,17.773001,0.554000,-72,0.000000,7,8
1,18.000000,17.816000,0.364000,-70,0.000000,7,8
1,18.000000,17.740999,0.463000,-73,0.000000,7,8
1,18.000000,17.701000,0.489000,-74,0.000000,7,8
1,18.000000,17.385000,0.601000,-71,0.000000,7,8
1,18.000000,17.735001,0.387000,-69,0.000000,7,8
1,18.000000,17.497999,0.511000,-70,0.000000,7,8
1,18.000000,17.620001,0.365000,-72,0.000000,7,8
1,18.000000,17.625999,0.550000,-70,0.000000,7,8
1,18.000000,17.860001,0.409000,-68,0.000000,7,8
1,18.000000,17.782000,0.317000,-72,0.000000,7,8
1,18.000000,17.618999,0.450000,-71,0.000000,7,8
1,18.000000,17.775999,0.503000,-73,0.000000,7,8
1,18.000000,17.466000,0.711000,-72,0.000000,7,8
1,18.000000,17.823000,0.516000,-70,0.000000,7,8
1,18.000000,17.809999,0.305000,-71,0.000000,7,8
1,18.000000,17.778999,0.395000,-72,0.000000,7,8
1,18.000000,17.701000,0.553000,-71,0.000000,7,8
1,18.000000,17.538000,0.545000,-70,0.000000,7,8
1,18.000000,17.740999,0.469000,-72,0.000000,7,8
1,18.000000,17.782000,0.446000,-72,0.000000,7,8
1,18.000000,17.782000,0.413000,-73,0.000000,7,8
1,18.000000,17.579000,0.559000,-71,0.000000,7,8
1,18.000000,17.740999,0.436000,-71,0.000000,7,8
1,18.000000,17.660000,0.566000,-71,0.000000,7,8
1,18.000000,17.694000,0.583000,-72,0.000000,7,8
1,18.000000,17.891001,0.407000,-72,0.000000,7,8
1,18.000000,17.851000,0.428000,-70,0.000000,7,8
1,18.000000,17.813000,0.451000,-70,0.000000,7,8
1,18.000000,17.773001,0.511000,-71,0.000000,7,8
1,18.000000,17.854000,0.439000,-72,0.000000,7,8
1,18.000000,17.698000,0.602000,-70,0.000000,7,8
1,18.000000,17.469999,0.663000,-73,0.000000,7,8
1,18.000000,17.391001,0.683000,-73,0.000000,7,8
1,18.000000,17.541000,0.635000,-73,0.000000,7,8
1,18.000000,17.548000,0.630000,-72,0.000000,7,8
1,18.000000,17.625999,0.525000,-72,0.000000,7,8
1,18.000000,17.591000,0.608000,-72,0.000000,7,8
1,18.000000,17.535000,0.628000,-73,0.000000,7,8
1,18.000000,17.423000,0.691000,-73,0.000000,7,8
1,18.000000,17.579000,0.622000,-72,0.000000,7,8
1,18.000000,17.385000,0.659000,-72,0.000000,7,8
1,18.000000,17.419001,0.590000,-72,0.000000,7,8
1,18.000000,17.500999,0.625000,-71,0.000000,7,8
1,18.000000,17.548000,0.574000,-71,0.000000,7,8
1,18.000000,17.615999,0.516000,-71,0.000000,7,8
1,18.000000,17.615999,0.557000,-71,0.000000,7,8
1,18.000000,17.579000,0.601000,-72,0.000000,7,8
1,18.000000,17.423000,0.687000,-72,0.000000,7,8
1,18.000000,17.507000,0.656000,-73,0.000000,7,8
1,18.000000,17.701000,0.533000,-72,0.000000,7,8
1,18.000000,17.691000,0.492000,-72,0.000000,7,8
1,18.000000,17.819000,0.421000,-72,0.000000,7,8
1,18.000000,17.666000,0.460000,-71,0.000000,7,8
1,18.000000,17.704000,0.496000,-71,0.000000,7,8
1,18.000000,17.809999,0.494000,-71,0.000000,7,8
1,18.000000,17.738001,0.497000,-71,0.000000,7,8
1,18.000000,17.778999,0.487000,-72,0.000000,7,8
1,18.000000,17.773001,0.498000,-72,0.000000,7,8
1,18.000000,18.007000,0.342000,-73,0.000000,7,8
1,18.000000,17.732000,0.348000,-73,0.000000,7,8
1,18.000000,17.816000,0.368000,-73,0.000000,7,8
1,18.000000,18.079000,0.329000,-70,0.000000,7,8
1,18.000000,17.854000,0.363000,-70,0.000000,7,8
1,18.000000,17.615999,0.472000,-69,0.000000,7,8
1,18.000000,17.582001,0.505000,-70,0.000000,7,8
1,18.000000,17.704000,0.460000,-70,0.000000,7,8
1,18.000000,18.129000,0.261000,-70,0.000000,7,8
1,18.000000,17.691000,0.481000,-70,0.000000,7,8
1,18.000000,17.657000,0.454000,-71,0.000000,7,8
1,18.000000,17.663000,0.446000,-71,0.000000,7,8
1,18.000000,17.778999,0.394000,-71,0.000000,7,8
1,18.000000,17.813000,0.368000,-72,0.000000,7,8
1,18.000000,17.497999,0.555000,-72,0.000000,7,8
1,18.000000,17.698000,0.436000,-71,0.000000,7,8
1,18.000000,17.429001,0.545000,-71,0.000000,7,8
1,18.000000,17.469000,0.539000,-71,0.000000,7,8
1,18.000000,17.541000,0.515000,-70,0.000000,7,8
1,18.000000,17.538000,0.561000,-71,0.000000,7,8
1,18.000000,17.698000,0.529000,-70,0.000000,7,8
1,18.000000,17.615999,0.451000,-71,0.000000,7,8
1,18.000000,17.745001,0.430000,-71,0.000000,7,8
1,18.000000,17.579000,0.520000,-71,0.000000,7,8
1,18.000000,17.747999,0.395000,-72,0.000000,7,8
1,18.000000,17.826000,0.434000,-71,0.000000,7,8
1,18.000000,18.125999,0.310000,-71,0.000000,7,8
1,18.000000,18.041000,0.295000,-71,0.000000,7,8
1,18.000000,17.629000,0.502000,-71,0.000000,7,8
1,18.000000,17.660000,0.529000,-71,0.000000,7,8
1,18.000000,17.735001,0.450000,-70,0.000000,7,8
1,18.000000,18.016001,0.304000,-71,0.000000,7,8
1,18.000000,17.903999,0.340000,-70,0.000000,7,8
1,18.000000,18.038000,0.329000,-71,0.000000,7,8
1,18.000000,17.694000,0.487000,-71,0.000000,7,8
1,18.000000,17.982000,0.343000,-71,0.000000,7,8
1,18.000000,17.778999,0.426000,-71,0.000000,7,8
1,18.000000,17.729000,0.421000,-71,0.000000,7,8
1,18.000000,17.857000,0.338000,-71,0.000000,7,8
1,18.000000,17.926001,0.432000,-71,0.000000,7,8
1,18.000000,17.660000,0.507000,-71,0.000000,7,8
1,18.000000,17.620001,0.497000,-71,0.000000,7,8
1,18.000000,17.851000,0.450000,-71,0.000000,7,8
1,18.000000,17.875999,0.368000,-71,0.000000,7,8
1,18.000000,18.038000,0.370000,-71,0.000000,7,8
1,18.000000,17.929001,0.379000,-71,0.000000,7,8
1,18.000000,17.669001,0.506000,-71,0.000000,7,8
1,18.000000,17.888000,0.387000,-71,0.000000,7,8
1,18.000000,18.016001,0.360000,-71,0.000000,7,8
1,18.000000,17.891001,0.415000,-70,0.000000,7,8
1,18.000000,17.740999,0.435000,-70,0.000000,7,8
1,18.000000,17.773001,0.444000,-70,0.000000,7,8
1,18.000000,17.816000,0.439000,-70,0.000000,7,8
1,18.000000,17.778999,0.423000,-71,0.000000,7,8
1,18.000000,17.773001,0.491000,-71,0.000000,7,8
1,18.000000,17.740999,0.461000,-71,0.000000,7,8
1,18.000000,17.653999,0.552000,-72,0.000000,7,8
1,18.000000,17.768999,0.498000,-72,0.000000,7,8
1,18.000000,17.618999,0.580000,-72,0.000000,7,8
1,18.000000,17.704000,0.474000,-72,0.000000,7,8
1,18.000000,17.895000,0.390000,-71,0.000000,7,8
1,18.000000,17.773001,0.460000,-71,0.000000,7,8
1,18.000000,17.694000,0.503000,-72,0.000000,7,8
1,18.000000,17.775999,0.461000,-72,0.000000,7,8
1,18.000000,17.979000,0.400000,-72,0.000000,7,8
1,18.000000,17.895000,0.414000,-72,0.000000,7,8
1,18.000000,17.785000,0.368000,-72,0.000000,7,8
1,18.000000,17.966000,0.381000,-72,0.000000,7,8
1,18.000000,17.695000,0.487000,-72,0.000000,7,8
1,18.000000,17.735001,0.471000,-72,0.000000,7,8
1,18.000000,17.773001,0.408000,-72,0.000000,7,8
1,18.000000,17.929001,0.397000,-72,0.000000,7,8
1,18.000000,17.969999,0.364000,-72,0.000000,7,8
1,18.000000,17.929001,0.352000,-71,0.000000,7,8
1,18.000000,18.059999,0.329000,-71,0.000000,7,8
1,18.000000,17.973000,0.417000,-71,0.000000,7,8
1,18.000000,17.903999,0.430000,-71,0.000000,7,8
1,18.000000,17.854000,0.373000,-71,0.000000,7,8
1,18.000000,17.891001,0.386000,-71,0.000000,7,8
1,18.000000,17.778999,0.433000,-70,0.000000,7,8
1,18.000000,17.885000,0.410000,-70,0.000000,7,8
1,18.000000,17.966000,0.382000,-71,0.000000,7,8
1,18.000000,17.615999,0.554000,-70,0.000000,7,8
1,18.000000,17.813000,0.464000,-70,0.000000,7,8
1,18.000000,17.740999,0.469000,-70,0.000000,7,8
1,18.000000,17.691000,0.493000,-70,0.000000,7,8
1,18.000000,17.735001,0.510000,-70,0.000000,7,8
1,18.000000,18.179001,0.342000,-70,0.000000,7,8
1,18.000000,17.816000,0.440000,-70,0.000000,7,8
1,18.000000,17.851000,0.462000,-70,0.000000,7,8
1,18.000000,17.854000,0.424000,-70,0.000000,7,8
1,18.000000,17.900999,0.444000,-71,0.000000,7,8
1,18.000000,17.857000,0.395000,-71,0.000000,7,8
1,18.000000,17.885000,0.472000,-71,0.000000,7,8
1,18.000000,17.775999,0.519000,-71,0.000000,7,8
1,18.000000,17.701000,0.552000,-71,0.000000,7,8
1,18.000000,17.618999,0.602000,-72,0.000000,7,8
1,18.000000,17.729000,0.498000,-71,0.000000,7,8
1,18.000000,17.860001,0.482000,-71,0.000000,7,8
1,18.000000,17.579000,0.635000,-71,0.000000,7,8
1,18.000000,17.653999,0.532000,-71,0.000000,7,8
1,18.000000,17.729000,0.536000,-71,0.000000,7,8
1,18.000000,17.895000,0.434000,-71,0.000000,7,8
1,18.000000,17.900999,0.496000,-71,0.000000,7,8
1,18.000000,17.929001,0.434000,-70,0.000000,7,8
1,18.000000,17.775999,0.524000,-70,0.000000,7,8
1,18.000000,17.903999,0.389000,-70,0.000000,7,8
1,18.000000,17.788000,0.510000,-70,0.000000,7,8
1,18.000000,17.704000,0.547000,-70,0.000000,7,8
1,18.000000,17.854000,0.413000,-70,0.000000,7,8
1,18.000000,17.844000,0.407000,-70,0.000000,7,8
1,18.000000,17.813000,0.489000,-70,0.000000,7,8
1,18.000000,17.895000,0.400000,-70,0.000000,7,8
1,18.000000,17.934999,0.457000,-70,0.000000,7,8
1,18.000000,17.941000,0.427000,-70,0.000000,7,8
1,18.000000,17.773001,0.499000,-70,0.000000,7,8
1,18.000000,17.773001,0.499000,-70,0.000000,7,8
1,18.000000,17.860001,0.445000,-70,0.000000,7,8
1,18.000000,17.778999,0.463000,-70,0.000000,7,8
1,18.000000,17.898001,0.384000,-71,0.000000,7,8
1,18.000000,17.691000,0.490000,-71,0.000000,7,8
1,18.000000,18.018999,0.387000,-71,0.000000,7,8
1,18.000000,17.931999,0.408000,-71,0.000000,7,8
1,18.000000,17.740999,0.511000,-70,0.000000,7,8
1,18.000000,17.544001,0.623000,-70,0.000000,7,8
1,18.000000,17.740999,0.482000,-71,0.000000,7,8
1,18.000000,17.854000,0.455000,-71,0.000000,7,8
1,18.000000,17.704000,0.481000,-71,0.000000,7,8
1,18.000000,17.541000,0.628000,-72,0.000000,7,8
1,18.000000,17.735001,0.504000,-72,0.000000,7,8
1,18.000000,17.895000,0.411000,-71,0.000000,7,8
1,18.000000,17.882000,0.415000,-72,0.000000,7,8
1,18.000000,17.615999,0.535000,-71,0.000000,7,8
1,18.000000,17.615999,0.556000,-71,0.000000,7,8
1,18.000000,17.653999,0.522000,-71,0.000000,7,8
1,18.000000,17.615999,0.566000,-71,0.000000,7,8
1,18.000000,17.816000,0.417000,-71,0.000000,7,8
1,18.000000,17.691000,0.499000,-71,0.000000,7,8
1,18.000000,17.735001,0.508000,-71,0.000000,7,8
1,18.000000,17.997999,0.417000,-71,0.000000,7,8
1,18.000000,17.745001,0.486000,-71,0.000000,7,8
1,18.000000,17.778999,0.446000,-71,0.000000,7,8
1,18.000000,17.816000,0.437000,-72,0.000000,7,8
1,18.000000,17.691000,0.516000,-71,0.000000,7,8
1,18.000000,17.863001,0.441000,-71,0.000000,7,8
1,18.000000,18.016001,0.350000,-71,0.000000,7,8
1,18.000000,17.898001,0.429000,-71,0.000000,7,8
1,18.000000,17.653999,0.516000,-71,0.000000,7,8
1,18.000000,17.826000,0.466000,-71,0.000000,7,8
1,18.000000,17.735001,0.528000,-71,0.000000,7,8
1,18.000000,17.694000,0.499000,-71,0.000000,7,8
1,18.000000,17.729000,0.466000,-71,0.000000,7,8
1,18.000000,17.895000,0.381000,-71,0.000000,7,8
1,18.000000,17.740999,0.427000,-71,0.000000,7,8
1,18.000000,17.785000,0.440000,-71,0.000000,7,8
1,18.000000,17.740999,0.434000,-72,0.000000,7,8
1,18.000000,17.848000,0.426000,-72,0.000000,7,8
1,18.000000,17.740999,0.464000,-71,0.000000,7,8
1,18.000000,17.813000,0.432000,-71,0.000000,7,8
1,18.000000,17.816000,0.428000,-71,0.000000,7,8
1,18.000000,17.898001,0.363000,-71,0.000000,7,8
1,18.000000,17.704000,0.464000,-71,0.000000,7,8
1,18.000000,17.813000,0.460000,-71,0.000000,7,8
1,18.000000,17.820000,0.424000,-71,0.000000,7,8
1,18.000000,17.816000,0.430000,-71,0.000000,7,8
1,18.000000,17.929001,0.365000,-71,0.000000,7,8
1,18.000000,17.854000,0.393000,-71,0.000000,7,8
1,18.000000,17.738001,0.444000,-71,0.000000,7,8
1,18.000000,17.785000,0.463000,-71,0.000000,7,8
1,18.000000,18.132000,0.298000,-71,0.000000,7,8
1,18.000000,17.775999,0.460000,-71,0.000000,7,8
1,18.000000,17.620001,0.499000,-71,0.000000,7,8
1,18.000000,18.016001,0.316000,-71,0.000000,7,8
1,18.000000,17.775999,0.471000,-71,0.000000,7,8
1,18.000000,17.704000,0.456000,-71,0.000000,7,8
1,18.000000,17.851000,0.458000,-71,0.000000,7,8
1,18.000000,17.863001,0.401000,-71,0.000000,7,8
1,18.000000,17.691000,0.465000,-71,0.000000,7,8
1,18.000000,17.865999,0.379000,-71,0.000000,7,8
1,18.000000,17.841000,0.395000,-72,0.000000,7,8
1,18.000000,17.622999,0.529000,-72,0.000000,7,8
1,18.000000,17.615999,0.516000,-72,0.000000,7,8
1,18.000000,18.044001,0.332000,-72,0.000000,7,8
1,18.000000,17.698000,0.469000,-72,0.000000,7,8
1,18.000000,17.653999,0.452000,-72,0.000000,7,8
1,18.000000,17.816000,0.409000,-72,0.000000,7,8
1,18.000000,17.860001,0.446000,-72,0.000000,7,8
1,18.000000,18.045000,0.330000,-72,0.000000,7,8
1,18.000000,17.844000,0.404000,-72,0.000000,7,8
1,18.000000,17.704000,0.484000,-72,0.000000,7,8
1,18.000000,17.615999,0.528000,-72,0.000000,7,8
1,18.000000,17.770000,0.453000,-72,0.000000,7,8
1,18.000000,17.738001,0.502000,-72,0.000000,7,8
1,18.000000,17.504000,0.544000,-72,0.000000,7,8
1,18.000000,17.541000,0.576000,-72,0.000000,7,8
1,18.000000,17.704000,0.461000,-71,0.000000,7,8
1,18.000000,17.541000,0.543000,-71,0.000000,7,8
1,18.000000,17.698000,0.513000,-71,0.000000,7,8
1,18.000000,17.625999,0.567000,-71,0.000000,7,8
1,18.000000,17.691000,0.467000,-71,0.000000,7,8
1,18.000000,17.541000,0.495000,-71,0.000000,7,8
1,18.000000,17.735001,0.462000,-72,0.000000,7,8
1,18.000000,17.698000,0.477000,-71,0.000000,7,8
1,18.000000,17.650999,0.476000,-71,0.000000,7,8
1,18.000000,17.707001,0.453000,-72,0.000000,7,8
1,18.000000,17.773001,0.457000,-71,0.000000,7,8
1,18.000000,17.704000,0.452000,-71,0.000000,7,8
1,18.000000,17.613001,0.515000,-71,0.000000,7,8
1,18.000000,17.691000,0.497000,-71,0.000000,7,8
1,18.000000,17.701000,0.490000,-71,0.000000,7,8
1,18.000000,17.579000,0.542000,-71,0.000000,7,8
1,18.000000,17.510000,0.610000,-71,0.000000,7,8
1,18.000000,17.504000,0.589000,-71,0.000000,7,8
1,18.000000,17.510000,0.589000,-71,0.000000,7,8
1,18.000000,17.660000,0.538000,-71,0.000000,7,8
1,18.000000,17.429001,0.602000,-71,0.000000,7,8
1,18.000000,17.660000,0.591000,-71,0.000000,7,8
1,18.000000,17.541000,0.573000,-71,0.000000,7,8
1,18.000000,17.354000,0.702000,-71,0.000000,7,8
1,18.000000,17.510000,0.612000,-70,0.000000,7,8
1,18.000000,17.391001,0.701000,-71,0.000000,7,8
1,18.000000,17.579000,0.591000,-70,0.000000,7,8
1,18.000000,17.538000,0.594000,-71,0.000000,7,8
1,18.000000,17.507000,0.613000,-71,0.000000,7,8
1,18.000000,17.504000,0.611000,-70,0.000000,7,8
1,18.000000,17.548000,0.553000,-70,0.000000,7,8
1,18.000000,17.391001,0.681000,-70,0.000000,7,8
1,18.000000,17.622999,0.576000,-70,0.000000,7,8
1,18.000000,17.459999,0.655000,-70,0.000000,7,8
1,18.000000,17.660000,0.553000,-70,0.000000,7,8
1,18.000000,17.650999,0.540000,-70,0.000000,7,8
1,18.000000,17.429001,0.644000,-70,0.000000,7,8
1,18.000000,17.657000,0.495000,-71,0.000000,7,8
1,18.000000,17.660000,0.527000,-71,0.000000,7,8
1,18.000000,17.576000,0.564000,-71,0.000000,7,8
1,18.000000,17.548000,0.599000,-71,0.000000,7,8
1,18.000000,17.650999,0.504000,-71,0.000000,7,8
1,18.000000,17.500999,0.576000,-72,0.000000,7,8
1,18.000000,17.510000,0.637000,-71,0.000000,7,8
1,18.000000,17.576000,0.574000,-72,0.000000,7,8
1,18.000000,17.806999,0.402000,-72,0.000000,7,8
1,18.000000,17.419001,0.651000,-72,0.000000,7,8
1,18.000000,17.701000,0.510000,-72,0.000000,7,8
1,18.000000,17.618999,0.486000,-72,0.000000,7,8
1,18.000000,17.660000,0.524000,-72,0.000000,7,8
1,18.000000,17.653999,0.502000,-72,0.000000,7,8
1,18.000000,17.510000,0.640000,-72,0.000000,7,8
1,18.000000,17.691000,0.502000,-72,0.000000,7,8
1,18.000000,17.657000,0.494000,-72,0.000000,7,8
1,18.000000,17.391001,0.641000,-72,0.000000,7,8
1,18.000000,17.541000,0.550000,-72,0.000000,7,8
1,18.000000,17.613001,0.527000,-72,0.000000,7,8
1,18.000000,17.579000,0.554000,-72,0.000000,7,8
1,18.000000,17.466000,0.555000,-72,0.000000,7,8
1,18.000000,17.816000,0.430000,-72,0.000000,7,8
1,18.000000,17.541000,0.555000,-72,0.000000,7,8
1,18.000000,17.469000,0.592000,-72,0.000000,7,8
1,18.000000,17.573000,0.569000,-72,0.000000,7,8
1,18.000000,17.691000,0.434000,-71,0.000000,7,8
1,18.000000,17.544001,0.568000,-72,0.000000,7,8
1,18.000000,17.548000,0.586000,-72,0.000000,7,8
1,18.000000,17.729000,0.464000,-72,0.000000,7,8
1,18.000000,17.729000,0.446000,-72,0.000000,7,8
1,18.000000,17.660000,0.512000,-72,0.000000,7,8
1,18.000000,17.538000,0.539000,-71,0.000000,7,8
1,18.000000,17.625999,0.565000,-71,0.000000,7,8
1,18.000000,17.660000,0.492000,-71,0.000000,7,8
1,18.000000,17.629000,0.525000,-71,0.000000,7,8
1,18.000000,17.510000,0.598000,-71,0.000000,7,8
1,18.000000,17.548000,0.598000,-70,0.000000,7,8
1,18.000000,17.625999,0.567000,-71,0.000000,7,8
1,18.000000,17.660000,0.527000,-70,0.000000,7,8
1,18.000000,17.666000,0.521000,-70,0.000000,7,8
1,18.000000,17.548000,0.609000,-70,0.000000,7,8
1,18.000000,17.429001,0.633000,-71,0.000000,7,8
1,18.000000,17.745001,0.468000,-70,0.000000,7,8
1,18.000000,17.653999,0.520000,-71,0.000000,7,8
1,18.000000,17.579000,0.515000,-70,0.000000,7,8
1,18.000000,17.510000,0.587000,-70,0.000000,7,8
1,18.000000,17.354000,0.688000,-70,0.000000,7,8
1,18.000000,17.541000,0.542000,-70,0.000000,7,8
1,18.000000,17.729000,0.485000,-71,0.000000,7,8
1,18.000000,17.691000,0.476000,-71,0.000000,7,8
1,18.000000,17.429001,0.614000,-71,0.000000,7,8
1,18.000000,17.466000,0.544000,-70,0.000000,7,8
1,18.000000,17.582001,0.548000,-70,0.000000,7,8
1,18.000000,17.545000,0.528000,-71,0.000000,7,8
1,18.000000,17.459999,0.612000,-70,0.000000,7,8
1,18.000000,17.419001,0.619000,-71,0.000000,7,8
1,18.000000,17.579000,0.494000,-71,0.000000,7,8
1,18.000000,17.391001,0.646000,-71,0.000000,7,8
1,18.000000,17.544001,0.566000,-71,0.000000,7,8
1,18.000000,17.507000,0.566000,-71,0.000000,7,8
1,18.000000,17.354000,0.689000,-71,0.000000,7,8
1,18.000000,17.538000,0.536000,-71,0.000000,7,8
1,18.000000,17.551001,0.587000,-71,0.000000,7,8
1,18.000000,17.391001,0.669000,-71,0.000000,7,8
1,18.000000,17.584999,0.516000,-71,0.000000,7,8
1,18.000000,17.391001,0.685000,-72,0.000000,7,8
1,18.000000,17.351000,0.631000,-71,0.000000,7,8
1,18.000000,17.426001,0.648000,-72,0.000000,7,8
1,18.000000,17.309999,0.707000,-72,0.000000,7,8
1,18.000000,17.429001,0.617000,-71,0.000000,7,8
1,18.000000,17.423000,0.658000,-72,0.000000,7,8
1,18.000000,17.354000,0.660000,-71,0.000000,7,8
1,18.000000,17.500999,0.625000,-72,0.000000,7,8
1,18.000000,17.473000,0.677000,-72,0.000000,7,8
1,18.000000,17.504000,0.602000,-72,0.000000,7,8
1,18.000000,17.613001,0.558000,-71,0.000000,7,8
1,18.000000,17.504000,0.629000,-71,0.000000,7,8
1,18.000000,17.695000,0.516000,-72,0.000000,7,8
1,18.000000,17.504000,0.582000,-72,0.000000,7,8
1,18.000000,17.579000,0.558000,-72,0.000000,7,8
1,18.000000,17.541000,0.578000,-72,0.000000,7,8
1,18.000000,17.532000,0.625000,-72,0.000000,7,8
1,18.000000,17.650999,0.552000,-72,0.000000,7,8
1,18.000000,17.457001,0.623000,-72,0.000000,7,8
1,18.000000,17.625999,0.548000,-72,0.000000,7,8
1,18.000000,17.738001,0.480000,-72,0.000000,7,8
1,18.000000,17.620001,0.554000,-71,0.000000,7,8
1,18.000000,17.429001,0.641000,-72,0.000000,7,8
1,18.000000,17.666000,0.504000,-71,0.000000,7,8
1,18.000000,17.851000,0.428000,-72,0.000000,7,8
1,18.000000,17.579000,0.567000,-72,0.000000,7,8
1,18.000000,17.684999,0.501000,-71,0.000000,7,8
1,18.000000,17.610001,0.546000,-72,0.000000,7,8
1,18.000000,17.615999,0.525000,-72,0.000000,7,8
1,18.000000,17.579000,0.524000,-72,0.000000,7,8
1,18.000000,17.782000,0.425000,-72,0.000000,7,8
1,18.000000,17.704000,0.486000,-72,0.000000,7,8
1,18.000000,17.510000,0.654000,-72,0.000000,7,8
1,18.000000,17.704000,0.502000,-72,0.000000,7,8
1,18.000000,17.541000,0.576000,-72,0.000000,7,8
1,18.000000,17.738001,0.532000,-72,0.000000,7,8
1,18.000000,17.704000,0.482000,-72,0.000000,7,8
1,18.000000,17.653999,0.548000,-72,0.000000,7,8
1,18.000000,17.613001,0.595000,-72,0.000000,7,8
1,18.000000,17.844000,0.419000,-72,0.000000,7,8
1,18.000000,17.541000,0.609000,-71,0.000000,7,8
1,18.000000,17.653999,0.537000,-71,0.000000,7,8
1,18.000000,17.778999,0.510000,-71,0.000000,7,8
1,18.000000,17.854000,0.417000,-72,0.000000,7,8
1,18.000000,17.816000,0.440000,-71,0.000000,7,8
1,18.000000,17.660000,0.530000,-71,0.000000,7,8
1,18.000000,17.493999,0.573000,-71,0.000000,7,8
1,18.000000,17.704000,0.475000,-71,0.000000,7,8
1,18.000000,17.816000,0.438000,-71,0.000000,7,8
1,18.000000,17.707001,0.510000,-71,0.000000,7,8
1,18.000000,17.466000,0.604000,-71,0.000000,7,8
1,18.000000,17.615999,0.586000,-70,0.000000,7,8
1,18.000000,17.579000,0.570000,-71,0.000000,7,8
1,18.000000,17.579000,0.535000,-70,0.000000,7,8
1,18.000000,17.587999,0.585000,-71,0.000000,7,8
1,18.000000,17.582001,0.591000,-70,0.000000,7,8
1,18.000000,17.816000,0.461000,-71,0.000000,7,8
1,18.000000,17.462999,0.637000,-70,0.000000,7,8
1,18.000000,17.426001,0.648000,-70,0.000000,7,8
1,18.000000,17.541000,0.573000,-71,0.000000,7,8
1,18.000000,17.416000,0.700000,-70,0.000000,7,8
1,18.000000,17.584999,0.643000,-70,0.000000,7,8
1,18.000000,17.504000,0.676000,-70,0.000000,7,8
1,18.000000,17.804001,0.480000,-70,0.000000,7,8
1,18.000000,17.775999,0.510000,-70,0.000000,7,8
1,18.000000,17.669001,0.572000,-70,0.000000,7,8
1,18.000000,17.541000,0.600000,-71,0.000000,7,8
1,18.000000,17.660000,0.526000,-71,0.000000,7,8
1,18.000000,17.579000,0.552000,-70,0.000000,7,8
1,18.000000,17.698000,0.519000,-71,0.000000,7,8
1,18.000000,17.584999,0.594000,-71,0.000000,7,8
1,18.000000,17.618999,0.549000,-70,0.000000,7,8
1,18.000000,17.745001,0.483000,-71,0.000000,7,8
1,18.000000,17.615999,0.537000,-71,0.000000,7,8
1,18.000000,17.729000,0.498000,-71,0.000000,7,8
1,18.000000,17.541000,0.594000,-71,0.000000,7,8
1,18.000000,17.507000,0.600000,-71,0.000000,7,8
1,18.000000,17.931999,0.372000,-71,0.000000,7,8
1,18.000000,17.860001,0.409000,-70,0.000000,7,8
1,18.000000,17.663000,0.549000,-71,0.000000,7,8
1,18.000000,17.629000,0.590000,-71,0.000000,7,8
1,18.000000,17.740999,0.523000,-71,0.000000,7,8
1,18.000000,17.469999,0.651000,-71,0.000000,7,8
1,18.000000,17.469000,0.607000,-71,0.000000,7,8
1,18.000000,17.653999,0.515000,-71,0.000000,7,8
1,18.000000,17.497999,0.632000,-71,0.000000,7,8
1,18.000000,17.618999,0.547000,-71,0.000000,7,8
1,18.000000,17.691000,0.527000,-71,0.000000,7,8
1,18.000000,17.701000,0.522000,-71,0.000000,7,8
1,18.000000,17.782000,0.452000,-71,0.000000,7,8
1,18.000000,17.591000,0.597000,-71,0.000000,7,8
1,18.000000,17.615999,0.521000,-71,0.000000,7,8
1,18.000000,17.738001,0.508000,-71,0.000000,7,8
1,18.000000,17.747999,0.482000,-71,0.000000,7,8
1,18.000000,17.584999,0.634000,-71,0.000000,7,8
1,18.000000,17.576000,0.584000,-71,0.000000,7,8
1,18.000000,17.841000,0.469000,-71,0.000000,7,8
1,18.000000,17.466000,0.633000,-71,0.000000,7,8
1,18.000000,17.591000,0.537000,-71,0.000000,7,8
1,18.000000,17.688000,0.476000,-71,0.000000,7,8
1,18.000000,17.544001,0.659000,-71,0.000000,7,8
1,18.000000,17.541000,0.595000,-71,0.000000,7,8
1,18.000000,17.660000,0.603000,-71,0.000000,7,8
1,18.000000,17.701000,0.537000,-71,0.000000,7,8
1,18.000000,17.778999,0.491000,-71,0.000000,7,8
1,18.000000,17.657000,0.577000,-71,0.000000,7,8
1,18.000000,17.466000,0.658000,-71,0.000000,7,8
1,18.000000,17.957001,0.419000,-71,0.000000,7,8
1,18.000000,17.931999,0.372000,-71,0.000000,7,8
1,18.000000,17.944000,0.417000,-71,0.000000,7,8
1,18.000000,17.500999,0.609000,-71,0.000000,7,8
1,18.000000,17.653999,0.483000,-71,0.000000,7,8
1,18.000000,17.576000,0.598000,-71,0.000000,7,8
1,18.000000,17.622999,0.517000,-71,0.000000,7,8
1,18.000000,17.538000,0.606000,-71,0.000000,7,8
1,18.000000,17.666000,0.551000,-71,0.000000,7,8
1,18.000000,17.576000,0.606000,-71,0.000000,7,8
1,18.000000,17.775999,0.492000,-71,0.000000,7,8
1,18.000000,17.618999,0.535000,-71,0.000000,7,8
1,18.000000,17.691000,0.517000,-71,0.000000,7,8
1,18.000000,17.740999,0.525000,-71,0.000000,7,8
1,18.000000,17.431999,0.672000,-71,0.000000,7,8
1,18.000000,17.466000,0.633000,-71,0.000000,7,8
1,18.000000,17.707001,0.564000,-71,0.000000,7,8
1,18.000000,17.695000,0.555000,-71,0.000000,7,8
1,18.000000,17.613001,0.581000,-71,0.000000,7,8
1,18.000000,17.541000,0.553000,-71,0.000000,7,8
1,18.000000,17.660000,0.553000,-71,0.000000,7,8
1,18.000000,17.653999,0.592000,-71,0.000000,7,8
1,18.000000,17.941000,0.407000,-71,0.000000,7,8
1,18.000000,17.854000,0.487000,-71,0.000000,7,8
1,18.000000,17.860001,0.540000,-71,0.000000,7,8
1,18.000000,17.959999,0.434000,-71,0.000000,7,8
1,18.000000,18.018999,0.382000,-71,0.000000,7,8
1,18.000000,17.813000,0.489000,-71,0.000000,7,8
1,18.000000,18.054001,0.342000,-71,0.000000,7,8
1,18.000000,17.740999,0.527000,-71,0.000000,7,8
1,18.000000,17.698000,0.541000,-72,0.000000,7,8
1,18.000000,17.893999,0.401000,-71,0.000000,7,8
1,18.000000,17.653999,0.484000,-72,0.000000,7,8
1,18.000000,17.768999,0.468000,-71,0.000000,7,8
1,18.000000,17.826000,0.465000,-71,0.000000,7,8
1,18.000000,17.698000,0.558000,-71,0.000000,7,8
1,18.000000,17.660000,0.567000,-71,0.000000,7,8
1,18.000000,17.893999,0.375000,-72,0.000000,7,8
1,18.000000,18.135000,0.343000,-71,0.000000,7,8
1,18.000000,17.732000,0.529000,-72,0.000000,7,8
1,18.000000,17.732000,0.518000,-72,0.000000,7,8
1,18.000000,17.891001,0.418000,-71,0.000000,7,8
1,18.000000,17.854000,0.462000,-71,0.000000,7,8
1,18.000000,17.541000,0.615000,-72,0.000000,7,8
1,18.000000,17.929001,0.406000,-72,0.000000,7,8
1,18.000000,17.743999,0.478000,-71,0.000000,7,8
1,18.000000,17.740999,0.529000,-71,0.000000,7,8
1,18.000000,17.944000,0.441000,-71,0.000000,7,8
1,18.000000,18.016001,0.387000,-71,0.000000,7,8
1,18.000000,17.747999,0.533000,-71,0.000000,7,8
1,18.000000,17.844000,0.482000,-72,0.000000,7,8
1,18.000000,17.691000,0.515000,-71,0.000000,7,8
1,18.000000,17.773001,0.501000,-71,0.000000,7,8
1,18.000000,17.851000,0.438000,-71,0.000000,7,8
1,18.000000,17.740999,0.483000,-72,0.000000,7,8
1,18.000000,17.816000,0.457000,-71,0.000000,7,8
1,18.000000,17.704000,0.525000,-71,0.000000,7,8
1,18.000000,17.929001,0.387000,-71,0.000000,7,8
1,18.000000,17.688000,0.544000,-71,0.000000,7,8
1,18.000000,17.979000,0.417000,-71,0.000000,7,8
1,18.000000,17.816000,0.470000,-71,0.000000,7,8
1,18.000000,17.622999,0.586000,-71,0.000000,7,8
1,18.000000,17.729000,0.526000,-71,0.000000,7,8
1,18.000000,17.653999,0.535000,-71,0.000000,7,8
1,18.000000,17.544001,0.563000,-71,0.000000,7,8
1,18.000000,17.610001,0.558000,-70,0.000000,7,8
1,18.000000,17.813000,0.490000,-70,0.000000,7,8
1,18.000000,17.740999,0.516000,-70,0.000000,7,8
1,18.000000,17.938000,0.420000,-70,0.000000,7,8
1,18.000000,17.694000,0.529000,-70,0.000000,7,8
1,18.000000,17.579000,0.536000,-70,0.000000,7,8
1,18.000000,17.504000,0.575000,-70,0.000000,7,8
1,18.000000,17.663000,0.552000,-70,0.000000,7,8
1,18.000000,17.813000,0.454000,-70,0.000000,7,8
1,18.000000,17.660000,0.542000,-70,0.000000,7,8
1,18.000000,17.653999,0.514000,-71,0.000000,7,8
1,18.000000,17.775999,0.544000,-70,0.000000,7,8
1,18.000000,17.541000,0.614000,-70,0.000000,7,8
1,18.000000,17.579000,0.531000,-70,0.000000,7,8
1,18.000000,17.584999,0.574000,-70,0.000000,7,8
1,18.000000,17.507000,0.612000,-70,0.000000,7,8
1,18.000000,17.613001,0.585000,-70,0.000000,7,8
1,18.000000,17.691000,0.472000,-70,0.000000,7,8
1,18.000000,18.000999,0.424000,-70,0.000000,7,8
1,18.000000,17.666000,0.490000,-70,0.000000,7,8
1,18.000000,17.857000,0.476000,-70,0.000000,7,8
1,18.000000,17.541000,0.565000,-70,0.000000,7,8
1,18.000000,17.579000,0.576000,-70,0.000000,7,8
1,18.000000,17.615999,0.565000,-70,0.000000,7,8
1,18.000000,17.660000,0.526000,-70,0.000000,7,8
1,18.000000,17.582001,0.586000,-69,0.000000,7,8
1,18.000000,17.740999,0.451000,-70,0.000000,7,8
1,18.000000,17.576000,0.593000,-70,0.000000,7,8
1,18.000000,17.504000,0.580000,-70,0.000000,7,8
1,18.000000,17.548000,0.634000,-70,0.000000,7,8
1,18.000000,17.691000,0.490000,-70,0.000000,7,8
1,18.000000,17.510000,0.603000,-70,0.000000,7,8
1,18.000000,17.732000,0.468000,-70,0.000000,7,8
1,18.000000,17.738001,0.499000,-70,0.000000,7,8
1,18.000000,17.541000,0.567000,-70,0.000000,7,8
1,18.000000,17.773001,0.458000,-70,0.000000,7,8
1,18.000000,17.584999,0.551000,-70,0.000000,7,8
1,18.000000,17.691000,0.545000,-70,0.000000,7,8
1,18.000000,17.579000,0.545000,-70,0.000000,7,8
1,18.000000,17.809999,0.472000,-70,0.000000,7,8
1,18.000000,17.694000,0.498000,-70,0.000000,7,8
1,18.000000,17.704000,0.504000,-70,0.000000,7,8
1,18.000000,17.863001,0.436000,-70,0.000000,7,8
1,18.000000,17.778999,0.466000,-70,0.000000,7,8
1,18.000000,17.504000,0.569000,-70,0.000000,7,8
1,18.000000,17.579000,0.568000,-70,0.000000,7,8
1,18.000000,17.785000,0.490000,-70,0.000000,7,8
1,18.000000,17.541000,0.605000,-70,0.000000,7,8
1,18.000000,17.854000,0.437000,-70,0.000000,7,8
1,18.000000,17.629000,0.574000,-70,0.000000,7,8
1,18.000000,17.615999,0.535000,-70,0.000000,7,8
1,18.000000,17.469000,0.615000,-70,0.000000,7,8
1,18.000000,17.694000,0.477000,-70,0.000000,7,8
1,18.000000,17.660000,0.574000,-70,0.000000,7,8
1,18.000000,17.591000,0.552000,-70,0.000000,7,8
1,18.000000,17.582001,0.521000,-70,0.000000,7,8
1,18.000000,17.823000,0.444000,-70,0.000000,7,8
1,18.000000,17.587999,0.606000,-70,0.000000,7,8
1,18.000000,17.813000,0.490000,-70,0.000000,7,8
1,18.000000,17.653999,0.522000,-70,0.000000,7,8
1,18.000000,17.469999,0.581000,-70,0.000000,7,8
1,18.000000,17.513000,0.624000,-70,0.000000,7,8
1,18.000000,17.735001,0.462000,-70,0.000000,7,8
1,18.000000,17.507000,0.630000,-70,0.000000,7,8
1,18.000000,17.391001,0.601000,-70,0.000000,7,8
1,18.000000,17.650999,0.549000,-70,0.000000,7,8
1,18.000000,17.629000,0.540000,-70,0.000000,7,8
1,18.000000,17.691000,0.500000,-70,0.000000,7,8
1,18.000000,17.625999,0.549000,-70,0.000000,7,8
1,18.000000,17.431999,0.668000,-70,0.000000,7,8
1,18.000000,17.579000,0.586000,-70,0.000000,7,8
1,18.000000,17.538000,0.567000,-70,0.000000,7,8
1,18.000000,17.660000,0.536000,-70,0.000000,7,8
1,18.000000,17.429001,0.617000,-69,0.000000,7,8
1,18.000000,17.510000,0.613000,-70,0.000000,7,8
1,18.000000,17.625999,0.568000,-70,0.000000,7,8
1,18.000000,17.429001,0.632000,-69,0.000000,7,8
1,18.000000,17.582001,0.545000,-70,0.000000,7,8
1,18.000000,17.618999,0.501000,-69,0.000000,7,8
1,18.000000,17.422001,0.629000,-69,0.000000,7,8
1,18.000000,17.579000,0.562000,-70,0.000000,7,8
1,18.000000,17.773001,0.527000,-70,0.000000,7,8
1,18.000000,17.704000,0.487000,-70,0.000000,7,8
1,18.000000,17.782000,0.419000,-70,0.000000,7,8
1,18.000000,17.576000,0.560000,-71,0.000000,7,8
1,18.000000,17.354000,0.702000,-71,0.000000,7,8
1,18.000000,17.665001,0.470000,-70,0.000000,7,8
1,18.000000,17.532000,0.603000,-70,0.000000,7,8
1,18.000000,17.747999,0.520000,-70,0.000000,7,8
1,18.000000,17.582001,0.573000,-70,0.000000,7,8
1,18.000000,17.813000,0.461000,-70,0.000000,7,8
1,18.000000,17.773001,0.451000,-70,0.000000,7,8
1,18.000000,17.778999,0.391000,-70,0.000000,7,8
1,18.000000,17.615999,0.519000,-71,0.000000,7,8
1,18.000000,17.622999,0.546000,-71,0.000000,7,8
1,18.000000,17.454000,0.613000,-72,0.000000,7,8
1,18.000000,17.385000,0.644000,-72,0.000000,7,8
1,18.000000,17.660000,0.533000,-72,0.000000,7,8
1,18.000000,17.532000,0.616000,-71,0.000000,7,8
1,18.000000,17.745001,0.464000,-70,0.000000,7,8
1,18.000000,17.813000,0.464000,-70,0.000000,7,8
1,18.000000,18.007000,0.447000,-71,0.000000,7,8
1,18.000000,17.670000,0.570000,-71,0.000000,7,8
1,18.000000,17.698000,0.503000,-71,0.000000,7,8
1,18.000000,17.466000,0.594000,-71,0.000000,7,8
1,18.000000,17.773001,0.486000,-72,0.000000,7,8
1,18.000000,17.766001,0.449000,-71,0.000000,7,8
1,18.000000,17.882000,0.426000,-71,0.000000,7,8
1,18.000000,17.653999,0.504000,-70,0.000000,7,8
1,18.000000,17.576000,0.580000,-71,0.000000,7,8
1,18.000000,17.629000,0.532000,-71,0.000000,7,8
1,18.000000,17.857000,0.377000,-71,0.000000,7,8
1,18.000000,17.466000,0.607000,-72,0.000000,7,8
1,18.000000,17.740999,0.446000,-72,0.000000,7,8
1,18.000000,17.766001,0.452000,-73,0.000000,7,8
1,18.000000,17.698000,0.524000,-72,0.000000,7,8
1,18.000000,17.694000,0.506000,-72,0.000000,7,8
1,18.000000,17.653999,0.548000,-71,0.000000,7,8
1,18.000000,17.860001,0.411000,-71,0.000000,7,8
1,18.000000,17.738001,0.532000,-71,0.000000,7,8
1,18.000000,17.770000,0.469000,-71,0.000000,7,8
1,18.000000,17.823000,0.457000,-71,0.000000,7,8
1,18.000000,17.615999,0.568000,-71,0.000000,7,8
1,18.000000,17.591000,0.592000,-70,0.000000,7,8
1,18.000000,17.625999,0.578000,-71,0.000000,7,8
1,18.000000,17.622999,0.576000,-71,0.000000,7,8
1,18.000000,17.738001,0.564000,-71,0.000000,7,8
1,18.000000,17.691000,0.547000,-71,0.000000,7,8
1,18.000000,17.701000,0.532000,-70,0.000000,7,8
1,18.000000,17.691000,0.537000,-70,0.000000,7,8
1,18.000000,17.788000,0.533000,-70,0.000000,7,8
1,18.000000,17.622999,0.506000,-71,0.000000,7,8
1,18.000000,17.629000,0.543000,-71,0.000000,7,8
1,18.000000,17.579000,0.557000,-71,0.000000,7,8
1,18.000000,17.622999,0.547000,-70,0.000000,7,8
1,18.000000,17.615999,0.531000,-71,0.000000,7,8
1,18.000000,17.538000,0.614000,-71,0.000000,7,8
1,18.000000,17.860001,0.453000,-70,0.000000,7,8
1,18.000000,17.670000,0.564000,-70,0.000000,7,8
1,18.000000,17.541000,0.597000,-70,0.000000,7,8
1,18.000000,17.698000,0.487000,-70,0.000000,7,8
1,18.000000,17.775999,0.470000,-70,0.000000,7,8
1,18.000000,17.778999,0.457000,-69,0.000000,7,8
1,18.000000,17.576000,0.579000,-70,0.000000,7,8
1,18.000000,17.704000,0.502000,-70,0.000000,7,8
1,18.000000,17.618999,0.579000,-70,0.000000,7,8
1,18.000000,17.698000,0.542000,-70,0.000000,7,8
1,18.000000,17.698000,0.585000,-70,0.000000,7,8
1,18.000000,17.653999,0.519000,-70,0.000000,7,8
1,18.000000,17.615999,0.526000,-70,0.000000,7,8
1,18.000000,17.666000,0.548000,-70,0.000000,7,8
1,18.000000,17.582001,0.605000,-70,0.000000,7,8
1,18.000000,17.740999,0.491000,-70,0.000000,7,8
1,18.000000,17.510000,0.641000,-70,0.000000,7,8
1,18.000000,17.729000,0.519000,-69,0.000000,7,8
1,18.000000,17.538000,0.612000,-69,0.000000,7,8
1,18.000000,17.591000,0.556000,-70,0.000000,7,8
1,18.000000,17.625999,0.529000,-70,0.000000,7,8
1,18.000000,17.841000,0.368000,-70,0.000000,7,8
1,18.000000,17.591000,0.516000,-70,0.000000,7,8
1,18.000000,17.538000,0.540000,-70,0.000000,7,8
1,18.000000,17.745001,0.408000,-71,0.000000,7,8
1,18.000000,17.429001,0.603000,-71,0.000000,7,8
1,18.000000,17.469999,0.640000,-71,0.000000,7,8
1,18.000000,17.459999,0.655000,-70,0.000000,7,8
1,18.000000,17.466000,0.629000,-71,0.000000,7,8
1,18.000000,17.510000,0.653000,-72,0.000000,7,8
1,18.000000,17.663000,0.541000,-73,0.000000,7,8
1,18.000000,17.704000,0.631000,-73,0.000000,7,8
1,18.000000,17.813000,0.505000,-73,0.000000,7,8
1,18.000000,17.851000,0.416000,-72,0.000000,7,8
1,18.000000,17.763000,0.504000,-72,0.000000,7,8
1,18.000000,17.813000,0.489000,-72,0.000000,7,8
1,18.000000,17.860001,0.493000,-71,0.000000,7,8
1,18.000000,17.898001,0.436000,-70,0.000000,7,8
1,18.000000,17.888000,0.393000,-71,0.000000,7,8
1,18.000000,17.813000,0.398000,-71,0.000000,7,8
1,18.000000,17.898001,0.432000,-72,0.000000,7,8
1,18.000000,17.579000,0.550000,-71,0.000000,7,8
1,18.000000,17.770000,0.515000,-73,0.000000,7,8
1,18.000000,17.740999,0.424000,-74,0.000000,7,8
1,18.000000,17.618999,0.564000,-73,0.000000,7,8
1,18.000000,17.576000,0.618000,-72,0.000000,7,8
1,18.000000,17.625999,0.609000,-72,0.000000,7,8
1,18.000000,17.622999,0.629000,-72,0.000000,7,8
1,18.000000,17.541000,0.654000,-73,0.000000,7,8
1,18.000000,17.510000,0.638000,-73,0.000000,7,8
1,18.000000,17.579000,0.581000,-73,0.000000,7,8
1,18.000000,17.535000,0.599000,-72,0.000000,7,8
1,18.000000,17.582001,0.587000,-73,0.000000,7,8
1,18.000000,17.423000,0.619000,-73,0.000000,7,8
1,18.000000,17.629000,0.518000,-73,0.000000,7,8
1,18.000000,17.541000,0.521000,-72,0.000000,7,8
1,18.000000,17.579000,0.545000,-73,0.000000,7,8
1,18.000000,17.701000,0.526000,-73,0.000000,7,8
1,18.000000,17.582001,0.561000,-73,0.000000,7,8
1,18.000000,17.584999,0.597000,-72,0.000000,7,8
1,18.000000,17.660000,0.523000,-72,0.000000,7,8
1,18.000000,17.545000,0.565000,-72,0.000000,7,8
1,18.000000,17.584999,0.574000,-73,0.000000,7,8
1,18.000000,17.584999,0.593000,-73,0.000000,7,8
1,18.000000,17.629000,0.590000,-73,0.000000,7,8
1,18.000000,17.541000,0.614000,-73,0.000000,7,8
1,18.000000,17.584999,0.570000,-73,0.000000,7,8
1,18.000000,17.584999,0.577000,-73,0.000000,7,8
1,18.000000,17.701000,0.546000,-73,0.000000,7,8
1,18.000000,17.663000,0.577000,-72,0.000000,7,8
1,18.000000,17.613001,0.584000,-72,0.000000,7,8
1,18.000000,17.579000,0.629000,-72,0.000000,7,8
1,18.000000,17.820000,0.495000,-72,0.000000,7,8
1,18.000000,17.854000,0.503000,-73,0.000000,7,8
1,18.000000,17.740999,0.621000,-73,0.000000,7,8
1,18.000000,17.740999,0.615000,-73,0.000000,7,8
1,18.000000,17.698000,0.577000,-73,0.000000,7,8
1,18.000000,17.778999,0.570000,-72,0.000000,7,8
1,18.000000,17.695000,0.628000,-72,0.000000,7,8
1,18.000000,17.735001,0.608000,-72,0.000000,7,8
1,18.000000,17.735001,0.613000,-71,0.000000,7,8
1,18.000000,17.735001,0.583000,-72,0.000000,7,8
1,18.000000,17.704000,0.658000,-71,0.000000,7,8
1,18.000000,17.704000,0.605000,-71,0.000000,7,8
1,18.000000,17.698000,0.572000,-71,0.000000,7,8
1,18.000000,17.548000,0.664000,-71,0.000000,7,8
1,18.000000,17.653999,0.582000,-71,0.000000,7,8
1,18.000000,17.541000,0.640000,-71,0.000000,7,8
1,18.000000,17.629000,0.564000,-71,0.000000,7,8
1,18.000000,17.541000,0.627000,-71,0.000000,7,8
1,18.000000,17.701000,0.525000,-71,0.000000,7,8
1,18.000000,17.615999,0.523000,-71,0.000000,7,8
1,18.000000,17.541000,0.626000,-71,0.000000,7,8
1,18.000000,17.541000,0.602000,-71,0.000000,7,8
1,18.000000,17.538000,0.577000,-72,0.000000,7,8
1,18.000000,17.510000,0.583000,-71,0.000000,7,8
1,18.000000,17.653999,0.472000,-72,0.000000,7,8
1,18.000000,17.493999,0.581000,-72,0.000000,7,8
1,18.000000,17.541000,0.541000,-72,0.000000,7,8
1,18.000000,17.535000,0.570000,-72,0.000000,7,8
1,18.000000,17.473000,0.580000,-71,0.000000,7,8
1,18.000000,17.579000,0.557000,-71,0.000000,7,8
1,18.000000,17.775999,0.483000,-71,0.000000,7,8
1,18.000000,17.657000,0.581000,-72,0.000000,7,8
1,18.000000,17.622999,0.584000,-72,0.000000,7,8
1,18.000000,17.625999,0.573000,-72,0.000000,7,8
1,18.000000,17.704000,0.541000,-72,0.000000,7,8
1,18.000000,17.629000,0.621000,-72,0.000000,7,8
1,18.000000,17.629000,0.590000,-72,0.000000,7,8
1,18.000000,17.584999,0.605000,-72,0.000000,7,8
1,18.000000,17.657000,0.628000,-72,0.000000,7,8
1,18.000000,17.615999,0.629000,-72,0.000000,7,8
1,18.000000,17.582001,0.626000,-72,0.000000,7,8
1,18.000000,17.618999,0.635000,-72,0.000000,7,8
1,18.000000,17.541000,0.651000,-72,0.000000,7,8
1,18.000000,17.653999,0.609000,-72,0.000000,7,8
1,18.000000,17.701000,0.543000,-72,0.000000,7,8
1,18.000000,17.816000,0.501000,-72,0.000000,7,8
1,18.000000,17.732000,0.602000,-73,0.000000,7,8
1,18.000000,17.778999,0.573000,-73,0.000000,7,8
1,18.000000,17.629000,0.686000,-73,0.000000,7,8
1,18.000000,17.622999,0.663000,-73,0.000000,7,8
1,18.000000,17.576000,0.651000,-73,0.000000,7,8
1,18.000000,17.773001,0.563000,-73,0.000000,7,8
1,18.000000,17.615999,0.635000,-73,0.000000,7,8
1,18.000000,17.666000,0.665000,-74,0.000000,7,8
1,18.000000,17.579000,0.698000,-74,0.000000,7,8
1,18.000000,17.620001,0.624000,-74,0.000000,7,8
1,18.000000,17.701000,0.535000,-74,0.000000,7,8
1,18.000000,17.698000,0.606000,-74,0.000000,7,8
1,18.000000,17.740999,0.555000,-74,0.000000,7,8
1,18.000000,17.704000,0.556000,-74,0.000000,7,8
1,18.000000,17.660000,0.592000,-75,0.000000,7,8
1,18.000000,17.740999,0.508000,-74,0.000000,7,8
1,18.000000,17.622999,0.562000,-75,0.000000,7,8
1,18.000000,17.545000,0.550000,-75,0.000000,7,8
1,18.000000,17.541000,0.567000,-74,0.000000,7,8
1,18.000000,17.653999,0.551000,-74,0.000000,7,8
1,18.000000,17.735001,0.539000,-74,0.000000,7,8
1,18.000000,17.773001,0.485000,-73,0.000000,7,8
1,18.000000,17.704000,0.520000,-74,0.000000,7,8
1,18.000000,17.548000,0.589000,-74,0.000000,7,8
1,18.000000,17.545000,0.608000,-74,0.000000,7,8
1,18.000000,17.582001,0.610000,-74,0.000000,7,8
1,18.000000,17.694000,0.516000,-74,0.000000,7,8
1,18.000000,17.510000,0.624000,-74,0.000000,7,8
1,18.000000,17.548000,0.528000,-74,0.000000,7,8
1,18.000000,17.584999,0.538000,-74,0.000000,7,8
1,18.000000,17.466000,0.642000,-74,0.000000,7,8
1,18.000000,17.466000,0.611000,-73,0.000000,7,8
1,18.000000,17.466000,0.556000,-73,0.000000,7,8
1,18.000000,17.431999,0.634000,-73,0.000000,7,8
1,18.000000,17.466000,0.600000,-72,0.000000,7,8
1,18.000000,17.429001,0.665000,-73,0.000000,7,8
1,18.000000,17.541000,0.542000,-72,0.000000,7,8
1,18.000000,17.385000,0.598000,-72,0.000000,7,8
1,18.000000,17.431999,0.588000,-72,0.000000,7,8
1,18.000000,17.466000,0.548000,-72,0.000000,7,8
1,18.000000,17.579000,0.453000,-72,0.000000,7,8
1,18.000000,17.548000,0.517000,-72,0.000000,7,8
1,18.000000,17.541000,0.457000,-72,0.000000,7,8
1,18.000000,17.615999,0.461000,-72,0.000000,7,8
1,18.000000,17.732000,0.424000,-71,0.000000,7,8
1,18.000000,17.663000,0.493000,-71,0.000000,7,8
1,18.000000,17.704000,0.432000,-71,0.000000,7,8
1,18.000000,17.756001,0.405000,-71,0.000000,7,8
1,18.000000,17.579000,0.510000,-71,0.000000,7,8
1,18.000000,17.694000,0.409000,-71,0.000000,7,8
1,18.000000,17.541000,0.539000,-71,0.000000,7,8
1,18.000000,17.666000,0.453000,-71,0.000000,7,8
1,18.000000,17.660000,0.509000,-71,0.000000,7,8
1,18.000000,17.740999,0.484000,-71,0.000000,7,8
1,18.000000,17.694000,0.495000,-71,0.000000,7,8
1,18.000000,17.615999,0.524000,-71,0.000000,7,8
1,18.000000,17.615999,0.554000,-72,0.000000,7,8
1,18.000000,17.740999,0.543000,-72,0.000000,7,8
1,18.000000,17.701000,0.429000,-72,0.000000,7,8
1,18.000000,17.507000,0.562000,-71,0.000000,7,8
1,18.000000,17.660000,0.516000,-71,0.000000,7,8
1,18.000000,17.738001,0.499000,-72,0.000000,7,8
1,18.000000,17.615999,0.678000,-71,0.000000,7,8
1,18.000000,17.701000,0.510000,-71,0.000000,7,8
1,18.000000,17.851000,0.389000,-70,0.000000,7,8
1,18.000000,17.579000,0.605000,-70,0.000000,7,8
1,18.000000,17.548000,0.590000,-72,0.000000,7,8
1,18.000000,17.778999,0.393000,-73,0.000000,7,8
1,18.000000,17.813000,0.454000,-73,0.000000,7,8
1,18.000000,17.816000,0.380000,-74,0.000000,7,8
1,18.000000,17.704000,0.456000,-73,0.000000,7,8
1,18.000000,17.653999,0.535000,-73,0.000000,7,8
1,18.000000,17.778999,0.401000,-73,0.000000,7,8
1,18.000000,17.653999,0.549000,-72,0.000000,7,8
1,18.000000,17.615999,0.591000,-73,0.000000,7,8
1,18.000000,17.707001,0.584000,-71,0.000000,7,8
1,18.000000,17.707001,0.532000,-73,0.000000,7,8
1,18.000000,17.854000,0.505000,-74,0.000000,7,8
1,18.000000,17.938000,0.404000,-72,0.000000,7,8
1,18.000000,17.778999,0.566000,-71,0.000000,7,8
1,18.000000,17.688000,0.568000,-71,0.000000,7,8
1,18.000000,17.666000,0.630000,-71,0.000000,7,8
1,18.000000,17.541000,0.595000,-72,0.000000,7,8
1,18.000000,17.738001,0.498000,-72,0.000000,7,8
1,18.000000,17.579000,0.605000,-72,0.000000,7,8
1,18.000000,17.577999,0.613000,-72,0.000000,7,8
1,18.000000,17.587999,0.606000,-72,0.000000,7,8
1,18.000000,17.504000,0.675000,-71,0.000000,7,8
1,18.000000,17.538000,0.664000,-71,0.000000,7,8
1,18.000000,17.579000,0.563000,-72,0.000000,7,8
1,18.000000,17.548000,0.621000,-72,0.000000,7,8
1,18.000000,17.504000,0.630000,-72,0.000000,7,8
1,18.000000,17.354000,0.718000,-72,0.000000,7,8
1,18.000000,17.538000,0.623000,-72,0.000000,7,8
1,18.000000,17.513000,0.620000,-71,0.000000,7,8
1,18.000000,17.459999,0.670000,-71,0.000000,7,8
1,18.000000,17.354000,0.718000,-71,0.000000,7,8
1,18.000000,17.510000,0.634000,-71,0.000000,7,8
1,18.000000,17.419001,0.657000,-71,0.000000,7,8
1,18.000000,17.391001,0.684000,-71,0.000000,7,8
1,18.000000,17.622999,0.593000,-71,0.000000,7,8
1,18.000000,17.584999,0.592000,-71,0.000000,7,8
1,18.000000,17.576000,0.583000,-71,0.000000,7,8
1,18.000000,17.620001,0.539000,-71,0.000000,7,8
1,18.000000,17.615999,0.511000,-71,0.000000,7,8
1,18.000000,17.657000,0.562000,-71,0.000000,7,8
1,18.000000,17.579000,0.579000,-71,0.000000,7,8
1,18.000000,17.743999,0.484000,-71,0.000000,7,8
1,18.000000,17.698000,0.537000,-71,0.000000,7,8
1,18.000000,17.618999,0.580000,-71,0.000000,7,8
1,18.000000,17.740999,0.468000,-71,0.000000,7,8
1,18.000000,17.622999,0.558000,-71,0.000000,7,8
1,18.000000,17.615999,0.546000,-71,0.000000,7,8
1,18.000000,17.663000,0.550000,-71,0.000000,7,8
1,18.000000,17.579000,0.557000,-71,0.000000,7,8
1,18.000000,17.579000,0.591000,-71,0.000000,7,8
1,18.000000,17.653999,0.503000,-71,0.000000,7,8
1,18.000000,17.541000,0.531000,-71,0.000000,7,8
1,18.000000,17.579000,0.583000,-70,0.000000,7,8
1,18.000000,17.579000,0.592000,-71,0.000000,7,8
1,18.000000,17.735001,0.490000,-70,0.000000,7,8
1,18.000000,17.704000,0.512000,-70,0.000000,7,8
1,18.000000,17.698000,0.527000,-70,0.000000,7,8
1,18.000000,17.579000,0.574000,-70,0.000000,7,8
1,18.000000,17.615999,0.544000,-71,0.000000,7,8
1,18.000000,17.663000,0.537000,-70,0.000000,7,8
1,18.000000,17.579000,0.627000,-70,0.000000,7,8
1,18.000000,17.541000,0.582000,-70,0.000000,7,8
1,18.000000,17.707001,0.508000,-70,0.000000,7,8
1,18.000000,17.657000,0.552000,-70,0.000000,7,8
1,18.000000,17.538000,0.578000,-70,0.000000,7,8
1,18.000000,17.738001,0.541000,-70,0.000000,7,8
1,18.000000,17.504000,0.585000,-69,0.000000,7,8
1,18.000000,17.740999,0.474000,-70,0.000000,7,8
1,18.000000,17.698000,0.508000,-70,0.000000,7,8
1,18.000000,17.541000,0.649000,-69,0.000000,7,8
1,18.000000,17.541000,0.613000,-69,0.000000,7,8
1,18.000000,17.466000,0.686000,-69,0.000000,7,8
1,18.000000,17.691000,0.530000,-69,0.000000,7,8
1,18.000000,17.510000,0.653000,-69,0.000000,7,8
1,18.000000,17.629000,0.576000,-69,0.000000,7,8
1,18.000000,17.544001,0.605000,-70,0.000000,7,8
1,18.000000,17.653999,0.533000,-70,0.000000,7,8
1,18.000000,17.579000,0.587000,-69,0.000000,7,8
1,18.000000,17.625999,0.595000,-70,0.000000,7,8
1,18.000000,17.653999,0.579000,-69,0.000000,7,8
1,18.000000,17.657000,0.544000,-70,0.000000,7,8
1,18.000000,17.775999,0.529000,-70,0.000000,7,8
1,18.000000,17.704000,0.572000,-70,0.000000,7,8
1,18.000000,17.740999,0.498000,-70,0.000000,7,8
1,18.000000,17.653999,0.584000,-70,0.000000,7,8
1,18.000000,17.615999,0.637000,-70,0.000000,7,8
1,18.000000,17.707001,0.500000,-70,0.000000,7,8
1,18.000000,17.704000,0.485000,-70,0.000000,7,8
1,18.000000,17.653999,0.579000,-70,0.000000,7,8
1,18.000000,17.698000,0.574000,-70,0.000000,7,8
1,18.000000,17.743999,0.526000,-70,0.000000,7,8
1,18.000000,17.541000,0.646000,-69,0.000000,7,8
1,18.000000,17.625999,0.595000,-70,0.000000,7,8
1,18.000000,17.653999,0.630000,-70,0.000000,7,8
1,18.000000,17.541000,0.631000,-70,0.000000,7,8
1,18.000000,17.579000,0.598000,-69,0.000000,7,8
1,18.000000,17.615999,0.558000,-70,0.000000,7,8
1,18.000000,17.663000,0.565000,-69,0.000000,7,8
1,18.000000,17.666000,0.579000,-69,0.000000,7,8
1,18.000000,17.622999,0.587000,-69,0.000000,7,8
1,18.000000,17.698000,0.572000,-69,0.000000,7,8
1,18.000000,17.625999,0.611000,-69,0.000000,7,8
1,18.000000,17.625999,0.594000,-69,0.000000,7,8
1,18.000000,17.541000,0.641000,-69,0.000000,7,8
1,18.000000,17.587999,0.609000,-69,0.000000,7,8
1,18.000000,17.459999,0.655000,-69,0.000000,7,8
1,18.000000,17.738001,0.493000,-70,0.000000,7,8
1,18.000000,17.625999,0.598000,-69,0.000000,7,8
1,18.000000,17.582001,0.625000,-69,0.000000,7,8
1,18.000000,17.573000,0.592000,-69,0.000000,7,8
1,18.000000,17.579000,0.618000,-69,0.000000,7,8
1,18.000000,17.622999,0.598000,-70,0.000000,7,8
1,18.000000,17.591000,0.568000,-69,0.000000,7,8
1,18.000000,17.538000,0.622000,-69,0.000000,7,8
1,18.000000,17.666000,0.567000,-70,0.000000,7,8
1,18.000000,17.615999,0.571000,-69,0.000000,7,8
1,18.000000,17.657000,0.598000,-70,0.000000,7,8
1,18.000000,17.666000,0.552000,-69,0.000000,7,8
1,18.000000,17.579000,0.636000,-69,0.000000,7,8
1,18.000000,17.579000,0.587000,-69,0.000000,7,8
1,18.000000,17.653999,0.584000,-69,0.000000,7,8
1,18.000000,17.507000,0.666000,-69,0.000000,7,8
1,18.000000,17.615999,0.576000,-69,0.000000,7,8
1,18.000000,17.629000,0.593000,-69,0.000000,7,8
1,18.000000,17.615999,0.563000,-69,0.000000,7,8
1,18.000000,17.504000,0.654000,-69,0.000000,7,8
1,18.000000,17.653999,0.568000,-69,0.000000,7,8
1,18.000000,17.544001,0.626000,-69,0.000000,7,8
1,18.000000,17.625999,0.544000,-69,0.000000,7,8
1,18.000000,17.666000,0.525000,-70,0.000000,7,8
1,18.000000,17.551001,0.631000,-69,0.000000,7,8
1,18.000000,17.504000,0.661000,-69,0.000000,7,8
1,18.000000,17.429001,0.663000,-70,0.000000,7,8
1,18.000000,17.544001,0.638000,-70,0.000000,7,8
1,18.000000,17.701000,0.555000,-70,0.000000,7,8
1,18.000000,17.504000,0.669000,-69,0.000000,7,8
1,18.000000,17.548000,0.658000,-69,0.000000,7,8
1,18.000000,17.538000,0.652000,-69,0.000000,7,8
1,18.000000,17.469000,0.660000,-69,0.000000,7,8
1,18.000000,17.629000,0.587000,-69,0.000000,7,8
1,18.000000,17.459999,0.654000,-69,0.000000,7,8
1,18.000000,17.579000,0.609000,-69,0.000000,7,8
1,18.000000,17.591000,0.622000,-69,0.000000,7,8
1,18.000000,17.582001,0.637000,-70,0.000000,7,8
1,18.000000,17.504000,0.659000,-69,0.000000,7,8
1,18.000000,17.615999,0.616000,-70,0.000000,7,8
1,18.000000,17.504000,0.664000,-70,0.000000,7,8
1,18.000000,17.618999,0.624000,-70,0.000000,7,8
1,18.000000,17.622999,0.599000,-70,0.000000,7,8
1,18.000000,17.579000,0.667000,-70,0.000000,7,8
1,18.000000,17.657000,0.590000,-70,0.000000,7,8
1,18.000000,17.653999,0.569000,-70,0.000000,7,8
1,18.000000,17.510000,0.668000,-70,0.000000,7,8
1,18.000000,17.507000,0.663000,-70,0.000000,7,8
1,18.000000,17.625999,0.595000,-69,0.000000,7,8
1,18.000000,17.591000,0.654000,-69,0.000000,7,8
1,18.000000,17.660000,0.576000,-69,0.000000,7,8
1,18.000000,17.891001,0.459000,-69,0.000000,7,8
1,18.000000,17.888000,0.447000,-70,0.000000,7,8
1,18.000000,17.740999,0.484000,-71,0.000000,7,8
1,18.000000,17.740999,0.481000,-71,0.000000,7,8
1,18.000000,17.851000,0.452000,-71,0.000000,7,8
1,18.000000,17.735001,0.490000,-69,0.000000,7,8
1,18.000000,17.429001,0.680000,-70,0.000000,7,8
1,18.000000,17.660000,0.592000,-71,0.000000,7,8
1,18.000000,17.579000,0.473000,-72,0.000000,7,8
1,18.000000,17.660000,0.564000,-70,0.000000,7,8
1,18.000000,17.535000,0.612000,-73,0.000000,7,8
1,18.000000,17.857000,0.513000,-73,0.000000,7,8
1,18.000000,17.541000,0.675000,-72,0.000000,7,8
1,18.000000,17.698000,0.546000,-72,0.000000,7,8
1,18.000000,17.891001,0.437000,-70,0.000000,7,8
1,18.000000,17.694000,0.510000,-70,0.000000,7,8
1,18.000000,17.466000,0.579000,-70,0.000000,7,8
1,18.000000,17.504000,0.555000,-71,0.000000,7,8
1,18.000000,17.462999,0.620000,-71,0.000000,7,8
1,18.000000,17.423000,0.648000,-73,0.000000,7,8
1,18.000000,17.657000,0.546000,-72,0.000000,7,8
1,18.000000,17.809999,0.505000,-71,0.000000,7,8
1,18.000000,17.694000,0.587000,-71,0.000000,7,8
1,18.000000,17.618999,0.596000,-72,0.000000,7,8
1,18.000000,17.653999,0.604000,-72,0.000000,7,8
1,18.000000,17.541000,0.582000,-70,0.000000,7,8
1,18.000000,17.653999,0.499000,-71,0.000000,7,8
1,18.000000,17.893999,0.432000,-73,0.000000,7,8
1,18.000000,17.778999,0.450000,-71,0.000000,7,8
1,18.000000,17.791000,0.399000,-71,0.000000,7,8
1,18.000000,17.891001,0.388000,-71,0.000000,7,8
1,18.000000,17.816000,0.389000,-70,0.000000,7,8
1,18.000000,17.816000,0.441000,-70,0.000000,7,8
1,18.000000,17.854000,0.465000,-70,0.000000,7,8
1,18.000000,17.854000,0.437000,-70,0.000000,7,8
1,18.000000,17.773001,0.488000,-70,0.000000,7,8
1,18.000000,17.813000,0.471000,-70,0.000000,7,8
1,18.000000,17.778999,0.459000,-70,0.000000,7,8
1,18.000000,17.854000,0.414000,-70,0.000000,7,8
1,18.000000,17.732000,0.487000,-70,0.000000,7,8
1,18.000000,17.813000,0.452000,-70,0.000000,7,8
1,18.000000,17.704000,0.518000,-71,0.000000,7,8
1,18.000000,17.813000,0.423000,-71,0.000000,7,8
1,18.000000,17.691000,0.416000,-71,0.000000,7,8
1,18.000000,17.823000,0.412000,-71,0.000000,7,8
1,18.000000,17.851000,0.415000,-71,0.000000,7,8
1,18.000000,17.888000,0.372000,-71,0.000000,7,8
1,18.000000,17.816000,0.392000,-71,0.000000,7,8
1,18.000000,17.860001,0.364000,-70,0.000000,7,8
1,18.000000,17.820000,0.365000,-71,0.000000,7,8
1,18.000000,17.778999,0.432000,-71,0.000000,7,8
1,18.000000,17.809999,0.464000,-71,0.000000,7,8
1,18.000000,17.860001,0.402000,-71,0.000000,7,8
1,18.000000,17.851000,0.444000,-71,0.000000,7,8
1,18.000000,17.778999,0.417000,-71,0.000000,7,8
1,18.000000,17.891001,0.430000,-71,0.000000,7,8
1,18.000000,17.857000,0.384000,-71,0.000000,7,8
1,18.000000,17.740999,0.450000,-71,0.000000,7,8
1,18.000000,17.691000,0.507000,-71,0.000000,7,8
1,18.000000,17.778999,0.381000,-70,0.000000,7,8
1,18.000000,17.704000,0.454000,-70,0.000000,7,8
1,18.000000,17.778999,0.476000,-70,0.000000,7,8
1,18.000000,17.778999,0.425000,-70,0.000000,7,8
1,18.000000,17.778999,0.409000,-70,0.000000,7,8
1,18.000000,17.773001,0.461000,-71,0.000000,7,8
1,18.000000,17.773001,0.437000,-71,0.000000,7,8
1,18.000000,17.732000,0.381000,-71,0.000000,7,8
1,18.000000,17.851000,0.390000,-71,0.000000,7,8
1,18.000000,17.732000,0.469000,-70,0.000000,7,8
1,18.000000,17.809999,0.463000,-71,0.000000,7,8
1,18.000000,17.740999,0.443000,-70,0.000000,7,8
1,18.000000,17.809999,0.422000,-70,0.000000,7,8
1,18.000000,17.694000,0.464000,-70,0.000000,7,8
1,18.000000,17.820000,0.402000,-71,0.000000,7,8
1,18.000000,17.778999,0.421000,-71,0.000000,7,8
1,18.000000,17.653999,0.452000,-70,0.000000,7,8
1,18.000000,17.820000,0.406000,-71,0.000000,7,8
1,18.000000,17.860001,0.372000,-71,0.000000,7,8
1,18.000000,17.809999,0.413000,-71,0.000000,7,8
1,18.000000,17.816000,0.469000,-71,0.000000,7,8
1,18.000000,17.735001,0.527000,-72,0.000000,7,8
1,18.000000,17.816000,0.441000,-72,0.000000,7,8
1,18.000000,17.698000,0.481000,-72,0.000000,7,8
1,18.000000,17.820000,0.376000,-72,0.000000,7,8
1,18.000000,17.653999,0.413000,-72,0.000000,7,8
1,18.000000,17.775999,0.409000,-72,0.000000,7,8
1,18.000000,17.778999,0.380000,-72,0.000000,7,8
1,18.000000,17.778999,0.406000,-71,0.000000,7,8
1,18.000000,17.809999,0.336000,-71,0.000000,7,8
1,18.000000,17.773001,0.420000,-71,0.000000,7,8
1,18.000000,17.691000,0.409000,-71,0.000000,7,8
1,18.000000,17.740999,0.425000,-71,0.000000,7,8
1,18.000000,17.740999,0.420000,-71,0.000000,7,8
1,18.000000,17.770000,0.412000,-71,0.000000,7,8
1,18.000000,17.694000,0.456000,-70,0.000000,7,8
1,18.000000,17.895000,0.337000,-70,0.000000,7,8
1,18.000000,17.938000,0.340000,-71,0.000000,7,8
1,18.000000,17.929001,0.393000,-70,0.000000,7,8
1,18.000000,17.816000,0.391000,-70,0.000000,7,8
1,18.000000,17.976000,0.358000,-71,0.000000,7,8
1,18.000000,17.816000,0.372000,-70,0.000000,7,8
1,18.000000,17.782000,0.465000,-71,0.000000,7,8
1,18.000000,17.929001,0.401000,-70,0.000000,7,8
1,18.000000,17.888000,0.357000,-71,0.000000,7,8
1,18.000000,17.854000,0.396000,-70,0.000000,7,8
1,18.000000,17.816000,0.415000,-70,0.000000,7,8
1,18.000000,17.934999,0.363000,-70,0.000000,7,8
1,18.000000,17.891001,0.419000,-70,0.000000,7,8
1,18.000000,17.854000,0.408000,-70,0.000000,7,8
1,18.000000,17.888000,0.404000,-70,0.000000,7,8
1,18.000000,17.891001,0.390000,-70,0.000000,7,8
1,18.000000,17.860001,0.397000,-70,0.000000,7,8
1,18.000000,17.854000,0.405000,-70,0.000000,7,8
1,18.000000,17.778999,0.439000,-70,0.000000,7,8
1,18.000000,17.809999,0.451000,-70,0.000000,7,8
1,18.000000,17.773001,0.445000,-70,0.000000,7,8
1,18.000000,17.813000,0.447000,-70,0.000000,7,8
1,18.000000,17.891001,0.407000,-70,0.000000,7,8
1,18.000000,17.809999,0.451000,-71,0.000000,7,8
1,18.000000,17.854000,0.451000,-71,0.000000,7,8
1,18.000000,17.819000,0.400000,-71,0.000000,7,8
1,18.000000,17.732000,0.467000,-71,0.000000,7,8
1,18.000000,17.775999,0.459000,-71,0.000000,7,8
1,18.000000,17.816000,0.428000,-71,0.000000,7,8
1,18.000000,17.854000,0.423000,-71,0.000000,7,8
1,18.000000,17.735001,0.508000,-71,0.000000,7,8
1,18.000000,17.653999,0.541000,-72,0.000000,7,8
1,18.000000,17.691000,0.509000,-72,0.000000,7,8
1,18.000000,17.854000,0.424000,-71,0.000000,7,8
1,18.000000,17.823000,0.448000,-72,0.000000,7,8
1,18.000000,17.691000,0.485000,-72,0.000000,7,8
1,18.000000,17.778999,0.448000,-71,0.000000,7,8
1,18.000000,17.891001,0.425000,-72,0.000000,7,8
1,18.000000,17.816000,0.410000,-71,0.000000,7,8
1,18.000000,17.854000,0.441000,-71,0.000000,7,8
1,18.000000,17.891001,0.407000,-71,0.000000,7,8
1,18.000000,17.973000,0.396000,-71,0.000000,7,8
1,18.000000,17.778999,0.440000,-71,0.000000,7,8
1,18.000000,17.893999,0.409000,-71,0.000000,7,8
1,18.000000,17.809999,0.421000,-71,0.000000,7,8
1,18.000000,17.938000,0.356000,-71,0.000000,7,8
1,18.000000,17.929001,0.350000,-72,0.000000,7,8
1,18.000000,17.732000,0.415000,-71,0.000000,7,8
1,18.000000,17.857000,0.363000,-71,0.000000,7,8
1,18.000000,17.816000,0.374000,-71,0.000000,7,8
1,18.000000,17.888000,0.356000,-71,0.000000,7,8
1,18.000000,17.888000,0.366000,-72,0.000000,7,8
1,18.000000,17.854000,0.405000,-71,0.000000,7,8
1,18.000000,17.735001,0.499000,-71,0.000000,7,8
1,18.000000,17.929001,0.379000,-72,0.000000,7,8
1,18.000000,17.813000,0.490000,-72,0.000000,7,8
1,18.000000,17.816000,0.440000,-72,0.000000,7,8
1,18.000000,17.895000,0.361000,-72,0.000000,7,8
1,18.000000,17.816000,0.447000,-72,0.000000,7,8
1,18.000000,17.813000,0.489000,-71,0.000000,7,8
1,18.000000,17.891001,0.407000,-71,0.000000,7,8
1,18.000000,17.851000,0.415000,-71,0.000000,7,8
1,18.000000,17.691000,0.431000,-71,0.000000,7,8
1,18.000000,17.888000,0.380000,-71,0.000000,7,8
1,18.000000,17.926001,0.386000,-71,0.000000,7,8
1,18.000000,17.770000,0.437000,-71,0.000000,7,8
1,18.000000,17.778999,0.410000,-71,0.000000,7,8
1,18.000000,17.929001,0.372000,-71,0.000000,7,8
1,18.000000,17.888000,0.417000,-71,0.000000,7,8
1,18.000000,17.854000,0.406000,-71,0.000000,7,8
1,18.000000,17.854000,0.394000,-71,0.000000,7,8
1,18.000000,17.857000,0.372000,-71,0.000000,7,8
1,18.000000,17.816000,0.410000,-71,0.000000,7,8
1,18.000000,17.934999,0.369000,-71,0.000000,7,8
1,18.000000,17.809999,0.463000,-71,0.000000,7,8
1,18.000000,17.816000,0.404000,-71,0.000000,7,8
1,18.000000,17.816000,0.391000,-71,0.000000,7,8
1,18.000000,17.851000,0.433000,-71,0.000000,7,8
1,18.000000,17.778999,0.403000,-71,0.000000,7,8
1,18.000000,17.732000,0.411000,-72,0.000000,7,8
1,18.000000,17.816000,0.403000,-72,0.000000,7,8
1,18.000000,17.854000,0.423000,-71,0.000000,7,8
1,18.000000,17.782000,0.414000,-71,0.000000,7,8
1,18.000000,17.775999,0.442000,-72,0.000000,7,8
1,18.000000,17.775999,0.464000,-71,0.000000,7,8
1,18.000000,17.775999,0.500000,-71,0.000000,7,8
1,18.000000,17.819000,0.399000,-71,0.000000,7,8
1,18.000000,17.735001,0.510000,-71,0.000000,7,8
1,18.000000,17.768999,0.448000,-70,0.000000,7,8
1,18.000000,17.891001,0.407000,-71,0.000000,7,8
1,18.000000,17.898001,0.365000,-71,0.000000,7,8
1,18.000000,17.854000,0.427000,-71,0.000000,7,8
1,18.000000,17.778999,0.454000,-71,0.000000,7,8
1,18.000000,17.969000,0.376000,-71,0.000000,7,8
1,18.000000,17.816000,0.426000,-71,0.000000,7,8
1,18.000000,17.816000,0.423000,-71,0.000000,7,8
1,18.000000,17.891001,0.420000,-71,0.000000,7,8
1,18.000000,17.891001,0.378000,-71,0.000000,7,8
1,18.000000,17.898001,0.401000,-71,0.000000,7,8
1,18.000000,17.820000,0.424000,-72,0.000000,7,8
1,18.000000,17.816000,0.441000,-72,0.000000,7,8
1,18.000000,17.888000,0.341000,-72,0.000000,7,8
1,18.000000,17.766001,0.439000,-72,0.000000,7,8
1,18.000000,17.929001,0.395000,-72,0.000000,7,8
1,18.000000,17.816000,0.384000,-72,0.000000,7,8
1,18.000000,17.895000,0.361000,-72,0.000000,7,8
1,18.000000,17.891001,0.418000,-72,0.000000,7,8
1,18.000000,17.809999,0.413000,-72,0.000000,7,8
1,18.000000,17.809999,0.392000,-72,0.000000,7,8
1,18.000000,17.851000,0.434000,-72,0.000000,7,8
1,18.000000,17.740999,0.409000,-72,0.000000,7,8
1,18.000000,17.931999,0.350000,-72,0.000000,7,8
1,18.000000,17.740999,0.455000,-72,0.000000,7,8
1,18.000000,17.816000,0.412000,-72,0.000000,7,8
1,18.000000,17.816000,0.411000,-72,0.000000,7,8
1,18.000000,17.691000,0.421000,-72,0.000000,7,8
1,18.000000,17.816000,0.390000,-72,0.000000,7,8
1,18.000000,17.816000,0.425000,-72,0.000000,7,8
1,18.000000,17.888000,0.425000,-72,0.000000,7,8
1,18.000000,17.891001,0.389000,-72,0.000000,7,8
1,18.000000,17.773001,0.471000,-71,0.000000,7,8
1,18.000000,17.778999,0.397000,-71,0.000000,7,8
1,18.000000,17.813000,0.423000,-72,0.000000,7,8
1,18.000000,17.848000,0.374000,-72,0.000000,7,8
1,18.000000,17.813000,0.449000,-71,0.000000,7,8
1,18.000000,17.778999,0.423000,-70,0.000000,7,8
1,18.000000,17.775999,0.487000,-70,0.000000,7,8
1,18.000000,17.709999,0.445000,-71,0.000000,7,8
1,18.000000,17.891001,0.343000,-70,0.000000,7,8
1,18.000000,17.732000,0.464000,-70,0.000000,7,8
1,18.000000,17.429001,0.592000,-70,0.000000,7,8
1,18.000000,17.782000,0.434000,-70,0.000000,7,8
1,18.000000,17.854000,0.428000,-70,0.000000,7,8
1,18.000000,17.622999,0.484000,-70,0.000000,7,8
1,18.000000,17.782000,0.442000,-70,0.000000,7,8
1,18.000000,17.854000,0.412000,-70,0.000000,7,8
1,18.000000,17.738001,0.468000,-70,0.000000,7,8
1,18.000000,17.819000,0.376000,-70,0.000000,7,8
1,18.000000,17.854000,0.357000,-70,0.000000,7,8
1,18.000000,17.653999,0.518000,-70,0.000000,7,8
1,18.000000,17.806999,0.361000,-70,0.000000,7,8
1,18.000000,17.698000,0.394000,-70,0.000000,7,8
1,18.000000,17.732000,0.426000,-70,0.000000,7,8
1,18.000000,17.806999,0.389000,-70,0.000000,7,8
1,18.000000,17.893999,0.335000,-70,0.000000,7,8
1,18.000000,17.804001,0.402000,-70,0.000000,7,8
1,18.000000,17.891001,0.379000,-70,0.000000,7,8
1,18.000000,17.785000,0.452000,-70,0.000000,7,8
1,18.000000,17.691000,0.464000,-70,0.000000,7,8
1,18.000000,17.775999,0.475000,-70,0.000000,7,8
1,18.000000,17.813000,0.402000,-70,0.000000,7,8
1,18.000000,17.898001,0.398000,-70,0.000000,7,8
1,18.000000,17.891001,0.384000,-70,0.000000,7,8
1,18.000000,17.888000,0.391000,-70,0.000000,7,8
1,18.000000,18.013000,0.311000,-70,0.000000,7,8
1,18.000000,17.934999,0.358000,-71,0.000000,7,8
1,18.000000,17.929001,0.395000,-71,0.000000,7,8
1,18.000000,17.854000,0.375000,-71,0.000000,7,8
1,18.000000,17.891001,0.394000,-71,0.000000,7,8
1,18.000000,17.898001,0.313000,-72,0.000000,7,8
1,18.000000,17.785000,0.449000,-71,0.000000,7,8
1,18.000000,17.804001,0.436000,-72,0.000000,7,8
1,18.000000,17.653999,0.453000,-72,0.000000,7,8
1,18.000000,17.660000,0.469000,-72,0.000000,7,8
1,18.000000,17.504000,0.546000,-71,0.000000,7,8
1,18.000000,17.657000,0.501000,-72,0.000000,7,8
1,18.000000,17.775999,0.444000,-72,0.000000,7,8
1,18.000000,17.735001,0.462000,-72,0.000000,7,8
1,18.000000,17.778999,0.385000,-71,0.000000,7,8
1,18.000000,17.773001,0.416000,-71,0.000000,7,8
1,18.000000,17.775999,0.450000,-71,0.000000,7,8
1,18.000000,17.704000,0.388000,-71,0.000000,7,8
1,18.000000,17.857000,0.350000,-72,0.000000,7,8
1,18.000000,17.816000,0.392000,-72,0.000000,7,8
1,18.000000,17.775999,0.404000,-71,0.000000,7,8
1,18.000000,17.854000,0.423000,-71,0.000000,7,8
1,18.000000,17.816000,0.373000,-71,0.000000,7,8
1,18.000000,17.891001,0.338000,-71,0.000000,7,8
1,18.000000,17.860001,0.396000,-71,0.000000,7,8
1,18.000000,18.041000,0.372000,-70,0.000000,7,8
1,18.000000,17.653999,0.549000,-73,0.000000,7,8
1,18.000000,18.007000,0.292000,-73,0.000000,7,8
1,18.000000,17.782000,0.516000,-72,0.000000,7,8
1,18.000000,17.816000,0.443000,-73,0.000000,7,8
1,18.000000,17.615999,0.541000,-71,0.000000,7,8
1,18.000000,17.615999,0.601000,-73,0.000000,7,8
1,18.000000,17.857000,0.467000,-74,0.000000,7,8
1,18.000000,17.695000,0.599000,-73,0.000000,7,8
1,18.000000,17.768999,0.502000,-73,0.000000,7,8
1,18.000000,17.778999,0.470000,-73,0.000000,7,8
1,18.000000,17.773001,0.459000,-73,0.000000,7,8
1,18.000000,17.820000,0.343000,-74,0.000000,7,8
1,18.000000,17.823000,0.297000,-74,0.000000,7,8
1,18.000000,17.732000,0.494000,-76,0.000000,7,8
1,18.000000,17.891001,0.345000,-73,0.000000,7,8
1,18.000000,17.738001,0.415000,-72,0.000000,7,8
1,18.000000,17.695000,0.517000,-73,0.000000,7,8
1,18.000000,17.854000,0.395000,-74,0.000000,7,8
1,18.000000,17.510000,0.573000,-73,0.000000,7,8
1,18.000000,17.541000,0.541000,-73,0.000000,7,8
1,18.000000,17.735001,0.484000,-73,0.000000,7,8
1,18.000000,17.660000,0.522000,-73,0.000000,7,8
1,18.000000,17.865999,0.372000,-74,0.000000,7,8
1,18.000000,17.740999,0.448000,-74,0.000000,7,8
1,18.000000,17.729000,0.423000,-74,0.000000,7,8
1,18.000000,17.938000,0.390000,-74,0.000000,7,8
1,18.000000,17.931999,0.432000,-74,0.000000,7,8
1,18.000000,17.778999,0.386000,-74,0.000000,7,8
1,18.000000,17.653999,0.447000,-74,0.000000,7,8
1,18.000000,17.660000,0.566000,-73,0.000000,7,8
1,18.000000,17.854000,0.421000,-73,0.000000,7,8
1,18.000000,17.929001,0.394000,-74,0.000000,7,8
1,18.000000,17.766001,0.388000,-73,0.000000,7,8
1,18.000000,17.732000,0.402000,-72,0.000000,7,8
1,18.000000,17.773001,0.481000,-73,0.000000,7,8
1,18.000000,17.891001,0.396000,-72,0.000000,7,8
1,18.000000,17.854000,0.418000,-73,0.000000,7,8
1,18.000000,17.695000,0.457000,-72,0.000000,7,8
1,18.000000,17.510000,0.635000,-71,0.000000,7,8
1,18.000000,17.778999,0.430000,-72,0.000000,7,8
1,18.000000,17.778999,0.523000,-72,0.000000,7,8
1,18.000000,17.698000,0.590000,-72,0.000000,7,8
1,18.000000,17.701000,0.550000,-73,0.000000,7,8
1,18.000000,17.816000,0.471000,-73,0.000000,7,8
1,18.000000,17.813000,0.469000,-72,0.000000,7,8
1,18.000000,17.660000,0.564000,-72,0.000000,7,8
1,18.000000,17.891001,0.420000,-72,0.000000,7,8
1,18.000000,17.698000,0.504000,-71,0.000000,7,8
1,18.000000,17.618999,0.500000,-70,0.000000,7,8
1,18.000000,17.615999,0.511000,-71,0.000000,7,8
1,18.000000,17.423000,0.607000,-70,0.000000,7,8
1,18.000000,17.541000,0.536000,-71,0.000000,7,8
1,18.000000,17.576000,0.535000,-71,0.000000,7,8
1,18.000000,17.579000,0.614000,-70,0.000000,7,8
1,18.000000,17.615999,0.611000,-70,0.000000,7,8
1,18.000000,17.820000,0.473000,-71,0.000000,7,8
1,18.000000,17.653999,0.596000,-70,0.000000,7,8
1,18.000000,17.778999,0.498000,-70,0.000000,7,8
1,18.000000,17.773001,0.514000,-70,0.000000,7,8
1,18.000000,17.745001,0.532000,-71,0.000000,7,8
1,18.000000,17.854000,0.447000,-70,0.000000,7,8
1,18.000000,17.854000,0.403000,-71,0.000000,7,8
1,18.000000,17.860001,0.425000,-72,0.000000,7,8
1,18.000000,17.860001,0.440000,-72,0.000000,7,8
1,18.000000,17.740999,0.436000,-72,0.000000,7,8
1,18.000000,17.809999,0.401000,-73,0.000000,7,8
1,18.000000,17.813000,0.390000,-73,0.000000,7,8
1,18.000000,17.579000,0.496000,-72,0.000000,7,8
1,18.000000,17.775999,0.385000,-72,0.000000,7,8
1,18.000000,17.579000,0.499000,-71,0.000000,7,8
1,18.000000,17.701000,0.464000,-71,0.000000,7,8
1,18.000000,17.579000,0.527000,-72,0.000000,7,8
1,18.000000,17.579000,0.494000,-72,0.000000,7,8
1,18.000000,17.735001,0.493000,-72,0.000000,7,8
1,18.000000,17.698000,0.545000,-72,0.000000,7,8
1,18.000000,17.740999,0.411000,-72,0.000000,7,8
1,18.000000,17.740999,0.447000,-72,0.000000,7,8
1,18.000000,17.541000,0.627000,-71,0.000000,7,8
1,18.000000,17.698000,0.531000,-72,0.000000,7,8
1,18.000000,17.738001,0.492000,-72,0.000000,7,8
1,18.000000,17.653999,0.521000,-71,0.000000,7,8
1,18.000000,17.698000,0.543000,-72,0.000000,7,8
1,18.000000,17.775999,0.482000,-71,0.000000,7,8
1,18.000000,17.615999,0.613000,-71,0.000000,7,8
1,18.000000,17.735001,0.508000,-71,0.000000,7,8
1,18.000000,17.770000,0.494000,-71,0.000000,7,8
1,18.000000,17.738001,0.456000,-71,0.000000,7,8
1,18.000000,17.698000,0.548000,-71,0.000000,7,8
1,18.000000,17.704000,0.528000,-71,0.000000,7,8
1,18.000000,17.694000,0.585000,-71,0.000000,7,8
1,18.000000,17.653999,0.547000,-72,0.000000,7,8
1,18.000000,17.773001,0.552000,-71,0.000000,7,8
1,18.000000,17.773001,0.513000,-71,0.000000,7,8
1,18.000000,17.893999,0.455000,-71,0.000000,7,8
1,18.000000,17.773001,0.503000,-71,0.000000,7,8
1,18.000000,17.701000,0.521000,-71,0.000000,7,8
1,18.000000,17.740999,0.530000,-72,0.000000,7,8
1,18.000000,17.629000,0.541000,-71,0.000000,7,8
1,18.000000,17.620001,0.567000,-71,0.000000,7,8
1,18.000000,17.738001,0.526000,-71,0.000000,7,8
1,18.000000,17.809999,0.423000,-71,0.000000,7,8
1,18.000000,17.735001,0.484000,-71,0.000000,7,8
1,18.000000,17.615999,0.554000,-71,0.000000,7,8
1,18.000000,17.857000,0.421000,-71,0.000000,7,8
1,18.000000,17.735001,0.505000,-71,0.000000,7,8
1,18.000000,17.660000,0.562000,-70,0.000000,7,8
1,18.000000,17.615999,0.562000,-70,0.000000,7,8
1,18.000000,17.694000,0.509000,-70,0.000000,7,8
1,18.000000,17.704000,0.518000,-70,0.000000,7,8
1,18.000000,17.740999,0.490000,-70,0.000000,7,8
1,18.000000,17.660000,0.578000,-70,0.000000,7,8
1,18.000000,17.735001,0.525000,-70,0.000000,7,8
1,18.000000,17.660000,0.578000,-70,0.000000,7,8
1,18.000000,17.618999,0.532000,-70,0.000000,7,8
1,18.000000,17.740999,0.492000,-70,0.000000,7,8
1,18.000000,17.816000,0.467000,-70,0.000000,7,8
1,18.000000,17.663000,0.548000,-70,0.000000,7,8
1,18.000000,17.694000,0.546000,-70,0.000000,7,8
1,18.000000,17.629000,0.542000,-70,0.000000,7,8
1,18.000000,17.622999,0.538000,-70,0.000000,7,8
1,18.000000,17.691000,0.457000,-70,0.000000,7,8
1,18.000000,17.653999,0.491000,-70,0.000000,7,8
1,18.000000,17.729000,0.434000,-70,0.000000,7,8
1,18.000000,17.735001,0.463000,-70,0.000000,7,8
1,18.000000,17.743999,0.482000,-70,0.000000,7,8
1,18.000000,17.663000,0.506000,-70,0.000000,7,8
1,18.000000,17.622999,0.538000,-70,0.000000,7,8
1,18.000000,17.738001,0.468000,-71,0.000000,7,8
1,18.000000,17.735001,0.471000,-71,0.000000,7,8
1,18.000000,17.625999,0.543000,-70,0.000000,7,8
1,18.000000,17.738001,0.448000,-71,0.000000,7,8
1,18.000000,17.707001,0.453000,-71,0.000000,7,8
1,18.000000,17.653999,0.476000,-71,0.000000,7,8
1,18.000000,17.704000,0.542000,-70,0.000000,7,8
1,18.000000,17.732000,0.471000,-70,0.000000,7,8
1,18.000000,17.732000,0.471000,-71,0.000000,7,8
1,18.000000,17.775999,0.444000,-70,0.000000,7,8
1,18.000000,17.615999,0.507000,-70,0.000000,7,8
1,18.000000,17.857000,0.426000,-71,0.000000,7,8
1,18.000000,17.819000,0.444000,-71,0.000000,7,8
1,18.000000,17.701000,0.544000,-70,0.000000,7,8
1,18.000000,17.885000,0.475000,-70,0.000000,7,8
1,18.000000,17.653999,0.513000,-70,0.000000,7,8
1,18.000000,17.695000,0.486000,-70,0.000000,7,8
1,18.000000,17.653999,0.515000,-70,0.000000,7,8
1,18.000000,17.740999,0.533000,-70,0.000000,7,8
1,18.000000,17.707001,0.500000,-70,0.000000,7,8
1,18.000000,17.775999,0.502000,-70,0.000000,7,8
1,18.000000,17.773001,0.507000,-70,0.000000,7,8
1,18.000000,17.704000,0.516000,-70,0.000000,7,8
1,18.000000,17.738001,0.527000,-70,0.000000,7,8
1,18.000000,17.740999,0.570000,-71,0.000000,7,8
1,18.000000,17.823000,0.486000,-71,0.000000,7,8
1,18.000000,17.816000,0.456000,-71,0.000000,7,8
1,18.000000,17.738001,0.485000,-71,0.000000,7,8
1,18.000000,17.740999,0.523000,-71,0.000000,7,8
1,18.000000,17.698000,0.544000,-71,0.000000,7,8
1,18.000000,17.657000,0.564000,-71,0.000000,7,8
1,18.000000,17.854000,0.450000,-71,0.000000,7,8
1,18.000000,17.895000,0.396000,-71,0.000000,7,8
1,18.000000,17.778999,0.510000,-71,0.000000,7,8
1,18.000000,17.704000,0.494000,-71,0.000000,7,8
1,18.000000,17.778999,0.529000,-71,0.000000,7,8
1,18.000000,17.854000,0.438000,-70,0.000000,7,8
1,18.000000,17.740999,0.536000,-71,0.000000,7,8
1,18.000000,17.698000,0.544000,-70,0.000000,7,8
1,18.000000,17.768999,0.475000,-70,0.000000,7,8
1,18.000000,17.709999,0.581000,-70,0.000000,7,8
1,18.000000,17.738001,0.510000,-70,0.000000,7,8
1,18.000000,17.851000,0.478000,-70,0.000000,7,8
1,18.000000,17.666000,0.592000,-70,0.000000,7,8
1,18.000000,17.851000,0.437000,-70,0.000000,7,8
1,18.000000,17.735001,0.531000,-69,0.000000,7,8
1,18.000000,17.891001,0.402000,-70,0.000000,7,8
1,18.000000,17.773001,0.508000,-70,0.000000,7,8
1,18.000000,17.735001,0.513000,-70,0.000000,7,8
1,18.000000,17.865999,0.422000,-70,0.000000,7,8
1,18.000000,17.885000,0.484000,-70,0.000000,7,8
1,18.000000,17.851000,0.431000,-70,0.000000,7,8
1,18.000000,17.860001,0.455000,-69,0.000000,7,8
1,18.000000,17.823000,0.438000,-70,0.000000,7,8
1,18.000000,17.775999,0.495000,-69,0.000000,7,8
1,18.000000,17.735001,0.537000,-70,0.000000,7,8
1,18.000000,17.809999,0.463000,-70,0.000000,7,8
1,18.000000,17.816000,0.455000,-70,0.000000,7,8
1,18.000000,17.660000,0.576000,-69,0.000000,7,8
1,18.000000,17.660000,0.567000,-70,0.000000,7,8
1,18.000000,17.775999,0.500000,-70,0.000000,7,8
1,18.000000,17.704000,0.513000,-70,0.000000,7,8
1,18.000000,17.704000,0.574000,-70,0.000000,7,8
1,18.000000,17.773001,0.531000,-70,0.000000,7,8
1,18.000000,17.698000,0.548000,-70,0.000000,7,8
1,18.000000,17.615999,0.601000,-70,0.000000,7,8
1,18.000000,17.854000,0.465000,-70,0.000000,7,8
1,18.000000,17.775999,0.520000,-71,0.000000,7,8
1,18.000000,17.735001,0.539000,-70,0.000000,7,8
1,18.000000,17.773001,0.492000,-71,0.000000,7,8
1,18.000000,17.820000,0.459000,-71,0.000000,7,8
1,18.000000,17.854000,0.450000,-71,0.000000,7,8
1,18.000000,17.860001,0.436000,-71,0.000000,7,8
1,18.000000,17.854000,0.451000,-72,0.000000,7,8
1,18.000000,17.740999,0.494000,-72,0.000000,7,8
1,18.000000,17.698000,0.489000,-72,0.000000,7,8
1,18.000000,17.854000,0.439000,-72,0.000000,7,8
1,18.000000,17.745001,0.494000,-72,0.000000,7,8
1,18.000000,17.813000,0.466000,-73,0.000000,7,8
1,18.000000,17.851000,0.439000,-73,0.000000,7,8
1,18.000000,17.820000,0.396000,-73,0.000000,7,8
1,18.000000,17.891001,0.378000,-74,0.000000,7,8
1,18.000000,17.898001,0.349000,-73,0.000000,7,8
1,18.000000,17.813000,0.399000,-73,0.000000,7,8
1,18.000000,17.809999,0.409000,-73,0.000000,7,8
1,18.000000,17.891001,0.379000,-73,0.000000,7,8
1,18.000000,17.735001,0.455000,-72,0.000000,7,8
1,18.000000,17.819000,0.471000,-72,0.000000,7,8
1,18.000000,17.738001,0.481000,-71,0.000000,7,8
1,18.000000,17.738001,0.482000,-71,0.000000,7,8
1,18.000000,17.663000,0.564000,-70,0.000000,7,8
1,18.000000,17.541000,0.629000,-70,0.000000,7,8
1,18.000000,17.579000,0.598000,-70,0.000000,7,8
1,18.000000,17.587999,0.579000,-70,0.000000,7,8
1,18.000000,17.660000,0.552000,-69,0.000000,7,8
1,18.000000,17.857000,0.456000,-69,0.000000,7,8
1,18.000000,17.694000,0.452000,-69,0.000000,7,8
1,18.000000,17.773001,0.481000,-69,0.000000,7,8
1,18.000000,17.962999,0.397000,-70,0.000000,7,8
1,18.000000,17.768999,0.395000,-70,0.000000,7,8
1,18.000000,17.778999,0.478000,-70,0.000000,7,8
1,18.000000,17.778999,0.400000,-70,0.000000,7,8
1,18.000000,17.973000,0.351000,-70,0.000000,7,8
1,18.000000,17.891001,0.359000,-70,0.000000,7,8
1,18.000000,17.735001,0.477000,-69,0.000000,7,8
1,18.000000,17.778999,0.441000,-70,0.000000,7,8
1,18.000000,17.698000,0.492000,-70,0.000000,7,8
1,18.000000,17.691000,0.464000,-69,0.000000,7,8
1,18.000000,17.893999,0.367000,-70,0.000000,7,8
1,18.000000,17.653999,0.518000,-69,0.000000,7,8
1,18.000000,17.618999,0.505000,-69,0.000000,7,8
1,18.000000,17.966000,0.350000,-70,0.000000,7,8
1,18.000000,17.766001,0.409000,-70,0.000000,7,8
1,18.000000,17.891001,0.368000,-69,0.000000,7,8
1,18.000000,17.854000,0.392000,-69,0.000000,7,8
1,18.000000,17.809999,0.484000,-69,0.000000,7,8
1,18.000000,17.698000,0.504000,-69,0.000000,7,8
1,18.000000,17.657000,0.524000,-69,0.000000,7,8
1,18.000000,17.854000,0.409000,-69,0.000000,7,8
1,18.000000,17.782000,0.503000,-70,0.000000,7,8
1,18.000000,17.615999,0.582000,-69,0.000000,7,8
1,18.000000,17.729000,0.500000,-69,0.000000,7,8
1,18.000000,17.615999,0.516000,-69,0.000000,7,8
1,18.000000,17.704000,0.511000,-69,0.000000,7,8
1,18.000000,17.694000,0.514000,-69,0.000000,7,8
1,18.000000,17.615999,0.562000,-69,0.000000,7,8
1,18.000000,17.816000,0.455000,-69,0.000000,7,8
1,18.000000,17.698000,0.531000,-69,0.000000,7,8
1,18.000000,17.773001,0.473000,-70,0.000000,7,8
1,18.000000,17.782000,0.425000,-70,0.000000,7,8
1,18.000000,17.740999,0.504000,-70,0.000000,7,8
1,18.000000,17.618999,0.555000,-70,0.000000,7,8
1,18.000000,17.813000,0.461000,-69,0.000000,7,8
1,18.000000,17.735001,0.508000,-70,0.000000,7,8
1,18.000000,17.738001,0.502000,-69,0.000000,7,8
1,18.000000,17.729000,0.457000,-69,0.000000,7,8
1,18.000000,17.740999,0.487000,-70,0.000000,7,8
1,18.000000,17.826000,0.465000,-70,0.000000,7,8
1,18.000000,17.657000,0.495000,-70,0.000000,7,8
1,18.000000,17.666000,0.568000,-69,0.000000,7,8
1,18.000000,17.666000,0.514000,-69,0.000000,7,8
1,18.000000,17.775999,0.486000,-69,0.000000,7,8
1,18.000000,17.773001,0.452000,-69,0.000000,7,8
1,18.000000,17.541000,0.573000,-69,0.000000,7,8
1,18.000000,17.613001,0.558000,-70,0.000000,7,8
1,18.000000,17.738001,0.535000,-70,0.000000,7,8
1,18.000000,17.735001,0.504000,-70,0.000000,7,8
1,18.000000,17.898001,0.362000,-71,0.000000,7,8
1,18.000000,17.740999,0.410000,-71,0.000000,7,8
1,18.000000,17.773001,0.469000,-71,0.000000,7,8
1,18.000000,17.782000,0.480000,-71,0.000000,7,8
1,18.000000,17.782000,0.505000,-71,0.000000,7,8
1,18.000000,17.740999,0.588000,-72,0.000000,7,8
1,18.000000,17.657000,0.603000,-72,0.000000,7,8
1,18.000000,17.666000,0.623000,-72,0.000000,7,8
1,18.000000,17.848000,0.487000,-71,0.000000,7,8
1,18.000000,17.816000,0.524000,-70,0.000000,7,8
1,18.000000,17.723000,0.618000,-71,0.000000,7,8
1,18.000000,17.653999,0.632000,-73,0.000000,7,8
1,18.000000,17.666000,0.397000,-75,0.000000,7,8
1,18.000000,17.775999,0.320000,-76,0.000000,7,8
1,18.000000,17.666000,0.328000,-74,0.000000,7,8
1,18.000000,17.775999,0.323000,-72,0.000000,7,8
1,18.000000,17.615999,0.471000,-71,0.000000,7,8
1,18.000000,17.613001,0.530000,-72,0.000000,7,8
1,18.000000,17.579000,0.519000,-73,0.000000,7,8
1,18.000000,17.579000,0.540000,-72,0.000000,7,8
1,18.000000,17.778999,0.349000,-72,0.000000,7,8
1,18.000000,17.653999,0.405000,-72,0.000000,7,8
1,18.000000,17.816000,0.310000,-71,0.000000,7,8
1,18.000000,17.738001,0.388000,-69,0.000000,7,8
1,18.000000,17.782000,0.384000,-70,0.000000,7,8
1,18.000000,17.778999,0.451000,-71,0.000000,7,8
1,18.000000,17.729000,0.501000,-72,0.000000,7,8
1,18.000000,17.691000,0.720000,-73,0.000000,7,8
1,18.000000,17.778999,0.680000,-73,0.000000,7,8
1,18.000000,17.773001,0.403000,-72,0.000000,7,8
1,18.000000,17.618999,0.460000,-70,0.000000,7,8
1,18.000000,17.823000,0.256000,-71,0.000000,7,8
1,18.000000,17.773001,0.334000,-71,0.000000,7,8
1,18.000000,17.813000,0.298000,-71,0.000000,7,8
1,18.000000,17.778999,0.366000,-70,0.000000,7,8
1,18.000000,17.650999,0.405000,-70,0.000000,7,8
1,18.000000,17.541000,0.462000,-71,0.000000,7,8
1,18.000000,17.778999,0.337000,-70,0.000000,7,8
1,18.000000,17.698000,0.340000,-71,0.000000,7,8
1,18.000000,17.732000,0.362000,-70,0.000000,7,8
1,18.000000,17.738001,0.410000,-70,0.000000,7,8
1,18.000000,17.768999,0.363000,-71,0.000000,7,8
1,18.000000,17.813000,0.334000,-71,0.000000,7,8
1,18.000000,17.813000,0.388000,-71,0.000000,7,8
1,18.000000,17.735001,0.363000,-71,0.000000,7,8
1,18.000000,17.615999,0.457000,-71,0.000000,7,8
1,18.000000,17.691000,0.388000,-71,0.000000,7,8
1,18.000000,17.582001,0.436000,-71,0.000000,7,8
1,18.000000,17.618999,0.408000,-71,0.000000,7,8
1,18.000000,17.504000,0.452000,-71,0.000000,7,8
1,18.000000,17.548000,0.501000,-71,0.000000,7,8
1,18.000000,17.391001,0.547000,-71,0.000000,7,8
1,18.000000,17.618999,0.421000,-72,0.000000,7,8
1,18.000000,17.541000,0.470000,-72,0.000000,7,8
1,18.000000,17.510000,0.469000,-72,0.000000,7,8
1,18.000000,17.548000,0.463000,-72,0.000000,7,8
1,18.000000,17.579000,0.453000,-72,0.000000,7,8
1,18.000000,17.429001,0.479000,-72,0.000000,7,8
1,18.000000,17.582001,0.408000,-72,0.000000,7,8
1,18.000000,17.388000,0.564000,-72,0.000000,7,8
1,18.000000,17.304001,0.547000,-72,0.000000,7,8
1,18.000000,17.466000,0.484000,-72,0.000000,7,8
1,18.000000,17.538000,0.538000,-72,0.000000,7,8
1,18.000000,17.615999,0.500000,-72,0.000000,7,8
1,18.000000,17.535000,0.483000,-72,0.000000,7,8
1,18.000000,17.618999,0.430000,-72,0.000000,7,8
1,18.000000,17.354000,0.528000,-72,0.000000,7,8
1,18.000000,17.579000,0.453000,-72,0.000000,7,8
1,18.000000,17.618999,0.431000,-72,0.000000,7,8
1,18.000000,17.504000,0.471000,-72,0.000000,7,8
1,18.000000,17.500999,0.557000,-72,0.000000,7,8
1,18.000000,17.429001,0.507000,-71,0.000000,7,8
1,18.000000,17.431999,0.548000,-72,0.000000,7,8
1,18.000000,17.459999,0.557000,-72,0.000000,7,8
1,18.000000,17.579000,0.471000,-71,0.000000,7,8
1,18.000000,17.462999,0.552000,-72,0.000000,7,8
1,18.000000,17.648001,0.474000,-72,0.000000,7,8
1,18.000000,17.354000,0.582000,-72,0.000000,7,8
1,18.000000,17.538000,0.548000,-72,0.000000,7,8
1,18.000000,17.504000,0.491000,-72,0.000000,7,8
1,18.000000,17.584999,0.458000,-72,0.000000,7,8
1,18.000000,17.466000,0.520000,-72,0.000000,7,8
1,18.000000,17.666000,0.431000,-72,0.000000,7,8
1,18.000000,17.510000,0.552000,-72,0.000000,7,8
1,18.000000,17.466000,0.490000,-72,0.000000,7,8
1,18.000000,17.548000,0.506000,-72,0.000000,7,8
1,18.000000,17.615999,0.463000,-72,0.000000,7,8
1,18.000000,17.459999,0.567000,-72,0.000000,7,8
1,18.000000,17.584999,0.396000,-72,0.000000,7,8
1,18.000000,17.504000,0.485000,-72,0.000000,7,8
1,18.000000,17.579000,0.482000,-71,0.000000,7,8
1,18.000000,17.507000,0.484000,-72,0.000000,7,8
1,18.000000,17.538000,0.413000,-72,0.000000,7,8
1,18.000000,17.541000,0.478000,-72,0.000000,7,8
1,18.000000,17.541000,0.463000,-72,0.000000,7,8
1,18.000000,17.584999,0.405000,-71,0.000000,7,8
1,18.000000,17.587999,0.479000,-71,0.000000,7,8
1,18.000000,17.615999,0.457000,-71,0.000000,7,8
1,18.000000,17.579000,0.498000,-71,0.000000,7,8
1,18.000000,17.548000,0.542000,-71,0.000000,7,8
1,18.000000,17.504000,0.525000,-71,0.000000,7,8
1,18.000000,17.504000,0.548000,-71,0.000000,7,8
1,18.000000,17.548000,0.499000,-72,0.000000,7,8
1,18.000000,17.429001,0.555000,-72,0.000000,7,8
1,18.000000,17.391001,0.547000,-72,0.000000,7,8
1,18.000000,17.497999,0.507000,-72,0.000000,7,8
1,18.000000,17.459999,0.527000,-72,0.000000,7,8
1,18.000000,17.615999,0.447000,-73,0.000000,7,8
1,18.000000,17.541000,0.443000,-73,0.000000,7,8
1,18.000000,17.551001,0.480000,-72,0.000000,7,8
1,18.000000,17.500999,0.527000,-72,0.000000,7,8
1,18.000000,17.429001,0.541000,-73,0.000000,7,8
1,18.000000,17.507000,0.510000,-73,0.000000,7,8
1,18.000000,17.423000,0.533000,-72,0.000000,7,8
1,18.000000,17.431999,0.495000,-73,0.000000,7,8
1,18.000000,17.666000,0.414000,-73,0.000000,7,8
1,18.000000,17.541000,0.488000,-72,0.000000,7,8
1,18.000000,17.510000,0.483000,-72,0.000000,7,8
1,18.000000,17.466000,0.527000,-73,0.000000,7,8
1,18.000000,17.429001,0.499000,-73,0.000000,7,8
1,18.000000,17.423000,0.547000,-72,0.000000,7,8
1,18.000000,17.459999,0.534000,-72,0.000000,7,8
1,18.000000,17.469999,0.529000,-73,0.000000,7,8
1,18.000000,17.579000,0.421000,-72,0.000000,7,8
1,18.000000,17.459999,0.530000,-72,0.000000,7,8
1,18.000000,17.538000,0.488000,-72,0.000000,7,8
1,18.000000,17.507000,0.478000,-72,0.000000,7,8
1,18.000000,17.704000,0.439000,-71,0.000000,7,8
1,18.000000,17.707001,0.411000,-71,0.000000,7,8
1,18.000000,17.510000,0.511000,-71,0.000000,7,8
1,18.000000,17.738001,0.442000,-70,0.000000,7,8
1,18.000000,17.823000,0.367000,-70,0.000000,7,8
1,18.000000,17.854000,0.338000,-70,0.000000,7,8
1,18.000000,17.929001,0.282000,-70,0.000000,7,8
1,18.000000,17.895000,0.321000,-70,0.000000,7,8
1,18.000000,17.929001,0.315000,-70,0.000000,7,8
1,18.000000,17.782000,0.364000,-70,0.000000,7,8
1,18.000000,17.618999,0.419000,-69,0.000000,7,8
1,18.000000,17.629000,0.397000,-69,0.000000,7,8
1,18.000000,17.653999,0.420000,-69,0.000000,7,8
1,18.000000,17.704000,0.320000,-70,0.000000,7,8
1,18.000000,17.613001,0.431000,-70,0.000000,7,8
1,18.000000,17.740999,0.374000,-70,0.000000,7,8
1,18.000000,17.857000,0.268000,-71,0.000000,7,8
1,18.000000,17.929001,0.256000,-72,0.000000,7,8
1,18.000000,17.929001,0.254000,-72,0.000000,7,8
1,18.000000,17.768999,0.353000,-72,0.000000,7,8
1,18.000000,17.891001,0.351000,-73,0.000000,7,8
1,18.000000,17.860001,0.374000,-73,0.000000,7,8
1,18.000000,17.888000,0.392000,-74,0.000000,7,8
1,18.000000,17.854000,0.358000,-74,0.000000,7,8
1,18.000000,17.900999,0.371000,-74,0.000000,7,8
1,18.000000,17.820000,0.343000,-74,0.000000,7,8
1,18.000000,17.891001,0.325000,-74,0.000000,7,8
1,18.000000,17.813000,0.329000,-73,0.000000,7,8
1,18.000000,17.820000,0.330000,-72,0.000000,7,8
1,18.000000,17.816000,0.331000,-71,0.000000,7,8
1,18.000000,17.773001,0.384000,-70,0.000000,7,8
1,18.000000,17.775999,0.380000,-70,0.000000,7,8
1,18.000000,17.816000,0.407000,-70,0.000000,7,8
1,18.000000,17.732000,0.425000,-71,0.000000,7,8
1,18.000000,17.857000,0.375000,-71,0.000000,7,8
1,18.000000,17.735001,0.474000,-71,0.000000,7,8
1,18.000000,17.778999,0.396000,-72,0.000000,7,8
1,18.000000,17.891001,0.421000,-72,0.000000,7,8
1,18.000000,17.694000,0.396000,-72,0.000000,7,8
1,18.000000,17.816000,0.383000,-71,0.000000,7,8
1,18.000000,17.688000,0.407000,-72,0.000000,7,8
1,18.000000,17.773001,0.362000,-72,0.000000,7,8
1,18.000000,17.816000,0.399000,-71,0.000000,7,8
1,18.000000,17.660000,0.465000,-71,0.000000,7,8
1,18.000000,17.584999,0.559000,-71,0.000000,7,8
1,18.000000,17.618999,0.478000,-71,0.000000,7,8
1,18.000000,17.582001,0.497000,-71,0.000000,7,8
1,18.000000,17.615999,0.468000,-71,0.000000,7,8
1,18.000000,17.660000,0.452000,-71,0.000000,7,8
1,18.000000,17.538000,0.531000,-71,0.000000,7,8
1,18.000000,17.391001,0.554000,-71,0.000000,7,8
1,18.000000,17.548000,0.483000,-71,0.000000,7,8
1,18.000000,17.507000,0.527000,-71,0.000000,7,8
1,18.000000,17.851000,0.394000,-71,0.000000,7,8
1,18.000000,17.618999,0.484000,-71,0.000000,7,8
1,18.000000,17.507000,0.594000,-71,0.000000,7,8
1,18.000000,17.582001,0.456000,-71,0.000000,7,8
1,18.000000,17.625999,0.526000,-71,0.000000,7,8
1,18.000000,17.618999,0.465000,-71,0.000000,7,8
1,18.000000,17.622999,0.532000,-71,0.000000,7,8
1,18.000000,17.657000,0.463000,-71,0.000000,7,8
1,18.000000,17.735001,0.395000,-71,0.000000,7,8
1,18.000000,17.740999,0.411000,-71,0.000000,7,8
1,18.000000,17.732000,0.394000,-71,0.000000,7,8
1,18.000000,17.691000,0.436000,-71,0.000000,7,8
1,18.000000,17.735001,0.411000,-71,0.000000,7,8
1,18.000000,17.653999,0.446000,-71,0.000000,7,8
1,18.000000,17.775999,0.429000,-71,0.000000,7,8
1,18.000000,17.657000,0.465000,-72,0.000000,7,8
1,18.000000,17.816000,0.372000,-72,0.000000,7,8
1,18.000000,17.732000,0.466000,-72,0.000000,7,8
1,18.000000,17.816000,0.390000,-71,0.000000,7,8
1,18.000000,17.740999,0.393000,-72,0.000000,7,8
1,18.000000,17.735001,0.397000,-72,0.000000,7,8
1,18.000000,17.809999,0.376000,-72,0.000000,7,8
1,18.000000,17.738001,0.442000,-72,0.000000,7,8
1,18.000000,17.657000,0.441000,-72,0.000000,7,8
1,18.000000,17.653999,0.452000,-72,0.000000,7,8
1,18.000000,17.740999,0.404000,-72,0.000000,7,8
