1,10.000000,9.592000,0.291000,-72,0.000000,7,8
1,10.000000,9.489000,0.418000,-74,0.000000,7,8
1,10.000000,9.555000,0.464000,-74,0.000000,7,8
1,10.000000,9.523000,0.374000,-74,0.000000,7,8
1,10.000000,9.517000,0.421000,-72,0.000000,7,8
1,10.000000,9.433000,0.318000,-72,0.000000,7,8
1,10.000000,9.226000,0.458000,-73,0.000000,7,8
1,10.000000,9.105000,0.513000,-70,0.000000,7,8
1,10.000000,9.248000,0.145000,-70,0.000000,7,8
1,10.000000,9.767000,0.146000,-73,0.000000,7,8
1,10.000000,9.808000,0.068000,-65,0.000000,7,8
1,10.000000,9.330000,0.246000,-69,0.000000,7,8
1,10.000000,9.086000,1.448000,-78,0.000000,7,8
1,10.000000,8.880000,1.959000,-74,0.000000,7,8
1,10.000000,8.439000,2.126000,-72,0.000000,7,8
1,10.000000,8.817000,0.793000,-70,0.000000,7,8
1,10.000000,9.020000,0.116000,-65,0.000000,7,8
1,10.000000,8.829000,0.598000,-66,0.000000,7,8
1,10.000000,8.214000,0.478000,-67,0.000000,7,8
1,10.000000,8.401000,0.351000,-67,0.000000,7,8
1,10.000000,8.495000,0.254000,-67,0.000000,7,8
1,10.000000,8.401000,0.271000,-67,0.000000,7,8
1,10.000000,8.458000,0.351000,-67,0.000000,7,8
1,10.000000,8.242000,0.280000,-68,0.000000,7,8
1,10.000000,8.361000,0.362000,-70,0.000000,7,8
1,10.000000,8.167000,0.379000,-69,0.000000,7,8
1,10.000000,8.392000,0.782000,-69,0.000000,7,8
1,10.000000,8.333000,0.720000,-69,0.000000,7,8
1,10.000000,8.289000,0.640000,-67,0.000000,7,8
1,10.000000,8.223000,0.423000,-66,0.000000,7,8
1,10.000000,8.505000,0.224000,-68,0.000000,7,8
1,10.000000,8.364000,0.357000,-68,0.000000,7,8
1,10.000000,8.289000,0.405000,-69,0.000000,7,8
1,10.000000,8.361000,0.376000,-67,0.000000,7,8
1,10.000000,8.311000,0.348000,-67,0.000000,7,8
1,10.000000,8.261000,0.424000,-69,0.000000,7,8
1,10.000000,8.176000,0.519000,-67,0.000000,7,8
1,10.000000,8.167000,0.352000,-67,0.000000,7,8
1,10.000000,8.176000,0.465000,-68,0.000000,7,8
1,10.000000,8.339000,0.434000,-68,0.000000,7,8
1,10.000000,8.439000,0.388000,-68,0.000000,7,8
1,10.000000,8.355000,0.230000,-68,0.000000,7,8
1,10.000000,8.280000,0.206000,-68,0.000000,7,8
1,10.000000,8.401000,0.325000,-68,0.000000,7,8
1,10.000000,8.270000,0.459000,-68,0.000000,7,8
1,10.000000,8.251000,0.484000,-68,0.000000,7,8
1,10.000000,8.205000,0.248000,-68,0.000000,7,8
1,10.000000,8.364000,0.318000,-69,0.000000,7,8
1,10.000000,8.289000,0.452000,-69,0.000000,7,8
1,10.000000,8.326000,0.347000,-68,0.000000,7,8
1,10.000000,8.176000,0.495000,-69,0.000000,7,8
1,10.000000,8.392000,0.177000,-67,0.000000,7,8
1,10.000000,8.126000,0.507000,-67,0.000000,7,8
1,10.000000,8.280000,0.250000,-67,0.000000,7,8
1,10.000000,8.542000,0.292000,-67,0.000000,7,8
1,10.000000,8.289000,0.363000,-67,0.000000,7,8
1,10.000000,8.542000,0.094000,-69,0.000000,7,8
1,10.000000,8.311000,0.401000,-69,0.000000,7,8
1,10.000000,8.055000,0.519000,-68,0.000000,7,8
1,10.000000,8.083000,0.446000,-68,0.000000,7,8
1,10.000000,8.214000,0.489000,-68,0.000000,7,8
1,10.000000,8.345000,0.402000,-67,0.000000,7,8
1,10.000000,8.326000,0.362000,-68,0.000000,7,8
1,10.000000,8.289000,0.153000,-69,0.000000,7,8
1,10.000000,8.242000,0.197000,-68,0.000000,7,8
1,10.000000,8.361000,0.327000,-68,0.000000,7,8
1,10.000000,8.333000,0.393000,-68,0.000000,7,8
1,10.000000,8.289000,0.356000,-67,0.000000,7,8
1,10.000000,8.364000,0.370000,-67,0.000000,7,8
1,10.000000,8.289000,0.442000,-68,0.000000,7,8
1,10.000000,8.361000,0.376000,-68,0.000000,7,8
1,10.000000,8.361000,0.376000,-68,0.000000,7,8
1,10.000000,8.364000,0.197000,-69,0.000000,7,8
1,10.000000,8.364000,0.334000,-68,0.000000,7,8
1,10.000000,8.167000,0.263000,-68,0.000000,7,8
1,10.000000,8.214000,0.331000,-67,0.000000,7,8
1,10.000000,8.289000,0.304000,-67,0.000000,7,8
1,10.000000,8.242000,0.197000,-67,0.000000,7,8
1,10.000000,8.505000,0.091000,-68,0.000000,7,8
1,10.000000,8.505000,0.104000,-68,0.000000,7,8
1,10.000000,8.251000,0.329000,-68,0.000000,7,8
1,10.000000,8.408000,0.310000,-68,0.000000,7,8
1,10.000000,8.411000,0.334000,-67,0.000000,7,8
1,10.000000,8.361000,0.653000,-67,0.000000,7,8
1,10.000000,8.401000,0.656000,-67,0.000000,7,8
1,10.000000,8.364000,0.344000,-67,0.000000,7,8
1,10.000000,8.242000,0.263000,-67,0.000000,7,8
1,10.000000,8.205000,0.256000,-67,0.000000,7,8
1,10.000000,8.333000,0.393000,-67,0.000000,7,8
1,10.000000,8.361000,0.327000,-67,0.000000,7,8
1,10.000000,8.326000,0.213000,-67,0.000000,7,8
1,10.000000,8.333000,0.393000,-67,0.000000,7,8
1,10.000000,8.242000,0.230000,-67,0.000000,7,8
1,10.000000,8.505000,0.123000,-67,0.000000,7,8
1,10.000000,8.339000,0.294000,-67,0.000000,7,8
1,10.000000,8.289000,0.351000,-67,0.000000,7,8
1,10.000000,8.261000,0.348000,-68,0.000000,7,8
1,10.000000,8.326000,0.141000,-69,0.000000,7,8
1,10.000000,8.542000,0.127000,-68,0.000000,7,8
1,10.000000,8.289000,0.351000,-68,0.000000,7,8
1,10.000000,8.289000,0.351000,-69,0.000000,7,8
1,10.000000,8.386000,0.218000,-69,0.000000,7,8
1,10.000000,8.348000,0.301000,-68,0.000000,7,8
1,10.000000,8.311000,0.370000,-67,0.000000,7,8
1,10.000000,8.289000,0.351000,-67,0.000000,7,8
1,10.000000,8.154000,0.355000,-68,0.000000,7,8
1,10.000000,8.267000,0.315000,-68,0.000000,7,8
1,10.000000,8.411000,0.348000,-68,0.000000,7,8
1,10.000000,8.242000,0.199000,-69,0.000000,7,8
1,10.000000,8.167000,0.275000,-68,0.000000,7,8
1,10.000000,8.214000,0.489000,-67,0.000000,7,8
1,10.000000,8.326000,0.376000,-68,0.000000,7,8
1,10.000000,8.542000,0.286000,-67,0.000000,7,8
1,10.000000,8.333000,0.393000,-67,0.000000,7,8
1,10.000000,8.361000,0.362000,-68,0.000000,7,8
1,10.000000,8.283000,0.416000,-67,0.000000,7,8
1,10.000000,8.126000,0.492000,-67,0.000000,7,8
1,10.000000,8.251000,0.386000,-68,0.000000,7,8
1,10.000000,8.123000,0.318000,-69,0.000000,7,8
1,10.000000,8.108000,0.436000,-68,0.000000,7,8
1,10.000000,8.154000,0.446000,-67,0.000000,7,8
1,10.000000,8.167000,0.344000,-66,0.000000,7,8
1,10.000000,8.205000,0.331000,-67,0.000000,7,8
1,10.000000,8.092000,0.347000,-67,0.000000,7,8
1,10.000000,8.251000,0.500000,-65,0.000000,7,8
1,10.000000,8.214000,0.331000,-68,0.000000,7,8
1,10.000000,8.186000,0.433000,-67,0.000000,7,8
1,10.000000,8.176000,0.480000,-65,0.000000,7,8
1,10.000000,8.167000,0.270000,-67,0.000000,7,8
1,10.000000,8.176000,0.384000,-68,0.000000,7,8
1,10.000000,8.261000,0.386000,-68,0.000000,7,8
1,10.000000,8.401000,0.356000,-68,0.000000,7,8
1,10.000000,8.430000,0.313000,-66,0.000000,7,8
1,10.000000,8.167000,0.312000,-69,0.000000,7,8
1,10.000000,8.439000,0.331000,-67,0.000000,7,8
1,10.000000,8.242000,0.189000,-67,0.000000,7,8
1,10.000000,8.167000,0.235000,-66,0.000000,7,8
1,10.000000,8.355000,0.255000,-65,0.000000,7,8
1,10.000000,8.251000,0.461000,-66,0.000000,7,8
1,10.000000,8.289000,0.378000,-66,0.000000,7,8
1,10.000000,8.289000,0.378000,-68,0.000000,7,8
1,10.000000,8.276000,0.186000,-69,0.000000,7,8
1,10.000000,8.392000,0.128000,-68,0.000000,7,8
1,10.000000,8.214000,0.347000,-67,0.000000,7,8
1,10.000000,8.439000,0.142000,-67,0.000000,7,8
1,10.000000,8.251000,0.358000,-66,0.000000,7,8
1,10.000000,8.242000,0.380000,-66,0.000000,7,8
1,10.000000,8.364000,0.303000,-65,0.000000,7,8
1,10.000000,8.261000,0.331000,-66,0.000000,7,8
1,10.000000,8.133000,0.366000,-68,0.000000,7,8
1,10.000000,8.126000,0.492000,-68,0.000000,7,8
1,10.000000,8.289000,0.465000,-69,0.000000,7,8
1,10.000000,8.439000,0.322000,-68,0.000000,7,8
1,10.000000,8.355000,0.206000,-68,0.000000,7,8
1,10.000000,8.289000,0.351000,-68,0.000000,7,8
1,10.000000,8.176000,0.480000,-68,0.000000,7,8
1,10.000000,8.198000,0.445000,-69,0.000000,7,8
1,10.000000,8.379000,0.401000,-68,0.000000,7,8
1,10.000000,8.251000,0.484000,-69,0.000000,7,8
1,10.000000,8.289000,0.363000,-69,0.000000,7,8
1,10.000000,8.411000,0.349000,-69,0.000000,7,8
1,10.000000,8.401000,0.363000,-69,0.000000,7,8
1,10.000000,8.176000,0.509000,-68,0.000000,7,8
1,10.000000,8.311000,0.387000,-68,0.000000,7,8
1,10.000000,8.251000,0.349000,-70,0.000000,7,8
1,10.000000,8.176000,0.468000,-69,0.000000,7,8
1,10.000000,8.176000,0.384000,-69,0.000000,7,8
1,10.000000,8.276000,0.370000,-69,0.000000,7,8
1,10.000000,8.355000,0.340000,-70,0.000000,7,8
1,10.000000,8.223000,0.435000,-69,0.000000,7,8
1,10.000000,8.186000,0.481000,-69,0.000000,7,8
1,10.000000,8.198000,0.438000,-69,0.000000,7,8
1,10.000000,8.158000,0.467000,-69,0.000000,7,8
1,10.000000,8.261000,0.389000,-69,0.000000,7,8
1,10.000000,8.261000,0.409000,-69,0.000000,7,8
1,10.000000,8.176000,0.480000,-69,0.000000,7,8
1,10.000000,8.176000,0.873000,-69,0.000000,7,8
1,10.000000,8.170000,0.482000,-69,0.000000,7,8
1,10.000000,8.411000,0.348000,-68,0.000000,7,8
1,10.000000,8.280000,0.353000,-67,0.000000,7,8
1,10.000000,8.361000,0.336000,-67,0.000000,7,8
1,10.000000,8.320000,0.293000,-67,0.000000,7,8
1,10.000000,8.254000,0.433000,-67,0.000000,7,8
1,10.000000,8.439000,0.322000,-66,0.000000,7,8
1,10.000000,8.317000,0.296000,-67,0.000000,7,8
1,10.000000,8.198000,0.396000,-68,0.000000,7,8
1,10.000000,8.205000,0.372000,-68,0.000000,7,8
1,10.000000,8.251000,0.370000,-68,0.000000,7,8
1,10.000000,8.167000,0.393000,-69,0.000000,7,8
1,10.000000,8.242000,0.346000,-68,0.000000,7,8
1,10.000000,8.130000,0.449000,-69,0.000000,7,8
1,10.000000,8.167000,0.522000,-70,0.000000,7,8
1,10.000000,8.270000,0.429000,-69,0.000000,7,8
1,10.000000,8.214000,0.464000,-69,0.000000,7,8
1,10.000000,8.176000,0.480000,-68,0.000000,7,8
1,10.000000,8.148000,0.424000,-69,0.000000,7,8
1,10.000000,8.176000,0.480000,-69,0.000000,7,8
1,10.000000,8.214000,0.502000,-69,0.000000,7,8
1,10.000000,8.389000,0.370000,-69,0.000000,7,8
1,10.000000,8.461000,0.348000,-68,0.000000,7,8
1,10.000000,8.176000,0.484000,-68,0.000000,7,8
1,10.000000,8.289000,0.442000,-68,0.000000,7,8
1,10.000000,8.317000,0.319000,-68,0.000000,7,8
1,10.000000,8.261000,0.534000,-69,0.000000,7,8
1,10.000000,8.289000,0.819000,-69,0.000000,7,8
1,10.000000,8.167000,0.859000,-69,0.000000,7,8
1,10.000000,8.411000,0.724000,-69,0.000000,7,8
1,10.000000,8.261000,0.389000,-68,0.000000,7,8
1,10.000000,8.392000,0.632000,-68,0.000000,7,8
1,10.000000,8.317000,0.588000,-69,0.000000,7,8
1,10.000000,8.176000,0.465000,-67,0.000000,7,8
1,10.000000,8.289000,0.363000,-68,0.000000,7,8
1,10.000000,8.411000,0.348000,-67,0.000000,7,8
1,10.000000,8.164000,0.241000,-68,0.000000,7,8
1,10.000000,8.364000,0.329000,-69,0.000000,7,8
1,10.000000,8.289000,0.363000,-69,0.000000,7,8
1,10.000000,8.458000,0.370000,-68,0.000000,7,8
1,10.000000,8.214000,0.464000,-67,0.000000,7,8
1,10.000000,8.251000,0.461000,-67,0.000000,7,8
1,10.000000,8.214000,0.405000,-66,0.000000,7,8
1,10.000000,8.289000,0.364000,-66,0.000000,7,8
1,10.000000,8.280000,0.327000,-67,0.000000,7,8
1,10.000000,8.333000,0.393000,-66,0.000000,7,8
1,10.000000,8.326000,0.405000,-67,0.000000,7,8
1,10.000000,8.439000,0.347000,-66,0.000000,7,8
1,10.000000,8.329000,0.442000,-67,0.000000,7,8
1,10.000000,8.411000,0.334000,-67,0.000000,7,8
1,10.000000,8.311000,0.370000,-67,0.000000,7,8
1,10.000000,8.411000,0.365000,-67,0.000000,7,8
1,10.000000,8.401000,0.344000,-68,0.000000,7,8
1,10.000000,8.401000,0.205000,-68,0.000000,7,8
1,10.000000,8.458000,0.230000,-68,0.000000,7,8
1,10.000000,8.411000,0.348000,-68,0.000000,7,8
1,10.000000,8.326000,0.331000,-68,0.000000,7,8
1,10.000000,8.401000,0.258000,-68,0.000000,7,8
1,10.000000,8.333000,0.375000,-68,0.000000,7,8
1,10.000000,8.311000,0.370000,-68,0.000000,7,8
1,10.000000,8.289000,0.356000,-68,0.000000,7,8
1,10.000000,8.411000,0.348000,-69,0.000000,7,8
1,10.000000,8.411000,0.348000,-68,0.000000,7,8
1,10.000000,8.280000,0.211000,-68,0.000000,7,8
1,10.000000,8.311000,0.348000,-68,0.000000,7,8
1,10.000000,8.536000,0.175000,-69,0.000000,7,8
1,10.000000,8.401000,0.205000,-69,0.000000,7,8
1,10.000000,8.361000,0.376000,-69,0.000000,7,8
1,10.000000,8.411000,0.348000,-68,0.000000,7,8
1,10.000000,8.283000,0.254000,-69,0.000000,7,8
1,10.000000,8.205000,0.232000,-69,0.000000,7,8
1,10.000000,8.386000,0.196000,-69,0.000000,7,8
1,10.000000,8.176000,0.415000,-68,0.000000,7,8
1,10.000000,8.361000,0.376000,-68,0.000000,7,8
1,10.000000,8.392000,0.270000,-66,0.000000,7,8
1,10.000000,8.320000,0.233000,-68,0.000000,7,8
1,10.000000,8.261000,0.336000,-68,0.000000,7,8
1,10.000000,8.170000,0.217000,-68,0.000000,7,8
1,10.000000,8.261000,0.370000,-67,0.000000,7,8
1,10.000000,8.655000,0.223000,-66,0.000000,7,8
1,10.000000,8.233000,0.443000,-66,0.000000,7,8
1,10.000000,8.205000,0.544000,-68,0.000000,7,8
1,10.000000,8.289000,0.378000,-68,0.000000,7,8
1,10.000000,8.205000,0.324000,-68,0.000000,7,8
1,10.000000,8.233000,0.399000,-67,0.000000,7,8
1,10.000000,8.176000,0.484000,-67,0.000000,7,8
1,10.000000,8.261000,0.489000,-65,0.000000,7,8
1,10.000000,8.176000,0.480000,-66,0.000000,7,8
1,10.000000,8.205000,0.232000,-68,0.000000,7,8
1,10.000000,8.042000,0.264000,-69,0.000000,7,8
1,10.000000,8.114000,0.300000,-69,0.000000,7,8
1,10.000000,8.289000,0.338000,-69,0.000000,7,8
1,10.000000,8.176000,0.495000,-69,0.000000,7,8
1,10.000000,8.289000,0.398000,-68,0.000000,7,8
1,10.000000,8.205000,0.294000,-67,0.000000,7,8
1,10.000000,8.317000,0.262000,-68,0.000000,7,8
1,10.000000,8.261000,0.336000,-69,0.000000,7,8
1,10.000000,8.289000,0.363000,-69,0.000000,7,8
1,10.000000,8.289000,0.427000,-68,0.000000,7,8
1,10.000000,8.205000,0.450000,-67,0.000000,7,8
1,10.000000,8.261000,0.348000,-66,0.000000,7,8
1,10.000000,8.183000,0.467000,-66,0.000000,7,8
1,10.000000,8.261000,0.389000,-67,0.000000,7,8
1,10.000000,8.289000,0.378000,-69,0.000000,7,8
1,10.000000,8.280000,0.327000,-67,0.000000,7,8
1,10.000000,8.467000,0.299000,-67,0.000000,7,8
1,10.000000,8.289000,0.415000,-69,0.000000,7,8
1,10.000000,8.355000,0.330000,-69,0.000000,7,8
1,10.000000,8.311000,0.387000,-69,0.000000,7,8
1,10.000000,8.254000,0.433000,-68,0.000000,7,8
1,10.000000,8.317000,0.280000,-68,0.000000,7,8
1,10.000000,8.273000,0.377000,-67,0.000000,7,8
1,10.000000,8.205000,0.325000,-68,0.000000,7,8
1,10.000000,8.186000,0.526000,-67,0.000000,7,8
1,10.000000,8.289000,0.384000,-67,0.000000,7,8
1,10.000000,8.214000,0.438000,-67,0.000000,7,8
1,10.000000,8.280000,0.276000,-67,0.000000,7,8
1,10.000000,8.261000,0.389000,-67,0.000000,7,8
1,10.000000,8.326000,0.362000,-67,0.000000,7,8
1,10.000000,8.242000,0.331000,-67,0.000000,7,8
1,10.000000,8.370000,0.386000,-67,0.000000,7,8
1,10.000000,8.361000,0.376000,-67,0.000000,7,8
1,10.000000,8.333000,0.437000,-68,0.000000,7,8
1,10.000000,8.411000,0.348000,-67,0.000000,7,8
1,10.000000,8.339000,0.444000,-67,0.000000,7,8
1,10.000000,8.176000,0.519000,-67,0.000000,7,8
1,10.000000,8.289000,0.415000,-66,0.000000,7,8
1,10.000000,8.280000,0.413000,-65,0.000000,7,8
1,10.000000,8.411000,0.348000,-67,0.000000,7,8
1,10.000000,8.430000,0.319000,-68,0.000000,7,8
1,10.000000,8.361000,0.336000,-67,0.000000,7,8
1,10.000000,8.401000,0.338000,-67,0.000000,7,8
1,10.000000,8.289000,0.526000,-68,0.000000,7,8
1,10.000000,8.167000,0.296000,-69,0.000000,7,8
1,10.000000,8.289000,0.337000,-68,0.000000,7,8
1,10.000000,8.411000,0.348000,-67,0.000000,7,8
1,10.000000,8.401000,0.285000,-68,0.000000,7,8
1,10.000000,8.214000,0.451000,-68,0.000000,7,8
1,10.000000,8.273000,0.391000,-67,0.000000,7,8
1,10.000000,8.214000,0.479000,-68,0.000000,7,8
1,10.000000,8.364000,0.323000,-69,0.000000,7,8
1,10.000000,8.283000,0.416000,-69,0.000000,7,8
1,10.000000,8.261000,0.301000,-68,0.000000,7,8
1,10.000000,8.117000,0.261000,-68,0.000000,7,8
1,10.000000,8.261000,0.370000,-68,0.000000,7,8
1,10.000000,8.148000,0.502000,-68,0.000000,7,8
1,10.000000,8.254000,0.433000,-67,0.000000,7,8
1,10.000000,8.289000,0.338000,-68,0.000000,7,8
1,10.000000,8.251000,0.313000,-68,0.000000,7,8
1,10.000000,8.411000,0.334000,-68,0.000000,7,8
1,10.000000,8.086000,0.371000,-68,0.000000,7,8
1,10.000000,8.323000,0.411000,-68,0.000000,7,8
1,10.000000,8.214000,0.448000,-66,0.000000,7,8
1,10.000000,8.123000,0.353000,-67,0.000000,7,8
1,10.000000,8.289000,0.315000,-67,0.000000,7,8
1,10.000000,8.326000,0.223000,-66,0.000000,7,8
1,10.000000,8.326000,0.347000,-67,0.000000,7,8
1,10.000000,8.361000,0.287000,-67,0.000000,7,8
1,10.000000,8.270000,0.332000,-67,0.000000,7,8
1,10.000000,8.223000,0.487000,-68,0.000000,7,8
1,10.000000,8.176000,0.480000,-69,0.000000,7,8
1,10.000000,8.204000,0.453000,-67,0.000000,7,8
1,10.000000,8.251000,0.386000,-67,0.000000,7,8
1,10.000000,8.430000,0.317000,-68,0.000000,7,8
1,10.000000,8.245000,0.462000,-68,0.000000,7,8
1,10.000000,8.361000,0.653000,-67,0.000000,7,8
1,10.000000,8.317000,0.151000,-67,0.000000,7,8
1,10.000000,8.242000,0.230000,-67,0.000000,7,8
1,10.000000,8.370000,0.380000,-67,0.000000,7,8
1,10.000000,8.370000,0.370000,-68,0.000000,7,8
1,10.000000,8.317000,0.174000,-68,0.000000,7,8
1,10.000000,8.289000,0.351000,-68,0.000000,7,8
1,10.000000,8.176000,0.410000,-67,0.000000,7,8
1,10.000000,8.304000,0.226000,-68,0.000000,7,8
1,10.000000,8.289000,0.330000,-68,0.000000,7,8
1,10.000000,8.242000,0.238000,-68,0.000000,7,8
1,10.000000,8.223000,0.308000,-67,0.000000,7,8
1,10.000000,8.251000,0.329000,-67,0.000000,7,8
1,10.000000,8.176000,0.415000,-67,0.000000,7,8
1,10.000000,7.967000,0.304000,-68,0.000000,7,8
1,10.000000,8.280000,0.113000,-68,0.000000,7,8
1,10.000000,8.289000,0.166000,-68,0.000000,7,8
1,10.000000,8.280000,0.060000,-69,0.000000,7,8
1,10.000000,8.251000,0.290000,-68,0.000000,7,8
1,10.000000,8.167000,0.242000,-69,0.000000,7,8
1,10.000000,8.311000,0.262000,-68,0.000000,7,8
1,10.000000,8.167000,0.204000,-68,0.000000,7,8
1,10.000000,8.289000,0.315000,-68,0.000000,7,8
1,10.000000,8.214000,0.347000,-67,0.000000,7,8
1,10.000000,8.289000,0.338000,-67,0.000000,7,8
1,10.000000,8.439000,0.341000,-68,0.000000,7,8
1,10.000000,8.545000,0.215000,-68,0.000000,7,8
1,10.000000,8.505000,0.194000,-68,0.000000,7,8
1,10.000000,8.176000,0.351000,-68,0.000000,7,8
1,10.000000,8.430000,0.192000,-67,0.000000,7,8
1,10.000000,8.542000,0.195000,-68,0.000000,7,8
1,10.000000,8.392000,0.113000,-68,0.000000,7,8
1,10.000000,8.426000,0.083000,-68,0.000000,7,8
1,10.000000,8.251000,0.334000,-68,0.000000,7,8
1,10.000000,8.201000,0.280000,-69,0.000000,7,8
1,10.000000,8.223000,0.356000,-68,0.000000,7,8
1,10.000000,8.261000,0.401000,-66,0.000000,7,8
1,10.000000,8.167000,0.219000,-67,0.000000,7,8
1,10.000000,8.167000,0.252000,-67,0.000000,7,8
1,10.000000,8.323000,0.284000,-68,0.000000,7,8
1,10.000000,8.205000,0.576000,-70,0.000000,7,8
1,10.000000,8.251000,0.446000,-67,0.000000,7,8
1,10.000000,8.176000,0.465000,-68,0.000000,7,8
1,10.000000,8.239000,0.413000,-69,0.000000,7,8
1,10.000000,8.211000,0.448000,-67,0.000000,7,8
1,10.000000,8.355000,0.359000,-67,0.000000,7,8
1,10.000000,8.276000,0.426000,-68,0.000000,7,8
1,10.000000,8.289000,0.363000,-67,0.000000,7,8
1,10.000000,8.361000,0.376000,-67,0.000000,7,8
1,10.000000,8.439000,0.346000,-68,0.000000,7,8
1,10.000000,8.201000,0.444000,-68,0.000000,7,8
1,10.000000,8.326000,0.426000,-67,0.000000,7,8
1,10.000000,8.311000,0.327000,-68,0.000000,7,8
1,10.000000,8.289000,0.351000,-68,0.000000,7,8
1,10.000000,8.489000,0.290000,-67,0.000000,7,8
1,10.000000,8.467000,0.290000,-66,0.000000,7,8
1,10.000000,8.289000,0.351000,-67,0.000000,7,8
1,10.000000,8.261000,0.370000,-67,0.000000,7,8
1,10.000000,8.411000,0.334000,-67,0.000000,7,8
1,10.000000,8.339000,0.340000,-67,0.000000,7,8
1,10.000000,8.289000,0.363000,-67,0.000000,7,8
1,10.000000,8.614000,0.204000,-66,0.000000,7,8
1,10.000000,8.623000,0.223000,-65,0.000000,7,8
1,10.000000,8.651000,0.191000,-65,0.000000,7,8
1,10.000000,8.304000,0.414000,-65,0.000000,7,8
1,10.000000,8.567000,0.357000,-65,0.000000,7,8
1,10.000000,8.389000,0.352000,-65,0.000000,7,8
1,10.000000,8.589000,0.385000,-65,0.000000,7,8
1,10.000000,8.723000,0.318000,-66,0.000000,7,8
1,10.000000,8.289000,0.480000,-65,0.000000,7,8
1,10.000000,8.514000,0.435000,-65,0.000000,7,8
1,10.000000,8.361000,0.492000,-65,0.000000,7,8
1,10.000000,8.626000,0.483000,-65,0.000000,7,8
1,10.000000,8.364000,0.720000,-65,0.000000,7,8
1,10.000000,8.664000,0.404000,-65,0.000000,7,8
1,10.000000,8.364000,0.446000,-66,0.000000,7,8
1,10.000000,8.433000,0.451000,-65,0.000000,7,8
1,10.000000,8.411000,0.476000,-66,0.000000,7,8
1,10.000000,8.289000,0.465000,-65,0.000000,7,8
1,10.000000,8.326000,0.755000,-65,0.000000,7,8
1,10.000000,8.280000,0.523000,-65,0.000000,7,8
1,10.000000,8.314000,0.520000,-66,0.000000,7,8
1,10.000000,8.542000,0.634000,-65,0.000000,7,8
1,10.000000,8.580000,0.643000,-64,0.000000,7,8
1,10.000000,8.448000,0.598000,-64,0.000000,7,8
1,10.000000,8.651000,0.511000,-64,0.000000,7,8
1,10.000000,8.448000,0.659000,-64,0.000000,7,8
1,10.000000,8.401000,0.670000,-65,0.000000,7,8
1,10.000000,8.292000,0.414000,-65,0.000000,7,8
1,10.000000,8.283000,0.727000,-64,0.000000,7,8
1,10.000000,8.829000,0.387000,-64,0.000000,7,8
1,10.000000,8.367000,0.406000,-64,0.000000,7,8
1,10.000000,8.289000,0.438000,-64,0.000000,7,8
1,10.000000,8.505000,0.308000,-64,0.000000,7,8
1,10.000000,8.361000,0.569000,-66,0.000000,7,8
1,10.000000,8.733000,0.413000,-64,0.000000,7,8
1,10.000000,8.401000,0.763000,-64,0.000000,7,8
1,10.000000,8.486000,0.315000,-65,0.000000,7,8
1,10.000000,8.448000,0.585000,-66,0.000000,7,8
1,10.000000,8.329000,0.586000,-66,0.000000,7,8
1,10.000000,8.439000,0.641000,-64,0.000000,7,8
1,10.000000,8.326000,0.448000,-64,0.000000,7,8
1,10.000000,8.367000,0.421000,-65,0.000000,7,8
1,10.000000,8.326000,0.684000,-65,0.000000,7,8
1,10.000000,8.326000,0.448000,-64,0.000000,7,8
1,10.000000,8.655000,0.424000,-65,0.000000,7,8
1,10.000000,8.401000,0.438000,-64,0.000000,7,8
1,10.000000,8.448000,0.349000,-65,0.000000,7,8
1,10.000000,8.476000,0.434000,-65,0.000000,7,8
1,10.000000,8.701000,0.320000,-64,0.000000,7,8
1,10.000000,8.776000,0.342000,-65,0.000000,7,8
1,10.000000,8.367000,0.433000,-65,0.000000,7,8
1,10.000000,8.392000,0.537000,-67,0.000000,7,8
1,10.000000,8.289000,0.519000,-66,0.000000,7,8
1,10.000000,8.411000,0.365000,-65,0.000000,7,8
1,10.000000,8.439000,0.411000,-65,0.000000,7,8
1,10.000000,8.445000,0.393000,-65,0.000000,7,8
1,10.000000,8.589000,0.292000,-64,0.000000,7,8
1,10.000000,8.551000,0.433000,-65,0.000000,7,8
1,10.000000,8.404000,0.411000,-65,0.000000,7,8
1,10.000000,8.508000,0.579000,-65,0.000000,7,8
1,10.000000,8.655000,0.405000,-65,0.000000,7,8
1,10.000000,8.476000,0.426000,-65,0.000000,7,8
1,10.000000,8.589000,0.397000,-64,0.000000,7,8
1,10.000000,8.326000,0.464000,-66,0.000000,7,8
1,10.000000,8.401000,0.415000,-65,0.000000,7,8
1,10.000000,8.655000,0.446000,-66,0.000000,7,8
1,10.000000,8.401000,0.765000,-65,0.000000,7,8
1,10.000000,8.548000,0.440000,-66,0.000000,7,8
1,10.000000,8.489000,0.379000,-65,0.000000,7,8
1,10.000000,8.364000,0.457000,-66,0.000000,7,8
1,10.000000,8.361000,0.590000,-66,0.000000,7,8
1,10.000000,8.411000,0.365000,-65,0.000000,7,8
1,10.000000,8.445000,0.393000,-65,0.000000,7,8
1,10.000000,8.514000,0.449000,-64,0.000000,7,8
1,10.000000,8.364000,0.457000,-65,0.000000,7,8
1,10.000000,8.439000,0.411000,-65,0.000000,7,8
1,10.000000,8.401000,0.484000,-64,0.000000,7,8
1,10.000000,8.476000,0.417000,-65,0.000000,7,8
1,10.000000,8.645000,0.330000,-65,0.000000,7,8
1,10.000000,8.411000,0.442000,-65,0.000000,7,8
1,10.000000,8.486000,0.362000,-64,0.000000,7,8
1,10.000000,8.742000,0.337000,-64,0.000000,7,8
1,10.000000,8.623000,0.394000,-63,0.000000,7,8
1,10.000000,8.583000,0.468000,-64,0.000000,7,8
1,10.000000,8.655000,0.331000,-64,0.000000,7,8
1,10.000000,8.523000,0.336000,-64,0.000000,7,8
1,10.000000,8.476000,0.416000,-64,0.000000,7,8
1,10.000000,8.289000,0.480000,-64,0.000000,7,8
1,10.000000,8.439000,0.429000,-64,0.000000,7,8
1,10.000000,8.486000,0.346000,-64,0.000000,7,8
1,10.000000,8.439000,0.452000,-64,0.000000,7,8
1,10.000000,8.467000,0.440000,-64,0.000000,7,8
1,10.000000,8.439000,0.387000,-64,0.000000,7,8
1,10.000000,8.367000,0.407000,-64,0.000000,7,8
1,10.000000,8.326000,0.448000,-65,0.000000,7,8
1,10.000000,8.542000,0.475000,-64,0.000000,7,8
1,10.000000,8.445000,0.370000,-64,0.000000,7,8
1,10.000000,8.361000,0.457000,-64,0.000000,7,8
1,10.000000,8.411000,0.418000,-64,0.000000,7,8
1,10.000000,8.439000,0.404000,-64,0.000000,7,8
1,10.000000,8.436000,0.432000,-64,0.000000,7,8
1,10.000000,8.392000,0.450000,-64,0.000000,7,8
1,10.000000,8.448000,0.349000,-64,0.000000,7,8
1,10.000000,8.576000,0.476000,-64,0.000000,7,8
1,10.000000,8.567000,0.339000,-64,0.000000,7,8
1,10.000000,8.317000,0.608000,-64,0.000000,7,8
1,10.000000,8.370000,0.455000,-64,0.000000,7,8
1,10.000000,8.401000,0.604000,-64,0.000000,7,8
1,10.000000,8.517000,0.446000,-64,0.000000,7,8
1,10.000000,8.401000,0.609000,-64,0.000000,7,8
1,10.000000,8.551000,0.527000,-64,0.000000,7,8
1,10.000000,8.289000,0.618000,-64,0.000000,7,8
1,10.000000,8.655000,0.478000,-64,0.000000,7,8
1,10.000000,8.701000,0.358000,-64,0.000000,7,8
1,10.000000,8.467000,0.493000,-64,0.000000,7,8
1,10.000000,8.617000,0.525000,-64,0.000000,7,8
1,10.000000,8.476000,0.612000,-64,0.000000,7,8
1,10.000000,8.473000,0.637000,-64,0.000000,7,8
1,10.000000,8.448000,0.479000,-64,0.000000,7,8
1,10.000000,8.408000,0.496000,-64,0.000000,7,8
1,10.000000,8.489000,0.502000,-64,0.000000,7,8
1,10.000000,8.592000,0.575000,-64,0.000000,7,8
1,10.000000,8.367000,0.517000,-64,0.000000,7,8
1,10.000000,8.433000,0.564000,-64,0.000000,7,8
1,10.000000,8.439000,0.565000,-64,0.000000,7,8
1,10.000000,8.408000,0.414000,-64,0.000000,7,8
1,10.000000,8.430000,0.496000,-64,0.000000,7,8
1,10.000000,8.448000,0.349000,-64,0.000000,7,8
1,10.000000,8.470000,0.456000,-64,0.000000,7,8
1,10.000000,8.467000,0.528000,-64,0.000000,7,8
1,10.000000,8.364000,0.421000,-64,0.000000,7,8
1,10.000000,8.289000,0.499000,-64,0.000000,7,8
1,10.000000,8.617000,0.472000,-64,0.000000,7,8
1,10.000000,8.517000,0.400000,-64,0.000000,7,8
1,10.000000,8.470000,0.458000,-64,0.000000,7,8
1,10.000000,8.401000,0.423000,-64,0.000000,7,8
1,10.000000,8.439000,0.486000,-64,0.000000,7,8
1,10.000000,8.586000,0.465000,-64,0.000000,7,8
1,10.000000,8.401000,0.495000,-64,0.000000,7,8
1,10.000000,8.673000,0.367000,-64,0.000000,7,8
1,10.000000,8.505000,0.556000,-64,0.000000,7,8
1,10.000000,8.476000,0.509000,-64,0.000000,7,8
1,10.000000,8.251000,0.518000,-64,0.000000,7,8
1,10.000000,8.401000,0.429000,-64,0.000000,7,8
1,10.000000,8.439000,0.446000,-64,0.000000,7,8
1,10.000000,8.326000,0.476000,-64,0.000000,7,8
1,10.000000,8.411000,0.348000,-64,0.000000,7,8
1,10.000000,8.436000,0.436000,-64,0.000000,7,8
1,10.000000,8.326000,0.464000,-64,0.000000,7,8
1,10.000000,8.476000,0.349000,-64,0.000000,7,8
1,10.000000,8.417000,0.431000,-64,0.000000,7,8
1,10.000000,8.448000,0.425000,-64,0.000000,7,8
1,10.000000,8.401000,0.379000,-64,0.000000,7,8
1,10.000000,8.489000,0.418000,-64,0.000000,7,8
1,10.000000,8.411000,0.366000,-64,0.000000,7,8
1,10.000000,8.436000,0.422000,-64,0.000000,7,8
1,10.000000,8.401000,0.438000,-64,0.000000,7,8
1,10.000000,8.514000,0.383000,-64,0.000000,7,8
1,10.000000,8.411000,0.365000,-64,0.000000,7,8
1,10.000000,8.730000,0.338000,-64,0.000000,7,8
1,10.000000,8.326000,0.448000,-64,0.000000,7,8
1,10.000000,8.401000,0.489000,-64,0.000000,7,8
1,10.000000,8.395000,0.625000,-64,0.000000,7,8
1,10.000000,8.542000,0.499000,-64,0.000000,7,8
1,10.000000,8.514000,0.429000,-64,0.000000,7,8
1,10.000000,8.326000,0.464000,-64,0.000000,7,8
1,10.000000,8.673000,0.351000,-64,0.000000,7,8
1,10.000000,8.489000,0.411000,-64,0.000000,7,8
1,10.000000,8.401000,0.431000,-64,0.000000,7,8
1,10.000000,8.545000,0.369000,-64,0.000000,7,8
1,10.000000,8.401000,0.398000,-64,0.000000,7,8
1,10.000000,8.329000,0.434000,-64,0.000000,7,8
1,10.000000,8.580000,0.389000,-64,0.000000,7,8
1,10.000000,8.408000,0.386000,-64,0.000000,7,8
1,10.000000,8.411000,0.465000,-64,0.000000,7,8
1,10.000000,8.486000,0.375000,-64,0.000000,7,8
1,10.000000,8.389000,0.463000,-64,0.000000,7,8
1,10.000000,8.411000,0.348000,-64,0.000000,7,8
1,10.000000,8.623000,0.328000,-64,0.000000,7,8
1,10.000000,8.439000,0.467000,-64,0.000000,7,8
1,10.000000,8.673000,0.317000,-64,0.000000,7,8
1,10.000000,8.542000,0.492000,-64,0.000000,7,8
1,10.000000,8.445000,0.393000,-64,0.000000,7,8
1,10.000000,8.545000,0.487000,-64,0.000000,7,8
1,10.000000,8.401000,0.455000,-64,0.000000,7,8
1,10.000000,8.364000,0.457000,-64,0.000000,7,8
1,10.000000,8.476000,0.403000,-64,0.000000,7,8
1,10.000000,8.514000,0.453000,-64,0.000000,7,8
1,10.000000,8.580000,0.491000,-64,0.000000,7,8
1,10.000000,8.445000,0.393000,-64,0.000000,7,8
1,10.000000,8.448000,0.398000,-64,0.000000,7,8
1,10.000000,8.655000,0.297000,-65,0.000000,7,8
1,10.000000,8.436000,0.418000,-65,0.000000,7,8
1,10.000000,8.329000,0.429000,-64,0.000000,7,8
1,10.000000,8.367000,0.433000,-64,0.000000,7,8
1,10.000000,8.411000,0.348000,-65,0.000000,7,8
1,10.000000,8.436000,0.436000,-64,0.000000,7,8
1,10.000000,8.486000,0.375000,-65,0.000000,7,8
1,10.000000,8.367000,0.431000,-64,0.000000,7,8
1,10.000000,8.401000,0.438000,-65,0.000000,7,8
1,10.000000,8.476000,0.593000,-64,0.000000,7,8
1,10.000000,8.401000,0.579000,-65,0.000000,7,8
1,10.000000,8.614000,0.522000,-65,0.000000,7,8
1,10.000000,8.361000,0.509000,-65,0.000000,7,8
1,10.000000,8.430000,0.613000,-65,0.000000,7,8
1,10.000000,8.420000,0.494000,-65,0.000000,7,8
1,10.000000,8.333000,0.534000,-66,0.000000,7,8
1,10.000000,8.261000,0.485000,-65,0.000000,7,8
1,10.000000,8.236000,0.489000,-65,0.000000,7,8
1,10.000000,8.317000,0.452000,-65,0.000000,7,8
1,10.000000,8.364000,0.421000,-66,0.000000,7,8
1,10.000000,8.317000,0.452000,-65,0.000000,7,8
1,10.000000,8.251000,0.446000,-65,0.000000,7,8
1,10.000000,8.401000,0.415000,-65,0.000000,7,8
1,10.000000,8.367000,0.407000,-65,0.000000,7,8
1,10.000000,8.345000,0.441000,-64,0.000000,7,8
1,10.000000,8.355000,0.446000,-64,0.000000,7,8
1,10.000000,8.505000,0.453000,-64,0.000000,7,8
1,10.000000,8.355000,0.475000,-64,0.000000,7,8
1,10.000000,8.439000,0.435000,-65,0.000000,7,8
1,10.000000,8.326000,0.447000,-65,0.000000,7,8
1,10.000000,8.655000,0.501000,-65,0.000000,7,8
1,10.000000,8.364000,0.642000,-65,0.000000,7,8
1,10.000000,8.692000,0.480000,-65,0.000000,7,8
1,10.000000,8.326000,0.643000,-64,0.000000,7,8
1,10.000000,8.701000,0.443000,-64,0.000000,7,8
1,10.000000,8.617000,0.548000,-65,0.000000,7,8
1,10.000000,8.476000,0.615000,-65,0.000000,7,8
1,10.000000,8.655000,0.438000,-65,0.000000,7,8
1,10.000000,8.486000,0.368000,-65,0.000000,7,8
1,10.000000,8.364000,0.487000,-65,0.000000,7,8
1,10.000000,8.673000,0.362000,-65,0.000000,7,8
1,10.000000,8.401000,0.411000,-65,0.000000,7,8
1,10.000000,8.433000,0.494000,-65,0.000000,7,8
1,10.000000,8.651000,0.336000,-65,0.000000,7,8
1,10.000000,8.411000,0.418000,-64,0.000000,7,8
1,10.000000,8.476000,0.428000,-64,0.000000,7,8
1,10.000000,8.542000,0.408000,-65,0.000000,7,8
1,10.000000,8.489000,0.332000,-65,0.000000,7,8
1,10.000000,8.439000,0.394000,-65,0.000000,7,8
1,10.000000,8.411000,0.386000,-64,0.000000,7,8
1,10.000000,8.651000,0.322000,-64,0.000000,7,8
1,10.000000,8.617000,0.346000,-65,0.000000,7,8
1,10.000000,8.289000,0.484000,-64,0.000000,7,8
1,10.000000,8.730000,0.316000,-64,0.000000,7,8
1,10.000000,8.364000,0.457000,-64,0.000000,7,8
1,10.000000,8.551000,0.433000,-65,0.000000,7,8
1,10.000000,8.364000,0.457000,-64,0.000000,7,8
1,10.000000,8.364000,0.472000,-64,0.000000,7,8
1,10.000000,8.730000,0.320000,-64,0.000000,7,8
1,10.000000,8.411000,0.412000,-64,0.000000,7,8
1,10.000000,8.589000,0.386000,-64,0.000000,7,8
1,10.000000,8.448000,0.386000,-65,0.000000,7,8
1,10.000000,8.367000,0.460000,-64,0.000000,7,8
1,10.000000,8.551000,0.413000,-64,0.000000,7,8
1,10.000000,8.401000,0.468000,-65,0.000000,7,8
1,10.000000,8.289000,0.509000,-64,0.000000,7,8
1,10.000000,8.514000,0.439000,-64,0.000000,7,8
1,10.000000,8.730000,0.304000,-64,0.000000,7,8
1,10.000000,8.326000,0.478000,-64,0.000000,7,8
1,10.000000,8.367000,0.433000,-64,0.000000,7,8
1,10.000000,8.411000,0.365000,-65,0.000000,7,8
1,10.000000,8.489000,0.357000,-65,0.000000,7,8
1,10.000000,8.445000,0.393000,-65,0.000000,7,8
1,10.000000,8.486000,0.356000,-65,0.000000,7,8
1,10.000000,8.548000,0.434000,-65,0.000000,7,8
1,10.000000,8.595000,0.412000,-65,0.000000,7,8
1,10.000000,8.486000,0.368000,-65,0.000000,7,8
1,10.000000,8.448000,0.363000,-65,0.000000,7,8
1,10.000000,8.511000,0.456000,-65,0.000000,7,8
1,10.000000,8.655000,0.379000,-65,0.000000,7,8
1,10.000000,8.470000,0.492000,-65,0.000000,7,8
1,10.000000,8.701000,0.320000,-65,0.000000,7,8
1,10.000000,8.439000,0.408000,-65,0.000000,7,8
1,10.000000,8.401000,0.468000,-64,0.000000,7,8
1,10.000000,8.580000,0.420000,-64,0.000000,7,8
1,10.000000,8.439000,0.429000,-64,0.000000,7,8
1,10.000000,8.448000,0.377000,-64,0.000000,7,8
1,10.000000,8.401000,0.468000,-64,0.000000,7,8
1,10.000000,8.445000,0.409000,-64,0.000000,7,8
1,10.000000,8.829000,0.249000,-65,0.000000,7,8
1,10.000000,8.489000,0.405000,-65,0.000000,7,8
1,10.000000,8.489000,0.433000,-64,0.000000,7,8
1,10.000000,8.551000,0.463000,-64,0.000000,7,8
1,10.000000,8.486000,0.411000,-64,0.000000,7,8
1,10.000000,8.401000,0.456000,-65,0.000000,7,8
1,10.000000,8.548000,0.399000,-64,0.000000,7,8
1,10.000000,8.367000,0.433000,-65,0.000000,7,8
1,10.000000,8.561000,0.425000,-65,0.000000,7,8
1,10.000000,8.364000,0.457000,-65,0.000000,7,8
1,10.000000,8.361000,0.453000,-64,0.000000,7,8
1,10.000000,8.439000,0.438000,-65,0.000000,7,8
1,10.000000,8.439000,0.506000,-65,0.000000,7,8
1,10.000000,8.364000,0.471000,-65,0.000000,7,8
1,10.000000,8.395000,0.481000,-66,0.000000,7,8
1,10.000000,8.379000,0.504000,-66,0.000000,7,8
1,10.000000,8.254000,0.479000,-66,0.000000,7,8
1,10.000000,8.401000,0.423000,-66,0.000000,7,8
1,10.000000,8.326000,0.464000,-65,0.000000,7,8
1,10.000000,8.401000,0.363000,-66,0.000000,7,8
1,10.000000,8.505000,0.532000,-65,0.000000,7,8
1,10.000000,8.489000,0.433000,-66,0.000000,7,8
1,10.000000,8.567000,0.431000,-65,0.000000,7,8
1,10.000000,8.551000,0.657000,-65,0.000000,7,8
1,10.000000,8.411000,0.453000,-65,0.000000,7,8
1,10.000000,8.489000,0.433000,-65,0.000000,7,8
1,10.000000,8.467000,0.411000,-65,0.000000,7,8
1,10.000000,8.730000,0.370000,-65,0.000000,7,8
1,10.000000,8.326000,0.742000,-65,0.000000,7,8
1,10.000000,8.289000,0.736000,-65,0.000000,7,8
1,10.000000,8.573000,0.595000,-65,0.000000,7,8
1,10.000000,8.439000,0.486000,-65,0.000000,7,8
1,10.000000,8.401000,0.538000,-64,0.000000,7,8
1,10.000000,8.283000,0.467000,-66,0.000000,7,8
1,10.000000,8.439000,0.532000,-66,0.000000,7,8
1,10.000000,8.430000,0.508000,-64,0.000000,7,8
1,10.000000,8.439000,0.453000,-65,0.000000,7,8
1,10.000000,8.320000,0.529000,-65,0.000000,7,8
1,10.000000,8.448000,0.332000,-66,0.000000,7,8
1,10.000000,8.411000,0.334000,-66,0.000000,7,8
1,10.000000,8.280000,0.482000,-65,0.000000,7,8
1,10.000000,8.251000,0.500000,-65,0.000000,7,8
1,10.000000,8.573000,0.512000,-65,0.000000,7,8
1,10.000000,8.655000,0.485000,-65,0.000000,7,8
1,10.000000,8.489000,0.418000,-66,0.000000,7,8
1,10.000000,8.439000,0.347000,-66,0.000000,7,8
1,10.000000,8.361000,0.492000,-66,0.000000,7,8
1,10.000000,8.439000,0.577000,-64,0.000000,7,8
1,10.000000,8.542000,0.600000,-65,0.000000,7,8
1,10.000000,8.395000,0.664000,-65,0.000000,7,8
1,10.000000,8.645000,0.384000,-64,0.000000,7,8
1,10.000000,8.370000,0.529000,-66,0.000000,7,8
1,10.000000,8.476000,0.569000,-65,0.000000,7,8
1,10.000000,8.779000,0.456000,-65,0.000000,7,8
1,10.000000,8.545000,0.423000,-66,0.000000,7,8
1,10.000000,8.655000,0.445000,-66,0.000000,7,8
1,10.000000,8.470000,0.684000,-66,0.000000,7,8
1,10.000000,8.723000,0.554000,-66,0.000000,7,8
1,10.000000,8.514000,0.545000,-65,0.000000,7,8
1,10.000000,8.439000,0.533000,-65,0.000000,7,8
1,10.000000,8.658000,0.438000,-65,0.000000,7,8
1,10.000000,8.364000,0.735000,-65,0.000000,7,8
1,10.000000,8.326000,0.464000,-66,0.000000,7,8
1,10.000000,8.467000,0.457000,-66,0.000000,7,8
1,10.000000,8.517000,0.439000,-65,0.000000,7,8
1,10.000000,8.573000,0.570000,-64,0.000000,7,8
1,10.000000,8.289000,0.569000,-65,0.000000,7,8
1,10.000000,8.401000,0.549000,-65,0.000000,7,8
1,10.000000,8.329000,0.434000,-65,0.000000,7,8
1,10.000000,8.364000,0.500000,-65,0.000000,7,8
1,10.000000,8.370000,0.433000,-65,0.000000,7,8
1,10.000000,8.401000,0.499000,-65,0.000000,7,8
1,10.000000,8.751000,0.348000,-65,0.000000,7,8
1,10.000000,8.439000,0.474000,-65,0.000000,7,8
1,10.000000,8.486000,0.591000,-65,0.000000,7,8
1,10.000000,8.448000,0.606000,-65,0.000000,7,8
1,10.000000,8.448000,0.780000,-66,0.000000,7,8
1,10.000000,8.773000,0.504000,-66,0.000000,7,8
1,10.000000,8.526000,0.634000,-66,0.000000,7,8
1,10.000000,8.289000,0.495000,-66,0.000000,7,8
1,10.000000,8.526000,0.391000,-65,0.000000,7,8
1,10.000000,8.583000,0.543000,-66,0.000000,7,8
1,10.000000,8.401000,0.535000,-65,0.000000,7,8
1,10.000000,8.505000,0.599000,-65,0.000000,7,8
1,10.000000,8.364000,0.585000,-65,0.000000,7,8
1,10.000000,8.411000,0.483000,-65,0.000000,7,8
1,10.000000,8.655000,0.486000,-65,0.000000,7,8
1,10.000000,8.401000,0.539000,-65,0.000000,7,8
1,10.000000,8.401000,0.569000,-65,0.000000,7,8
1,10.000000,8.364000,0.529000,-65,0.000000,7,8
1,10.000000,8.411000,0.412000,-65,0.000000,7,8
1,10.000000,8.364000,0.501000,-65,0.000000,7,8
1,10.000000,8.580000,0.468000,-65,0.000000,7,8
1,10.000000,8.489000,0.395000,-65,0.000000,7,8
1,10.000000,8.326000,0.522000,-65,0.000000,7,8
1,10.000000,8.489000,0.716000,-65,0.000000,7,8
1,10.000000,8.326000,0.506000,-66,0.000000,7,8
1,10.000000,8.326000,0.533000,-65,0.000000,7,8
1,10.000000,8.489000,0.411000,-65,0.000000,7,8
1,10.000000,8.364000,0.709000,-65,0.000000,7,8
1,10.000000,8.617000,0.679000,-65,0.000000,7,8
1,10.000000,8.326000,0.838000,-65,0.000000,7,8
1,10.000000,8.733000,0.444000,-65,0.000000,7,8
1,10.000000,8.733000,0.518000,-65,0.000000,7,8
1,10.000000,8.730000,0.485000,-65,0.000000,7,8
1,10.000000,8.736000,0.592000,-65,0.000000,7,8
1,10.000000,8.439000,0.800000,-65,0.000000,7,8
1,10.000000,8.695000,0.627000,-65,0.000000,7,8
1,10.000000,8.601000,0.604000,-65,0.000000,7,8
1,10.000000,8.692000,0.643000,-64,0.000000,7,8
1,10.000000,8.779000,0.566000,-64,0.000000,7,8
1,10.000000,8.770000,0.562000,-64,0.000000,7,8
1,10.000000,8.730000,0.610000,-65,0.000000,7,8
1,10.000000,8.773000,0.547000,-65,0.000000,7,8
1,10.000000,8.486000,0.622000,-64,0.000000,7,8
1,10.000000,8.695000,0.587000,-65,0.000000,7,8
1,10.000000,8.401000,0.480000,-64,0.000000,7,8
1,10.000000,8.489000,0.405000,-65,0.000000,7,8
1,10.000000,8.401000,0.639000,-65,0.000000,7,8
1,10.000000,8.526000,0.511000,-65,0.000000,7,8
1,10.000000,8.476000,0.693000,-64,0.000000,7,8
1,10.000000,8.439000,0.745000,-65,0.000000,7,8
1,10.000000,8.779000,0.473000,-64,0.000000,7,8
1,10.000000,8.655000,0.540000,-65,0.000000,7,8
1,10.000000,8.439000,0.604000,-65,0.000000,7,8
1,10.000000,8.733000,0.516000,-65,0.000000,7,8
1,10.000000,8.489000,0.615000,-65,0.000000,7,8
1,10.000000,8.567000,0.507000,-64,0.000000,7,8
1,10.000000,8.326000,0.767000,-64,0.000000,7,8
1,10.000000,8.439000,0.435000,-65,0.000000,7,8
1,10.000000,8.567000,0.468000,-64,0.000000,7,8
1,10.000000,8.655000,0.552000,-64,0.000000,7,8
1,10.000000,8.526000,0.557000,-65,0.000000,7,8
1,10.000000,8.401000,0.654000,-65,0.000000,7,8
1,10.000000,8.439000,0.583000,-65,0.000000,7,8
1,10.000000,8.779000,0.336000,-65,0.000000,7,8
1,10.000000,8.401000,0.469000,-65,0.000000,7,8
1,10.000000,8.476000,0.430000,-65,0.000000,7,8
1,10.000000,8.523000,0.376000,-65,0.000000,7,8
1,10.000000,8.445000,0.393000,-65,0.000000,7,8
1,10.000000,8.401000,0.502000,-65,0.000000,7,8
1,10.000000,8.523000,0.336000,-65,0.000000,7,8
1,10.000000,8.751000,0.342000,-65,0.000000,7,8
1,10.000000,8.645000,0.351000,-65,0.000000,7,8
1,10.000000,8.751000,0.304000,-65,0.000000,7,8
1,10.000000,8.645000,0.330000,-65,0.000000,7,8
1,10.000000,8.645000,0.351000,-65,0.000000,7,8
1,10.000000,8.364000,0.488000,-65,0.000000,7,8
1,10.000000,8.567000,0.382000,-65,0.000000,7,8
1,10.000000,8.564000,0.359000,-65,0.000000,7,8
1,10.000000,8.692000,0.405000,-65,0.000000,7,8
1,10.000000,8.476000,0.445000,-65,0.000000,7,8
1,10.000000,8.439000,0.492000,-65,0.000000,7,8
1,10.000000,8.523000,0.348000,-65,0.000000,7,8
1,10.000000,8.829000,0.273000,-65,0.000000,7,8
1,10.000000,8.445000,0.409000,-64,0.000000,7,8
1,10.000000,8.551000,0.393000,-65,0.000000,7,8
1,10.000000,8.289000,0.481000,-65,0.000000,7,8
1,10.000000,8.567000,0.393000,-65,0.000000,7,8
1,10.000000,8.364000,0.488000,-65,0.000000,7,8
1,10.000000,8.489000,0.448000,-65,0.000000,7,8
1,10.000000,8.486000,0.395000,-65,0.000000,7,8
1,10.000000,8.401000,0.468000,-65,0.000000,7,8
1,10.000000,8.445000,0.381000,-65,0.000000,7,8
1,10.000000,8.701000,0.390000,-65,0.000000,7,8
1,10.000000,8.623000,0.441000,-65,0.000000,7,8
1,10.000000,8.623000,0.441000,-65,0.000000,7,8
1,10.000000,8.655000,0.442000,-65,0.000000,7,8
1,10.000000,8.658000,0.402000,-65,0.000000,7,8
1,10.000000,8.692000,0.405000,-65,0.000000,7,8
1,10.000000,8.439000,0.452000,-65,0.000000,7,8
1,10.000000,8.692000,0.450000,-65,0.000000,7,8
1,10.000000,8.476000,0.460000,-65,0.000000,7,8
1,10.000000,8.404000,0.414000,-65,0.000000,7,8
1,10.000000,8.779000,0.309000,-65,0.000000,7,8
1,10.000000,8.404000,0.411000,-65,0.000000,7,8
1,10.000000,8.523000,0.348000,-65,0.000000,7,8
1,10.000000,8.404000,0.441000,-65,0.000000,7,8
1,10.000000,8.511000,0.465000,-65,0.000000,7,8
1,10.000000,8.326000,0.478000,-65,0.000000,7,8
1,10.000000,8.623000,0.424000,-65,0.000000,7,8
1,10.000000,8.401000,0.456000,-65,0.000000,7,8
1,10.000000,8.545000,0.544000,-65,0.000000,7,8
1,10.000000,8.401000,0.468000,-65,0.000000,7,8
1,10.000000,8.448000,0.438000,-65,0.000000,7,8
1,10.000000,8.401000,0.466000,-65,0.000000,7,8
1,10.000000,8.730000,0.384000,-65,0.000000,7,8
1,10.000000,8.623000,0.403000,-65,0.000000,7,8
1,10.000000,8.723000,0.331000,-65,0.000000,7,8
1,10.000000,8.723000,0.299000,-65,0.000000,7,8
1,10.000000,8.673000,0.336000,-65,0.000000,7,8
1,10.000000,8.623000,0.484000,-65,0.000000,7,8
1,10.000000,8.567000,0.396000,-65,0.000000,7,8
1,10.000000,8.658000,0.458000,-65,0.000000,7,8
1,10.000000,8.289000,0.495000,-65,0.000000,7,8
1,10.000000,8.583000,0.501000,-65,0.000000,7,8
1,10.000000,8.661000,0.479000,-65,0.000000,7,8
1,10.000000,8.580000,0.502000,-65,0.000000,7,8
1,10.000000,8.401000,0.518000,-65,0.000000,7,8
1,10.000000,8.692000,0.465000,-65,0.000000,7,8
1,10.000000,8.476000,0.513000,-65,0.000000,7,8
1,10.000000,8.651000,0.427000,-65,0.000000,7,8
1,10.000000,8.626000,0.457000,-65,0.000000,7,8
1,10.000000,8.517000,0.452000,-65,0.000000,7,8
1,10.000000,8.542000,0.551000,-65,0.000000,7,8
1,10.000000,8.364000,0.488000,-65,0.000000,7,8
1,10.000000,8.486000,0.405000,-65,0.000000,7,8
1,10.000000,8.779000,0.423000,-65,0.000000,7,8
1,10.000000,8.551000,0.495000,-65,0.000000,7,8
1,10.000000,8.514000,0.484000,-65,0.000000,7,8
1,10.000000,8.626000,0.465000,-65,0.000000,7,8
1,10.000000,8.364000,0.504000,-65,0.000000,7,8
1,10.000000,8.448000,0.420000,-65,0.000000,7,8
1,10.000000,8.489000,0.436000,-65,0.000000,7,8
1,10.000000,8.730000,0.396000,-65,0.000000,7,8
1,10.000000,8.445000,0.424000,-65,0.000000,7,8
1,10.000000,8.742000,0.431000,-65,0.000000,7,8
1,10.000000,8.445000,0.409000,-65,0.000000,7,8
1,10.000000,8.367000,0.461000,-65,0.000000,7,8
1,10.000000,8.623000,0.469000,-65,0.000000,7,8
1,10.000000,8.692000,0.415000,-65,0.000000,7,8
1,10.000000,8.692000,0.397000,-65,0.000000,7,8
1,10.000000,8.476000,0.445000,-65,0.000000,7,8
1,10.000000,8.701000,0.332000,-65,0.000000,7,8
1,10.000000,8.664000,0.409000,-65,0.000000,7,8
1,10.000000,8.404000,0.426000,-65,0.000000,7,8
1,10.000000,8.655000,0.443000,-65,0.000000,7,8
1,10.000000,8.401000,0.452000,-65,0.000000,7,8
1,10.000000,8.730000,0.346000,-65,0.000000,7,8
1,10.000000,8.523000,0.336000,-65,0.000000,7,8
1,10.000000,8.551000,0.427000,-65,0.000000,7,8
1,10.000000,8.701000,0.349000,-65,0.000000,7,8
1,10.000000,8.401000,0.452000,-65,0.000000,7,8
1,10.000000,8.401000,0.469000,-65,0.000000,7,8
1,10.000000,8.486000,0.346000,-65,0.000000,7,8
1,10.000000,8.523000,0.336000,-65,0.000000,7,8
1,10.000000,8.626000,0.406000,-65,0.000000,7,8
1,10.000000,8.751000,0.342000,-65,0.000000,7,8
1,10.000000,8.661000,0.478000,-65,0.000000,7,8
1,10.000000,8.326000,0.518000,-65,0.000000,7,8
1,10.000000,8.692000,0.397000,-65,0.000000,7,8
1,10.000000,8.476000,0.474000,-65,0.000000,7,8
1,10.000000,8.626000,0.425000,-65,0.000000,7,8
1,10.000000,8.723000,0.341000,-65,0.000000,7,8
1,10.000000,8.326000,0.489000,-65,0.000000,7,8
1,10.000000,8.770000,0.382000,-65,0.000000,7,8
1,10.000000,8.486000,0.375000,-64,0.000000,7,8
1,10.000000,8.486000,0.368000,-65,0.000000,7,8
1,10.000000,8.730000,0.396000,-65,0.000000,7,8
1,10.000000,8.751000,0.342000,-65,0.000000,7,8
1,10.000000,8.692000,0.415000,-65,0.000000,7,8
1,10.000000,8.514000,0.479000,-65,0.000000,7,8
1,10.000000,8.739000,0.429000,-65,0.000000,7,8
1,10.000000,8.364000,0.488000,-65,0.000000,7,8
1,10.000000,8.401000,0.509000,-65,0.000000,7,8
1,10.000000,8.448000,0.403000,-65,0.000000,7,8
1,10.000000,8.551000,0.447000,-65,0.000000,7,8
1,10.000000,8.476000,0.486000,-65,0.000000,7,8
1,10.000000,8.801000,0.282000,-65,0.000000,7,8
1,10.000000,8.801000,0.282000,-65,0.000000,7,8
1,10.000000,8.661000,0.443000,-65,0.000000,7,8
1,10.000000,8.489000,0.384000,-65,0.000000,7,8
1,10.000000,8.730000,0.442000,-65,0.000000,7,8
1,10.000000,8.411000,0.412000,-65,0.000000,7,8
1,10.000000,8.439000,0.460000,-65,0.000000,7,8
1,10.000000,8.401000,0.460000,-65,0.000000,7,8
1,10.000000,8.476000,0.417000,-65,0.000000,7,8
1,10.000000,8.589000,0.400000,-65,0.000000,7,8
1,10.000000,8.508000,0.486000,-65,0.000000,7,8
1,10.000000,8.655000,0.418000,-65,0.000000,7,8
1,10.000000,8.730000,0.395000,-65,0.000000,7,8
1,10.000000,8.439000,0.448000,-65,0.000000,7,8
1,10.000000,8.367000,0.449000,-65,0.000000,7,8
1,10.000000,8.801000,0.269000,-65,0.000000,7,8
1,10.000000,8.567000,0.395000,-65,0.000000,7,8
1,10.000000,8.326000,0.478000,-65,0.000000,7,8
1,10.000000,8.401000,0.494000,-65,0.000000,7,8
1,10.000000,8.692000,0.384000,-65,0.000000,7,8
1,10.000000,8.626000,0.457000,-65,0.000000,7,8
1,10.000000,8.483000,0.401000,-65,0.000000,7,8
1,10.000000,8.733000,0.428000,-65,0.000000,7,8
1,10.000000,8.692000,0.465000,-65,0.000000,7,8
1,10.000000,8.779000,0.333000,-65,0.000000,7,8
1,10.000000,8.483000,0.401000,-65,0.000000,7,8
1,10.000000,8.751000,0.342000,-65,0.000000,7,8
1,10.000000,8.364000,0.500000,-65,0.000000,7,8
1,10.000000,8.730000,0.378000,-65,0.000000,7,8
1,10.000000,8.779000,0.354000,-65,0.000000,7,8
1,10.000000,8.551000,0.446000,-65,0.000000,7,8
1,10.000000,8.526000,0.347000,-65,0.000000,7,8
1,10.000000,8.695000,0.444000,-65,0.000000,7,8
1,10.000000,8.476000,0.455000,-65,0.000000,7,8
1,10.000000,8.445000,0.393000,-66,0.000000,7,8
1,10.000000,8.586000,0.478000,-65,0.000000,7,8
1,10.000000,8.489000,0.395000,-65,0.000000,7,8
1,10.000000,8.692000,0.351000,-65,0.000000,7,8
1,10.000000,8.651000,0.351000,-65,0.000000,7,8
1,10.000000,8.326000,0.478000,-65,0.000000,7,8
1,10.000000,8.583000,0.486000,-66,0.000000,7,8
1,10.000000,8.617000,0.475000,-65,0.000000,7,8
1,10.000000,8.486000,0.395000,-65,0.000000,7,8
1,10.000000,8.723000,0.356000,-65,0.000000,7,8
1,10.000000,8.664000,0.393000,-65,0.000000,7,8
1,10.000000,8.695000,0.419000,-65,0.000000,7,8
1,10.000000,8.401000,0.523000,-66,0.000000,7,8
1,10.000000,8.626000,0.373000,-65,0.000000,7,8
1,10.000000,8.645000,0.353000,-65,0.000000,7,8
1,10.000000,8.401000,0.451000,-65,0.000000,7,8
1,10.000000,8.448000,0.383000,-66,0.000000,7,8
1,10.000000,8.476000,0.470000,-65,0.000000,7,8
1,10.000000,8.404000,0.426000,-65,0.000000,7,8
1,10.000000,8.411000,0.426000,-65,0.000000,7,8
1,10.000000,8.326000,0.489000,-65,0.000000,7,8
1,10.000000,8.692000,0.375000,-65,0.000000,7,8
1,10.000000,8.701000,0.358000,-65,0.000000,7,8
1,10.000000,8.583000,0.472000,-65,0.000000,7,8
1,10.000000,8.505000,0.541000,-65,0.000000,7,8
1,10.000000,8.439000,0.522000,-65,0.000000,7,8
1,10.000000,8.751000,0.415000,-65,0.000000,7,8
1,10.000000,8.470000,0.485000,-65,0.000000,7,8
1,10.000000,8.586000,0.458000,-65,0.000000,7,8
1,10.000000,8.401000,0.495000,-65,0.000000,7,8
1,10.000000,8.439000,0.463000,-65,0.000000,7,8
1,10.000000,8.289000,0.480000,-65,0.000000,7,8
1,10.000000,8.567000,0.383000,-65,0.000000,7,8
1,10.000000,8.439000,0.463000,-65,0.000000,7,8
1,10.000000,8.730000,0.411000,-65,0.000000,7,8
1,10.000000,8.367000,0.449000,-65,0.000000,7,8
1,10.000000,8.623000,0.456000,-65,0.000000,7,8
1,10.000000,8.730000,0.396000,-65,0.000000,7,8
1,10.000000,8.476000,0.430000,-65,0.000000,7,8
1,10.000000,8.523000,0.348000,-65,0.000000,7,8
1,10.000000,8.673000,0.373000,-65,0.000000,7,8
1,10.000000,8.470000,0.485000,-65,0.000000,7,8
1,10.000000,8.617000,0.488000,-65,0.000000,7,8
1,10.000000,8.751000,0.357000,-65,0.000000,7,8
1,10.000000,8.673000,0.373000,-65,0.000000,7,8
1,10.000000,8.401000,0.473000,-65,0.000000,7,8
1,10.000000,8.439000,0.475000,-65,0.000000,7,8
1,10.000000,8.511000,0.431000,-65,0.000000,7,8
1,10.000000,8.364000,0.457000,-65,0.000000,7,8
1,10.000000,8.730000,0.391000,-65,0.000000,7,8
1,10.000000,8.673000,0.322000,-65,0.000000,7,8
1,10.000000,8.364000,0.475000,-65,0.000000,7,8
1,10.000000,8.655000,0.417000,-65,0.000000,7,8
1,10.000000,8.473000,0.446000,-65,0.000000,7,8
1,10.000000,8.326000,0.464000,-65,0.000000,7,8
1,10.000000,8.411000,0.442000,-65,0.000000,7,8
1,10.000000,8.730000,0.353000,-65,0.000000,7,8
1,10.000000,8.551000,0.409000,-65,0.000000,7,8
1,10.000000,8.476000,0.456000,-65,0.000000,7,8
1,10.000000,8.486000,0.384000,-65,0.000000,7,8
1,10.000000,8.658000,0.462000,-65,0.000000,7,8
1,10.000000,8.623000,0.431000,-65,0.000000,7,8
1,10.000000,8.701000,0.403000,-65,0.000000,7,8
1,10.000000,8.486000,0.375000,-65,0.000000,7,8
1,10.000000,8.401000,0.456000,-65,0.000000,7,8
1,10.000000,8.364000,0.457000,-65,0.000000,7,8
1,10.000000,8.545000,0.508000,-65,0.000000,7,8
1,10.000000,8.439000,0.437000,-66,0.000000,7,8
1,10.000000,8.289000,0.495000,-65,0.000000,7,8
1,10.000000,8.489000,0.515000,-65,0.000000,7,8
1,10.000000,8.448000,0.519000,-65,0.000000,7,8
1,10.000000,8.401000,0.495000,-65,0.000000,7,8
1,10.000000,8.505000,0.535000,-65,0.000000,7,8
1,10.000000,8.476000,0.605000,-65,0.000000,7,8
1,10.000000,8.536000,0.454000,-65,0.000000,7,8
1,10.000000,8.289000,0.622000,-65,0.000000,7,8
1,10.000000,8.526000,0.365000,-66,0.000000,7,8
1,10.000000,8.523000,0.389000,-66,0.000000,7,8
1,10.000000,8.723000,0.432000,-65,0.000000,7,8
1,10.000000,8.545000,0.626000,-64,0.000000,7,8
1,10.000000,8.486000,0.483000,-65,0.000000,7,8
1,10.000000,8.523000,0.562000,-64,0.000000,7,8
1,10.000000,8.695000,0.533000,-64,0.000000,7,8
1,10.000000,8.523000,0.505000,-64,0.000000,7,8
1,10.000000,8.698000,0.531000,-64,0.000000,7,8
1,10.000000,8.486000,0.523000,-64,0.000000,7,8
1,10.000000,8.401000,0.689000,-64,0.000000,7,8
1,10.000000,8.523000,0.530000,-65,0.000000,7,8
1,10.000000,8.770000,0.463000,-64,0.000000,7,8
1,10.000000,8.723000,0.394000,-65,0.000000,7,8
1,10.000000,8.701000,0.530000,-65,0.000000,7,8
1,10.000000,8.411000,0.495000,-63,0.000000,7,8
1,10.000000,8.567000,0.514000,-65,0.000000,7,8
1,10.000000,8.551000,0.561000,-65,0.000000,7,8
1,10.000000,8.501000,0.591000,-66,0.000000,7,8
1,10.000000,8.467000,0.764000,-66,0.000000,7,8
1,10.000000,8.411000,0.567000,-66,0.000000,7,8
1,10.000000,8.411000,0.732000,-66,0.000000,7,8
1,10.000000,8.623000,0.378000,-66,0.000000,7,8
1,10.000000,8.511000,0.700000,-64,0.000000,7,8
1,10.000000,8.176000,0.596000,-65,0.000000,7,8
1,10.000000,8.370000,0.492000,-66,0.000000,7,8
1,10.000000,8.730000,0.521000,-66,0.000000,7,8
1,10.000000,8.526000,0.483000,-65,0.000000,7,8
1,10.000000,8.567000,0.595000,-65,0.000000,7,8
1,10.000000,8.701000,0.502000,-65,0.000000,7,8
1,10.000000,8.523000,0.693000,-65,0.000000,7,8
1,10.000000,8.733000,0.503000,-65,0.000000,7,8
1,10.000000,8.445000,0.481000,-65,0.000000,7,8
1,10.000000,8.523000,0.644000,-66,0.000000,7,8
1,10.000000,8.505000,0.386000,-65,0.000000,7,8
1,10.000000,8.317000,0.542000,-66,0.000000,7,8
1,10.000000,8.664000,0.467000,-64,0.000000,7,8
1,10.000000,8.445000,0.370000,-65,0.000000,7,8
1,10.000000,8.364000,0.737000,-65,0.000000,7,8
1,10.000000,8.289000,0.484000,-65,0.000000,7,8
1,10.000000,8.401000,0.676000,-66,0.000000,7,8
1,10.000000,8.411000,0.451000,-67,0.000000,7,8
1,10.000000,8.358000,0.709000,-66,0.000000,7,8
1,10.000000,8.367000,0.660000,-65,0.000000,7,8
1,10.000000,8.567000,0.564000,-65,0.000000,7,8
1,10.000000,8.701000,0.436000,-65,0.000000,7,8
1,10.000000,8.411000,0.500000,-65,0.000000,7,8
1,10.000000,8.289000,0.481000,-65,0.000000,7,8
1,10.000000,8.445000,0.715000,-65,0.000000,7,8
1,10.000000,8.476000,0.763000,-65,0.000000,7,8
1,10.000000,8.364000,0.547000,-66,0.000000,7,8
1,10.000000,8.361000,0.609000,-67,0.000000,7,8
1,10.000000,8.286000,0.671000,-66,0.000000,7,8
1,10.000000,8.411000,0.487000,-66,0.000000,7,8
1,10.000000,8.289000,0.705000,-66,0.000000,7,8
1,10.000000,8.401000,0.459000,-66,0.000000,7,8
1,10.000000,8.467000,0.534000,-66,0.000000,7,8
1,10.000000,8.479000,0.502000,-66,0.000000,7,8
1,10.000000,8.383000,0.608000,-66,0.000000,7,8
1,10.000000,8.289000,0.553000,-65,0.000000,7,8
1,10.000000,8.280000,0.579000,-65,0.000000,7,8
1,10.000000,8.289000,0.465000,-65,0.000000,7,8
1,10.000000,8.329000,0.508000,-66,0.000000,7,8
1,10.000000,8.326000,0.476000,-66,0.000000,7,8
1,10.000000,8.395000,0.515000,-65,0.000000,7,8
1,10.000000,8.370000,0.474000,-65,0.000000,7,8
1,10.000000,8.439000,0.461000,-65,0.000000,7,8
1,10.000000,8.470000,0.486000,-66,0.000000,7,8
1,10.000000,8.551000,0.402000,-66,0.000000,7,8
1,10.000000,8.401000,0.468000,-66,0.000000,7,8
1,10.000000,8.542000,0.496000,-66,0.000000,7,8
1,10.000000,8.473000,0.483000,-65,0.000000,7,8
1,10.000000,8.401000,0.523000,-66,0.000000,7,8
1,10.000000,8.411000,0.451000,-66,0.000000,7,8
1,10.000000,8.411000,0.465000,-66,0.000000,7,8
1,10.000000,8.614000,0.476000,-66,0.000000,7,8
1,10.000000,8.364000,0.504000,-66,0.000000,7,8
1,10.000000,8.289000,0.480000,-66,0.000000,7,8
1,10.000000,8.367000,0.421000,-66,0.000000,7,8
1,10.000000,8.401000,0.495000,-65,0.000000,7,8
1,10.000000,8.364000,0.472000,-66,0.000000,7,8
1,10.000000,8.289000,0.465000,-66,0.000000,7,8
1,10.000000,8.364000,0.518000,-66,0.000000,7,8
1,10.000000,8.430000,0.577000,-66,0.000000,7,8
1,10.000000,8.433000,0.527000,-66,0.000000,7,8
1,10.000000,8.439000,0.517000,-66,0.000000,7,8
1,10.000000,8.364000,0.514000,-65,0.000000,7,8
1,10.000000,8.545000,0.454000,-66,0.000000,7,8
1,10.000000,8.623000,0.471000,-66,0.000000,7,8
1,10.000000,8.439000,0.463000,-66,0.000000,7,8
1,10.000000,8.364000,0.488000,-66,0.000000,7,8
1,10.000000,8.586000,0.447000,-66,0.000000,7,8
1,10.000000,8.408000,0.406000,-65,0.000000,7,8
1,10.000000,8.617000,0.487000,-66,0.000000,7,8
1,10.000000,8.326000,0.506000,-66,0.000000,7,8
1,10.000000,8.367000,0.446000,-66,0.000000,7,8
1,10.000000,8.476000,0.487000,-66,0.000000,7,8
1,10.000000,8.364000,0.500000,-66,0.000000,7,8
1,10.000000,8.489000,0.453000,-66,0.000000,7,8
1,10.000000,8.701000,0.373000,-66,0.000000,7,8
1,10.000000,8.692000,0.450000,-66,0.000000,7,8
1,10.000000,8.411000,0.480000,-65,0.000000,7,8
1,10.000000,8.364000,0.458000,-65,0.000000,7,8
1,10.000000,8.329000,0.451000,-65,0.000000,7,8
1,10.000000,8.692000,0.436000,-66,0.000000,7,8
1,10.000000,8.364000,0.488000,-66,0.000000,7,8
1,10.000000,8.326000,0.476000,-66,0.000000,7,8
1,10.000000,8.289000,0.452000,-66,0.000000,7,8
1,10.000000,8.329000,0.447000,-66,0.000000,7,8
1,10.000000,8.439000,0.503000,-66,0.000000,7,8
1,10.000000,8.370000,0.401000,-66,0.000000,7,8
1,10.000000,8.505000,0.526000,-66,0.000000,7,8
1,10.000000,8.439000,0.521000,-66,0.000000,7,8
1,10.000000,8.364000,0.503000,-66,0.000000,7,8
1,10.000000,8.436000,0.497000,-66,0.000000,7,8
1,10.000000,8.439000,0.503000,-66,0.000000,7,8
1,10.000000,8.411000,0.418000,-66,0.000000,7,8
1,10.000000,8.289000,0.495000,-66,0.000000,7,8
1,10.000000,8.367000,0.449000,-66,0.000000,7,8
1,10.000000,8.514000,0.475000,-66,0.000000,7,8
1,10.000000,8.326000,0.506000,-66,0.000000,7,8
1,10.000000,8.567000,0.428000,-66,0.000000,7,8
1,10.000000,8.476000,0.498000,-66,0.000000,7,8
1,10.000000,8.401000,0.522000,-66,0.000000,7,8
1,10.000000,8.411000,0.459000,-66,0.000000,7,8
1,10.000000,8.489000,0.433000,-66,0.000000,7,8
1,10.000000,8.439000,0.505000,-66,0.000000,7,8
1,10.000000,8.448000,0.478000,-66,0.000000,7,8
1,10.000000,8.289000,0.512000,-66,0.000000,7,8
1,10.000000,8.673000,0.383000,-66,0.000000,7,8
1,10.000000,8.401000,0.523000,-66,0.000000,7,8
1,10.000000,8.580000,0.463000,-66,0.000000,7,8
1,10.000000,8.551000,0.463000,-66,0.000000,7,8
1,10.000000,8.486000,0.362000,-66,0.000000,7,8
1,10.000000,8.583000,0.466000,-66,0.000000,7,8
1,10.000000,8.551000,0.455000,-66,0.000000,7,8
1,10.000000,8.448000,0.451000,-66,0.000000,7,8
1,10.000000,8.411000,0.480000,-66,0.000000,7,8
1,10.000000,8.473000,0.474000,-66,0.000000,7,8
1,10.000000,8.614000,0.443000,-66,0.000000,7,8
1,10.000000,8.411000,0.480000,-66,0.000000,7,8
1,10.000000,8.436000,0.556000,-66,0.000000,7,8
1,10.000000,8.486000,0.395000,-66,0.000000,7,8
1,10.000000,8.401000,0.495000,-66,0.000000,7,8
1,10.000000,8.595000,0.419000,-66,0.000000,7,8
1,10.000000,8.476000,0.478000,-66,0.000000,7,8
1,10.000000,8.401000,0.475000,-66,0.000000,7,8
1,10.000000,8.448000,0.464000,-66,0.000000,7,8
1,10.000000,8.408000,0.400000,-66,0.000000,7,8
1,10.000000,8.448000,0.402000,-66,0.000000,7,8
1,10.000000,8.545000,0.523000,-66,0.000000,7,8
1,10.000000,8.514000,0.393000,-66,0.000000,7,8
1,10.000000,8.779000,0.364000,-66,0.000000,7,8
1,10.000000,8.779000,0.315000,-66,0.000000,7,8
1,10.000000,8.364000,0.457000,-66,0.000000,7,8
1,10.000000,8.289000,0.480000,-66,0.000000,7,8
1,10.000000,8.692000,0.350000,-66,0.000000,7,8
1,10.000000,8.326000,0.489000,-66,0.000000,7,8
1,10.000000,8.567000,0.395000,-66,0.000000,7,8
1,10.000000,8.476000,0.459000,-66,0.000000,7,8
1,10.000000,8.620000,0.448000,-66,0.000000,7,8
1,10.000000,8.586000,0.471000,-66,0.000000,7,8
1,10.000000,8.445000,0.393000,-66,0.000000,7,8
1,10.000000,8.730000,0.412000,-66,0.000000,7,8
1,10.000000,8.326000,0.506000,-66,0.000000,7,8
1,10.000000,8.511000,0.465000,-66,0.000000,7,8
1,10.000000,8.401000,0.494000,-66,0.000000,7,8
1,10.000000,8.411000,0.451000,-66,0.000000,7,8
1,10.000000,8.623000,0.459000,-66,0.000000,7,8
1,10.000000,8.439000,0.506000,-66,0.000000,7,8
1,10.000000,8.364000,0.488000,-66,0.000000,7,8
1,10.000000,8.595000,0.408000,-66,0.000000,7,8
1,10.000000,8.580000,0.535000,-66,0.000000,7,8
1,10.000000,8.326000,0.478000,-66,0.000000,7,8
1,10.000000,8.398000,0.495000,-66,0.000000,7,8
1,10.000000,8.439000,0.532000,-66,0.000000,7,8
1,10.000000,8.411000,0.421000,-66,0.000000,7,8
1,10.000000,8.401000,0.456000,-66,0.000000,7,8
1,10.000000,8.476000,0.527000,-66,0.000000,7,8
1,10.000000,8.576000,0.542000,-67,0.000000,7,8
1,10.000000,8.445000,0.384000,-66,0.000000,7,8
1,10.000000,8.364000,0.503000,-66,0.000000,7,8
1,10.000000,8.573000,0.446000,-66,0.000000,7,8
1,10.000000,8.448000,0.446000,-66,0.000000,7,8
1,10.000000,8.411000,0.445000,-66,0.000000,7,8
1,10.000000,8.545000,0.534000,-66,0.000000,7,8
1,10.000000,8.489000,0.468000,-66,0.000000,7,8
1,10.000000,8.692000,0.465000,-66,0.000000,7,8
1,10.000000,8.326000,0.478000,-66,0.000000,7,8
1,10.000000,8.589000,0.412000,-66,0.000000,7,8
1,10.000000,8.476000,0.441000,-66,0.000000,7,8
1,10.000000,8.580000,0.474000,-66,0.000000,7,8
1,10.000000,8.289000,0.480000,-66,0.000000,7,8
1,10.000000,8.367000,0.421000,-65,0.000000,7,8
1,10.000000,8.655000,0.385000,-65,0.000000,7,8
1,10.000000,8.364000,0.446000,-65,0.000000,7,8
1,10.000000,8.473000,0.418000,-65,0.000000,7,8
1,10.000000,8.692000,0.338000,-65,0.000000,7,8
1,10.000000,8.411000,0.386000,-65,0.000000,7,8
1,10.000000,8.508000,0.461000,-65,0.000000,7,8
1,10.000000,8.595000,0.395000,-65,0.000000,7,8
1,10.000000,8.486000,0.363000,-65,0.000000,7,8
1,10.000000,8.655000,0.425000,-65,0.000000,7,8
1,10.000000,8.517000,0.428000,-65,0.000000,7,8
1,10.000000,8.367000,0.421000,-65,0.000000,7,8
1,10.000000,8.667000,0.411000,-65,0.000000,7,8
1,10.000000,8.448000,0.425000,-66,0.000000,7,8
1,10.000000,8.289000,0.480000,-66,0.000000,7,8
1,10.000000,8.476000,0.430000,-65,0.000000,7,8
1,10.000000,8.448000,0.383000,-66,0.000000,7,8
1,10.000000,8.411000,0.442000,-66,0.000000,7,8
1,10.000000,8.470000,0.502000,-65,0.000000,7,8
1,10.000000,8.367000,0.433000,-66,0.000000,7,8
1,10.000000,8.580000,0.482000,-65,0.000000,7,8
1,10.000000,8.411000,0.465000,-66,0.000000,7,8
1,10.000000,8.429000,0.489000,-66,0.000000,7,8
1,10.000000,8.439000,0.496000,-66,0.000000,7,8
1,10.000000,8.364000,0.503000,-65,0.000000,7,8
1,10.000000,8.411000,0.487000,-66,0.000000,7,8
1,10.000000,8.458000,0.504000,-66,0.000000,7,8
1,10.000000,8.701000,0.399000,-66,0.000000,7,8
1,10.000000,8.401000,0.509000,-66,0.000000,7,8
1,10.000000,8.430000,0.556000,-66,0.000000,7,8
1,10.000000,8.289000,0.495000,-66,0.000000,7,8
1,10.000000,8.514000,0.439000,-66,0.000000,7,8
1,10.000000,8.655000,0.445000,-66,0.000000,7,8
1,10.000000,8.730000,0.348000,-65,0.000000,7,8
1,10.000000,8.470000,0.469000,-65,0.000000,7,8
1,10.000000,8.326000,0.464000,-66,0.000000,7,8
1,10.000000,8.326000,0.464000,-65,0.000000,7,8
1,10.000000,8.551000,0.424000,-66,0.000000,7,8
1,10.000000,8.514000,0.393000,-65,0.000000,7,8
1,10.000000,8.514000,0.375000,-65,0.000000,7,8
1,10.000000,8.401000,0.480000,-65,0.000000,7,8
1,10.000000,8.411000,0.514000,-65,0.000000,7,8
1,10.000000,8.367000,0.548000,-65,0.000000,7,8
1,10.000000,8.439000,0.573000,-65,0.000000,7,8
1,10.000000,8.539000,0.350000,-65,0.000000,7,8
1,10.000000,8.448000,0.332000,-65,0.000000,7,8
1,10.000000,8.411000,0.384000,-65,0.000000,7,8
1,10.000000,8.467000,0.417000,-65,0.000000,7,8
1,10.000000,8.439000,0.382000,-65,0.000000,7,8
1,10.000000,8.364000,0.434000,-65,0.000000,7,8
1,10.000000,8.411000,0.394000,-65,0.000000,7,8
1,10.000000,8.367000,0.407000,-65,0.000000,7,8
1,10.000000,8.329000,0.434000,-66,0.000000,7,8
1,10.000000,8.401000,0.469000,-66,0.000000,7,8
1,10.000000,8.289000,0.481000,-66,0.000000,7,8
1,10.000000,8.436000,0.400000,-66,0.000000,7,8
1,10.000000,8.617000,0.408000,-66,0.000000,7,8
1,10.000000,8.508000,0.444000,-66,0.000000,7,8
1,10.000000,8.289000,0.480000,-66,0.000000,7,8
1,10.000000,8.395000,0.588000,-66,0.000000,7,8
1,10.000000,8.476000,0.488000,-66,0.000000,7,8
1,10.000000,8.580000,0.481000,-66,0.000000,7,8
1,10.000000,8.392000,0.598000,-66,0.000000,7,8
1,10.000000,8.326000,0.478000,-66,0.000000,7,8
1,10.000000,8.511000,0.480000,-66,0.000000,7,8
1,10.000000,8.779000,0.355000,-66,0.000000,7,8
1,10.000000,8.411000,0.426000,-66,0.000000,7,8
1,10.000000,8.364000,0.457000,-66,0.000000,7,8
1,10.000000,8.505000,0.502000,-66,0.000000,7,8
1,10.000000,8.545000,0.453000,-66,0.000000,7,8
1,10.000000,8.514000,0.441000,-66,0.000000,7,8
1,10.000000,8.448000,0.349000,-65,0.000000,7,8
1,10.000000,8.505000,0.451000,-65,0.000000,7,8
1,10.000000,8.489000,0.433000,-65,0.000000,7,8
1,10.000000,8.433000,0.498000,-66,0.000000,7,8
1,10.000000,8.436000,0.427000,-65,0.000000,7,8
1,10.000000,8.779000,0.364000,-65,0.000000,7,8
1,10.000000,8.617000,0.459000,-65,0.000000,7,8
1,10.000000,8.326000,0.518000,-66,0.000000,7,8
1,10.000000,8.367000,0.433000,-66,0.000000,7,8
1,10.000000,8.551000,0.347000,-65,0.000000,7,8
1,10.000000,8.439000,0.381000,-65,0.000000,7,8
1,10.000000,8.730000,0.356000,-65,0.000000,7,8
1,10.000000,8.489000,0.418000,-65,0.000000,7,8
1,10.000000,8.326000,0.436000,-65,0.000000,7,8
1,10.000000,8.442000,0.380000,-65,0.000000,7,8
1,10.000000,8.701000,0.256000,-65,0.000000,7,8
1,10.000000,8.439000,0.364000,-65,0.000000,7,8
1,10.000000,8.364000,0.431000,-65,0.000000,7,8
1,10.000000,8.326000,0.436000,-65,0.000000,7,8
1,10.000000,8.489000,0.428000,-65,0.000000,7,8
1,10.000000,8.401000,0.483000,-66,0.000000,7,8
1,10.000000,8.617000,0.440000,-66,0.000000,7,8
1,10.000000,8.542000,0.463000,-66,0.000000,7,8
1,10.000000,8.326000,0.478000,-65,0.000000,7,8
1,10.000000,8.280000,0.523000,-66,0.000000,7,8
1,10.000000,8.389000,0.460000,-66,0.000000,7,8
1,10.000000,8.361000,0.458000,-66,0.000000,7,8
1,10.000000,8.401000,0.411000,-66,0.000000,7,8
1,10.000000,8.392000,0.486000,-66,0.000000,7,8
1,10.000000,8.411000,0.394000,-66,0.000000,7,8
1,10.000000,8.280000,0.526000,-66,0.000000,7,8
1,10.000000,8.289000,0.465000,-66,0.000000,7,8
1,10.000000,8.467000,0.385000,-66,0.000000,7,8
1,10.000000,8.433000,0.543000,-66,0.000000,7,8
1,10.000000,8.539000,0.525000,-66,0.000000,7,8
1,10.000000,8.401000,0.437000,-65,0.000000,7,8
1,10.000000,8.326000,0.465000,-65,0.000000,7,8
1,10.000000,8.317000,0.584000,-65,0.000000,7,8
1,10.000000,8.339000,0.526000,-65,0.000000,7,8
1,10.000000,8.361000,0.466000,-65,0.000000,7,8
1,10.000000,8.576000,0.405000,-65,0.000000,7,8
1,10.000000,8.370000,0.421000,-65,0.000000,7,8
1,10.000000,8.364000,0.488000,-65,0.000000,7,8
1,10.000000,8.489000,0.418000,-65,0.000000,7,8
1,10.000000,8.326000,0.462000,-65,0.000000,7,8
1,10.000000,8.289000,0.465000,-65,0.000000,7,8
1,10.000000,8.448000,0.363000,-65,0.000000,7,8
1,10.000000,8.439000,0.404000,-66,0.000000,7,8
1,10.000000,8.411000,0.415000,-66,0.000000,7,8
1,10.000000,8.289000,0.465000,-65,0.000000,7,8
1,10.000000,8.473000,0.390000,-66,0.000000,7,8
1,10.000000,8.545000,0.404000,-66,0.000000,7,8
1,10.000000,8.542000,0.458000,-66,0.000000,7,8
1,10.000000,8.508000,0.416000,-66,0.000000,7,8
1,10.000000,8.408000,0.386000,-66,0.000000,7,8
1,10.000000,8.439000,0.406000,-66,0.000000,7,8
1,10.000000,8.370000,0.414000,-66,0.000000,7,8
1,10.000000,8.617000,0.426000,-66,0.000000,7,8
1,10.000000,8.411000,0.418000,-66,0.000000,7,8
1,10.000000,8.361000,0.442000,-66,0.000000,7,8
1,10.000000,8.329000,0.420000,-66,0.000000,7,8
1,10.000000,8.292000,0.467000,-66,0.000000,7,8
1,10.000000,8.411000,0.386000,-66,0.000000,7,8
1,10.000000,8.489000,0.393000,-66,0.000000,7,8
1,10.000000,8.367000,0.421000,-66,0.000000,7,8
1,10.000000,8.692000,0.338000,-66,0.000000,7,8
1,10.000000,8.289000,0.465000,-66,0.000000,7,8
1,10.000000,8.289000,0.465000,-66,0.000000,7,8
1,10.000000,8.398000,0.456000,-66,0.000000,7,8
1,10.000000,8.392000,0.440000,-67,0.000000,7,8
1,10.000000,8.389000,0.411000,-66,0.000000,7,8
1,10.000000,8.395000,0.438000,-66,0.000000,7,8
1,10.000000,8.326000,0.448000,-66,0.000000,7,8
1,10.000000,8.467000,0.389000,-66,0.000000,7,8
1,10.000000,8.398000,0.442000,-66,0.000000,7,8
1,10.000000,8.289000,0.465000,-66,0.000000,7,8
1,10.000000,8.289000,0.465000,-66,0.000000,7,8
1,10.000000,8.361000,0.389000,-66,0.000000,7,8
1,10.000000,8.361000,0.402000,-66,0.000000,7,8
1,10.000000,8.355000,0.439000,-66,0.000000,7,8
1,10.000000,8.289000,0.468000,-66,0.000000,7,8
1,10.000000,8.411000,0.386000,-66,0.000000,7,8
1,10.000000,8.411000,0.348000,-66,0.000000,7,8
1,10.000000,8.401000,0.398000,-66,0.000000,7,8
1,10.000000,8.411000,0.365000,-66,0.000000,7,8
1,10.000000,8.364000,0.416000,-66,0.000000,7,8
1,10.000000,8.411000,0.380000,-66,0.000000,7,8
1,10.000000,8.370000,0.414000,-66,0.000000,7,8
1,10.000000,8.401000,0.398000,-66,0.000000,7,8
1,10.000000,8.289000,0.480000,-66,0.000000,7,8
1,10.000000,8.326000,0.448000,-66,0.000000,7,8
1,10.000000,8.389000,0.446000,-66,0.000000,7,8
1,10.000000,8.326000,0.464000,-66,0.000000,7,8
1,10.000000,8.433000,0.432000,-66,0.000000,7,8
1,10.000000,8.595000,0.382000,-66,0.000000,7,8
1,10.000000,8.595000,0.369000,-65,0.000000,7,8
1,10.000000,8.545000,0.388000,-65,0.000000,7,8
1,10.000000,8.329000,0.420000,-66,0.000000,7,8
1,10.000000,8.329000,0.420000,-66,0.000000,7,8
1,10.000000,8.445000,0.370000,-66,0.000000,7,8
1,10.000000,8.617000,0.376000,-66,0.000000,7,8
1,10.000000,8.617000,0.365000,-66,0.000000,7,8
1,10.000000,8.401000,0.406000,-66,0.000000,7,8
1,10.000000,8.401000,0.427000,-66,0.000000,7,8
1,10.000000,8.411000,0.348000,-66,0.000000,7,8
1,10.000000,8.580000,0.354000,-66,0.000000,7,8
1,10.000000,8.364000,0.403000,-66,0.000000,7,8
1,10.000000,8.542000,0.370000,-66,0.000000,7,8
1,10.000000,8.401000,0.383000,-66,0.000000,7,8
1,10.000000,8.364000,0.421000,-66,0.000000,7,8
1,10.000000,8.411000,0.386000,-66,0.000000,7,8
1,10.000000,8.411000,0.399000,-66,0.000000,7,8
1,10.000000,8.361000,0.421000,-66,0.000000,7,8
1,10.000000,8.411000,0.399000,-66,0.000000,7,8
1,10.000000,8.467000,0.480000,-66,0.000000,7,8
1,10.000000,8.448000,0.332000,-66,0.000000,7,8
1,10.000000,8.401000,0.451000,-66,0.000000,7,8
1,10.000000,8.411000,0.380000,-66,0.000000,7,8
1,10.000000,8.448000,0.383000,-66,0.000000,7,8
1,10.000000,8.401000,0.411000,-66,0.000000,7,8
1,10.000000,8.411000,0.386000,-66,0.000000,7,8
1,10.000000,8.439000,0.430000,-66,0.000000,7,8
1,10.000000,8.367000,0.421000,-66,0.000000,7,8
1,10.000000,8.401000,0.411000,-66,0.000000,7,8
1,10.000000,8.439000,0.406000,-66,0.000000,7,8
1,10.000000,8.614000,0.364000,-66,0.000000,7,8
1,10.000000,8.289000,0.465000,-66,0.000000,7,8
1,10.000000,8.404000,0.414000,-66,0.000000,7,8
1,10.000000,8.439000,0.392000,-66,0.000000,7,8
1,10.000000,8.395000,0.439000,-66,0.000000,7,8
1,10.000000,8.517000,0.384000,-66,0.000000,7,8
1,10.000000,8.473000,0.439000,-65,0.000000,7,8
1,10.000000,8.358000,0.501000,-66,0.000000,7,8
1,10.000000,8.567000,0.337000,-66,0.000000,7,8
1,10.000000,8.470000,0.473000,-66,0.000000,7,8
1,10.000000,8.511000,0.416000,-66,0.000000,7,8
1,10.000000,8.433000,0.466000,-65,0.000000,7,8
1,10.000000,8.367000,0.421000,-65,0.000000,7,8
1,10.000000,8.289000,0.465000,-66,0.000000,7,8
1,10.000000,8.645000,0.340000,-66,0.000000,7,8
1,10.000000,8.595000,0.335000,-66,0.000000,7,8
1,10.000000,8.408000,0.386000,-66,0.000000,7,8
1,10.000000,8.573000,0.386000,-66,0.000000,7,8
1,10.000000,8.651000,0.350000,-66,0.000000,7,8
1,10.000000,8.439000,0.421000,-66,0.000000,7,8
1,10.000000,8.623000,0.374000,-66,0.000000,7,8
1,10.000000,8.408000,0.386000,-66,0.000000,7,8
1,10.000000,8.514000,0.402000,-66,0.000000,7,8
1,10.000000,8.445000,0.384000,-66,0.000000,7,8
1,10.000000,8.439000,0.447000,-66,0.000000,7,8
1,10.000000,8.445000,0.370000,-66,0.000000,7,8
1,10.000000,8.730000,0.302000,-66,0.000000,7,8
1,10.000000,8.486000,0.353000,-66,0.000000,7,8
1,10.000000,8.401000,0.438000,-66,0.000000,7,8
1,10.000000,8.401000,0.428000,-66,0.000000,7,8
1,10.000000,8.486000,0.350000,-66,0.000000,7,8
1,10.000000,8.364000,0.443000,-66,0.000000,7,8
1,10.000000,8.489000,0.384000,-66,0.000000,7,8
1,10.000000,8.508000,0.453000,-66,0.000000,7,8
1,10.000000,8.489000,0.384000,-66,0.000000,7,8
1,10.000000,8.511000,0.385000,-66,0.000000,7,8
1,10.000000,8.473000,0.400000,-66,0.000000,7,8
1,10.000000,8.551000,0.372000,-65,0.000000,7,8
1,10.000000,8.623000,0.365000,-66,0.000000,7,8
1,10.000000,8.439000,0.409000,-66,0.000000,7,8
1,10.000000,8.401000,0.379000,-66,0.000000,7,8
1,10.000000,8.576000,0.427000,-65,0.000000,7,8
1,10.000000,8.401000,0.411000,-65,0.000000,7,8
1,10.000000,8.542000,0.408000,-66,0.000000,7,8
1,10.000000,8.411000,0.386000,-66,0.000000,7,8
1,10.000000,8.364000,0.446000,-66,0.000000,7,8
1,10.000000,8.430000,0.453000,-66,0.000000,7,8
1,10.000000,8.489000,0.393000,-66,0.000000,7,8
1,10.000000,8.289000,0.465000,-65,0.000000,7,8
1,10.000000,8.595000,0.367000,-65,0.000000,7,8
1,10.000000,8.623000,0.365000,-66,0.000000,7,8
1,10.000000,8.476000,0.396000,-66,0.000000,7,8
1,10.000000,8.439000,0.409000,-66,0.000000,7,8
1,10.000000,8.401000,0.423000,-66,0.000000,7,8
1,10.000000,8.580000,0.410000,-66,0.000000,7,8
1,10.000000,8.364000,0.417000,-66,0.000000,7,8
1,10.000000,8.508000,0.416000,-66,0.000000,7,8
1,10.000000,8.545000,0.379000,-66,0.000000,7,8
1,10.000000,8.395000,0.457000,-66,0.000000,7,8
1,10.000000,8.398000,0.450000,-66,0.000000,7,8
1,10.000000,8.439000,0.409000,-66,0.000000,7,8
1,10.000000,8.614000,0.314000,-66,0.000000,7,8
1,10.000000,8.401000,0.398000,-66,0.000000,7,8
1,10.000000,8.289000,0.460000,-66,0.000000,7,8
1,10.000000,8.367000,0.421000,-66,0.000000,7,8
1,10.000000,8.580000,0.313000,-66,0.000000,7,8
1,10.000000,8.289000,0.465000,-66,0.000000,7,8
1,10.000000,8.326000,0.448000,-66,0.000000,7,8
1,10.000000,8.517000,0.326000,-66,0.000000,7,8
1,10.000000,8.517000,0.349000,-66,0.000000,7,8
1,10.000000,8.476000,0.391000,-66,0.000000,7,8
1,10.000000,8.651000,0.319000,-66,0.000000,7,8
1,10.000000,8.655000,0.345000,-66,0.000000,7,8
1,10.000000,8.580000,0.353000,-66,0.000000,7,8
1,10.000000,8.617000,0.390000,-65,0.000000,7,8
1,10.000000,8.411000,0.365000,-66,0.000000,7,8
1,10.000000,8.439000,0.394000,-66,0.000000,7,8
1,10.000000,8.401000,0.410000,-66,0.000000,7,8
1,10.000000,8.439000,0.394000,-66,0.000000,7,8
1,10.000000,8.448000,0.332000,-66,0.000000,7,8
1,10.000000,8.614000,0.314000,-66,0.000000,7,8
1,10.000000,8.651000,0.348000,-66,0.000000,7,8
1,10.000000,8.655000,0.371000,-66,0.000000,7,8
1,10.000000,8.655000,0.360000,-66,0.000000,7,8
1,10.000000,8.364000,0.457000,-66,0.000000,7,8
1,10.000000,8.401000,0.397000,-66,0.000000,7,8
1,10.000000,8.326000,0.464000,-66,0.000000,7,8
1,10.000000,8.326000,0.478000,-66,0.000000,7,8
1,10.000000,8.545000,0.400000,-66,0.000000,7,8
1,10.000000,8.398000,0.427000,-66,0.000000,7,8
1,10.000000,8.467000,0.376000,-66,0.000000,7,8
1,10.000000,8.289000,0.465000,-66,0.000000,7,8
1,10.000000,8.673000,0.336000,-66,0.000000,7,8
1,10.000000,8.595000,0.325000,-66,0.000000,7,8
1,10.000000,8.329000,0.434000,-66,0.000000,7,8
1,10.000000,8.573000,0.361000,-66,0.000000,7,8
1,10.000000,8.436000,0.415000,-66,0.000000,7,8
1,10.000000,8.514000,0.383000,-66,0.000000,7,8
1,10.000000,8.701000,0.305000,-66,0.000000,7,8
1,10.000000,8.445000,0.384000,-66,0.000000,7,8
1,10.000000,8.586000,0.379000,-66,0.000000,7,8
1,10.000000,8.545000,0.328000,-66,0.000000,7,8
1,10.000000,8.476000,0.375000,-65,0.000000,7,8
1,10.000000,8.586000,0.364000,-66,0.000000,7,8
1,10.000000,8.651000,0.336000,-66,0.000000,7,8
1,10.000000,8.476000,0.344000,-66,0.000000,7,8
1,10.000000,8.408000,0.400000,-66,0.000000,7,8
1,10.000000,8.445000,0.356000,-66,0.000000,7,8
1,10.000000,8.445000,0.370000,-66,0.000000,7,8
1,10.000000,8.439000,0.408000,-66,0.000000,7,8
1,10.000000,8.545000,0.377000,-66,0.000000,7,8
1,10.000000,8.367000,0.421000,-66,0.000000,7,8
1,10.000000,8.439000,0.409000,-66,0.000000,7,8
1,10.000000,8.401000,0.410000,-66,0.000000,7,8
1,10.000000,8.476000,0.406000,-66,0.000000,7,8
1,10.000000,8.701000,0.333000,-66,0.000000,7,8
1,10.000000,8.483000,0.348000,-66,0.000000,7,8
1,10.000000,8.367000,0.421000,-66,0.000000,7,8
1,10.000000,8.367000,0.408000,-65,0.000000,7,8
1,10.000000,8.589000,0.368000,-66,0.000000,7,8
1,10.000000,8.673000,0.333000,-65,0.000000,7,8
1,10.000000,8.511000,0.403000,-65,0.000000,7,8
1,10.000000,8.367000,0.421000,-65,0.000000,7,8
1,10.000000,8.623000,0.365000,-66,0.000000,7,8
1,10.000000,8.445000,0.370000,-66,0.000000,7,8
1,10.000000,8.367000,0.421000,-65,0.000000,7,8
1,10.000000,8.586000,0.394000,-66,0.000000,7,8
1,10.000000,8.489000,0.393000,-66,0.000000,7,8
1,10.000000,8.473000,0.409000,-66,0.000000,7,8
1,10.000000,8.508000,0.449000,-66,0.000000,7,8
1,10.000000,8.511000,0.399000,-66,0.000000,7,8
1,10.000000,8.326000,0.448000,-66,0.000000,7,8
1,10.000000,8.436000,0.441000,-66,0.000000,7,8
1,10.000000,8.651000,0.314000,-66,0.000000,7,8
1,10.000000,8.439000,0.394000,-66,0.000000,7,8
1,10.000000,8.439000,0.421000,-66,0.000000,7,8
1,10.000000,8.723000,0.304000,-66,0.000000,7,8
1,10.000000,8.473000,0.409000,-66,0.000000,7,8
1,10.000000,8.411000,0.418000,-66,0.000000,7,8
1,10.000000,8.489000,0.384000,-66,0.000000,7,8
1,10.000000,8.505000,0.425000,-66,0.000000,7,8
1,10.000000,8.364000,0.434000,-66,0.000000,7,8
1,10.000000,8.448000,0.370000,-66,0.000000,7,8
1,10.000000,8.655000,0.339000,-66,0.000000,7,8
1,10.000000,8.411000,0.418000,-66,0.000000,7,8
1,10.000000,8.448000,0.370000,-66,0.000000,7,8
1,10.000000,8.448000,0.383000,-66,0.000000,7,8
1,10.000000,8.448000,0.370000,-66,0.000000,7,8
1,10.000000,8.448000,0.383000,-66,0.000000,7,8
1,10.000000,8.439000,0.394000,-66,0.000000,7,8
1,10.000000,8.692000,0.387000,-66,0.000000,7,8
1,10.000000,8.476000,0.392000,-65,0.000000,7,8
1,10.000000,8.411000,0.348000,-66,0.000000,7,8
1,10.000000,8.401000,0.456000,-66,0.000000,7,8
1,10.000000,8.367000,0.421000,-66,0.000000,7,8
1,10.000000,8.595000,0.367000,-65,0.000000,7,8
1,10.000000,8.645000,0.340000,-66,0.000000,7,8
1,10.000000,8.326000,0.435000,-66,0.000000,7,8
1,10.000000,8.517000,0.414000,-65,0.000000,7,8
1,10.000000,8.583000,0.452000,-65,0.000000,7,8
1,10.000000,8.489000,0.418000,-65,0.000000,7,8
1,10.000000,8.467000,0.448000,-66,0.000000,7,8
1,10.000000,8.567000,0.381000,-65,0.000000,7,8
1,10.000000,8.433000,0.462000,-66,0.000000,7,8
1,10.000000,8.433000,0.466000,-65,0.000000,7,8
1,10.000000,8.489000,0.411000,-66,0.000000,7,8
1,10.000000,8.517000,0.384000,-66,0.000000,7,8
1,10.000000,8.326000,0.448000,-66,0.000000,7,8
1,10.000000,8.511000,0.395000,-66,0.000000,7,8
1,10.000000,8.289000,0.465000,-66,0.000000,7,8
1,10.000000,8.505000,0.443000,-66,0.000000,7,8
1,10.000000,8.489000,0.373000,-66,0.000000,7,8
1,10.000000,8.364000,0.446000,-66,0.000000,7,8
1,10.000000,8.411000,0.418000,-66,0.000000,7,8
1,10.000000,8.433000,0.450000,-65,0.000000,7,8
1,10.000000,8.326000,0.464000,-66,0.000000,7,8
1,10.000000,8.367000,0.433000,-66,0.000000,7,8
1,10.000000,8.595000,0.335000,-66,0.000000,7,8
1,10.000000,8.326000,0.448000,-66,0.000000,7,8
1,10.000000,8.289000,0.481000,-66,0.000000,7,8
1,10.000000,8.326000,0.448000,-66,0.000000,7,8
1,10.000000,8.433000,0.494000,-65,0.000000,7,8
1,10.000000,8.364000,0.446000,-66,0.000000,7,8
1,10.000000,8.448000,0.332000,-66,0.000000,7,8
1,10.000000,8.408000,0.400000,-66,0.000000,7,8
1,10.000000,8.779000,0.343000,-65,0.000000,7,8
1,10.000000,8.573000,0.412000,-65,0.000000,7,8
1,10.000000,8.436000,0.468000,-66,0.000000,7,8
1,10.000000,8.411000,0.611000,-65,0.000000,7,8
1,10.000000,8.411000,0.577000,-65,0.000000,7,8
1,10.000000,8.539000,0.591000,-66,0.000000,7,8
1,10.000000,8.651000,0.499000,-66,0.000000,7,8
1,10.000000,8.370000,0.458000,-65,0.000000,7,8
1,10.000000,8.329000,0.421000,-66,0.000000,7,8
1,10.000000,8.439000,0.332000,-66,0.000000,7,8
1,10.000000,8.751000,0.339000,-65,0.000000,7,8
1,10.000000,8.473000,0.399000,-66,0.000000,7,8
1,10.000000,8.661000,0.634000,-65,0.000000,7,8
1,10.000000,8.367000,0.421000,-65,0.000000,7,8
1,10.000000,8.289000,0.465000,-65,0.000000,7,8
1,10.000000,8.401000,0.410000,-65,0.000000,7,8
1,10.000000,8.401000,0.729000,-65,0.000000,7,8
1,10.000000,8.439000,0.705000,-65,0.000000,7,8
1,10.000000,8.476000,0.443000,-65,0.000000,7,8
1,10.000000,8.448000,0.363000,-66,0.000000,7,8
1,10.000000,8.439000,0.727000,-65,0.000000,7,8
1,10.000000,8.439000,0.775000,-65,0.000000,7,8
1,10.000000,8.401000,0.676000,-65,0.000000,7,8
1,10.000000,8.436000,0.743000,-64,0.000000,7,8
1,10.000000,8.508000,0.527000,-65,0.000000,7,8
1,10.000000,8.439000,0.439000,-65,0.000000,7,8
1,10.000000,8.442000,0.462000,-65,0.000000,7,8
1,10.000000,8.661000,0.464000,-65,0.000000,7,8
1,10.000000,8.289000,0.567000,-65,0.000000,7,8
1,10.000000,8.489000,0.428000,-65,0.000000,7,8
1,10.000000,8.508000,0.565000,-65,0.000000,7,8
1,10.000000,8.326000,0.506000,-65,0.000000,7,8
1,10.000000,8.289000,0.745000,-66,0.000000,7,8
1,10.000000,8.326000,0.584000,-65,0.000000,7,8
1,10.000000,8.545000,0.526000,-65,0.000000,7,8
1,10.000000,8.333000,0.409000,-65,0.000000,7,8
1,10.000000,8.214000,0.478000,-65,0.000000,7,8
1,10.000000,8.389000,0.513000,-65,0.000000,7,8
1,10.000000,8.620000,0.466000,-65,0.000000,7,8
1,10.000000,8.605000,0.371000,-64,0.000000,7,8
1,10.000000,8.730000,0.457000,-65,0.000000,7,8
1,10.000000,8.829000,0.356000,-64,0.000000,7,8
1,10.000000,8.779000,0.453000,-64,0.000000,7,8
1,10.000000,8.226000,0.772000,-67,0.000000,7,8
1,10.000000,8.651000,0.473000,-64,0.000000,7,8
1,10.000000,8.214000,0.489000,-65,0.000000,7,8
1,10.000000,8.251000,0.539000,-66,0.000000,7,8
1,10.000000,8.126000,0.640000,-66,0.000000,7,8
1,10.000000,8.361000,0.421000,-65,0.000000,7,8
1,10.000000,8.333000,0.510000,-67,0.000000,7,8
1,10.000000,8.392000,0.609000,-68,0.000000,7,8
1,10.000000,8.326000,0.489000,-67,0.000000,7,8
1,10.000000,8.164000,0.319000,-66,0.000000,7,8
1,10.000000,8.289000,0.427000,-66,0.000000,7,8
1,10.000000,8.364000,0.465000,-65,0.000000,7,8
1,10.000000,8.333000,0.471000,-65,0.000000,7,8
1,10.000000,8.655000,0.366000,-65,0.000000,7,8
1,10.000000,8.401000,0.467000,-65,0.000000,7,8
1,10.000000,8.367000,0.433000,-65,0.000000,7,8
1,10.000000,8.517000,0.440000,-65,0.000000,7,8
1,10.000000,8.289000,0.453000,-66,0.000000,7,8
1,10.000000,8.361000,0.472000,-66,0.000000,7,8
1,10.000000,8.389000,0.546000,-65,0.000000,7,8
1,10.000000,8.320000,0.566000,-66,0.000000,7,8
1,10.000000,8.289000,0.500000,-66,0.000000,7,8
1,10.000000,8.289000,0.497000,-66,0.000000,7,8
1,10.000000,8.411000,0.569000,-65,0.000000,7,8
1,10.000000,8.411000,0.558000,-66,0.000000,7,8
1,10.000000,8.364000,0.500000,-65,0.000000,7,8
1,10.000000,8.461000,0.599000,-65,0.000000,7,8
1,10.000000,8.333000,0.888000,-65,0.000000,7,8
1,10.000000,8.411000,0.796000,-65,0.000000,7,8
1,10.000000,8.355000,0.791000,-65,0.000000,7,8
1,10.000000,8.505000,0.656000,-65,0.000000,7,8
1,10.000000,8.348000,0.807000,-65,0.000000,7,8
1,10.000000,8.398000,0.465000,-65,0.000000,7,8
1,10.000000,8.517000,0.451000,-65,0.000000,7,8
1,10.000000,8.326000,0.464000,-65,0.000000,7,8
1,10.000000,8.467000,0.460000,-65,0.000000,7,8
1,10.000000,8.439000,0.447000,-65,0.000000,7,8
1,10.000000,8.439000,0.504000,-65,0.000000,7,8
1,10.000000,8.364000,0.514000,-65,0.000000,7,8
1,10.000000,8.364000,0.475000,-65,0.000000,7,8
1,10.000000,8.289000,0.481000,-66,0.000000,7,8
1,10.000000,8.486000,0.392000,-66,0.000000,7,8
1,10.000000,8.401000,0.523000,-65,0.000000,7,8
1,10.000000,8.486000,0.392000,-65,0.000000,7,8
1,10.000000,8.370000,0.423000,-65,0.000000,7,8
1,10.000000,8.408000,0.412000,-65,0.000000,7,8
1,10.000000,8.439000,0.421000,-66,0.000000,7,8
1,10.000000,8.614000,0.433000,-65,0.000000,7,8
1,10.000000,8.408000,0.400000,-66,0.000000,7,8
1,10.000000,8.439000,0.434000,-66,0.000000,7,8
1,10.000000,8.408000,0.400000,-66,0.000000,7,8
1,10.000000,8.411000,0.442000,-66,0.000000,7,8
1,10.000000,8.367000,0.433000,-65,0.000000,7,8
1,10.000000,8.545000,0.431000,-66,0.000000,7,8
1,10.000000,8.398000,0.469000,-66,0.000000,7,8
1,10.000000,8.389000,0.490000,-66,0.000000,7,8
1,10.000000,8.361000,0.500000,-66,0.000000,7,8
1,10.000000,8.436000,0.422000,-66,0.000000,7,8
1,10.000000,8.367000,0.416000,-66,0.000000,7,8
1,10.000000,8.439000,0.430000,-66,0.000000,7,8
1,10.000000,8.545000,0.431000,-66,0.000000,7,8
1,10.000000,8.489000,0.411000,-66,0.000000,7,8
1,10.000000,8.392000,0.515000,-64,0.000000,7,8
1,10.000000,8.505000,0.471000,-66,0.000000,7,8
1,10.000000,8.411000,0.399000,-65,0.000000,7,8
1,10.000000,8.439000,0.421000,-66,0.000000,7,8
1,10.000000,8.576000,0.468000,-66,0.000000,7,8
1,10.000000,8.439000,0.467000,-66,0.000000,7,8
1,10.000000,8.623000,0.435000,-66,0.000000,7,8
1,10.000000,8.395000,0.498000,-65,0.000000,7,8
1,10.000000,8.398000,0.469000,-66,0.000000,7,8
1,10.000000,8.430000,0.506000,-65,0.000000,7,8
1,10.000000,8.411000,0.418000,-66,0.000000,7,8
1,10.000000,8.361000,0.427000,-66,0.000000,7,8
1,10.000000,8.364000,0.488000,-65,0.000000,7,8
1,10.000000,8.408000,0.418000,-66,0.000000,7,8
1,10.000000,8.439000,0.479000,-66,0.000000,7,8
1,10.000000,8.473000,0.440000,-66,0.000000,7,8
1,10.000000,8.329000,0.462000,-65,0.000000,7,8
1,10.000000,8.567000,0.416000,-66,0.000000,7,8
1,10.000000,8.358000,0.527000,-66,0.000000,7,8
1,10.000000,8.583000,0.460000,-66,0.000000,7,8
1,10.000000,8.430000,0.519000,-66,0.000000,7,8
1,10.000000,8.448000,0.409000,-66,0.000000,7,8
1,10.000000,8.364000,0.495000,-66,0.000000,7,8
1,10.000000,8.367000,0.449000,-66,0.000000,7,8
1,10.000000,8.436000,0.517000,-66,0.000000,7,8
1,10.000000,8.433000,0.544000,-66,0.000000,7,8
1,10.000000,8.489000,0.411000,-66,0.000000,7,8
1,10.000000,8.401000,0.460000,-66,0.000000,7,8
1,10.000000,8.401000,0.468000,-66,0.000000,7,8
1,10.000000,8.448000,0.377000,-66,0.000000,7,8
1,10.000000,8.779000,0.343000,-66,0.000000,7,8
1,10.000000,8.673000,0.322000,-66,0.000000,7,8
1,10.000000,8.439000,0.446000,-66,0.000000,7,8
1,10.000000,8.479000,0.438000,-66,0.000000,7,8
1,10.000000,8.442000,0.420000,-66,0.000000,7,8
1,10.000000,8.326000,0.506000,-66,0.000000,7,8
1,10.000000,8.489000,0.428000,-66,0.000000,7,8
1,10.000000,8.364000,0.456000,-66,0.000000,7,8
1,10.000000,8.326000,0.505000,-66,0.000000,7,8
1,10.000000,8.408000,0.412000,-66,0.000000,7,8
1,10.000000,8.401000,0.487000,-66,0.000000,7,8
1,10.000000,8.401000,0.467000,-66,0.000000,7,8
1,10.000000,8.476000,0.437000,-66,0.000000,7,8
1,10.000000,8.476000,0.448000,-66,0.000000,7,8
1,10.000000,8.514000,0.429000,-66,0.000000,7,8
1,10.000000,8.576000,0.415000,-66,0.000000,7,8
1,10.000000,8.701000,0.335000,-66,0.000000,7,8
1,10.000000,8.476000,0.462000,-66,0.000000,7,8
1,10.000000,8.367000,0.449000,-66,0.000000,7,8
1,10.000000,8.517000,0.397000,-66,0.000000,7,8
1,10.000000,8.367000,0.433000,-66,0.000000,7,8
1,10.000000,8.326000,0.464000,-66,0.000000,7,8
1,10.000000,8.401000,0.423000,-65,0.000000,7,8
1,10.000000,8.439000,0.378000,-65,0.000000,7,8
1,10.000000,8.439000,0.451000,-65,0.000000,7,8
1,10.000000,8.476000,0.547000,-65,0.000000,7,8
1,10.000000,8.779000,0.475000,-65,0.000000,7,8
1,10.000000,8.801000,0.330000,-65,0.000000,7,8
1,10.000000,8.589000,0.525000,-65,0.000000,7,8
1,10.000000,8.829000,0.179000,-66,0.000000,7,8
1,10.000000,8.445000,0.546000,-66,0.000000,7,8
1,10.000000,8.701000,0.452000,-66,0.000000,7,8
1,10.000000,8.814000,0.220000,-65,0.000000,7,8
1,10.000000,8.698000,0.312000,-65,0.000000,7,8
1,10.000000,8.401000,0.423000,-64,0.000000,7,8
1,10.000000,8.439000,0.382000,-64,0.000000,7,8
1,10.000000,8.779000,0.233000,-64,0.000000,7,8
1,10.000000,8.523000,0.312000,-63,0.000000,7,8
1,10.000000,8.801000,0.280000,-64,0.000000,7,8
1,10.000000,8.595000,0.379000,-65,0.000000,7,8
1,10.000000,8.367000,0.449000,-64,0.000000,7,8
1,10.000000,8.526000,0.299000,-64,0.000000,7,8
1,10.000000,8.580000,0.201000,-65,0.000000,7,8
1,10.000000,8.448000,0.349000,-65,0.000000,7,8
1,10.000000,8.445000,0.370000,-65,0.000000,7,8
1,10.000000,8.517000,0.356000,-65,0.000000,7,8
1,10.000000,8.436000,0.427000,-65,0.000000,7,8
1,10.000000,8.470000,0.405000,-65,0.000000,7,8
1,10.000000,8.489000,0.268000,-65,0.000000,7,8
1,10.000000,8.326000,0.319000,-65,0.000000,7,8
1,10.000000,8.254000,0.433000,-66,0.000000,7,8
1,10.000000,8.380000,0.360000,-65,0.000000,7,8
1,10.000000,8.283000,0.441000,-66,0.000000,7,8
1,10.000000,8.289000,0.380000,-66,0.000000,7,8
1,10.000000,8.280000,0.407000,-66,0.000000,7,8
1,10.000000,8.289000,0.458000,-66,0.000000,7,8
1,10.000000,8.326000,0.449000,-66,0.000000,7,8
1,10.000000,8.370000,0.386000,-66,0.000000,7,8
1,10.000000,8.651000,0.334000,-65,0.000000,7,8
1,10.000000,8.514000,0.610000,-65,0.000000,7,8
1,10.000000,8.511000,0.564000,-65,0.000000,7,8
1,10.000000,8.442000,0.570000,-65,0.000000,7,8
1,10.000000,8.486000,0.455000,-66,0.000000,7,8
1,10.000000,8.486000,0.470000,-65,0.000000,7,8
1,10.000000,8.730000,0.420000,-65,0.000000,7,8
1,10.000000,8.476000,0.612000,-65,0.000000,7,8
1,10.000000,8.701000,0.340000,-65,0.000000,7,8
1,10.000000,8.673000,0.277000,-65,0.000000,7,8
1,10.000000,8.404000,0.401000,-65,0.000000,7,8
1,10.000000,8.658000,0.321000,-65,0.000000,7,8
1,10.000000,8.655000,0.306000,-65,0.000000,7,8
1,10.000000,8.439000,0.309000,-64,0.000000,7,8
1,10.000000,8.580000,0.307000,-65,0.000000,7,8
1,10.000000,8.514000,0.294000,-64,0.000000,7,8
1,10.000000,8.445000,0.340000,-65,0.000000,7,8
1,10.000000,8.436000,0.331000,-65,0.000000,7,8
1,10.000000,8.445000,0.356000,-64,0.000000,7,8
1,10.000000,8.489000,0.282000,-64,0.000000,7,8
1,10.000000,8.326000,0.382000,-64,0.000000,7,8
1,10.000000,8.411000,0.318000,-65,0.000000,7,8
1,10.000000,8.401000,0.310000,-65,0.000000,7,8
1,10.000000,8.448000,0.332000,-65,0.000000,7,8
1,10.000000,8.401000,0.402000,-65,0.000000,7,8
1,10.000000,8.467000,0.391000,-65,0.000000,7,8
1,10.000000,8.395000,0.521000,-65,0.000000,7,8
1,10.000000,8.542000,0.451000,-65,0.000000,7,8
1,10.000000,8.401000,0.481000,-65,0.000000,7,8
1,10.000000,8.445000,0.393000,-66,0.000000,7,8
1,10.000000,8.742000,0.399000,-65,0.000000,7,8
1,10.000000,8.367000,0.433000,-66,0.000000,7,8
1,10.000000,8.511000,0.499000,-66,0.000000,7,8
1,10.000000,8.364000,0.457000,-66,0.000000,7,8
1,10.000000,8.401000,0.469000,-66,0.000000,7,8
1,10.000000,8.655000,0.451000,-66,0.000000,7,8
1,10.000000,8.439000,0.459000,-66,0.000000,7,8
1,10.000000,8.545000,0.453000,-66,0.000000,7,8
1,10.000000,8.395000,0.550000,-66,0.000000,7,8
1,10.000000,8.505000,0.487000,-66,0.000000,7,8
1,10.000000,8.448000,0.409000,-66,0.000000,7,8
1,10.000000,8.370000,0.401000,-66,0.000000,7,8
1,10.000000,8.439000,0.473000,-66,0.000000,7,8
1,10.000000,8.289000,0.495000,-66,0.000000,7,8
1,10.000000,8.470000,0.504000,-66,0.000000,7,8
1,10.000000,8.580000,0.468000,-66,0.000000,7,8
1,10.000000,8.401000,0.468000,-66,0.000000,7,8
1,10.000000,8.548000,0.507000,-66,0.000000,7,8
1,10.000000,8.329000,0.447000,-66,0.000000,7,8
1,10.000000,8.326000,0.464000,-66,0.000000,7,8
1,10.000000,8.511000,0.465000,-66,0.000000,7,8
1,10.000000,8.326000,0.489000,-66,0.000000,7,8
1,10.000000,8.448000,0.409000,-66,0.000000,7,8
1,10.000000,8.486000,0.405000,-66,0.000000,7,8
1,10.000000,8.751000,0.314000,-66,0.000000,7,8
1,10.000000,8.751000,0.348000,-66,0.000000,7,8
1,10.000000,8.511000,0.497000,-66,0.000000,7,8
1,10.000000,8.661000,0.426000,-65,0.000000,7,8
1,10.000000,8.364000,0.488000,-65,0.000000,7,8
1,10.000000,8.486000,0.375000,-66,0.000000,7,8
1,10.000000,8.730000,0.357000,-65,0.000000,7,8
1,10.000000,8.829000,0.285000,-65,0.000000,7,8
1,10.000000,8.326000,0.448000,-65,0.000000,7,8
1,10.000000,8.489000,0.411000,-65,0.000000,7,8
1,10.000000,8.364000,0.457000,-65,0.000000,7,8
1,10.000000,8.401000,0.423000,-65,0.000000,7,8
1,10.000000,8.486000,0.362000,-65,0.000000,7,8
1,10.000000,8.742000,0.321000,-65,0.000000,7,8
1,10.000000,8.445000,0.370000,-65,0.000000,7,8
1,10.000000,8.517000,0.379000,-65,0.000000,7,8
1,10.000000,8.364000,0.446000,-65,0.000000,7,8
1,10.000000,8.692000,0.376000,-65,0.000000,7,8
1,10.000000,8.401000,0.468000,-66,0.000000,7,8
1,10.000000,8.448000,0.392000,-66,0.000000,7,8
1,10.000000,8.589000,0.349000,-65,0.000000,7,8
1,10.000000,8.595000,0.382000,-66,0.000000,7,8
1,10.000000,8.445000,0.384000,-66,0.000000,7,8
1,10.000000,8.436000,0.476000,-66,0.000000,7,8
1,10.000000,8.489000,0.393000,-66,0.000000,7,8
1,10.000000,8.542000,0.409000,-66,0.000000,7,8
1,10.000000,8.401000,0.438000,-66,0.000000,7,8
1,10.000000,8.411000,0.399000,-66,0.000000,7,8
1,10.000000,8.367000,0.407000,-66,0.000000,7,8
1,10.000000,8.408000,0.386000,-66,0.000000,7,8
1,10.000000,8.473000,0.394000,-66,0.000000,7,8
1,10.000000,8.473000,0.394000,-66,0.000000,7,8
1,10.000000,8.364000,0.446000,-66,0.000000,7,8
1,10.000000,8.489000,0.384000,-66,0.000000,7,8
1,10.000000,8.448000,0.370000,-66,0.000000,7,8
1,10.000000,8.401000,0.442000,-65,0.000000,7,8
1,10.000000,8.486000,0.346000,-66,0.000000,7,8
1,10.000000,8.573000,0.400000,-65,0.000000,7,8
1,10.000000,8.751000,0.324000,-66,0.000000,7,8
1,10.000000,8.448000,0.363000,-66,0.000000,7,8
1,10.000000,8.486000,0.331000,-65,0.000000,7,8
1,10.000000,8.779000,0.396000,-65,0.000000,7,8
1,10.000000,8.523000,0.336000,-65,0.000000,7,8
1,10.000000,8.664000,0.339000,-65,0.000000,7,8
1,10.000000,8.623000,0.394000,-65,0.000000,7,8
1,10.000000,8.620000,0.395000,-65,0.000000,7,8
1,10.000000,8.489000,0.384000,-65,0.000000,7,8
1,10.000000,8.779000,0.300000,-65,0.000000,7,8
1,10.000000,8.401000,0.438000,-65,0.000000,7,8
1,10.000000,8.589000,0.359000,-65,0.000000,7,8
1,10.000000,8.445000,0.384000,-65,0.000000,7,8
1,10.000000,8.289000,0.480000,-65,0.000000,7,8
1,10.000000,8.411000,0.418000,-65,0.000000,7,8
1,10.000000,8.448000,0.370000,-65,0.000000,7,8
1,10.000000,8.476000,0.374000,-65,0.000000,7,8
1,10.000000,8.779000,0.328000,-65,0.000000,7,8
1,10.000000,8.514000,0.378000,-65,0.000000,7,8
1,10.000000,8.489000,0.393000,-65,0.000000,7,8
1,10.000000,8.489000,0.347000,-65,0.000000,7,8
1,10.000000,8.448000,0.398000,-66,0.000000,7,8
1,10.000000,8.692000,0.310000,-65,0.000000,7,8
1,10.000000,8.370000,0.410000,-66,0.000000,7,8
1,10.000000,8.751000,0.300000,-66,0.000000,7,8
1,10.000000,8.404000,0.426000,-66,0.000000,7,8
1,10.000000,8.489000,0.369000,-65,0.000000,7,8
1,10.000000,8.730000,0.372000,-66,0.000000,7,8
1,10.000000,8.829000,0.273000,-66,0.000000,7,8
1,10.000000,8.523000,0.348000,-66,0.000000,7,8
1,10.000000,8.364000,0.446000,-65,0.000000,7,8
1,10.000000,8.526000,0.347000,-65,0.000000,7,8
1,10.000000,8.655000,0.429000,-66,0.000000,7,8
1,10.000000,8.439000,0.451000,-66,0.000000,7,8
1,10.000000,8.514000,0.366000,-65,0.000000,7,8
1,10.000000,8.623000,0.359000,-66,0.000000,7,8
1,10.000000,8.508000,0.404000,-65,0.000000,7,8
1,10.000000,8.486000,0.353000,-66,0.000000,7,8
1,10.000000,8.439000,0.348000,-66,0.000000,7,8
1,10.000000,8.367000,0.421000,-66,0.000000,7,8
1,10.000000,8.361000,0.441000,-66,0.000000,7,8
1,10.000000,8.470000,0.408000,-66,0.000000,7,8
1,10.000000,8.411000,0.365000,-66,0.000000,7,8
1,10.000000,8.401000,0.378000,-66,0.000000,7,8
1,10.000000,8.514000,0.361000,-66,0.000000,7,8
1,10.000000,8.673000,0.305000,-66,0.000000,7,8
1,10.000000,8.367000,0.449000,-66,0.000000,7,8
1,10.000000,8.620000,0.409000,-66,0.000000,7,8
1,10.000000,8.655000,0.405000,-66,0.000000,7,8
1,10.000000,8.448000,0.377000,-66,0.000000,7,8
1,10.000000,8.476000,0.456000,-66,0.000000,7,8
1,10.000000,8.404000,0.441000,-66,0.000000,7,8
1,10.000000,8.567000,0.431000,-66,0.000000,7,8
1,10.000000,8.364000,0.514000,-66,0.000000,7,8
1,10.000000,8.523000,0.392000,-66,0.000000,7,8
1,10.000000,8.476000,0.499000,-66,0.000000,7,8
1,10.000000,8.645000,0.473000,-66,0.000000,7,8
1,10.000000,8.545000,0.491000,-66,0.000000,7,8
1,10.000000,8.545000,0.477000,-65,0.000000,7,8
1,10.000000,8.411000,0.468000,-66,0.000000,7,8
1,10.000000,8.439000,0.459000,-66,0.000000,7,8
1,10.000000,8.289000,0.465000,-66,0.000000,7,8
1,10.000000,8.289000,0.465000,-66,0.000000,7,8
1,10.000000,8.411000,0.442000,-66,0.000000,7,8
1,10.000000,8.467000,0.500000,-66,0.000000,7,8
1,10.000000,8.595000,0.367000,-66,0.000000,7,8
1,10.000000,8.514000,0.368000,-66,0.000000,7,8
1,10.000000,8.489000,0.393000,-66,0.000000,7,8
1,10.000000,8.489000,0.393000,-65,0.000000,7,8
1,10.000000,8.442000,0.405000,-65,0.000000,7,8
1,10.000000,8.364000,0.446000,-65,0.000000,7,8
1,10.000000,8.736000,0.372000,-65,0.000000,7,8
1,10.000000,8.439000,0.439000,-65,0.000000,7,8
1,10.000000,8.701000,0.305000,-65,0.000000,7,8
1,10.000000,8.664000,0.337000,-65,0.000000,7,8
1,10.000000,8.401000,0.412000,-65,0.000000,7,8
1,10.000000,8.439000,0.395000,-65,0.000000,7,8
1,10.000000,8.751000,0.264000,-65,0.000000,7,8
1,10.000000,8.645000,0.369000,-65,0.000000,7,8
1,10.000000,8.326000,0.435000,-64,0.000000,7,8
1,10.000000,8.448000,0.345000,-65,0.000000,7,8
1,10.000000,8.439000,0.353000,-65,0.000000,7,8
1,10.000000,8.467000,0.375000,-65,0.000000,7,8
1,10.000000,8.489000,0.302000,-65,0.000000,7,8
1,10.000000,8.326000,0.331000,-65,0.000000,7,8
1,10.000000,8.326000,0.394000,-66,0.000000,7,8
1,10.000000,8.401000,0.280000,-65,0.000000,7,8
1,10.000000,8.495000,0.364000,-66,0.000000,7,8
1,10.000000,8.289000,0.554000,-66,0.000000,7,8
1,10.000000,8.326000,0.417000,-65,0.000000,7,8
