1,4.000000,2.229000,0.282000,-64,0.000000,7,8
1,4.000000,2.194000,0.306000,-66,0.000000,7,8
1,4.000000,2.151000,0.259000,-68,0.000000,7,8
1,4.000000,2.041000,0.231000,-68,0.000000,7,8
1,4.000000,2.116000,0.297000,-68,0.000000,7,8
1,4.000000,2.229000,0.271000,-63,0.000000,7,8
1,4.000000,2.110000,0.331000,-62,0.000000,7,8
1,4.000000,2.188000,0.304000,-67,0.000000,7,8
1,4.000000,2.391000,0.234000,-62,0.000000,7,8
1,4.000000,2.235000,0.285000,-67,0.000000,7,8
1,4.000000,2.351000,0.226000,-66,0.000000,7,8
1,4.000000,2.157000,0.316000,-62,0.000000,7,8
1,4.000000,2.313000,0.230000,-65,0.000000,7,8
1,4.000000,2.229000,0.225000,-63,0.000000,7,8
1,4.000000,2.304000,0.252000,-65,0.000000,7,8
1,4.000000,2.229000,0.294000,-64,0.000000,7,8
1,4.000000,2.035000,0.340000,-65,0.000000,7,8
1,4.000000,2.110000,0.385000,-64,0.000000,7,8
1,4.000000,2.116000,0.317000,-62,0.000000,7,8
1,4.000000,2.391000,0.237000,-64,0.000000,7,8
1,4.000000,2.304000,0.223000,-64,0.000000,7,8
1,4.000000,2.266000,0.229000,-65,0.000000,7,8
1,4.000000,2.266000,0.239000,-64,0.000000,7,8
1,4.000000,2.194000,0.267000,-62,0.000000,7,8
1,4.000000,2.304000,0.226000,-65,0.000000,7,8
1,4.000000,2.076000,0.338000,-61,0.000000,7,8
1,4.000000,2.157000,0.289000,-62,0.000000,7,8
1,4.000000,2.235000,0.285000,-64,0.000000,7,8
1,4.000000,2.235000,0.252000,-66,0.000000,7,8
1,4.000000,2.238000,0.221000,-63,0.000000,7,8
1,4.000000,2.226000,0.282000,-62,0.000000,7,8
1,4.000000,2.154000,0.340000,-63,0.000000,7,8
1,4.000000,1.916000,0.397000,-62,0.000000,7,8
1,4.000000,2.079000,0.344000,-63,0.000000,7,8
1,4.000000,2.029000,0.338000,-65,0.000000,7,8
1,4.000000,2.116000,0.297000,-66,0.000000,7,8
1,4.000000,2.116000,0.313000,-63,0.000000,7,8
1,4.000000,2.226000,0.250000,-63,0.000000,7,8
1,4.000000,2.266000,0.259000,-65,0.000000,7,8
1,4.000000,2.191000,0.255000,-68,0.000000,7,8
1,4.000000,2.232000,0.237000,-64,0.000000,7,8
1,4.000000,2.148000,0.316000,-64,0.000000,7,8
1,4.000000,2.391000,0.139000,-67,0.000000,7,8
1,4.000000,2.232000,0.251000,-62,0.000000,7,8
1,4.000000,2.338000,0.196000,-62,0.000000,7,8
1,4.000000,2.266000,0.252000,-62,0.000000,7,8
1,4.000000,2.388000,0.219000,-62,0.000000,7,8
1,4.000000,2.304000,0.192000,-62,0.000000,7,8
1,4.000000,2.272000,0.258000,-62,0.000000,7,8
1,4.000000,2.466000,0.177000,-62,0.000000,7,8
1,4.000000,2.229000,0.317000,-61,0.000000,7,8
1,4.000000,2.304000,0.214000,-62,0.000000,7,8
1,4.000000,2.266000,0.294000,-61,0.000000,7,8
1,4.000000,2.266000,0.234000,-63,0.000000,7,8
1,4.000000,2.272000,0.224000,-62,0.000000,7,8
1,4.000000,2.354000,0.213000,-62,0.000000,7,8
1,4.000000,2.272000,0.232000,-63,0.000000,7,8
1,4.000000,2.304000,0.207000,-63,0.000000,7,8
1,4.000000,2.263000,0.246000,-64,0.000000,7,8
1,4.000000,2.229000,0.254000,-64,0.000000,7,8
1,4.000000,2.266000,0.241000,-63,0.000000,7,8
1,4.000000,2.154000,0.283000,-62,0.000000,7,8
1,4.000000,2.116000,0.301000,-63,0.000000,7,8
1,4.000000,2.191000,0.297000,-62,0.000000,7,8
1,4.000000,2.235000,0.265000,-61,0.000000,7,8
1,4.000000,2.266000,0.268000,-61,0.000000,7,8
1,4.000000,2.229000,0.285000,-63,0.000000,7,8
1,4.000000,2.079000,0.319000,-65,0.000000,7,8
1,4.000000,2.032000,0.349000,-61,0.000000,7,8
1,4.000000,2.194000,0.275000,-66,0.000000,7,8
1,4.000000,2.229000,0.265000,-66,0.000000,7,8
1,4.000000,2.341000,0.246000,-63,0.000000,7,8
1,4.000000,2.226000,0.337000,-65,0.000000,7,8
1,4.000000,2.154000,0.347000,-65,0.000000,7,8
1,4.000000,2.347000,0.294000,-64,0.000000,7,8
1,4.000000,2.116000,0.329000,-59,0.000000,7,8
1,4.000000,2.391000,0.197000,-61,0.000000,7,8
1,4.000000,2.316000,0.282000,-65,0.000000,7,8
1,4.000000,2.266000,0.349000,-61,0.000000,7,8
1,4.000000,2.148000,0.529000,-69,0.000000,7,8
1,4.000000,2.229000,0.414000,-63,0.000000,7,8
1,4.000000,2.232000,0.332000,-65,0.000000,7,8
1,4.000000,2.229000,0.346000,-62,0.000000,7,8
1,4.000000,2.119000,0.342000,-62,0.000000,7,8
1,4.000000,2.229000,0.252000,-63,0.000000,7,8
1,4.000000,2.151000,0.281000,-62,0.000000,7,8
1,4.000000,2.160000,0.243000,-61,0.000000,7,8
1,4.000000,2.310000,0.208000,-63,0.000000,7,8
1,4.000000,2.304000,0.217000,-62,0.000000,7,8
1,4.000000,2.429000,0.216000,-62,0.000000,7,8
1,4.000000,2.391000,0.209000,-64,0.000000,7,8
1,4.000000,2.235000,0.226000,-63,0.000000,7,8
1,4.000000,2.304000,0.222000,-63,0.000000,7,8
1,4.000000,2.191000,0.287000,-64,0.000000,7,8
1,4.000000,2.229000,0.240000,-63,0.000000,7,8
1,4.000000,2.310000,0.194000,-63,0.000000,7,8
1,4.000000,2.391000,0.225000,-63,0.000000,7,8
1,4.000000,2.307000,0.244000,-63,0.000000,7,8
1,4.000000,2.391000,0.181000,-62,0.000000,7,8
1,4.000000,2.310000,0.239000,-64,0.000000,7,8
1,4.000000,2.304000,0.182000,-62,0.000000,7,8
1,4.000000,2.148000,0.327000,-62,0.000000,7,8
1,4.000000,2.341000,0.220000,-62,0.000000,7,8
1,4.000000,2.069000,0.309000,-61,0.000000,7,8
1,4.000000,2.229000,0.255000,-67,0.000000,7,8
1,4.000000,2.154000,0.311000,-64,0.000000,7,8
1,4.000000,1.960000,0.391000,-60,0.000000,7,8
1,4.000000,2.004000,0.385000,-59,0.000000,7,8
1,4.000000,2.354000,0.254000,-59,0.000000,7,8
1,4.000000,2.185000,0.251000,-61,0.000000,7,8
1,4.000000,2.266000,0.229000,-61,0.000000,7,8
1,4.000000,2.229000,0.277000,-60,0.000000,7,8
1,4.000000,2.266000,0.162000,-61,0.000000,7,8
1,4.000000,2.154000,0.268000,-60,0.000000,7,8
1,4.000000,2.266000,0.254000,-62,0.000000,7,8
1,4.000000,2.304000,0.186000,-64,0.000000,7,8
1,4.000000,2.229000,0.296000,-62,0.000000,7,8
1,4.000000,2.154000,0.278000,-59,0.000000,7,8
1,4.000000,2.354000,0.174000,-61,0.000000,7,8
1,4.000000,2.266000,0.244000,-64,0.000000,7,8
1,4.000000,2.466000,0.187000,-62,0.000000,7,8
1,4.000000,2.229000,0.260000,-61,0.000000,7,8
1,4.000000,2.391000,0.245000,-61,0.000000,7,8
1,4.000000,2.354000,0.276000,-61,0.000000,7,8
1,4.000000,2.229000,0.297000,-61,0.000000,7,8
1,4.000000,2.229000,0.265000,-62,0.000000,7,8
1,4.000000,2.391000,0.234000,-63,0.000000,7,8
1,4.000000,2.307000,0.191000,-62,0.000000,7,8
1,4.000000,2.194000,0.249000,-62,0.000000,7,8
1,4.000000,2.197000,0.254000,-61,0.000000,7,8
1,4.000000,2.235000,0.281000,-62,0.000000,7,8
1,4.000000,2.116000,0.304000,-62,0.000000,7,8
1,4.000000,2.154000,0.293000,-62,0.000000,7,8
1,4.000000,2.151000,0.294000,-61,0.000000,7,8
1,4.000000,2.079000,0.281000,-61,0.000000,7,8
1,4.000000,2.116000,0.287000,-61,0.000000,7,8
1,4.000000,2.079000,0.290000,-62,0.000000,7,8
1,4.000000,2.229000,0.279000,-62,0.000000,7,8
1,4.000000,2.226000,0.286000,-61,0.000000,7,8
1,4.000000,2.041000,0.360000,-61,0.000000,7,8
1,4.000000,2.191000,0.259000,-62,0.000000,7,8
1,4.000000,2.154000,0.270000,-61,0.000000,7,8
1,4.000000,2.079000,0.319000,-61,0.000000,7,8
1,4.000000,2.079000,0.328000,-63,0.000000,7,8
1,4.000000,2.388000,0.213000,-62,0.000000,7,8
1,4.000000,2.379000,0.205000,-62,0.000000,7,8
1,4.000000,2.304000,0.180000,-62,0.000000,7,8
1,4.000000,2.223000,0.273000,-63,0.000000,7,8
1,4.000000,2.110000,0.324000,-62,0.000000,7,8
1,4.000000,2.191000,0.319000,-61,0.000000,7,8
1,4.000000,2.191000,0.360000,-61,0.000000,7,8
1,4.000000,2.191000,0.331000,-60,0.000000,7,8
1,4.000000,2.313000,0.229000,-60,0.000000,7,8
1,4.000000,2.310000,0.294000,-60,0.000000,7,8
1,4.000000,2.266000,0.312000,-59,0.000000,7,8
1,4.000000,2.232000,0.281000,-60,0.000000,7,8
1,4.000000,2.148000,0.248000,-62,0.000000,7,8
1,4.000000,2.191000,0.317000,-61,0.000000,7,8
1,4.000000,2.154000,0.340000,-62,0.000000,7,8
1,4.000000,2.304000,0.242000,-61,0.000000,7,8
1,4.000000,2.429000,0.263000,-60,0.000000,7,8
1,4.000000,2.304000,0.233000,-63,0.000000,7,8
1,4.000000,2.304000,0.245000,-65,0.000000,7,8
1,4.000000,2.191000,0.283000,-64,0.000000,7,8
1,4.000000,2.304000,0.279000,-63,0.000000,7,8
1,4.000000,2.198000,0.325000,-61,0.000000,7,8
1,4.000000,2.347000,0.380000,-60,0.000000,7,8
1,4.000000,2.188000,0.356000,-59,0.000000,7,8
1,4.000000,2.266000,0.328000,-58,0.000000,7,8
1,4.000000,2.079000,0.354000,-60,0.000000,7,8
1,4.000000,2.116000,0.423000,-62,0.000000,7,8
1,4.000000,2.391000,0.328000,-58,0.000000,7,8
1,4.000000,2.391000,0.318000,-58,0.000000,7,8
1,4.000000,2.304000,0.252000,-61,0.000000,7,8
1,4.000000,2.385000,1.128000,-69,0.000000,7,8
1,4.000000,2.460000,0.739000,-68,0.000000,7,8
1,4.000000,2.541000,0.810000,-67,0.000000,7,8
1,4.000000,2.391000,1.018000,-66,0.000000,7,8
1,4.000000,2.391000,0.903000,-67,0.000000,7,8
1,4.000000,2.538000,0.262000,-68,0.000000,7,8
1,4.000000,2.510000,0.233000,-68,0.000000,7,8
1,4.000000,2.466000,0.202000,-69,0.000000,7,8
1,4.000000,2.191000,0.266000,-67,0.000000,7,8
1,4.000000,2.116000,0.297000,-64,0.000000,7,8
1,4.000000,2.304000,0.335000,-62,0.000000,7,8
1,4.000000,2.541000,0.248000,-60,0.000000,7,8
1,4.000000,2.541000,0.141000,-60,0.000000,7,8
1,4.000000,2.391000,0.220000,-62,0.000000,7,8
1,4.000000,2.391000,0.133000,-63,0.000000,7,8
1,4.000000,2.382000,0.199000,-62,0.000000,7,8
1,4.000000,2.354000,0.213000,-62,0.000000,7,8
1,4.000000,2.304000,0.237000,-61,0.000000,7,8
1,4.000000,2.354000,0.251000,-60,0.000000,7,8
1,4.000000,2.304000,0.263000,-60,0.000000,7,8
1,4.000000,2.385000,0.289000,-60,0.000000,7,8
1,4.000000,2.426000,0.298000,-59,0.000000,7,8
1,4.000000,2.391000,0.274000,-59,0.000000,7,8
1,4.000000,2.391000,0.244000,-59,0.000000,7,8
1,4.000000,2.304000,0.306000,-59,0.000000,7,8
1,4.000000,2.466000,0.243000,-59,0.000000,7,8
1,4.000000,2.463000,0.221000,-59,0.000000,7,8
1,4.000000,2.266000,0.265000,-59,0.000000,7,8
1,4.000000,2.304000,0.263000,-59,0.000000,7,8
1,4.000000,2.310000,0.285000,-59,0.000000,7,8
1,4.000000,2.391000,0.267000,-59,0.000000,7,8
1,4.000000,2.266000,0.276000,-60,0.000000,7,8
1,4.000000,2.391000,0.246000,-60,0.000000,7,8
1,4.000000,2.466000,0.189000,-60,0.000000,7,8
1,4.000000,2.541000,0.261000,-59,0.000000,7,8
1,4.000000,2.504000,0.237000,-59,0.000000,7,8
1,4.000000,2.391000,0.329000,-58,0.000000,7,8
1,4.000000,2.191000,0.357000,-59,0.000000,7,8
1,4.000000,2.466000,0.316000,-57,0.000000,7,8
1,4.000000,2.304000,0.337000,-61,0.000000,7,8
1,4.000000,2.235000,0.280000,-61,0.000000,7,8
1,4.000000,2.538000,0.210000,-61,0.000000,7,8
1,4.000000,2.507000,0.253000,-61,0.000000,7,8
1,4.000000,2.266000,0.264000,-63,0.000000,7,8
1,4.000000,2.707000,0.105000,-62,0.000000,7,8
1,4.000000,2.880000,0.118000,-68,0.000000,7,8
1,4.000000,2.391000,0.301000,-67,0.000000,7,8
1,4.000000,2.341000,0.000000,-68,0.000000,1,8
1,4.000000,2.231000,0.127000,-67,0.000000,7,8
1,4.000000,2.313000,0.562000,-67,0.000000,7,8
1,4.000000,2.091000,0.131000,-69,0.000000,7,8
1,4.000000,2.272000,0.758000,-68,0.000000,7,8
1,4.000000,2.501000,0.331000,-64,0.000000,7,8
1,4.000000,2.266000,0.405000,-62,0.000000,7,8
1,4.000000,2.304000,0.314000,-61,0.000000,7,8
1,4.000000,2.344000,0.323000,-61,0.000000,7,8
1,4.000000,2.266000,0.328000,-61,0.000000,7,8
1,4.000000,2.354000,0.340000,-60,0.000000,7,8
1,4.000000,2.272000,0.315000,-59,0.000000,7,8
1,4.000000,2.313000,0.286000,-58,0.000000,7,8
1,4.000000,2.079000,0.405000,-58,0.000000,7,8
1,4.000000,2.116000,0.405000,-59,0.000000,7,8
1,4.000000,2.079000,0.378000,-65,0.000000,7,8
1,4.000000,2.266000,0.317000,-68,0.000000,7,8
1,4.000000,2.113000,0.289000,-69,0.000000,7,8
1,4.000000,2.194000,0.175000,-70,0.000000,7,8
1,4.000000,2.229000,0.280000,-66,0.000000,7,8
1,4.000000,2.079000,0.329000,-64,0.000000,7,8
1,4.000000,2.154000,0.288000,-64,0.000000,7,8
1,4.000000,2.191000,0.288000,-65,0.000000,7,8
1,4.000000,2.197000,0.294000,-65,0.000000,7,8
1,4.000000,2.041000,0.351000,-65,0.000000,7,8
1,4.000000,2.154000,0.300000,-65,0.000000,7,8
1,4.000000,2.266000,0.270000,-66,0.000000,7,8
1,4.000000,2.232000,0.294000,-65,0.000000,7,8
1,4.000000,2.079000,0.336000,-65,0.000000,7,8
1,4.000000,2.157000,0.343000,-65,0.000000,7,8
1,4.000000,2.304000,0.259000,-65,0.000000,7,8
1,4.000000,2.266000,0.288000,-65,0.000000,7,8
1,4.000000,2.079000,0.300000,-64,0.000000,7,8
1,4.000000,2.226000,0.319000,-61,0.000000,7,8
1,4.000000,2.116000,0.332000,-60,0.000000,7,8
1,4.000000,2.229000,0.346000,-60,0.000000,7,8
1,4.000000,2.116000,0.336000,-62,0.000000,7,8
1,4.000000,2.354000,0.307000,-60,0.000000,7,8
1,4.000000,2.385000,0.262000,-63,0.000000,7,8
1,4.000000,2.304000,0.264000,-64,0.000000,7,8
1,4.000000,2.226000,0.340000,-62,0.000000,7,8
1,4.000000,2.304000,0.305000,-62,0.000000,7,8
1,4.000000,2.272000,0.249000,-62,0.000000,7,8
1,4.000000,2.304000,0.285000,-61,0.000000,7,8
1,4.000000,2.266000,0.280000,-61,0.000000,7,8
1,4.000000,2.304000,0.260000,-61,0.000000,7,8
1,4.000000,2.235000,0.308000,-60,0.000000,7,8
1,4.000000,2.229000,0.317000,-62,0.000000,7,8
1,4.000000,2.235000,0.280000,-61,0.000000,7,8
1,4.000000,2.116000,0.329000,-61,0.000000,7,8
1,4.000000,2.235000,0.327000,-61,0.000000,7,8
1,4.000000,2.391000,0.234000,-61,0.000000,7,8
1,4.000000,2.154000,0.300000,-62,0.000000,7,8
1,4.000000,2.160000,0.329000,-63,0.000000,7,8
1,4.000000,2.347000,0.237000,-63,0.000000,7,8
1,4.000000,1.954000,0.435000,-65,0.000000,7,8
1,4.000000,2.429000,0.205000,-64,0.000000,7,8
1,4.000000,1.951000,0.380000,-65,0.000000,7,8
1,4.000000,2.266000,0.256000,-65,0.000000,7,8
1,4.000000,2.116000,0.332000,-65,0.000000,7,8
1,4.000000,2.269000,0.255000,-63,0.000000,7,8
1,4.000000,2.304000,0.217000,-65,0.000000,7,8
1,4.000000,2.038000,0.364000,-65,0.000000,7,8
1,4.000000,2.266000,0.346000,-63,0.000000,7,8
1,4.000000,2.354000,0.150000,-66,0.000000,7,8
1,4.000000,2.576000,0.194000,-61,0.000000,7,8
1,4.000000,2.354000,0.157000,-66,0.000000,7,8
1,4.000000,2.191000,0.305000,-68,0.000000,7,8
1,4.000000,2.004000,0.385000,-65,0.000000,7,8
1,4.000000,2.229000,0.322000,-64,0.000000,7,8
1,4.000000,2.272000,0.232000,-64,0.000000,7,8
1,4.000000,2.429000,0.206000,-62,0.000000,7,8
1,4.000000,2.307000,0.234000,-65,0.000000,7,8
1,4.000000,2.466000,0.151000,-64,0.000000,7,8
1,4.000000,2.191000,0.317000,-62,0.000000,7,8
1,4.000000,2.154000,0.265000,-65,0.000000,7,8
1,4.000000,2.504000,0.165000,-63,0.000000,7,8
1,4.000000,2.422000,0.211000,-64,0.000000,7,8
1,4.000000,2.229000,0.260000,-65,0.000000,7,8
1,4.000000,2.466000,0.190000,-62,0.000000,7,8
1,4.000000,2.437000,0.102000,-63,0.000000,7,8
1,4.000000,2.341000,0.235000,-65,0.000000,7,8
1,4.000000,2.266000,0.247000,-65,0.000000,7,8
1,4.000000,2.304000,0.238000,-65,0.000000,7,8
1,4.000000,2.391000,0.187000,-65,0.000000,7,8
1,4.000000,2.226000,0.231000,-66,0.000000,7,8
1,4.000000,2.235000,0.183000,-65,0.000000,7,8
1,4.000000,2.079000,0.314000,-66,0.000000,7,8
1,4.000000,1.991000,0.313000,-65,0.000000,7,8
1,4.000000,1.991000,0.373000,-64,0.000000,7,8
1,4.000000,2.266000,0.330000,-62,0.000000,7,8
1,4.000000,2.310000,0.290000,-62,0.000000,7,8
1,4.000000,2.304000,0.219000,-65,0.000000,7,8
1,4.000000,2.157000,0.331000,-64,0.000000,7,8
1,4.000000,2.235000,0.285000,-64,0.000000,7,8
1,4.000000,2.116000,0.313000,-64,0.000000,7,8
1,4.000000,2.304000,0.275000,-64,0.000000,7,8
1,4.000000,2.148000,0.319000,-64,0.000000,7,8
1,4.000000,2.185000,0.332000,-64,0.000000,7,8
1,4.000000,2.191000,0.271000,-64,0.000000,7,8
1,4.000000,2.269000,0.239000,-64,0.000000,7,8
1,4.000000,2.229000,0.271000,-64,0.000000,7,8
1,4.000000,2.304000,0.246000,-64,0.000000,7,8
1,4.000000,2.154000,0.252000,-65,0.000000,7,8
1,4.000000,2.229000,0.286000,-65,0.000000,7,8
1,4.000000,2.313000,0.264000,-63,0.000000,7,8
1,4.000000,2.191000,0.352000,-64,0.000000,7,8
1,4.000000,2.229000,0.265000,-64,0.000000,7,8
1,4.000000,2.272000,0.312000,-65,0.000000,7,8
1,4.000000,2.229000,0.254000,-65,0.000000,7,8
1,4.000000,2.198000,0.299000,-65,0.000000,7,8
1,4.000000,2.391000,0.176000,-64,0.000000,7,8
1,4.000000,2.229000,0.295000,-63,0.000000,7,8
1,4.000000,2.116000,0.302000,-64,0.000000,7,8
1,4.000000,2.304000,0.272000,-64,0.000000,7,8
1,4.000000,2.116000,0.342000,-64,0.000000,7,8
1,4.000000,2.154000,0.317000,-64,0.000000,7,8
1,4.000000,2.313000,0.315000,-64,0.000000,7,8
1,4.000000,2.235000,0.236000,-64,0.000000,7,8
1,4.000000,2.304000,0.297000,-63,0.000000,7,8
1,4.000000,2.188000,0.274000,-64,0.000000,7,8
1,4.000000,2.229000,0.271000,-65,0.000000,7,8
1,4.000000,2.229000,0.284000,-65,0.000000,7,8
1,4.000000,2.229000,0.298000,-64,0.000000,7,8
1,4.000000,2.316000,0.256000,-65,0.000000,7,8
1,4.000000,2.269000,0.242000,-64,0.000000,7,8
1,4.000000,2.188000,0.299000,-64,0.000000,7,8
1,4.000000,2.316000,0.286000,-64,0.000000,7,8
1,4.000000,2.391000,0.249000,-64,0.000000,7,8
1,4.000000,2.266000,0.300000,-64,0.000000,7,8
1,4.000000,2.185000,0.316000,-64,0.000000,7,8
1,4.000000,2.263000,0.289000,-64,0.000000,7,8
1,4.000000,2.235000,0.298000,-64,0.000000,7,8
1,4.000000,2.154000,0.309000,-64,0.000000,7,8
1,4.000000,2.304000,0.263000,-64,0.000000,7,8
1,4.000000,2.157000,0.317000,-64,0.000000,7,8
1,4.000000,2.235000,0.288000,-64,0.000000,7,8
1,4.000000,2.235000,0.276000,-65,0.000000,7,8
1,4.000000,2.197000,0.361000,-65,0.000000,7,8
1,4.000000,2.157000,0.295000,-64,0.000000,7,8
1,4.000000,2.191000,0.277000,-64,0.000000,7,8
1,4.000000,2.185000,0.316000,-65,0.000000,7,8
1,4.000000,2.185000,0.316000,-64,0.000000,7,8
1,4.000000,2.229000,0.265000,-64,0.000000,7,8
1,4.000000,2.304000,0.247000,-64,0.000000,7,8
1,4.000000,2.266000,0.303000,-64,0.000000,7,8
1,4.000000,2.185000,0.319000,-64,0.000000,7,8
1,4.000000,2.116000,0.287000,-64,0.000000,7,8
1,4.000000,2.341000,0.227000,-64,0.000000,7,8
1,4.000000,2.229000,0.277000,-64,0.000000,7,8
1,4.000000,2.304000,0.264000,-64,0.000000,7,8
1,4.000000,2.191000,0.293000,-64,0.000000,7,8
1,4.000000,2.304000,0.263000,-64,0.000000,7,8
1,4.000000,2.272000,0.277000,-64,0.000000,7,8
1,4.000000,2.232000,0.300000,-64,0.000000,7,8
1,4.000000,2.154000,0.265000,-64,0.000000,7,8
1,4.000000,2.229000,0.312000,-64,0.000000,7,8
1,4.000000,2.313000,0.245000,-64,0.000000,7,8
1,4.000000,2.229000,0.261000,-64,0.000000,7,8
1,4.000000,2.191000,0.255000,-64,0.000000,7,8
1,4.000000,2.229000,0.284000,-64,0.000000,7,8
1,4.000000,2.229000,0.262000,-64,0.000000,7,8
1,4.000000,2.232000,0.283000,-64,0.000000,7,8
1,4.000000,2.266000,0.286000,-64,0.000000,7,8
1,4.000000,2.229000,0.279000,-64,0.000000,7,8
1,4.000000,2.263000,0.242000,-64,0.000000,7,8
1,4.000000,2.191000,0.280000,-64,0.000000,7,8
1,4.000000,2.304000,0.263000,-64,0.000000,7,8
1,4.000000,2.235000,0.288000,-64,0.000000,7,8
1,4.000000,2.266000,0.264000,-64,0.000000,7,8
1,4.000000,2.229000,0.300000,-64,0.000000,7,8
1,4.000000,2.304000,0.252000,-64,0.000000,7,8
1,4.000000,2.354000,0.237000,-64,0.000000,7,8
1,4.000000,2.272000,0.280000,-64,0.000000,7,8
1,4.000000,2.263000,0.246000,-64,0.000000,7,8
1,4.000000,2.191000,0.283000,-64,0.000000,7,8
1,4.000000,2.341000,0.273000,-64,0.000000,7,8
1,4.000000,2.266000,0.277000,-64,0.000000,7,8
1,4.000000,2.235000,0.288000,-64,0.000000,7,8
1,4.000000,2.191000,0.308000,-64,0.000000,7,8
1,4.000000,2.229000,0.299000,-64,0.000000,7,8
1,4.000000,2.266000,0.260000,-64,0.000000,7,8
1,4.000000,2.266000,0.256000,-64,0.000000,7,8
1,4.000000,2.313000,0.194000,-64,0.000000,7,8
1,4.000000,2.266000,0.277000,-64,0.000000,7,8
1,4.000000,2.154000,0.299000,-64,0.000000,7,8
1,4.000000,2.304000,0.198000,-64,0.000000,7,8
1,4.000000,2.116000,0.280000,-64,0.000000,7,8
1,4.000000,2.276000,0.216000,-64,0.000000,7,8
1,4.000000,2.304000,0.246000,-64,0.000000,7,8
1,4.000000,2.191000,0.288000,-64,0.000000,7,8
1,4.000000,2.191000,0.288000,-64,0.000000,7,8
1,4.000000,2.194000,0.276000,-64,0.000000,7,8
1,4.000000,2.304000,0.239000,-64,0.000000,7,8
1,4.000000,2.266000,0.264000,-64,0.000000,7,8
1,4.000000,2.263000,0.265000,-64,0.000000,7,8
1,4.000000,2.229000,0.265000,-64,0.000000,7,8
1,4.000000,2.229000,0.299000,-64,0.000000,7,8
1,4.000000,2.238000,0.293000,-64,0.000000,7,8
1,4.000000,2.148000,0.308000,-64,0.000000,7,8
1,4.000000,2.235000,0.294000,-64,0.000000,7,8
1,4.000000,2.235000,0.285000,-64,0.000000,7,8
1,4.000000,2.266000,0.276000,-64,0.000000,7,8
1,4.000000,2.154000,0.300000,-64,0.000000,7,8
1,4.000000,2.226000,0.233000,-64,0.000000,7,8
1,4.000000,2.266000,0.257000,-64,0.000000,7,8
1,4.000000,2.191000,0.297000,-64,0.000000,7,8
1,4.000000,2.229000,0.282000,-64,0.000000,7,8
1,4.000000,2.304000,0.238000,-64,0.000000,7,8
1,4.000000,2.304000,0.234000,-64,0.000000,7,8
1,4.000000,2.191000,0.271000,-64,0.000000,7,8
1,4.000000,2.341000,0.208000,-64,0.000000,7,8
1,4.000000,2.154000,0.300000,-64,0.000000,7,8
1,4.000000,2.273000,0.273000,-64,0.000000,7,8
1,4.000000,2.272000,0.225000,-64,0.000000,7,8
1,4.000000,2.235000,0.291000,-65,0.000000,7,8
1,4.000000,2.304000,0.244000,-64,0.000000,7,8
1,4.000000,2.266000,0.243000,-64,0.000000,7,8
1,4.000000,2.235000,0.282000,-64,0.000000,7,8
1,4.000000,2.266000,0.257000,-64,0.000000,7,8
1,4.000000,2.229000,0.265000,-64,0.000000,7,8
1,4.000000,2.229000,0.282000,-64,0.000000,7,8
1,4.000000,2.235000,0.260000,-64,0.000000,7,8
1,4.000000,2.154000,0.291000,-64,0.000000,7,8
1,4.000000,2.148000,0.316000,-64,0.000000,7,8
1,4.000000,2.235000,0.261000,-64,0.000000,7,8
1,4.000000,2.341000,0.252000,-64,0.000000,7,8
1,4.000000,2.304000,0.230000,-64,0.000000,7,8
1,4.000000,2.272000,0.216000,-64,0.000000,7,8
1,4.000000,2.154000,0.278000,-64,0.000000,7,8
1,4.000000,2.304000,0.217000,-64,0.000000,7,8
1,4.000000,2.197000,0.288000,-64,0.000000,7,8
1,4.000000,2.232000,0.262000,-64,0.000000,7,8
1,4.000000,2.304000,0.253000,-64,0.000000,7,8
1,4.000000,2.266000,0.263000,-64,0.000000,7,8
1,4.000000,2.191000,0.268000,-64,0.000000,7,8
1,4.000000,2.272000,0.318000,-64,0.000000,7,8
1,4.000000,2.266000,0.256000,-64,0.000000,7,8
1,4.000000,2.272000,0.253000,-64,0.000000,7,8
1,4.000000,2.191000,0.277000,-64,0.000000,7,8
1,4.000000,2.148000,0.296000,-64,0.000000,7,8
1,4.000000,2.301000,0.219000,-64,0.000000,7,8
1,4.000000,2.197000,0.330000,-64,0.000000,7,8
1,4.000000,2.266000,0.274000,-64,0.000000,7,8
1,4.000000,2.226000,0.324000,-64,0.000000,7,8
1,4.000000,2.266000,0.305000,-64,0.000000,7,8
1,4.000000,2.229000,0.285000,-64,0.000000,7,8
1,4.000000,2.341000,0.238000,-64,0.000000,7,8
1,4.000000,2.116000,0.321000,-64,0.000000,7,8
1,4.000000,2.229000,0.273000,-64,0.000000,7,8
1,4.000000,2.304000,0.275000,-64,0.000000,7,8
1,4.000000,2.304000,0.264000,-64,0.000000,7,8
1,4.000000,2.229000,0.309000,-64,0.000000,7,8
1,4.000000,2.229000,0.298000,-64,0.000000,7,8
1,4.000000,2.235000,0.281000,-64,0.000000,7,8
1,4.000000,2.229000,0.299000,-64,0.000000,7,8
1,4.000000,2.191000,0.306000,-64,0.000000,7,8
1,4.000000,2.310000,0.273000,-64,0.000000,7,8
1,4.000000,2.272000,0.255000,-64,0.000000,7,8
1,4.000000,2.194000,0.267000,-65,0.000000,7,8
1,4.000000,2.301000,0.241000,-64,0.000000,7,8
1,4.000000,2.229000,0.272000,-64,0.000000,7,8
1,4.000000,2.154000,0.265000,-64,0.000000,7,8
1,4.000000,2.276000,0.264000,-64,0.000000,7,8
1,4.000000,2.235000,0.263000,-64,0.000000,7,8
1,4.000000,2.235000,0.226000,-64,0.000000,7,8
1,4.000000,2.197000,0.312000,-64,0.000000,7,8
1,4.000000,2.223000,0.253000,-64,0.000000,7,8
1,4.000000,2.266000,0.257000,-64,0.000000,7,8
1,4.000000,2.235000,0.324000,-64,0.000000,7,8
1,4.000000,2.304000,0.264000,-64,0.000000,7,8
1,4.000000,2.276000,0.263000,-64,0.000000,7,8
1,4.000000,2.197000,0.289000,-64,0.000000,7,8
1,4.000000,2.235000,0.239000,-64,0.000000,7,8
1,4.000000,2.304000,0.251000,-64,0.000000,7,8
1,4.000000,2.154000,0.283000,-64,0.000000,7,8
1,4.000000,2.235000,0.279000,-64,0.000000,7,8
1,4.000000,2.235000,0.236000,-64,0.000000,7,8
1,4.000000,2.304000,0.256000,-64,0.000000,7,8
1,4.000000,2.185000,0.297000,-64,0.000000,7,8
1,4.000000,2.229000,0.264000,-64,0.000000,7,8
1,4.000000,2.194000,0.279000,-64,0.000000,7,8
1,4.000000,2.391000,0.205000,-64,0.000000,7,8
1,4.000000,2.304000,0.248000,-64,0.000000,7,8
1,4.000000,2.266000,0.257000,-64,0.000000,7,8
1,4.000000,2.304000,0.253000,-64,0.000000,7,8
1,4.000000,2.197000,0.285000,-64,0.000000,7,8
1,4.000000,2.301000,0.302000,-64,0.000000,7,8
1,4.000000,2.266000,0.278000,-64,0.000000,7,8
1,4.000000,2.266000,0.264000,-64,0.000000,7,8
1,4.000000,2.226000,0.286000,-64,0.000000,7,8
1,4.000000,2.354000,0.230000,-64,0.000000,7,8
1,4.000000,2.116000,0.251000,-64,0.000000,7,8
1,4.000000,2.304000,0.254000,-65,0.000000,7,8
1,4.000000,2.154000,0.244000,-64,0.000000,7,8
1,4.000000,2.304000,0.261000,-64,0.000000,7,8
1,4.000000,2.266000,0.250000,-64,0.000000,7,8
1,4.000000,2.229000,0.294000,-64,0.000000,7,8
1,4.000000,2.263000,0.282000,-64,0.000000,7,8
1,4.000000,2.341000,0.273000,-64,0.000000,7,8
1,4.000000,2.304000,0.264000,-64,0.000000,7,8
1,4.000000,2.316000,0.270000,-64,0.000000,7,8
1,4.000000,2.354000,0.247000,-64,0.000000,7,8
1,4.000000,2.266000,0.265000,-64,0.000000,7,8
1,4.000000,2.266000,0.277000,-64,0.000000,7,8
1,4.000000,2.191000,0.288000,-64,0.000000,7,8
1,4.000000,2.263000,0.293000,-64,0.000000,7,8
1,4.000000,2.341000,0.238000,-64,0.000000,7,8
1,4.000000,2.304000,0.253000,-64,0.000000,7,8
1,4.000000,2.229000,0.300000,-64,0.000000,7,8
1,4.000000,2.276000,0.248000,-64,0.000000,7,8
1,4.000000,2.266000,0.277000,-65,0.000000,7,8
1,4.000000,2.197000,0.250000,-64,0.000000,7,8
1,4.000000,2.266000,0.257000,-64,0.000000,7,8
1,4.000000,2.304000,0.294000,-64,0.000000,7,8
1,4.000000,2.191000,0.284000,-64,0.000000,7,8
1,4.000000,2.272000,0.280000,-65,0.000000,7,8
1,4.000000,2.229000,0.277000,-64,0.000000,7,8
1,4.000000,2.313000,0.234000,-64,0.000000,7,8
1,4.000000,2.232000,0.289000,-64,0.000000,7,8
1,4.000000,2.263000,0.292000,-65,0.000000,7,8
1,4.000000,2.229000,0.284000,-64,0.000000,7,8
1,4.000000,2.316000,0.272000,-65,0.000000,7,8
1,4.000000,2.304000,0.240000,-64,0.000000,7,8
1,4.000000,2.154000,0.229000,-64,0.000000,7,8
1,4.000000,2.304000,0.239000,-64,0.000000,7,8
1,4.000000,2.116000,0.316000,-64,0.000000,7,8
1,4.000000,2.191000,0.291000,-64,0.000000,7,8
1,4.000000,2.235000,0.312000,-64,0.000000,7,8
1,4.000000,2.304000,0.275000,-64,0.000000,7,8
1,4.000000,2.304000,0.263000,-64,0.000000,7,8
1,4.000000,2.304000,0.264000,-65,0.000000,7,8
1,4.000000,2.266000,0.291000,-65,0.000000,7,8
1,4.000000,2.116000,0.297000,-64,0.000000,7,8
1,4.000000,2.354000,0.226000,-64,0.000000,7,8
1,4.000000,2.157000,0.304000,-65,0.000000,7,8
1,4.000000,2.229000,0.262000,-65,0.000000,7,8
1,4.000000,2.266000,0.285000,-65,0.000000,7,8
1,4.000000,2.388000,0.274000,-65,0.000000,7,8
1,4.000000,2.266000,0.243000,-65,0.000000,7,8
1,4.000000,2.157000,0.316000,-65,0.000000,7,8
1,4.000000,2.304000,0.287000,-63,0.000000,7,8
1,4.000000,2.079000,0.373000,-63,0.000000,7,8
1,4.000000,2.232000,0.298000,-64,0.000000,7,8
1,4.000000,2.272000,0.253000,-63,0.000000,7,8
1,4.000000,2.194000,0.327000,-64,0.000000,7,8
1,4.000000,2.313000,0.196000,-64,0.000000,7,8
1,4.000000,2.266000,0.300000,-63,0.000000,7,8
1,4.000000,2.154000,0.244000,-65,0.000000,7,8
1,4.000000,2.316000,0.308000,-64,0.000000,7,8
1,4.000000,2.535000,0.162000,-61,0.000000,7,8
1,4.000000,2.391000,0.263000,-63,0.000000,7,8
1,4.000000,2.229000,0.275000,-63,0.000000,7,8
1,4.000000,2.229000,0.265000,-64,0.000000,7,8
1,4.000000,2.351000,0.159000,-62,0.000000,7,8
1,4.000000,2.229000,0.363000,-63,0.000000,7,8
1,4.000000,2.229000,0.224000,-64,0.000000,7,8
1,4.000000,2.310000,0.319000,-63,0.000000,7,8
1,4.000000,2.304000,0.242000,-66,0.000000,7,8
1,4.000000,2.354000,0.228000,-63,0.000000,7,8
1,4.000000,2.235000,0.243000,-64,0.000000,7,8
1,4.000000,2.079000,0.422000,-65,0.000000,7,8
1,4.000000,2.148000,0.361000,-62,0.000000,7,8
1,4.000000,2.304000,0.274000,-62,0.000000,7,8
1,4.000000,2.235000,0.281000,-62,0.000000,7,8
1,4.000000,2.191000,0.373000,-61,0.000000,7,8
1,4.000000,2.279000,0.287000,-63,0.000000,7,8
1,4.000000,2.229000,0.285000,-63,0.000000,7,8
1,4.000000,1.994000,0.468000,-61,0.000000,7,8
1,4.000000,2.344000,0.220000,-64,0.000000,7,8
1,4.000000,2.191000,0.361000,-61,0.000000,7,8
1,4.000000,2.310000,0.255000,-63,0.000000,7,8
1,4.000000,2.229000,0.337000,-60,0.000000,7,8
1,4.000000,2.154000,0.371000,-61,0.000000,7,8
1,4.000000,2.191000,0.308000,-61,0.000000,7,8
1,4.000000,2.041000,0.398000,-62,0.000000,7,8
1,4.000000,2.079000,0.369000,-62,0.000000,7,8
1,4.000000,2.116000,0.360000,-62,0.000000,7,8
1,4.000000,2.191000,0.330000,-62,0.000000,7,8
1,4.000000,2.157000,0.314000,-63,0.000000,7,8
1,4.000000,2.391000,0.220000,-62,0.000000,7,8
1,4.000000,2.191000,0.361000,-61,0.000000,7,8
1,4.000000,2.191000,0.331000,-61,0.000000,7,8
1,4.000000,2.235000,0.328000,-62,0.000000,7,8
1,4.000000,2.154000,0.306000,-63,0.000000,7,8
1,4.000000,2.235000,0.298000,-64,0.000000,7,8
1,4.000000,2.197000,0.312000,-64,0.000000,7,8
1,4.000000,2.229000,0.285000,-64,0.000000,7,8
1,4.000000,2.079000,0.314000,-64,0.000000,7,8
1,4.000000,2.191000,0.331000,-63,0.000000,7,8
1,4.000000,2.079000,0.364000,-61,0.000000,7,8
1,4.000000,2.191000,0.357000,-62,0.000000,7,8
1,4.000000,2.229000,0.286000,-62,0.000000,7,8
1,4.000000,2.347000,0.223000,-64,0.000000,7,8
1,4.000000,2.310000,0.236000,-64,0.000000,7,8
1,4.000000,2.304000,0.254000,-65,0.000000,7,8
1,4.000000,2.191000,0.284000,-65,0.000000,7,8
1,4.000000,2.266000,0.233000,-65,0.000000,7,8
1,4.000000,2.229000,0.252000,-64,0.000000,7,8
1,4.000000,2.307000,0.235000,-64,0.000000,7,8
1,4.000000,2.304000,0.141000,-66,0.000000,7,8
1,4.000000,2.232000,0.249000,-67,0.000000,7,8
1,4.000000,2.313000,0.271000,-66,0.000000,7,8
1,4.000000,2.379000,0.219000,-66,0.000000,7,8
1,4.000000,2.347000,0.247000,-66,0.000000,7,8
1,4.000000,2.116000,0.348000,-65,0.000000,7,8
1,4.000000,2.304000,0.235000,-64,0.000000,7,8
1,4.000000,2.304000,0.259000,-65,0.000000,7,8
1,4.000000,2.272000,0.294000,-65,0.000000,7,8
1,4.000000,2.385000,0.229000,-64,0.000000,7,8
1,4.000000,2.197000,0.311000,-63,0.000000,7,8
1,4.000000,2.391000,0.246000,-63,0.000000,7,8
1,4.000000,2.391000,0.211000,-65,0.000000,7,8
1,4.000000,2.266000,0.262000,-64,0.000000,7,8
1,4.000000,2.304000,0.294000,-64,0.000000,7,8
1,4.000000,2.354000,0.261000,-63,0.000000,7,8
1,4.000000,2.304000,0.280000,-64,0.000000,7,8
1,4.000000,2.269000,0.238000,-63,0.000000,7,8
1,4.000000,2.191000,0.343000,-63,0.000000,7,8
1,4.000000,2.341000,0.200000,-66,0.000000,7,8
1,4.000000,2.116000,0.342000,-62,0.000000,7,8
1,4.000000,2.151000,0.282000,-64,0.000000,7,8
1,4.000000,2.229000,0.235000,-65,0.000000,7,8
1,4.000000,2.466000,0.207000,-64,0.000000,7,8
1,4.000000,2.310000,0.248000,-64,0.000000,7,8
1,4.000000,2.313000,0.265000,-65,0.000000,7,8
1,4.000000,2.388000,0.222000,-65,0.000000,7,8
1,4.000000,2.229000,0.286000,-64,0.000000,7,8
1,4.000000,2.266000,0.297000,-63,0.000000,7,8
1,4.000000,2.110000,0.341000,-62,0.000000,7,8
1,4.000000,2.226000,0.263000,-62,0.000000,7,8
1,4.000000,2.154000,0.314000,-62,0.000000,7,8
1,4.000000,2.163000,0.312000,-63,0.000000,7,8
1,4.000000,2.154000,0.314000,-64,0.000000,7,8
1,4.000000,2.116000,0.309000,-64,0.000000,7,8
1,4.000000,2.232000,0.317000,-63,0.000000,7,8
1,4.000000,2.304000,0.279000,-64,0.000000,7,8
1,4.000000,2.304000,0.268000,-64,0.000000,7,8
1,4.000000,2.154000,0.279000,-64,0.000000,7,8
1,4.000000,2.235000,0.318000,-63,0.000000,7,8
1,4.000000,2.272000,0.294000,-63,0.000000,7,8
1,4.000000,2.229000,0.299000,-64,0.000000,7,8
1,4.000000,2.232000,0.301000,-64,0.000000,7,8
1,4.000000,2.229000,0.264000,-64,0.000000,7,8
1,4.000000,2.266000,0.270000,-63,0.000000,7,8
1,4.000000,2.304000,0.240000,-65,0.000000,7,8
1,4.000000,2.191000,0.220000,-64,0.000000,7,8
1,4.000000,2.226000,0.323000,-63,0.000000,7,8
1,4.000000,2.191000,0.274000,-63,0.000000,7,8
1,4.000000,2.304000,0.296000,-63,0.000000,7,8
1,4.000000,2.232000,0.314000,-64,0.000000,7,8
1,4.000000,2.188000,0.318000,-64,0.000000,7,8
1,4.000000,2.197000,0.314000,-64,0.000000,7,8
1,4.000000,2.154000,0.331000,-64,0.000000,7,8
1,4.000000,2.226000,0.289000,-64,0.000000,7,8
1,4.000000,2.304000,0.289000,-65,0.000000,7,8
1,4.000000,2.354000,0.270000,-64,0.000000,7,8
1,4.000000,2.191000,0.285000,-65,0.000000,7,8
1,4.000000,2.354000,0.253000,-64,0.000000,7,8
1,4.000000,2.347000,0.263000,-64,0.000000,7,8
1,4.000000,2.307000,0.274000,-64,0.000000,7,8
1,4.000000,2.304000,0.264000,-65,0.000000,7,8
1,4.000000,2.354000,0.270000,-64,0.000000,7,8
1,4.000000,2.154000,0.316000,-64,0.000000,7,8
1,4.000000,2.116000,0.321000,-64,0.000000,7,8
1,4.000000,2.310000,0.225000,-64,0.000000,7,8
1,4.000000,2.272000,0.282000,-64,0.000000,7,8
1,4.000000,2.229000,0.309000,-64,0.000000,7,8
1,4.000000,2.229000,0.265000,-64,0.000000,7,8
1,4.000000,2.191000,0.255000,-64,0.000000,7,8
1,4.000000,2.310000,0.283000,-65,0.000000,7,8
1,4.000000,2.304000,0.230000,-64,0.000000,7,8
1,4.000000,2.191000,0.285000,-64,0.000000,7,8
1,4.000000,2.232000,0.260000,-64,0.000000,7,8
1,4.000000,2.197000,0.307000,-64,0.000000,7,8
1,4.000000,2.272000,0.274000,-64,0.000000,7,8
1,4.000000,2.223000,0.325000,-64,0.000000,7,8
1,4.000000,2.191000,0.288000,-64,0.000000,7,8
1,4.000000,2.235000,0.302000,-64,0.000000,7,8
1,4.000000,2.154000,0.276000,-64,0.000000,7,8
1,4.000000,2.197000,0.296000,-64,0.000000,7,8
1,4.000000,2.229000,0.299000,-64,0.000000,7,8
1,4.000000,2.304000,0.253000,-64,0.000000,7,8
1,4.000000,2.191000,0.288000,-65,0.000000,7,8
1,4.000000,2.191000,0.287000,-64,0.000000,7,8
1,4.000000,2.154000,0.317000,-64,0.000000,7,8
1,4.000000,2.154000,0.266000,-64,0.000000,7,8
1,4.000000,2.313000,0.270000,-64,0.000000,7,8
1,4.000000,2.232000,0.225000,-64,0.000000,7,8
1,4.000000,2.229000,0.271000,-64,0.000000,7,8
1,4.000000,2.235000,0.294000,-64,0.000000,7,8
1,4.000000,2.191000,0.271000,-64,0.000000,7,8
1,4.000000,2.154000,0.259000,-64,0.000000,7,8
1,4.000000,2.235000,0.262000,-64,0.000000,7,8
1,4.000000,2.351000,0.243000,-64,0.000000,7,8
1,4.000000,2.304000,0.252000,-64,0.000000,7,8
1,4.000000,2.235000,0.236000,-64,0.000000,7,8
1,4.000000,2.313000,0.290000,-64,0.000000,7,8
1,4.000000,2.266000,0.256000,-64,0.000000,7,8
1,4.000000,2.079000,0.281000,-64,0.000000,7,8
1,4.000000,2.266000,0.276000,-64,0.000000,7,8
1,4.000000,2.191000,0.271000,-64,0.000000,7,8
1,4.000000,2.354000,0.275000,-64,0.000000,7,8
1,4.000000,2.229000,0.292000,-65,0.000000,7,8
1,4.000000,2.235000,0.293000,-64,0.000000,7,8
1,4.000000,2.263000,0.293000,-64,0.000000,7,8
1,4.000000,2.157000,0.293000,-64,0.000000,7,8
1,4.000000,2.116000,0.300000,-65,0.000000,7,8
1,4.000000,2.235000,0.260000,-64,0.000000,7,8
1,4.000000,2.235000,0.276000,-64,0.000000,7,8
1,4.000000,2.191000,0.290000,-64,0.000000,7,8
1,4.000000,2.229000,0.251000,-64,0.000000,7,8
1,4.000000,2.313000,0.294000,-64,0.000000,7,8
1,4.000000,2.304000,0.260000,-64,0.000000,7,8
1,4.000000,2.304000,0.279000,-64,0.000000,7,8
1,4.000000,2.116000,0.300000,-64,0.000000,7,8
1,4.000000,2.154000,0.276000,-64,0.000000,7,8
1,4.000000,2.266000,0.303000,-64,0.000000,7,8
1,4.000000,2.191000,0.255000,-64,0.000000,7,8
1,4.000000,2.116000,0.304000,-64,0.000000,7,8
1,4.000000,2.229000,0.284000,-64,0.000000,7,8
1,4.000000,2.157000,0.328000,-64,0.000000,7,8
1,4.000000,2.191000,0.275000,-64,0.000000,7,8
1,4.000000,2.197000,0.292000,-64,0.000000,7,8
1,4.000000,2.229000,0.282000,-64,0.000000,7,8
1,4.000000,2.229000,0.241000,-64,0.000000,7,8
1,4.000000,2.266000,0.232000,-65,0.000000,7,8
1,4.000000,2.266000,0.285000,-65,0.000000,7,8
1,4.000000,2.148000,0.343000,-64,0.000000,7,8
1,4.000000,2.110000,0.367000,-63,0.000000,7,8
1,4.000000,2.154000,0.319000,-64,0.000000,7,8
1,4.000000,2.304000,0.242000,-65,0.000000,7,8
1,4.000000,2.235000,0.240000,-65,0.000000,7,8
1,4.000000,2.235000,0.281000,-64,0.000000,7,8
1,4.000000,2.266000,0.260000,-64,0.000000,7,8
1,4.000000,2.266000,0.263000,-64,0.000000,7,8
1,4.000000,2.341000,0.259000,-64,0.000000,7,8
1,4.000000,2.229000,0.315000,-64,0.000000,7,8
1,4.000000,2.185000,0.313000,-64,0.000000,7,8
1,4.000000,2.194000,0.296000,-64,0.000000,7,8
1,4.000000,2.229000,0.329000,-64,0.000000,7,8
1,4.000000,2.116000,0.336000,-63,0.000000,7,8
1,4.000000,2.194000,0.283000,-64,0.000000,7,8
1,4.000000,2.154000,0.293000,-64,0.000000,7,8
1,4.000000,2.341000,0.241000,-64,0.000000,7,8
1,4.000000,2.304000,0.279000,-63,0.000000,7,8
1,4.000000,2.154000,0.283000,-63,0.000000,7,8
1,4.000000,2.266000,0.268000,-63,0.000000,7,8
1,4.000000,2.191000,0.324000,-63,0.000000,7,8
1,4.000000,2.079000,0.331000,-63,0.000000,7,8
1,4.000000,2.116000,0.287000,-63,0.000000,7,8
1,4.000000,2.110000,0.342000,-63,0.000000,7,8
1,4.000000,2.148000,0.288000,-63,0.000000,7,8
1,4.000000,2.157000,0.246000,-64,0.000000,7,8
1,4.000000,2.079000,0.284000,-64,0.000000,7,8
1,4.000000,2.194000,0.308000,-65,0.000000,7,8
1,4.000000,2.154000,0.307000,-65,0.000000,7,8
1,4.000000,2.154000,0.268000,-65,0.000000,7,8
1,4.000000,2.354000,0.199000,-65,0.000000,7,8
1,4.000000,2.304000,0.271000,-64,0.000000,7,8
1,4.000000,2.235000,0.283000,-64,0.000000,7,8
1,4.000000,2.316000,0.295000,-65,0.000000,7,8
1,4.000000,2.272000,0.269000,-64,0.000000,7,8
1,4.000000,2.154000,0.283000,-64,0.000000,7,8
1,4.000000,2.304000,0.267000,-63,0.000000,7,8
1,4.000000,2.226000,0.307000,-64,0.000000,7,8
1,4.000000,2.341000,0.195000,-64,0.000000,7,8
1,4.000000,2.191000,0.266000,-63,0.000000,7,8
1,4.000000,2.229000,0.281000,-64,0.000000,7,8
1,4.000000,2.194000,0.364000,-63,0.000000,7,8
1,4.000000,2.157000,0.310000,-63,0.000000,7,8
1,4.000000,2.298000,0.275000,-63,0.000000,7,8
1,4.000000,2.266000,0.277000,-63,0.000000,7,8
1,4.000000,2.229000,0.254000,-64,0.000000,7,8
1,4.000000,2.341000,0.246000,-64,0.000000,7,8
1,4.000000,2.154000,0.295000,-63,0.000000,7,8
1,4.000000,2.341000,0.238000,-61,0.000000,7,8
1,4.000000,2.344000,0.217000,-64,0.000000,7,8
1,4.000000,2.341000,0.221000,-65,0.000000,7,8
1,4.000000,2.304000,0.192000,-64,0.000000,7,8
1,4.000000,2.304000,0.261000,-62,0.000000,7,8
1,4.000000,2.266000,0.231000,-65,0.000000,7,8
1,4.000000,2.229000,0.243000,-65,0.000000,7,8
1,4.000000,2.232000,0.226000,-65,0.000000,7,8
1,4.000000,2.266000,0.263000,-63,0.000000,7,8
1,4.000000,2.229000,0.297000,-61,0.000000,7,8
1,4.000000,2.229000,0.250000,-63,0.000000,7,8
1,4.000000,2.194000,0.276000,-64,0.000000,7,8
1,4.000000,2.154000,0.293000,-64,0.000000,7,8
1,4.000000,2.310000,0.300000,-62,0.000000,7,8
1,4.000000,2.266000,0.312000,-62,0.000000,7,8
1,4.000000,2.354000,0.253000,-64,0.000000,7,8
1,4.000000,2.351000,0.211000,-63,0.000000,7,8
1,4.000000,2.307000,0.229000,-64,0.000000,7,8
1,4.000000,2.304000,0.236000,-64,0.000000,7,8
1,4.000000,2.354000,0.235000,-64,0.000000,7,8
1,4.000000,2.351000,0.297000,-63,0.000000,7,8
1,4.000000,2.354000,0.268000,-63,0.000000,7,8
1,4.000000,2.341000,0.242000,-63,0.000000,7,8
1,4.000000,2.191000,0.321000,-63,0.000000,7,8
1,4.000000,2.148000,0.327000,-64,0.000000,7,8
1,4.000000,2.197000,0.263000,-64,0.000000,7,8
1,4.000000,2.235000,0.224000,-65,0.000000,7,8
1,4.000000,2.304000,0.236000,-64,0.000000,7,8
1,4.000000,2.266000,0.258000,-64,0.000000,7,8
1,4.000000,2.232000,0.202000,-64,0.000000,7,8
1,4.000000,2.263000,0.313000,-63,0.000000,7,8
1,4.000000,2.229000,0.270000,-63,0.000000,7,8
1,4.000000,2.354000,0.241000,-63,0.000000,7,8
1,4.000000,2.191000,0.310000,-63,0.000000,7,8
1,4.000000,2.197000,0.287000,-64,0.000000,7,8
1,4.000000,2.194000,0.286000,-65,0.000000,7,8
1,4.000000,2.079000,0.358000,-65,0.000000,7,8
1,4.000000,2.229000,0.271000,-65,0.000000,7,8
1,4.000000,2.194000,0.309000,-65,0.000000,7,8
1,4.000000,2.304000,0.224000,-65,0.000000,7,8
1,4.000000,2.304000,0.254000,-65,0.000000,7,8
1,4.000000,2.191000,0.259000,-65,0.000000,7,8
1,4.000000,2.223000,0.245000,-65,0.000000,7,8
1,4.000000,2.304000,0.226000,-65,0.000000,7,8
1,4.000000,2.304000,0.269000,-65,0.000000,7,8
1,4.000000,2.235000,0.329000,-65,0.000000,7,8
1,4.000000,2.116000,0.357000,-64,0.000000,7,8
1,4.000000,2.276000,0.309000,-65,0.000000,7,8
1,4.000000,2.313000,0.250000,-64,0.000000,7,8
1,4.000000,2.191000,0.271000,-64,0.000000,7,8
1,4.000000,2.229000,0.279000,-64,0.000000,7,8
1,4.000000,2.229000,0.263000,-63,0.000000,7,8
1,4.000000,2.191000,0.240000,-64,0.000000,7,8
1,4.000000,2.266000,0.208000,-64,0.000000,7,8
1,4.000000,2.229000,0.239000,-65,0.000000,7,8
1,4.000000,2.191000,0.252000,-64,0.000000,7,8
1,4.000000,2.197000,0.235000,-64,0.000000,7,8
1,4.000000,2.229000,0.294000,-63,0.000000,7,8
1,4.000000,2.235000,0.238000,-63,0.000000,7,8
1,4.000000,2.235000,0.302000,-63,0.000000,7,8
1,4.000000,2.116000,0.316000,-63,0.000000,7,8
1,4.000000,2.235000,0.282000,-63,0.000000,7,8
1,4.000000,2.223000,0.327000,-63,0.000000,7,8
1,4.000000,2.194000,0.304000,-62,0.000000,7,8
1,4.000000,2.379000,0.192000,-63,0.000000,7,8
1,4.000000,2.191000,0.266000,-62,0.000000,7,8
1,4.000000,2.304000,0.224000,-63,0.000000,7,8
1,4.000000,2.229000,0.251000,-63,0.000000,7,8
1,4.000000,2.272000,0.245000,-63,0.000000,7,8
1,4.000000,2.266000,0.232000,-63,0.000000,7,8
1,4.000000,2.354000,0.235000,-63,0.000000,7,8
1,4.000000,2.154000,0.268000,-63,0.000000,7,8
1,4.000000,2.304000,0.233000,-63,0.000000,7,8
1,4.000000,2.191000,0.304000,-63,0.000000,7,8
1,4.000000,2.229000,0.251000,-63,0.000000,7,8
1,4.000000,2.272000,0.197000,-63,0.000000,7,8
1,4.000000,2.229000,0.281000,-63,0.000000,7,8
1,4.000000,2.269000,0.212000,-63,0.000000,7,8
1,4.000000,2.351000,0.211000,-63,0.000000,7,8
1,4.000000,2.313000,0.221000,-63,0.000000,7,8
1,4.000000,2.229000,0.251000,-63,0.000000,7,8
1,4.000000,2.304000,0.264000,-63,0.000000,7,8
1,4.000000,2.272000,0.308000,-63,0.000000,7,8
1,4.000000,2.266000,0.270000,-63,0.000000,7,8
1,4.000000,2.235000,0.282000,-63,0.000000,7,8
1,4.000000,2.391000,0.184000,-63,0.000000,7,8
1,4.000000,2.391000,0.193000,-63,0.000000,7,8
1,4.000000,2.229000,0.282000,-63,0.000000,7,8
1,4.000000,2.313000,0.285000,-62,0.000000,7,8
1,4.000000,2.354000,0.233000,-62,0.000000,7,8
1,4.000000,2.191000,0.325000,-62,0.000000,7,8
1,4.000000,2.235000,0.327000,-62,0.000000,7,8
1,4.000000,2.232000,0.291000,-62,0.000000,7,8
1,4.000000,2.232000,0.300000,-62,0.000000,7,8
1,4.000000,2.191000,0.307000,-62,0.000000,7,8
1,4.000000,2.229000,0.299000,-62,0.000000,7,8
1,4.000000,2.229000,0.282000,-62,0.000000,7,8
1,4.000000,2.304000,0.289000,-62,0.000000,7,8
1,4.000000,2.235000,0.291000,-62,0.000000,7,8
1,4.000000,2.197000,0.308000,-62,0.000000,7,8
1,4.000000,2.235000,0.300000,-62,0.000000,7,8
1,4.000000,2.266000,0.275000,-62,0.000000,7,8
1,4.000000,2.154000,0.298000,-63,0.000000,7,8
1,4.000000,2.272000,0.200000,-63,0.000000,7,8
1,4.000000,2.304000,0.231000,-64,0.000000,7,8
1,4.000000,2.191000,0.230000,-65,0.000000,7,8
1,4.000000,2.116000,0.341000,-65,0.000000,7,8
1,4.000000,2.197000,0.328000,-65,0.000000,7,8
1,4.000000,2.304000,0.248000,-64,0.000000,7,8
1,4.000000,2.229000,0.262000,-64,0.000000,7,8
1,4.000000,2.229000,0.238000,-63,0.000000,7,8
1,4.000000,2.266000,0.243000,-64,0.000000,7,8
1,4.000000,2.238000,0.239000,-64,0.000000,7,8
1,4.000000,2.116000,0.299000,-64,0.000000,7,8
1,4.000000,2.154000,0.320000,-63,0.000000,7,8
1,4.000000,2.226000,0.298000,-62,0.000000,7,8
1,4.000000,2.304000,0.289000,-62,0.000000,7,8
1,4.000000,2.307000,0.218000,-63,0.000000,7,8
1,4.000000,2.307000,0.210000,-63,0.000000,7,8
1,4.000000,2.313000,0.196000,-64,0.000000,7,8
1,4.000000,2.229000,0.263000,-64,0.000000,7,8
1,4.000000,2.185000,0.246000,-64,0.000000,7,8
1,4.000000,2.229000,0.281000,-64,0.000000,7,8
1,4.000000,2.154000,0.300000,-65,0.000000,7,8
1,4.000000,2.266000,0.242000,-65,0.000000,7,8
1,4.000000,2.116000,0.273000,-64,0.000000,7,8
1,4.000000,2.116000,0.258000,-64,0.000000,7,8
1,4.000000,2.229000,0.306000,-64,0.000000,7,8
1,4.000000,2.347000,0.213000,-63,0.000000,7,8
1,4.000000,2.304000,0.214000,-63,0.000000,7,8
1,4.000000,2.266000,0.281000,-63,0.000000,7,8
1,4.000000,2.191000,0.330000,-62,0.000000,7,8
1,4.000000,2.069000,0.407000,-62,0.000000,7,8
1,4.000000,2.307000,0.242000,-62,0.000000,7,8
1,4.000000,2.235000,0.228000,-66,0.000000,7,8
1,4.000000,2.235000,0.309000,-62,0.000000,7,8
1,4.000000,2.357000,0.195000,-64,0.000000,7,8
1,4.000000,2.191000,0.316000,-62,0.000000,7,8
1,4.000000,2.341000,0.182000,-64,0.000000,7,8
1,4.000000,2.154000,0.343000,-64,0.000000,7,8
1,4.000000,2.154000,0.353000,-62,0.000000,7,8
1,4.000000,2.310000,0.280000,-63,0.000000,7,8
1,4.000000,2.232000,0.268000,-61,0.000000,7,8
1,4.000000,2.079000,0.397000,-60,0.000000,7,8
1,4.000000,2.113000,0.388000,-62,0.000000,7,8
1,4.000000,2.110000,0.361000,-62,0.000000,7,8
1,4.000000,2.229000,0.238000,-62,0.000000,7,8
1,4.000000,2.272000,0.274000,-61,0.000000,7,8
1,4.000000,2.154000,0.342000,-62,0.000000,7,8
1,4.000000,2.266000,0.309000,-61,0.000000,7,8
1,4.000000,2.391000,0.262000,-63,0.000000,7,8
1,4.000000,2.307000,0.268000,-63,0.000000,7,8
1,4.000000,2.229000,0.226000,-63,0.000000,7,8
1,4.000000,2.116000,0.383000,-60,0.000000,7,8
1,4.000000,2.079000,0.344000,-61,0.000000,7,8
1,4.000000,2.191000,0.273000,-62,0.000000,7,8
1,4.000000,2.391000,0.234000,-64,0.000000,7,8
1,4.000000,2.313000,0.268000,-62,0.000000,7,8
1,4.000000,2.304000,0.253000,-65,0.000000,7,8
1,4.000000,2.304000,0.260000,-62,0.000000,7,8
1,4.000000,2.272000,0.274000,-65,0.000000,7,8
1,4.000000,2.266000,0.263000,-62,0.000000,7,8
1,4.000000,2.391000,0.238000,-62,0.000000,7,8
1,4.000000,2.191000,0.320000,-62,0.000000,7,8
1,4.000000,2.157000,0.256000,-64,0.000000,7,8
1,4.000000,2.235000,0.312000,-64,0.000000,7,8
1,4.000000,2.466000,0.170000,-64,0.000000,7,8
1,4.000000,2.379000,0.116000,-66,0.000000,7,8
1,4.000000,2.341000,0.222000,-63,0.000000,7,8
1,4.000000,2.391000,0.305000,-61,0.000000,7,8
1,4.000000,2.351000,0.367000,-60,0.000000,7,8
1,4.000000,1.998000,0.417000,-62,0.000000,7,8
1,4.000000,2.310000,0.228000,-63,0.000000,7,8
1,4.000000,2.541000,0.141000,-61,0.000000,7,8
1,4.000000,2.382000,0.271000,-60,0.000000,7,8
1,4.000000,2.460000,0.228000,-60,0.000000,7,8
1,4.000000,2.426000,0.223000,-60,0.000000,7,8
1,4.000000,2.354000,0.295000,-60,0.000000,7,8
1,4.000000,2.466000,0.253000,-60,0.000000,7,8
1,4.000000,2.266000,0.314000,-61,0.000000,7,8
1,4.000000,2.266000,0.303000,-61,0.000000,7,8
1,4.000000,2.266000,0.277000,-61,0.000000,7,8
1,4.000000,2.304000,0.305000,-64,0.000000,7,8
1,4.000000,2.269000,0.261000,-65,0.000000,7,8
1,4.000000,2.266000,0.266000,-64,0.000000,7,8
1,4.000000,2.232000,0.252000,-64,0.000000,7,8
1,4.000000,2.235000,0.293000,-65,0.000000,7,8
1,4.000000,2.304000,0.234000,-64,0.000000,7,8
1,4.000000,2.391000,0.184000,-65,0.000000,7,8
1,4.000000,2.304000,0.254000,-64,0.000000,7,8
1,4.000000,2.266000,0.234000,-64,0.000000,7,8
1,4.000000,2.191000,0.268000,-64,0.000000,7,8
1,4.000000,2.354000,0.280000,-64,0.000000,7,8
1,4.000000,2.229000,0.247000,-64,0.000000,7,8
1,4.000000,2.191000,0.268000,-63,0.000000,7,8
1,4.000000,2.272000,0.280000,-63,0.000000,7,8
1,4.000000,2.354000,0.268000,-63,0.000000,7,8
1,4.000000,2.341000,0.252000,-64,0.000000,7,8
1,4.000000,2.232000,0.290000,-63,0.000000,7,8
1,4.000000,2.391000,0.233000,-63,0.000000,7,8
1,4.000000,2.304000,0.279000,-64,0.000000,7,8
1,4.000000,2.266000,0.303000,-64,0.000000,7,8
1,4.000000,2.266000,0.265000,-63,0.000000,7,8
1,4.000000,2.354000,0.285000,-63,0.000000,7,8
1,4.000000,2.304000,0.269000,-63,0.000000,7,8
1,4.000000,2.223000,0.271000,-63,0.000000,7,8
1,4.000000,2.272000,0.272000,-63,0.000000,7,8
1,4.000000,2.272000,0.305000,-63,0.000000,7,8
1,4.000000,2.229000,0.299000,-63,0.000000,7,8
1,4.000000,2.116000,0.321000,-63,0.000000,7,8
1,4.000000,2.229000,0.316000,-63,0.000000,7,8
1,4.000000,2.191000,0.295000,-63,0.000000,7,8
1,4.000000,2.157000,0.314000,-63,0.000000,7,8
1,4.000000,2.354000,0.297000,-63,0.000000,7,8
1,4.000000,2.191000,0.293000,-62,0.000000,7,8
1,4.000000,2.266000,0.259000,-63,0.000000,7,8
1,4.000000,2.191000,0.308000,-64,0.000000,7,8
1,4.000000,2.347000,0.287000,-63,0.000000,7,8
1,4.000000,2.304000,0.252000,-63,0.000000,7,8
1,4.000000,2.154000,0.289000,-64,0.000000,7,8
1,4.000000,2.266000,0.231000,-63,0.000000,7,8
1,4.000000,2.351000,0.213000,-64,0.000000,7,8
1,4.000000,2.191000,0.265000,-64,0.000000,7,8
1,4.000000,2.116000,0.299000,-64,0.000000,7,8
1,4.000000,2.304000,0.217000,-64,0.000000,7,8
1,4.000000,2.347000,0.232000,-66,0.000000,7,8
1,4.000000,2.354000,0.227000,-65,0.000000,7,8
1,4.000000,2.073000,0.366000,-65,0.000000,7,8
1,4.000000,2.310000,0.198000,-64,0.000000,7,8
1,4.000000,2.154000,0.240000,-69,0.000000,7,8
1,4.000000,2.082000,0.375000,-64,0.000000,7,8
1,4.000000,2.041000,0.422000,-64,0.000000,7,8
1,4.000000,2.185000,0.288000,-66,0.000000,7,8
1,4.000000,2.038000,0.253000,-69,0.000000,7,8
1,4.000000,2.154000,0.367000,-63,0.000000,7,8
1,4.000000,2.069000,0.419000,-63,0.000000,7,8
1,4.000000,2.191000,0.396000,-62,0.000000,7,8
1,4.000000,2.454000,0.309000,-60,0.000000,7,8
1,4.000000,2.579000,0.263000,-61,0.000000,7,8
1,4.000000,2.188000,0.184000,-65,0.000000,7,8
1,4.000000,1.994000,0.487000,-63,0.000000,7,8
1,4.000000,2.741000,0.225000,-58,0.000000,7,8
1,4.000000,2.229000,0.128000,-67,0.000000,7,8
1,4.000000,2.076000,0.388000,-65,0.000000,7,8
1,4.000000,2.272000,0.348000,-61,0.000000,7,8
1,4.000000,2.304000,0.210000,-62,0.000000,7,8
1,4.000000,2.307000,0.215000,-63,0.000000,7,8
1,4.000000,2.272000,0.290000,-64,0.000000,7,8
1,4.000000,2.110000,0.318000,-63,0.000000,7,8
1,4.000000,2.229000,0.286000,-62,0.000000,7,8
1,4.000000,2.391000,0.256000,-62,0.000000,7,8
1,4.000000,2.379000,0.302000,-61,0.000000,7,8
1,4.000000,2.579000,0.127000,-62,0.000000,7,8
1,4.000000,2.038000,0.339000,-69,0.000000,7,8
1,4.000000,2.466000,0.141000,-66,0.000000,7,8
1,4.000000,2.038000,0.320000,-69,0.000000,7,8
1,4.000000,2.287000,0.147000,-65,0.000000,7,8
1,4.000000,2.325000,0.218000,-62,0.000000,7,8
1,4.000000,2.576000,0.189000,-61,0.000000,7,8
1,4.000000,1.994000,0.464000,-64,0.000000,7,8
1,4.000000,2.038000,0.306000,-69,0.000000,7,8
1,4.000000,2.388000,0.168000,-67,0.000000,7,8
1,4.000000,2.381000,0.146000,-66,0.000000,7,8
1,4.000000,2.466000,0.181000,-66,0.000000,7,8
1,4.000000,2.376000,0.152000,-64,0.000000,7,8
1,4.000000,2.623000,0.160000,-62,0.000000,7,8
1,4.000000,2.422000,0.242000,-62,0.000000,7,8
1,4.000000,2.079000,0.379000,-66,0.000000,7,8
1,4.000000,1.954000,0.410000,-68,0.000000,7,8
1,4.000000,2.076000,0.355000,-66,0.000000,7,8
1,4.000000,2.038000,0.353000,-67,0.000000,7,8
1,4.000000,1.882000,0.442000,-66,0.000000,7,8
1,4.000000,2.035000,0.439000,-65,0.000000,7,8
1,4.000000,2.116000,0.356000,-65,0.000000,7,8
1,4.000000,2.041000,0.381000,-65,0.000000,7,8
1,4.000000,1.954000,0.507000,-64,0.000000,7,8
1,4.000000,1.910000,0.514000,-64,0.000000,7,8
1,4.000000,1.954000,0.516000,-63,0.000000,7,8
1,4.000000,2.041000,0.462000,-62,0.000000,7,8
1,4.000000,1.998000,0.540000,-62,0.000000,7,8
1,4.000000,2.151000,0.492000,-62,0.000000,7,8
1,4.000000,2.154000,0.407000,-62,0.000000,7,8
1,4.000000,2.194000,0.402000,-62,0.000000,7,8
1,4.000000,2.113000,0.453000,-62,0.000000,7,8
1,4.000000,2.154000,0.449000,-62,0.000000,7,8
1,4.000000,2.154000,0.442000,-62,0.000000,7,8
1,4.000000,2.191000,0.393000,-62,0.000000,7,8
1,4.000000,2.229000,0.394000,-62,0.000000,7,8
1,4.000000,2.029000,0.476000,-62,0.000000,7,8
1,4.000000,2.191000,0.392000,-62,0.000000,7,8
1,4.000000,2.229000,0.382000,-62,0.000000,7,8
1,4.000000,2.229000,0.409000,-62,0.000000,7,8
1,4.000000,2.069000,0.492000,-62,0.000000,7,8
1,4.000000,2.226000,0.438000,-62,0.000000,7,8
1,4.000000,2.154000,0.418000,-62,0.000000,7,8
1,4.000000,2.079000,0.457000,-62,0.000000,7,8
1,4.000000,2.154000,0.385000,-63,0.000000,7,8
1,4.000000,2.079000,0.500000,-63,0.000000,7,8
1,4.000000,2.079000,0.519000,-63,0.000000,7,8
1,4.000000,2.079000,0.454000,-63,0.000000,7,8
1,4.000000,1.923000,0.532000,-63,0.000000,7,8
1,4.000000,2.041000,0.498000,-63,0.000000,7,8
1,4.000000,2.001000,0.539000,-63,0.000000,7,8
1,4.000000,1.991000,0.493000,-63,0.000000,7,8
1,4.000000,2.041000,0.481000,-64,0.000000,7,8
1,4.000000,1.923000,0.549000,-64,0.000000,7,8
1,4.000000,1.916000,0.613000,-64,0.000000,7,8
1,4.000000,1.923000,0.521000,-64,0.000000,7,8
1,4.000000,1.957000,0.548000,-64,0.000000,7,8
1,4.000000,1.954000,0.566000,-64,0.000000,7,8
1,4.000000,1.879000,0.584000,-65,0.000000,7,8
1,4.000000,1.841000,0.590000,-65,0.000000,7,8
1,4.000000,1.954000,0.567000,-64,0.000000,7,8
1,4.000000,1.794000,0.630000,-65,0.000000,7,8
1,4.000000,1.879000,0.584000,-64,0.000000,7,8
1,4.000000,1.879000,0.555000,-64,0.000000,7,8
1,4.000000,1.766000,0.611000,-64,0.000000,7,8
1,4.000000,1.729000,0.666000,-64,0.000000,7,8
1,4.000000,1.913000,0.568000,-64,0.000000,7,8
1,4.000000,1.954000,0.561000,-65,0.000000,7,8
1,4.000000,1.844000,0.558000,-65,0.000000,7,8
1,4.000000,1.879000,0.570000,-65,0.000000,7,8
1,4.000000,1.876000,0.549000,-65,0.000000,7,8
1,4.000000,1.841000,0.575000,-65,0.000000,7,8
1,4.000000,1.804000,0.599000,-65,0.000000,7,8
1,4.000000,1.951000,0.522000,-65,0.000000,7,8
1,4.000000,1.954000,0.505000,-65,0.000000,7,8
1,4.000000,1.844000,0.531000,-66,0.000000,7,8
1,4.000000,1.873000,0.577000,-66,0.000000,7,8
1,4.000000,1.960000,0.485000,-66,0.000000,7,8
1,4.000000,1.923000,0.534000,-66,0.000000,7,8
1,4.000000,1.835000,0.580000,-65,0.000000,7,8
1,4.000000,1.879000,0.508000,-66,0.000000,7,8
1,4.000000,1.954000,0.505000,-66,0.000000,7,8
1,4.000000,1.841000,0.527000,-66,0.000000,7,8
1,4.000000,1.804000,0.556000,-66,0.000000,7,8
1,4.000000,1.804000,0.518000,-66,0.000000,7,8
1,4.000000,1.841000,0.525000,-66,0.000000,7,8
1,4.000000,1.879000,0.494000,-66,0.000000,7,8
1,4.000000,1.876000,0.573000,-66,0.000000,7,8
1,4.000000,1.804000,0.551000,-66,0.000000,7,8
1,4.000000,1.954000,0.472000,-66,0.000000,7,8
1,4.000000,1.841000,0.514000,-66,0.000000,7,8
1,4.000000,1.991000,0.465000,-66,0.000000,7,8
1,4.000000,1.913000,0.517000,-66,0.000000,7,8
1,4.000000,1.879000,0.521000,-66,0.000000,7,8
1,4.000000,1.916000,0.517000,-66,0.000000,7,8
1,4.000000,1.869000,0.522000,-66,0.000000,7,8
1,4.000000,1.873000,0.493000,-66,0.000000,7,8
1,4.000000,1.923000,0.481000,-66,0.000000,7,8
1,4.000000,1.835000,0.552000,-66,0.000000,7,8
1,4.000000,1.954000,0.503000,-66,0.000000,7,8
1,4.000000,1.885000,0.545000,-67,0.000000,7,8
1,4.000000,1.876000,0.499000,-67,0.000000,7,8
1,4.000000,1.766000,0.589000,-67,0.000000,7,8
1,4.000000,1.923000,0.451000,-67,0.000000,7,8
1,4.000000,1.954000,0.457000,-68,0.000000,7,8
1,4.000000,1.873000,0.513000,-68,0.000000,7,8
1,4.000000,1.991000,0.439000,-68,0.000000,7,8
1,4.000000,1.991000,0.410000,-68,0.000000,7,8
1,4.000000,1.954000,0.428000,-69,0.000000,7,8
1,4.000000,1.835000,0.493000,-69,0.000000,7,8
1,4.000000,1.879000,0.437000,-69,0.000000,7,8
1,4.000000,1.991000,0.424000,-69,0.000000,7,8
1,4.000000,1.923000,0.451000,-69,0.000000,7,8
1,4.000000,2.038000,0.402000,-69,0.000000,7,8
1,4.000000,1.998000,0.355000,-70,0.000000,7,8
1,4.000000,1.879000,0.424000,-70,0.000000,7,8
1,4.000000,1.913000,0.427000,-69,0.000000,7,8
1,4.000000,1.882000,0.449000,-69,0.000000,7,8
1,4.000000,1.991000,0.387000,-69,0.000000,7,8
1,4.000000,1.919000,0.466000,-69,0.000000,7,8
1,4.000000,1.804000,0.511000,-69,0.000000,7,8
1,4.000000,2.001000,0.405000,-69,0.000000,7,8
1,4.000000,1.951000,0.458000,-69,0.000000,7,8
1,4.000000,1.991000,0.414000,-68,0.000000,7,8
1,4.000000,1.919000,0.495000,-68,0.000000,7,8
1,4.000000,1.845000,0.431000,-68,0.000000,7,8
1,4.000000,1.835000,0.510000,-67,0.000000,7,8
1,4.000000,1.882000,0.433000,-67,0.000000,7,8
1,4.000000,1.879000,0.529000,-67,0.000000,7,8
1,4.000000,1.954000,0.491000,-67,0.000000,7,8
1,4.000000,1.841000,0.485000,-67,0.000000,7,8
1,4.000000,1.991000,0.473000,-67,0.000000,7,8
1,4.000000,1.835000,0.511000,-67,0.000000,7,8
1,4.000000,1.757000,0.568000,-67,0.000000,7,8
1,4.000000,1.991000,0.386000,-68,0.000000,7,8
1,4.000000,1.916000,0.394000,-70,0.000000,7,8
1,4.000000,2.029000,0.326000,-69,0.000000,7,8
1,4.000000,2.079000,0.198000,-69,0.000000,7,8
1,4.000000,2.226000,0.195000,-69,0.000000,7,8
1,4.000000,2.116000,0.185000,-69,0.000000,7,8
1,4.000000,2.185000,0.130000,-69,0.000000,7,8
1,4.000000,2.154000,0.212000,-69,0.000000,7,8
1,4.000000,2.266000,0.180000,-69,0.000000,7,8
1,4.000000,2.191000,0.173000,-69,0.000000,7,8
1,4.000000,2.191000,0.226000,-69,0.000000,7,8
1,4.000000,2.148000,0.265000,-69,0.000000,7,8
1,4.000000,2.069000,0.325000,-70,0.000000,7,8
1,4.000000,2.029000,0.337000,-70,0.000000,7,8
1,4.000000,2.076000,0.283000,-70,0.000000,7,8
1,4.000000,2.073000,0.279000,-70,0.000000,7,8
1,4.000000,2.079000,0.277000,-70,0.000000,7,8
1,4.000000,2.035000,0.318000,-70,0.000000,7,8
1,4.000000,1.991000,0.359000,-70,0.000000,7,8
1,4.000000,1.991000,0.369000,-69,0.000000,7,8
1,4.000000,1.835000,0.507000,-69,0.000000,7,8
1,4.000000,1.876000,0.464000,-68,0.000000,7,8
1,4.000000,1.960000,0.402000,-67,0.000000,7,8
1,4.000000,1.841000,0.519000,-67,0.000000,7,8
1,4.000000,1.923000,0.503000,-67,0.000000,7,8
1,4.000000,2.038000,0.447000,-67,0.000000,7,8
1,4.000000,1.919000,0.441000,-67,0.000000,7,8
1,4.000000,1.885000,0.535000,-67,0.000000,7,8
1,4.000000,1.879000,0.437000,-68,0.000000,7,8
1,4.000000,2.041000,0.332000,-69,0.000000,7,8
1,4.000000,2.354000,0.254000,-63,0.000000,7,8
1,4.000000,2.257000,0.180000,-66,0.000000,7,8
1,4.000000,2.079000,0.356000,-65,0.000000,7,8
1,4.000000,2.290000,0.249000,-63,0.000000,7,8
1,4.000000,2.588000,0.153000,-62,0.000000,7,8
1,4.000000,2.304000,0.197000,-65,0.000000,7,8
1,4.000000,2.229000,0.221000,-63,0.000000,7,8
1,4.000000,2.341000,0.116000,-65,0.000000,7,8
1,4.000000,2.407000,0.236000,-63,0.000000,7,8
1,4.000000,2.466000,0.144000,-63,0.000000,7,8
1,4.000000,2.504000,0.123000,-62,0.000000,7,8
1,4.000000,2.504000,0.185000,-62,0.000000,7,8
1,4.000000,2.316000,0.363000,-62,0.000000,7,8
1,4.000000,2.197000,0.307000,-65,0.000000,7,8
1,4.000000,2.229000,0.263000,-64,0.000000,7,8
1,4.000000,2.466000,0.217000,-62,0.000000,7,8
1,4.000000,2.266000,0.218000,-65,0.000000,7,8
1,4.000000,2.266000,0.263000,-66,0.000000,7,8
1,4.000000,2.276000,0.250000,-63,0.000000,7,8
1,4.000000,2.041000,0.318000,-65,0.000000,7,8
1,4.000000,2.310000,0.258000,-65,0.000000,7,8
1,4.000000,2.191000,0.271000,-63,0.000000,7,8
1,4.000000,2.341000,0.242000,-63,0.000000,7,8
1,4.000000,2.107000,0.353000,-63,0.000000,7,8
1,4.000000,2.307000,0.247000,-64,0.000000,7,8
1,4.000000,2.191000,0.306000,-64,0.000000,7,8
1,4.000000,2.376000,0.206000,-63,0.000000,7,8
1,4.000000,2.194000,0.288000,-63,0.000000,7,8
1,4.000000,2.154000,0.331000,-65,0.000000,7,8
1,4.000000,2.191000,0.287000,-64,0.000000,7,8
1,4.000000,2.116000,0.328000,-63,0.000000,7,8
1,4.000000,2.276000,0.299000,-62,0.000000,7,8
1,4.000000,2.154000,0.394000,-62,0.000000,7,8
1,4.000000,2.154000,0.345000,-62,0.000000,7,8
1,4.000000,2.229000,0.290000,-62,0.000000,7,8
1,4.000000,2.079000,0.355000,-62,0.000000,7,8
1,4.000000,2.073000,0.345000,-62,0.000000,7,8
1,4.000000,2.110000,0.338000,-62,0.000000,7,8
1,4.000000,2.229000,0.336000,-62,0.000000,7,8
1,4.000000,2.304000,0.272000,-63,0.000000,7,8
1,4.000000,2.154000,0.330000,-63,0.000000,7,8
1,4.000000,2.073000,0.365000,-64,0.000000,7,8
1,4.000000,2.041000,0.345000,-63,0.000000,7,8
1,4.000000,2.194000,0.312000,-64,0.000000,7,8
1,4.000000,2.266000,0.219000,-63,0.000000,7,8
1,4.000000,2.232000,0.300000,-62,0.000000,7,8
1,4.000000,2.229000,0.282000,-64,0.000000,7,8
1,4.000000,2.154000,0.320000,-64,0.000000,7,8
1,4.000000,2.113000,0.339000,-64,0.000000,7,8
1,4.000000,2.069000,0.322000,-64,0.000000,7,8
1,4.000000,2.235000,0.291000,-64,0.000000,7,8
1,4.000000,2.229000,0.321000,-63,0.000000,7,8
1,4.000000,2.235000,0.251000,-63,0.000000,7,8
1,4.000000,2.266000,0.297000,-63,0.000000,7,8
1,4.000000,2.229000,0.267000,-62,0.000000,7,8
1,4.000000,2.229000,0.274000,-62,0.000000,7,8
1,4.000000,2.041000,0.373000,-62,0.000000,7,8
1,4.000000,2.191000,0.293000,-63,0.000000,7,8
1,4.000000,2.391000,0.241000,-63,0.000000,7,8
1,4.000000,2.347000,0.199000,-63,0.000000,7,8
1,4.000000,2.229000,0.255000,-64,0.000000,7,8
1,4.000000,2.110000,0.253000,-64,0.000000,7,8
1,4.000000,2.116000,0.281000,-65,0.000000,7,8
1,4.000000,2.269000,0.246000,-64,0.000000,7,8
1,4.000000,2.304000,0.223000,-63,0.000000,7,8
1,4.000000,2.266000,0.278000,-63,0.000000,7,8
1,4.000000,2.032000,0.278000,-64,0.000000,7,8
1,4.000000,2.029000,0.388000,-64,0.000000,7,8
1,4.000000,2.188000,0.281000,-63,0.000000,7,8
1,4.000000,2.116000,0.351000,-63,0.000000,7,8
1,4.000000,2.116000,0.364000,-61,0.000000,7,8
1,4.000000,2.116000,0.348000,-62,0.000000,7,8
1,4.000000,2.079000,0.356000,-62,0.000000,7,8
1,4.000000,2.113000,0.303000,-62,0.000000,7,8
1,4.000000,2.191000,0.307000,-62,0.000000,7,8
1,4.000000,2.116000,0.318000,-62,0.000000,7,8
1,4.000000,2.116000,0.348000,-62,0.000000,7,8
1,4.000000,2.223000,0.339000,-62,0.000000,7,8
1,4.000000,2.188000,0.331000,-64,0.000000,7,8
1,4.000000,2.041000,0.355000,-63,0.000000,7,8
1,4.000000,2.160000,0.283000,-63,0.000000,7,8
1,4.000000,2.110000,0.370000,-63,0.000000,7,8
1,4.000000,2.154000,0.326000,-64,0.000000,7,8
1,4.000000,2.119000,0.345000,-64,0.000000,7,8
1,4.000000,2.073000,0.361000,-63,0.000000,7,8
1,4.000000,1.916000,0.449000,-63,0.000000,7,8
1,4.000000,2.116000,0.354000,-63,0.000000,7,8
1,4.000000,2.151000,0.324000,-62,0.000000,7,8
1,4.000000,2.113000,0.350000,-63,0.000000,7,8
1,4.000000,2.035000,0.341000,-62,0.000000,7,8
1,4.000000,1.991000,0.419000,-64,0.000000,7,8
1,4.000000,2.073000,0.361000,-63,0.000000,7,8
1,4.000000,2.151000,0.301000,-62,0.000000,7,8
1,4.000000,2.079000,0.336000,-62,0.000000,7,8
1,4.000000,2.157000,0.304000,-64,0.000000,7,8
1,4.000000,2.032000,0.380000,-63,0.000000,7,8
1,4.000000,2.073000,0.357000,-64,0.000000,7,8
1,4.000000,1.991000,0.396000,-64,0.000000,7,8
1,4.000000,2.154000,0.360000,-63,0.000000,7,8
1,4.000000,2.116000,0.329000,-62,0.000000,7,8
1,4.000000,2.001000,0.397000,-63,0.000000,7,8
1,4.000000,1.954000,0.409000,-61,0.000000,7,8
1,4.000000,2.304000,0.352000,-62,0.000000,7,8
1,4.000000,2.119000,0.352000,-64,0.000000,7,8
1,4.000000,1.916000,0.453000,-64,0.000000,7,8
1,4.000000,2.313000,0.187000,-62,0.000000,7,8
1,4.000000,1.998000,0.374000,-63,0.000000,7,8
1,4.000000,2.229000,0.309000,-63,0.000000,7,8
1,4.000000,2.004000,0.408000,-63,0.000000,7,8
1,4.000000,2.310000,0.283000,-62,0.000000,7,8
1,4.000000,2.073000,0.417000,-65,0.000000,7,8
1,4.000000,2.079000,0.375000,-63,0.000000,7,8
1,4.000000,2.069000,0.363000,-64,0.000000,7,8
1,4.000000,2.188000,0.318000,-62,0.000000,7,8
1,4.000000,2.541000,0.140000,-63,0.000000,7,8
1,4.000000,2.266000,0.265000,-64,0.000000,7,8
1,4.000000,2.079000,0.372000,-61,0.000000,7,8
1,4.000000,2.266000,0.317000,-63,0.000000,7,8
1,4.000000,2.354000,0.282000,-63,0.000000,7,8
1,4.000000,2.226000,0.288000,-62,0.000000,7,8
1,4.000000,2.154000,0.380000,-64,0.000000,7,8
1,4.000000,2.116000,0.355000,-63,0.000000,7,8
1,4.000000,2.313000,0.261000,-61,0.000000,7,8
1,4.000000,2.188000,0.324000,-62,0.000000,7,8
1,4.000000,2.194000,0.331000,-63,0.000000,7,8
1,4.000000,2.229000,0.297000,-63,0.000000,7,8
1,4.000000,2.266000,0.300000,-63,0.000000,7,8
1,4.000000,2.307000,0.269000,-61,0.000000,7,8
1,4.000000,2.116000,0.360000,-64,0.000000,7,8
1,4.000000,2.079000,0.356000,-63,0.000000,7,8
1,4.000000,2.157000,0.290000,-62,0.000000,7,8
1,4.000000,2.354000,0.247000,-62,0.000000,7,8
1,4.000000,2.041000,0.335000,-64,0.000000,7,8
1,4.000000,2.197000,0.324000,-63,0.000000,7,8
1,4.000000,2.266000,0.260000,-62,0.000000,7,8
1,4.000000,2.188000,0.300000,-63,0.000000,7,8
1,4.000000,2.004000,0.427000,-64,0.000000,7,8
1,4.000000,2.235000,0.328000,-63,0.000000,7,8
1,4.000000,2.426000,0.258000,-62,0.000000,7,8
1,4.000000,2.341000,0.234000,-62,0.000000,7,8
1,4.000000,2.229000,0.298000,-62,0.000000,7,8
1,4.000000,2.266000,0.327000,-61,0.000000,7,8
1,4.000000,2.154000,0.306000,-62,0.000000,7,8
1,4.000000,2.388000,0.238000,-64,0.000000,7,8
1,4.000000,2.116000,0.360000,-64,0.000000,7,8
1,4.000000,2.116000,0.353000,-63,0.000000,7,8
1,4.000000,2.304000,0.309000,-61,0.000000,7,8
1,4.000000,2.116000,0.319000,-61,0.000000,7,8
1,4.000000,2.229000,0.255000,-62,0.000000,7,8
1,4.000000,2.266000,0.219000,-62,0.000000,7,8
1,4.000000,2.272000,0.303000,-62,0.000000,7,8
1,4.000000,2.354000,0.248000,-63,0.000000,7,8
1,4.000000,2.079000,0.328000,-62,0.000000,7,8
1,4.000000,2.229000,0.324000,-63,0.000000,7,8
1,4.000000,2.304000,0.196000,-63,0.000000,7,8
1,4.000000,2.151000,0.315000,-61,0.000000,7,8
1,4.000000,2.429000,0.187000,-62,0.000000,7,8
1,4.000000,2.391000,0.232000,-62,0.000000,7,8
1,4.000000,2.266000,0.284000,-62,0.000000,7,8
1,4.000000,2.229000,0.298000,-63,0.000000,7,8
1,4.000000,2.226000,0.290000,-63,0.000000,7,8
1,4.000000,2.191000,0.295000,-62,0.000000,7,8
1,4.000000,2.191000,0.251000,-62,0.000000,7,8
1,4.000000,2.154000,0.332000,-63,0.000000,7,8
1,4.000000,2.304000,0.234000,-62,0.000000,7,8
1,4.000000,2.269000,0.212000,-62,0.000000,7,8
1,4.000000,2.194000,0.272000,-62,0.000000,7,8
1,4.000000,2.116000,0.337000,-63,0.000000,7,8
1,4.000000,2.272000,0.279000,-64,0.000000,7,8
1,4.000000,2.226000,0.235000,-63,0.000000,7,8
1,4.000000,2.082000,0.346000,-62,0.000000,7,8
1,4.000000,2.229000,0.293000,-63,0.000000,7,8
1,4.000000,2.194000,0.321000,-63,0.000000,7,8
1,4.000000,2.079000,0.318000,-63,0.000000,7,8
1,4.000000,2.229000,0.357000,-63,0.000000,7,8
1,4.000000,2.266000,0.277000,-62,0.000000,7,8
1,4.000000,2.191000,0.293000,-63,0.000000,7,8
1,4.000000,2.157000,0.332000,-63,0.000000,7,8
1,4.000000,2.188000,0.239000,-62,0.000000,7,8
1,4.000000,2.391000,0.217000,-62,0.000000,7,8
1,4.000000,2.391000,0.237000,-62,0.000000,7,8
1,4.000000,2.304000,0.179000,-62,0.000000,7,8
1,4.000000,2.154000,0.321000,-62,0.000000,7,8
1,4.000000,2.116000,0.327000,-62,0.000000,7,8
1,4.000000,2.041000,0.332000,-63,0.000000,7,8
1,4.000000,2.038000,0.366000,-62,0.000000,7,8
1,4.000000,2.113000,0.356000,-62,0.000000,7,8
1,4.000000,2.119000,0.320000,-62,0.000000,7,8
1,4.000000,2.079000,0.369000,-62,0.000000,7,8
1,4.000000,2.029000,0.392000,-62,0.000000,7,8
1,4.000000,2.116000,0.337000,-62,0.000000,7,8
1,4.000000,2.113000,0.336000,-62,0.000000,7,8
1,4.000000,2.035000,0.300000,-62,0.000000,7,8
1,4.000000,2.110000,0.299000,-62,0.000000,7,8
1,4.000000,2.004000,0.313000,-62,0.000000,7,8
1,4.000000,2.154000,0.320000,-62,0.000000,7,8
1,4.000000,1.991000,0.385000,-62,0.000000,7,8
1,4.000000,2.116000,0.313000,-62,0.000000,7,8
1,4.000000,2.116000,0.329000,-62,0.000000,7,8
1,4.000000,2.079000,0.343000,-62,0.000000,7,8
1,4.000000,2.107000,0.309000,-62,0.000000,7,8
1,4.000000,2.154000,0.300000,-63,0.000000,7,8
1,4.000000,2.116000,0.326000,-62,0.000000,7,8
1,4.000000,2.154000,0.337000,-62,0.000000,7,8
1,4.000000,2.191000,0.307000,-62,0.000000,7,8
1,4.000000,2.079000,0.350000,-63,0.000000,7,8
1,4.000000,1.991000,0.372000,-63,0.000000,7,8
1,4.000000,2.116000,0.281000,-63,0.000000,7,8
1,4.000000,1.991000,0.426000,-63,0.000000,7,8
1,4.000000,2.035000,0.436000,-63,0.000000,7,8
1,4.000000,1.991000,0.416000,-63,0.000000,7,8
1,4.000000,1.991000,0.411000,-63,0.000000,7,8
1,4.000000,1.957000,0.399000,-63,0.000000,7,8
1,4.000000,1.879000,0.453000,-63,0.000000,7,8
1,4.000000,1.916000,0.423000,-63,0.000000,7,8
1,4.000000,2.004000,0.391000,-62,0.000000,7,8
1,4.000000,2.073000,0.380000,-63,0.000000,7,8
1,4.000000,2.110000,0.364000,-63,0.000000,7,8
1,4.000000,2.076000,0.359000,-62,0.000000,7,8
1,4.000000,2.026000,0.354000,-63,0.000000,7,8
1,4.000000,2.079000,0.356000,-63,0.000000,7,8
1,4.000000,2.151000,0.320000,-62,0.000000,7,8
1,4.000000,2.229000,0.271000,-62,0.000000,7,8
1,4.000000,2.110000,0.374000,-63,0.000000,7,8
1,4.000000,2.079000,0.318000,-63,0.000000,7,8
1,4.000000,1.991000,0.404000,-63,0.000000,7,8
1,4.000000,2.079000,0.314000,-63,0.000000,7,8
1,4.000000,2.079000,0.353000,-63,0.000000,7,8
1,4.000000,2.069000,0.320000,-63,0.000000,7,8
1,4.000000,2.110000,0.343000,-63,0.000000,7,8
1,4.000000,2.079000,0.319000,-62,0.000000,7,8
1,4.000000,1.991000,0.326000,-63,0.000000,7,8
1,4.000000,2.148000,0.348000,-62,0.000000,7,8
1,4.000000,2.116000,0.339000,-63,0.000000,7,8
1,4.000000,2.154000,0.307000,-62,0.000000,7,8
1,4.000000,2.148000,0.339000,-63,0.000000,7,8
1,4.000000,2.191000,0.286000,-62,0.000000,7,8
1,4.000000,1.966000,0.417000,-63,0.000000,7,8
1,4.000000,2.032000,0.360000,-63,0.000000,7,8
1,4.000000,1.991000,0.433000,-63,0.000000,7,8
1,4.000000,2.073000,0.337000,-63,0.000000,7,8
1,4.000000,2.110000,0.352000,-63,0.000000,7,8
1,4.000000,1.916000,0.438000,-63,0.000000,7,8
1,4.000000,2.079000,0.317000,-63,0.000000,7,8
1,4.000000,2.073000,0.411000,-63,0.000000,7,8
1,4.000000,1.916000,0.478000,-63,0.000000,7,8
1,4.000000,2.151000,0.368000,-63,0.000000,7,8
1,4.000000,2.069000,0.350000,-63,0.000000,7,8
1,4.000000,2.073000,0.385000,-63,0.000000,7,8
1,4.000000,2.113000,0.370000,-63,0.000000,7,8
1,4.000000,1.994000,0.438000,-63,0.000000,7,8
1,4.000000,2.191000,0.295000,-63,0.000000,7,8
1,4.000000,2.035000,0.394000,-63,0.000000,7,8
1,4.000000,2.113000,0.347000,-63,0.000000,7,8
1,4.000000,2.035000,0.381000,-63,0.000000,7,8
1,4.000000,1.991000,0.389000,-63,0.000000,7,8
1,4.000000,1.994000,0.431000,-63,0.000000,7,8
1,4.000000,2.079000,0.363000,-63,0.000000,7,8
1,4.000000,2.113000,0.378000,-63,0.000000,7,8
1,4.000000,2.151000,0.337000,-63,0.000000,7,8
1,4.000000,2.191000,0.293000,-63,0.000000,7,8
1,4.000000,2.079000,0.333000,-62,0.000000,7,8
1,4.000000,2.079000,0.351000,-63,0.000000,7,8
1,4.000000,2.148000,0.363000,-63,0.000000,7,8
1,4.000000,2.232000,0.236000,-65,0.000000,7,8
1,4.000000,2.154000,0.295000,-64,0.000000,7,8
1,4.000000,2.116000,0.274000,-65,0.000000,7,8
1,4.000000,2.116000,0.260000,-66,0.000000,7,8
1,4.000000,2.235000,0.298000,-64,0.000000,7,8
1,4.000000,2.313000,0.260000,-63,0.000000,7,8
1,4.000000,2.229000,0.297000,-65,0.000000,7,8
1,4.000000,2.304000,0.250000,-65,0.000000,7,8
1,4.000000,2.351000,0.232000,-64,0.000000,7,8
1,4.000000,2.391000,0.271000,-63,0.000000,7,8
1,4.000000,2.304000,0.256000,-62,0.000000,7,8
1,4.000000,1.954000,0.407000,-62,0.000000,7,8
1,4.000000,2.073000,0.423000,-62,0.000000,7,8
1,4.000000,1.948000,0.447000,-64,0.000000,7,8
1,4.000000,2.191000,0.316000,-64,0.000000,7,8
1,4.000000,2.266000,0.258000,-64,0.000000,7,8
1,4.000000,2.229000,0.327000,-64,0.000000,7,8
1,4.000000,2.429000,0.173000,-64,0.000000,7,8
1,4.000000,2.238000,0.260000,-63,0.000000,7,8
1,4.000000,2.419000,0.199000,-62,0.000000,7,8
1,4.000000,2.307000,0.259000,-61,0.000000,7,8
1,4.000000,2.235000,0.270000,-60,0.000000,7,8
1,4.000000,2.079000,0.365000,-61,0.000000,7,8
1,4.000000,2.029000,0.393000,-61,0.000000,7,8
1,4.000000,2.041000,0.387000,-61,0.000000,7,8
1,4.000000,2.041000,0.360000,-61,0.000000,7,8
1,4.000000,1.991000,0.369000,-62,0.000000,7,8
1,4.000000,2.041000,0.375000,-62,0.000000,7,8
1,4.000000,2.229000,0.301000,-62,0.000000,7,8
1,4.000000,2.229000,0.297000,-62,0.000000,7,8
1,4.000000,2.194000,0.294000,-63,0.000000,7,8
1,4.000000,2.304000,0.239000,-63,0.000000,7,8
1,4.000000,2.229000,0.285000,-63,0.000000,7,8
1,4.000000,2.391000,0.232000,-63,0.000000,7,8
1,4.000000,2.391000,0.235000,-63,0.000000,7,8
1,4.000000,2.379000,0.210000,-63,0.000000,7,8
1,4.000000,2.269000,0.265000,-63,0.000000,7,8
1,4.000000,2.391000,0.232000,-63,0.000000,7,8
1,4.000000,2.319000,0.276000,-63,0.000000,7,8
1,4.000000,2.351000,0.161000,-63,0.000000,7,8
1,4.000000,2.313000,0.231000,-63,0.000000,7,8
1,4.000000,2.304000,0.240000,-63,0.000000,7,8
1,4.000000,2.429000,0.149000,-63,0.000000,7,8
1,4.000000,2.266000,0.257000,-63,0.000000,7,8
1,4.000000,2.304000,0.256000,-63,0.000000,7,8
1,4.000000,2.354000,0.227000,-63,0.000000,7,8
1,4.000000,2.229000,0.286000,-63,0.000000,7,8
1,4.000000,2.354000,0.228000,-63,0.000000,7,8
1,4.000000,2.341000,0.215000,-63,0.000000,7,8
1,4.000000,2.266000,0.242000,-63,0.000000,7,8
1,4.000000,2.344000,0.199000,-63,0.000000,7,8
1,4.000000,2.391000,0.229000,-63,0.000000,7,8
1,4.000000,2.466000,0.171000,-63,0.000000,7,8
1,4.000000,2.307000,0.229000,-63,0.000000,7,8
1,4.000000,2.391000,0.193000,-63,0.000000,7,8
1,4.000000,2.304000,0.250000,-63,0.000000,7,8
1,4.000000,2.391000,0.187000,-63,0.000000,7,8
1,4.000000,2.347000,0.227000,-63,0.000000,7,8
1,4.000000,2.347000,0.227000,-63,0.000000,7,8
1,4.000000,2.304000,0.251000,-63,0.000000,7,8
1,4.000000,2.157000,0.258000,-63,0.000000,7,8
1,4.000000,2.382000,0.213000,-63,0.000000,7,8
1,4.000000,2.416000,0.212000,-63,0.000000,7,8
1,4.000000,2.266000,0.246000,-63,0.000000,7,8
1,4.000000,2.391000,0.217000,-63,0.000000,7,8
1,4.000000,2.429000,0.146000,-63,0.000000,7,8
1,4.000000,2.229000,0.279000,-63,0.000000,7,8
1,4.000000,2.432000,0.197000,-63,0.000000,7,8
1,4.000000,2.307000,0.247000,-63,0.000000,7,8
1,4.000000,2.194000,0.312000,-62,0.000000,7,8
1,4.000000,2.276000,0.291000,-62,0.000000,7,8
1,4.000000,2.154000,0.307000,-62,0.000000,7,8
1,4.000000,2.354000,0.250000,-61,0.000000,7,8
1,4.000000,2.307000,0.191000,-63,0.000000,7,8
1,4.000000,2.076000,0.364000,-63,0.000000,7,8
1,4.000000,2.194000,0.314000,-63,0.000000,7,8
1,4.000000,2.229000,0.311000,-62,0.000000,7,8
1,4.000000,2.229000,0.290000,-64,0.000000,7,8
1,4.000000,2.307000,0.333000,-60,0.000000,7,8
1,4.000000,2.266000,0.222000,-65,0.000000,7,8
1,4.000000,2.304000,0.238000,-66,0.000000,7,8
1,4.000000,2.229000,0.324000,-65,0.000000,7,8
1,4.000000,2.229000,0.286000,-63,0.000000,7,8
1,4.000000,2.188000,0.288000,-65,0.000000,7,8
1,4.000000,2.154000,0.279000,-64,0.000000,7,8
1,4.000000,2.354000,0.250000,-63,0.000000,7,8
1,4.000000,2.272000,0.313000,-62,0.000000,7,8
1,4.000000,2.154000,0.345000,-64,0.000000,7,8
1,4.000000,2.272000,0.259000,-62,0.000000,7,8
1,4.000000,2.310000,0.300000,-60,0.000000,7,8
1,4.000000,2.154000,0.360000,-62,0.000000,7,8
1,4.000000,2.191000,0.301000,-64,0.000000,7,8
1,4.000000,2.460000,0.228000,-61,0.000000,7,8
1,4.000000,2.194000,0.298000,-62,0.000000,7,8
1,4.000000,2.073000,0.341000,-65,0.000000,7,8
1,4.000000,2.116000,0.287000,-64,0.000000,7,8
1,4.000000,2.151000,0.318000,-64,0.000000,7,8
1,4.000000,2.197000,0.350000,-64,0.000000,7,8
1,4.000000,2.154000,0.291000,-63,0.000000,7,8
1,4.000000,2.357000,0.218000,-62,0.000000,7,8
1,4.000000,2.429000,0.217000,-62,0.000000,7,8
1,4.000000,2.307000,0.219000,-62,0.000000,7,8
1,4.000000,2.229000,0.303000,-63,0.000000,7,8
1,4.000000,2.266000,0.264000,-64,0.000000,7,8
1,4.000000,2.266000,0.230000,-63,0.000000,7,8
1,4.000000,2.185000,0.334000,-62,0.000000,7,8
1,4.000000,2.235000,0.219000,-66,0.000000,7,8
1,4.000000,2.079000,0.397000,-62,0.000000,7,8
1,4.000000,2.266000,0.217000,-65,0.000000,7,8
1,4.000000,2.391000,0.200000,-65,0.000000,7,8
1,4.000000,2.310000,0.267000,-63,0.000000,7,8
1,4.000000,2.272000,0.311000,-62,0.000000,7,8
1,4.000000,2.263000,0.262000,-67,0.000000,7,8
1,4.000000,2.354000,0.284000,-64,0.000000,7,8
1,4.000000,2.304000,0.209000,-64,0.000000,7,8
1,4.000000,2.432000,0.290000,-61,0.000000,7,8
1,4.000000,2.238000,0.325000,-63,0.000000,7,8
1,4.000000,2.354000,0.262000,-64,0.000000,7,8
1,4.000000,2.197000,0.200000,-64,0.000000,7,8
1,4.000000,2.313000,0.340000,-60,0.000000,7,8
1,4.000000,2.157000,0.344000,-62,0.000000,7,8
1,4.000000,2.116000,0.280000,-64,0.000000,7,8
1,4.000000,2.429000,0.218000,-61,0.000000,7,8
1,4.000000,2.148000,0.322000,-63,0.000000,7,8
1,4.000000,2.151000,0.319000,-64,0.000000,7,8
1,4.000000,2.226000,0.314000,-64,0.000000,7,8
1,4.000000,2.116000,0.324000,-62,0.000000,7,8
1,4.000000,2.391000,0.234000,-61,0.000000,7,8
1,4.000000,1.991000,0.385000,-62,0.000000,7,8
1,4.000000,2.229000,0.316000,-64,0.000000,7,8
1,4.000000,2.226000,0.254000,-65,0.000000,7,8
1,4.000000,2.188000,0.308000,-63,0.000000,7,8
1,4.000000,2.157000,0.326000,-62,0.000000,7,8
1,4.000000,2.041000,0.363000,-61,0.000000,7,8
1,4.000000,2.269000,0.277000,-61,0.000000,7,8
1,4.000000,2.351000,0.188000,-64,0.000000,7,8
1,4.000000,2.304000,0.272000,-63,0.000000,7,8
1,4.000000,2.116000,0.320000,-64,0.000000,7,8
1,4.000000,2.357000,0.224000,-61,0.000000,7,8
1,4.000000,2.310000,0.246000,-63,0.000000,7,8
1,4.000000,2.191000,0.288000,-64,0.000000,7,8
1,4.000000,2.226000,0.284000,-64,0.000000,7,8
1,4.000000,2.269000,0.253000,-64,0.000000,7,8
1,4.000000,2.191000,0.308000,-63,0.000000,7,8
1,4.000000,2.304000,0.265000,-63,0.000000,7,8
1,4.000000,2.304000,0.297000,-63,0.000000,7,8
1,4.000000,2.304000,0.247000,-64,0.000000,7,8
1,4.000000,2.304000,0.273000,-63,0.000000,7,8
1,4.000000,2.272000,0.291000,-64,0.000000,7,8
1,4.000000,2.185000,0.328000,-64,0.000000,7,8
1,4.000000,2.079000,0.364000,-62,0.000000,7,8
1,4.000000,2.191000,0.239000,-66,0.000000,7,8
1,4.000000,2.538000,0.253000,-65,0.000000,7,8
1,4.000000,2.466000,0.172000,-65,0.000000,7,8
1,4.000000,2.429000,0.169000,-64,0.000000,7,8
1,4.000000,2.304000,0.270000,-62,0.000000,7,8
1,4.000000,2.119000,0.336000,-63,0.000000,7,8
1,4.000000,2.188000,0.263000,-66,0.000000,7,8
1,4.000000,2.188000,0.255000,-65,0.000000,7,8
1,4.000000,2.110000,0.349000,-64,0.000000,7,8
1,4.000000,2.079000,0.344000,-64,0.000000,7,8
1,4.000000,2.266000,0.249000,-64,0.000000,7,8
1,4.000000,2.079000,0.275000,-65,0.000000,7,8
1,4.000000,2.191000,0.307000,-63,0.000000,7,8
1,4.000000,2.266000,0.249000,-65,0.000000,7,8
1,4.000000,2.354000,0.265000,-65,0.000000,7,8
1,4.000000,2.151000,0.446000,-62,0.000000,7,8
1,4.000000,1.954000,0.405000,-62,0.000000,7,8
1,4.000000,2.429000,0.195000,-62,0.000000,7,8
1,4.000000,2.310000,0.310000,-61,0.000000,7,8
1,4.000000,2.463000,0.156000,-63,0.000000,7,8
1,4.000000,2.341000,0.145000,-65,0.000000,7,8
1,4.000000,2.266000,0.222000,-66,0.000000,7,8
1,4.000000,2.391000,0.178000,-65,0.000000,7,8
1,4.000000,2.394000,0.206000,-65,0.000000,7,8
1,4.000000,2.148000,0.239000,-68,0.000000,7,8
1,4.000000,2.197000,0.288000,-64,0.000000,7,8
1,4.000000,2.226000,0.295000,-64,0.000000,7,8
1,4.000000,2.154000,0.345000,-62,0.000000,7,8
1,4.000000,2.666000,0.141000,-61,0.000000,7,8
1,4.000000,2.429000,0.186000,-62,0.000000,7,8
1,4.000000,2.154000,0.276000,-65,0.000000,7,8
1,4.000000,2.148000,0.324000,-65,0.000000,7,8
1,4.000000,1.954000,0.345000,-64,0.000000,7,8
1,4.000000,2.116000,0.249000,-65,0.000000,7,8
1,4.000000,2.151000,0.353000,-64,0.000000,7,8
1,4.000000,2.347000,0.232000,-63,0.000000,7,8
1,4.000000,2.266000,0.302000,-64,0.000000,7,8
1,4.000000,1.991000,0.391000,-65,0.000000,7,8
1,4.000000,2.266000,0.275000,-63,0.000000,7,8
1,4.000000,2.223000,0.317000,-63,0.000000,7,8
1,4.000000,2.229000,0.313000,-63,0.000000,7,8
1,4.000000,2.385000,0.289000,-62,0.000000,7,8
1,4.000000,2.154000,0.279000,-64,0.000000,7,8
1,4.000000,2.079000,0.386000,-65,0.000000,7,8
1,4.000000,2.110000,0.331000,-65,0.000000,7,8
1,4.000000,2.069000,0.386000,-63,0.000000,7,8
1,4.000000,2.148000,0.333000,-64,0.000000,7,8
1,4.000000,2.113000,0.320000,-64,0.000000,7,8
1,4.000000,2.266000,0.291000,-64,0.000000,7,8
1,4.000000,2.229000,0.312000,-64,0.000000,7,8
1,4.000000,2.116000,0.341000,-64,0.000000,7,8
1,4.000000,2.266000,0.287000,-65,0.000000,7,8
1,4.000000,2.376000,0.225000,-63,0.000000,7,8
1,4.000000,2.313000,0.222000,-64,0.000000,7,8
1,4.000000,2.154000,0.306000,-63,0.000000,7,8
1,4.000000,2.432000,0.193000,-62,0.000000,7,8
1,4.000000,2.154000,0.311000,-64,0.000000,7,8
1,4.000000,2.154000,0.276000,-64,0.000000,7,8
1,4.000000,2.073000,0.393000,-66,0.000000,7,8
1,4.000000,2.235000,0.297000,-65,0.000000,7,8
1,4.000000,2.191000,0.340000,-65,0.000000,7,8
1,4.000000,2.198000,0.302000,-64,0.000000,7,8
1,4.000000,2.229000,0.297000,-65,0.000000,7,8
1,4.000000,2.144000,0.332000,-65,0.000000,7,8
1,4.000000,2.269000,0.316000,-64,0.000000,7,8
1,4.000000,2.313000,0.278000,-63,0.000000,7,8
1,4.000000,2.041000,0.328000,-64,0.000000,7,8
1,4.000000,2.197000,0.292000,-64,0.000000,7,8
1,4.000000,2.232000,0.315000,-63,0.000000,7,8
1,4.000000,2.226000,0.319000,-66,0.000000,7,8
1,4.000000,2.272000,0.232000,-64,0.000000,7,8
1,4.000000,2.191000,0.298000,-64,0.000000,7,8
1,4.000000,2.191000,0.312000,-64,0.000000,7,8
1,4.000000,2.154000,0.299000,-64,0.000000,7,8
1,4.000000,2.154000,0.299000,-64,0.000000,7,8
1,4.000000,2.154000,0.279000,-64,0.000000,7,8
1,4.000000,2.266000,0.244000,-64,0.000000,7,8
1,4.000000,2.235000,0.298000,-64,0.000000,7,8
1,4.000000,2.226000,0.287000,-64,0.000000,7,8
1,4.000000,2.266000,0.278000,-64,0.000000,7,8
1,4.000000,2.341000,0.252000,-64,0.000000,7,8
1,4.000000,2.304000,0.268000,-64,0.000000,7,8
1,4.000000,2.154000,0.296000,-64,0.000000,7,8
1,4.000000,2.272000,0.263000,-64,0.000000,7,8
1,4.000000,2.229000,0.263000,-64,0.000000,7,8
1,4.000000,2.191000,0.291000,-64,0.000000,7,8
1,4.000000,2.266000,0.289000,-64,0.000000,7,8
1,4.000000,2.263000,0.309000,-64,0.000000,7,8
1,4.000000,2.341000,0.232000,-64,0.000000,7,8
1,4.000000,2.197000,0.330000,-64,0.000000,7,8
1,4.000000,2.191000,0.271000,-64,0.000000,7,8
1,4.000000,2.304000,0.251000,-64,0.000000,7,8
1,4.000000,2.229000,0.305000,-64,0.000000,7,8
1,4.000000,2.266000,0.258000,-64,0.000000,7,8
1,4.000000,2.266000,0.264000,-64,0.000000,7,8
1,4.000000,2.235000,0.285000,-64,0.000000,7,8
1,4.000000,2.266000,0.287000,-64,0.000000,7,8
1,4.000000,2.157000,0.339000,-64,0.000000,7,8
1,4.000000,2.266000,0.230000,-64,0.000000,7,8
1,4.000000,2.123000,0.309000,-64,0.000000,7,8
1,4.000000,2.188000,0.303000,-64,0.000000,7,8
1,4.000000,2.266000,0.289000,-64,0.000000,7,8
1,4.000000,2.154000,0.280000,-64,0.000000,7,8
1,4.000000,2.116000,0.316000,-64,0.000000,7,8
1,4.000000,2.041000,0.344000,-64,0.000000,7,8
1,4.000000,2.041000,0.344000,-64,0.000000,7,8
1,4.000000,2.079000,0.318000,-65,0.000000,7,8
1,4.000000,2.041000,0.318000,-64,0.000000,7,8
1,4.000000,2.191000,0.305000,-64,0.000000,7,8
1,4.000000,2.110000,0.339000,-64,0.000000,7,8
1,4.000000,2.304000,0.278000,-64,0.000000,7,8
1,4.000000,2.160000,0.327000,-64,0.000000,7,8
1,4.000000,2.154000,0.300000,-64,0.000000,7,8
1,4.000000,2.194000,0.264000,-64,0.000000,7,8
1,4.000000,2.263000,0.273000,-64,0.000000,7,8
1,4.000000,2.376000,0.207000,-64,0.000000,7,8
1,4.000000,2.229000,0.317000,-64,0.000000,7,8
1,4.000000,2.304000,0.268000,-64,0.000000,7,8
1,4.000000,2.235000,0.283000,-63,0.000000,7,8
1,4.000000,2.235000,0.328000,-64,0.000000,7,8
1,4.000000,2.035000,0.379000,-64,0.000000,7,8
1,4.000000,2.154000,0.322000,-64,0.000000,7,8
1,4.000000,2.119000,0.302000,-64,0.000000,7,8
1,4.000000,2.185000,0.292000,-63,0.000000,7,8
1,4.000000,2.310000,0.223000,-63,0.000000,7,8
1,4.000000,2.154000,0.334000,-65,0.000000,7,8
1,4.000000,2.079000,0.347000,-66,0.000000,7,8
1,4.000000,2.276000,0.185000,-63,0.000000,7,8
1,4.000000,2.304000,0.272000,-64,0.000000,7,8
1,4.000000,2.154000,0.281000,-63,0.000000,7,8
1,4.000000,2.191000,0.306000,-64,0.000000,7,8
1,4.000000,2.123000,0.290000,-66,0.000000,7,8
1,4.000000,1.998000,0.354000,-66,0.000000,7,8
1,4.000000,2.069000,0.306000,-64,0.000000,7,8
1,4.000000,2.191000,0.256000,-64,0.000000,7,8
1,4.000000,2.266000,0.272000,-64,0.000000,7,8
1,4.000000,2.154000,0.278000,-63,0.000000,7,8
1,4.000000,2.154000,0.330000,-64,0.000000,7,8
1,4.000000,2.116000,0.296000,-63,0.000000,7,8
1,4.000000,2.229000,0.313000,-64,0.000000,7,8
1,4.000000,2.391000,0.162000,-61,0.000000,7,8
1,4.000000,2.266000,0.232000,-62,0.000000,7,8
1,4.000000,2.191000,0.242000,-64,0.000000,7,8
1,4.000000,2.229000,0.320000,-63,0.000000,7,8
1,4.000000,2.341000,0.197000,-63,0.000000,7,8
1,4.000000,2.151000,0.346000,-66,0.000000,7,8
1,4.000000,2.154000,0.347000,-63,0.000000,7,8
1,4.000000,2.229000,0.252000,-64,0.000000,7,8
1,4.000000,2.029000,0.399000,-65,0.000000,7,8
1,4.000000,2.191000,0.266000,-63,0.000000,7,8
1,4.000000,2.157000,0.343000,-64,0.000000,7,8
1,4.000000,2.076000,0.344000,-65,0.000000,7,8
1,4.000000,2.266000,0.239000,-62,0.000000,7,8
1,4.000000,2.154000,0.350000,-63,0.000000,7,8
1,4.000000,2.229000,0.301000,-63,0.000000,7,8
1,4.000000,2.041000,0.405000,-65,0.000000,7,8
1,4.000000,2.461000,0.172000,-62,0.000000,7,8
1,4.000000,2.276000,0.352000,-61,0.000000,7,8
1,4.000000,2.185000,0.358000,-63,0.000000,7,8
1,4.000000,2.229000,0.224000,-64,0.000000,7,8
1,4.000000,2.194000,0.286000,-64,0.000000,7,8
1,4.000000,2.116000,0.272000,-65,0.000000,7,8
1,4.000000,2.116000,0.316000,-65,0.000000,7,8
1,4.000000,2.079000,0.348000,-64,0.000000,7,8
1,4.000000,2.585000,0.159000,-61,0.000000,7,8
1,4.000000,2.191000,0.282000,-65,0.000000,7,8
1,4.000000,2.579000,0.150000,-63,0.000000,7,8
1,4.000000,2.335000,0.217000,-67,0.000000,7,8
1,4.000000,2.116000,0.243000,-66,0.000000,7,8
1,4.000000,2.001000,0.400000,-65,0.000000,7,8
1,4.000000,2.266000,0.256000,-63,0.000000,7,8
1,4.000000,2.154000,0.307000,-66,0.000000,7,8
1,4.000000,2.079000,0.281000,-65,0.000000,7,8
1,4.000000,2.266000,0.232000,-65,0.000000,7,8
1,4.000000,2.148000,0.230000,-65,0.000000,7,8
1,4.000000,2.194000,0.273000,-63,0.000000,7,8
1,4.000000,2.351000,0.222000,-63,0.000000,7,8
1,4.000000,2.197000,0.284000,-65,0.000000,7,8
1,4.000000,2.416000,0.118000,-63,0.000000,7,8
1,4.000000,2.429000,0.213000,-60,0.000000,7,8
1,4.000000,2.116000,0.311000,-63,0.000000,7,8
1,4.000000,1.954000,0.404000,-63,0.000000,7,8
1,4.000000,2.157000,0.213000,-65,0.000000,7,8
1,4.000000,2.116000,0.305000,-66,0.000000,7,8
1,4.000000,2.194000,0.243000,-64,0.000000,7,8
1,4.000000,2.351000,0.195000,-61,0.000000,7,8
1,4.000000,2.148000,0.289000,-64,0.000000,7,8
1,4.000000,2.226000,0.251000,-62,0.000000,7,8
1,4.000000,2.191000,0.288000,-65,0.000000,7,8
1,4.000000,2.351000,0.206000,-65,0.000000,7,8
1,4.000000,2.304000,0.256000,-63,0.000000,7,8
1,4.000000,2.154000,0.252000,-63,0.000000,7,8
1,4.000000,2.232000,0.254000,-63,0.000000,7,8
1,4.000000,2.272000,0.255000,-64,0.000000,7,8
1,4.000000,2.194000,0.310000,-62,0.000000,7,8
1,4.000000,2.229000,0.264000,-64,0.000000,7,8
1,4.000000,1.957000,0.412000,-65,0.000000,7,8
1,4.000000,2.304000,0.232000,-62,0.000000,7,8
1,4.000000,2.191000,0.289000,-65,0.000000,7,8
1,4.000000,2.276000,0.211000,-64,0.000000,7,8
1,4.000000,2.191000,0.252000,-63,0.000000,7,8
1,4.000000,2.276000,0.185000,-61,0.000000,7,8
1,4.000000,2.304000,0.282000,-61,0.000000,7,8
1,4.000000,2.191000,0.305000,-61,0.000000,7,8
1,4.000000,2.151000,0.238000,-61,0.000000,7,8
1,4.000000,2.229000,0.265000,-62,0.000000,7,8
1,4.000000,2.304000,0.242000,-62,0.000000,7,8
1,4.000000,2.154000,0.369000,-61,0.000000,7,8
1,4.000000,2.391000,0.220000,-60,0.000000,7,8
1,4.000000,2.429000,0.163000,-61,0.000000,7,8
1,4.000000,2.266000,0.261000,-62,0.000000,7,8
1,4.000000,2.266000,0.239000,-61,0.000000,7,8
1,4.000000,2.154000,0.298000,-62,0.000000,7,8
1,4.000000,2.079000,0.303000,-63,0.000000,7,8
1,4.000000,2.079000,0.341000,-62,0.000000,7,8
1,4.000000,2.229000,0.297000,-62,0.000000,7,8
1,4.000000,2.188000,0.340000,-62,0.000000,7,8
1,4.000000,2.188000,0.222000,-62,0.000000,7,8
1,4.000000,2.191000,0.328000,-62,0.000000,7,8
1,4.000000,2.197000,0.274000,-62,0.000000,7,8
1,4.000000,2.238000,0.213000,-62,0.000000,7,8
1,4.000000,2.079000,0.357000,-62,0.000000,7,8
1,4.000000,2.151000,0.320000,-62,0.000000,7,8
1,4.000000,2.116000,0.338000,-62,0.000000,7,8
1,4.000000,2.194000,0.291000,-62,0.000000,7,8
1,4.000000,2.266000,0.231000,-62,0.000000,7,8
1,4.000000,2.229000,0.258000,-63,0.000000,7,8
1,4.000000,2.219000,0.245000,-62,0.000000,7,8
1,4.000000,2.235000,0.300000,-62,0.000000,7,8
1,4.000000,2.229000,0.246000,-62,0.000000,7,8
1,4.000000,2.191000,0.307000,-61,0.000000,7,8
1,4.000000,2.229000,0.277000,-62,0.000000,7,8
1,4.000000,2.229000,0.295000,-61,0.000000,7,8
1,4.000000,2.191000,0.324000,-61,0.000000,7,8
1,4.000000,2.191000,0.303000,-61,0.000000,7,8
1,4.000000,2.191000,0.321000,-61,0.000000,7,8
1,4.000000,2.229000,0.300000,-61,0.000000,7,8
1,4.000000,2.191000,0.266000,-61,0.000000,7,8
1,4.000000,2.388000,0.205000,-61,0.000000,7,8
1,4.000000,2.116000,0.341000,-61,0.000000,7,8
1,4.000000,2.341000,0.160000,-61,0.000000,7,8
1,4.000000,2.148000,0.325000,-61,0.000000,7,8
1,4.000000,2.235000,0.246000,-62,0.000000,7,8
1,4.000000,2.185000,0.231000,-62,0.000000,7,8
1,4.000000,2.191000,0.319000,-62,0.000000,7,8
1,4.000000,2.157000,0.291000,-62,0.000000,7,8
1,4.000000,2.226000,0.261000,-63,0.000000,7,8
1,4.000000,2.229000,0.273000,-62,0.000000,7,8
1,4.000000,2.276000,0.244000,-62,0.000000,7,8
1,4.000000,2.266000,0.227000,-62,0.000000,7,8
1,4.000000,2.307000,0.286000,-62,0.000000,7,8
1,4.000000,2.313000,0.191000,-62,0.000000,7,8
1,4.000000,2.188000,0.259000,-62,0.000000,7,8
1,4.000000,2.238000,0.285000,-62,0.000000,7,8
1,4.000000,2.235000,0.280000,-61,0.000000,7,8
1,4.000000,2.304000,0.216000,-61,0.000000,7,8
1,4.000000,2.351000,0.194000,-61,0.000000,7,8
1,4.000000,2.232000,0.281000,-61,0.000000,7,8
1,4.000000,2.272000,0.253000,-61,0.000000,7,8
1,4.000000,2.232000,0.294000,-61,0.000000,7,8
1,4.000000,2.232000,0.256000,-61,0.000000,7,8
1,4.000000,2.304000,0.245000,-61,0.000000,7,8
1,4.000000,2.354000,0.214000,-61,0.000000,7,8
1,4.000000,2.304000,0.274000,-61,0.000000,7,8
1,4.000000,2.304000,0.247000,-61,0.000000,7,8
1,4.000000,2.341000,0.252000,-61,0.000000,7,8
1,4.000000,2.266000,0.254000,-61,0.000000,7,8
1,4.000000,2.351000,0.282000,-61,0.000000,7,8
1,4.000000,2.154000,0.317000,-61,0.000000,7,8
1,4.000000,2.379000,0.210000,-62,0.000000,7,8
1,4.000000,2.194000,0.267000,-62,0.000000,7,8
1,4.000000,2.194000,0.304000,-62,0.000000,7,8
1,4.000000,2.266000,0.301000,-62,0.000000,7,8
1,4.000000,2.266000,0.295000,-62,0.000000,7,8
1,4.000000,2.229000,0.316000,-61,0.000000,7,8
1,4.000000,2.313000,0.168000,-62,0.000000,7,8
1,4.000000,2.313000,0.171000,-62,0.000000,7,8
1,4.000000,2.313000,0.167000,-62,0.000000,7,8
1,4.000000,2.229000,0.295000,-62,0.000000,7,8
1,4.000000,2.266000,0.228000,-62,0.000000,7,8
1,4.000000,2.316000,0.253000,-62,0.000000,7,8
1,4.000000,2.435000,0.219000,-62,0.000000,7,8
1,4.000000,2.191000,0.244000,-63,0.000000,7,8
1,4.000000,2.304000,0.227000,-63,0.000000,7,8
1,4.000000,2.154000,0.286000,-63,0.000000,7,8
1,4.000000,2.279000,0.264000,-63,0.000000,7,8
1,4.000000,2.191000,0.234000,-63,0.000000,7,8
1,4.000000,2.354000,0.234000,-62,0.000000,7,8
1,4.000000,2.272000,0.260000,-62,0.000000,7,8
1,4.000000,2.194000,0.256000,-62,0.000000,7,8
1,4.000000,2.354000,0.247000,-62,0.000000,7,8
1,4.000000,2.354000,0.288000,-62,0.000000,7,8
1,4.000000,2.229000,0.264000,-62,0.000000,7,8
1,4.000000,2.238000,0.314000,-62,0.000000,7,8
1,4.000000,2.391000,0.263000,-62,0.000000,7,8
1,4.000000,2.269000,0.295000,-62,0.000000,7,8
1,4.000000,2.232000,0.262000,-63,0.000000,7,8
1,4.000000,2.266000,0.257000,-63,0.000000,7,8
1,4.000000,2.229000,0.250000,-63,0.000000,7,8
1,4.000000,2.229000,0.279000,-64,0.000000,7,8
1,4.000000,2.351000,0.211000,-64,0.000000,7,8
1,4.000000,2.304000,0.238000,-64,0.000000,7,8
1,4.000000,2.304000,0.209000,-64,0.000000,7,8
1,4.000000,2.160000,0.275000,-64,0.000000,7,8
1,4.000000,2.307000,0.223000,-64,0.000000,7,8
1,4.000000,2.341000,0.212000,-65,0.000000,7,8
1,4.000000,2.191000,0.276000,-64,0.000000,7,8
1,4.000000,2.229000,0.277000,-65,0.000000,7,8
1,4.000000,2.341000,0.208000,-64,0.000000,7,8
1,4.000000,2.197000,0.288000,-64,0.000000,7,8
1,4.000000,2.272000,0.223000,-64,0.000000,7,8
1,4.000000,2.191000,0.282000,-64,0.000000,7,8
1,4.000000,2.194000,0.295000,-64,0.000000,7,8
1,4.000000,2.429000,0.217000,-63,0.000000,7,8
1,4.000000,2.154000,0.279000,-63,0.000000,7,8
1,4.000000,2.313000,0.168000,-62,0.000000,7,8
1,4.000000,2.191000,0.290000,-62,0.000000,7,8
1,4.000000,2.226000,0.320000,-62,0.000000,7,8
1,4.000000,2.304000,0.223000,-67,0.000000,7,8
1,4.000000,2.304000,0.260000,-65,0.000000,7,8
1,4.000000,2.191000,0.295000,-65,0.000000,7,8
1,4.000000,2.266000,0.291000,-63,0.000000,7,8
1,4.000000,2.223000,0.316000,-61,0.000000,7,8
1,4.000000,2.229000,0.350000,-61,0.000000,7,8
1,4.000000,2.341000,0.278000,-62,0.000000,7,8
1,4.000000,2.429000,0.216000,-63,0.000000,7,8
1,4.000000,2.463000,0.208000,-65,0.000000,7,8
1,4.000000,2.229000,0.258000,-63,0.000000,7,8
1,4.000000,2.194000,0.370000,-62,0.000000,7,8
1,4.000000,2.266000,0.307000,-62,0.000000,7,8
1,4.000000,2.341000,0.188000,-69,0.000000,7,8
1,4.000000,2.304000,0.203000,-64,0.000000,7,8
1,4.000000,2.272000,0.234000,-61,0.000000,7,8
1,4.000000,2.197000,0.331000,-61,0.000000,7,8
1,4.000000,2.154000,0.374000,-61,0.000000,7,8
1,4.000000,2.191000,0.354000,-61,0.000000,7,8
1,4.000000,2.148000,0.358000,-61,0.000000,7,8
1,4.000000,2.116000,0.405000,-61,0.000000,7,8
1,4.000000,2.229000,0.353000,-61,0.000000,7,8
1,4.000000,2.154000,0.360000,-61,0.000000,7,8
1,4.000000,2.119000,0.354000,-61,0.000000,7,8
1,4.000000,2.266000,0.313000,-61,0.000000,7,8
1,4.000000,2.304000,0.352000,-61,0.000000,7,8
1,4.000000,2.107000,0.358000,-61,0.000000,7,8
1,4.000000,2.188000,0.364000,-61,0.000000,7,8
1,4.000000,2.194000,0.337000,-61,0.000000,7,8
1,4.000000,2.157000,0.360000,-61,0.000000,7,8
1,4.000000,2.266000,0.319000,-61,0.000000,7,8
1,4.000000,2.304000,0.272000,-61,0.000000,7,8
1,4.000000,2.266000,0.315000,-61,0.000000,7,8
1,4.000000,2.194000,0.285000,-61,0.000000,7,8
1,4.000000,2.079000,0.344000,-62,0.000000,7,8
1,4.000000,2.285000,0.312000,-62,0.000000,7,8
1,4.000000,2.266000,0.274000,-62,0.000000,7,8
1,4.000000,2.276000,0.265000,-62,0.000000,7,8
1,4.000000,2.229000,0.334000,-61,0.000000,7,8
1,4.000000,2.154000,0.360000,-62,0.000000,7,8
1,4.000000,2.272000,0.298000,-62,0.000000,7,8
1,4.000000,2.116000,0.324000,-62,0.000000,7,8
1,4.000000,2.269000,0.315000,-62,0.000000,7,8
1,4.000000,2.354000,0.270000,-62,0.000000,7,8
1,4.000000,2.116000,0.313000,-63,0.000000,7,8
1,4.000000,2.229000,0.284000,-63,0.000000,7,8
1,4.000000,2.154000,0.280000,-64,0.000000,7,8
1,4.000000,2.266000,0.266000,-64,0.000000,7,8
1,4.000000,2.229000,0.325000,-63,0.000000,7,8
1,4.000000,2.194000,0.321000,-64,0.000000,7,8
1,4.000000,2.157000,0.323000,-63,0.000000,7,8
1,4.000000,2.197000,0.324000,-64,0.000000,7,8
1,4.000000,2.154000,0.289000,-64,0.000000,7,8
1,4.000000,2.157000,0.327000,-64,0.000000,7,8
1,4.000000,2.191000,0.280000,-64,0.000000,7,8
