1,15.000000,14.532000,0.320000,-63,0.000000,7,8
1,15.000000,14.307000,0.548000,-63,0.000000,7,8
1,15.000000,14.413000,0.429000,-63,0.000000,7,8
1,15.000000,14.341000,0.527000,-64,0.000000,7,8
1,15.000000,14.335000,0.574000,-63,0.000000,7,8
1,15.000000,14.379000,0.562000,-63,0.000000,7,8
1,15.000000,14.488000,0.524000,-63,0.000000,7,8
1,15.000000,14.454000,0.558000,-63,0.000000,7,8
1,15.000000,14.607000,0.457000,-64,0.000000,7,8
1,15.000000,14.379000,0.560000,-64,0.000000,7,8
1,15.000000,14.691000,0.453000,-64,0.000000,7,8
1,15.000000,14.572000,0.436000,-62,0.000000,7,8
1,15.000000,14.301000,0.649000,-63,0.000000,7,8
1,15.000000,14.451000,0.607000,-63,0.000000,7,8
1,15.000000,14.263000,0.647000,-60,0.000000,7,8
1,15.000000,14.260000,0.389000,-60,0.000000,7,8
1,15.000000,14.226000,0.399000,-60,0.000000,7,8
1,15.000000,14.338000,0.293000,-60,0.000000,7,8
1,15.000000,14.269000,0.354000,-62,0.000000,7,8
1,15.000000,14.332000,0.321000,-64,0.000000,7,8
1,15.000000,14.226000,0.502000,-63,0.000000,7,8
1,15.000000,14.294000,0.476000,-63,0.000000,7,8
1,15.000000,14.257000,0.437000,-62,0.000000,7,8
1,15.000000,14.369000,0.395000,-62,0.000000,7,8
1,15.000000,14.413000,0.325000,-64,0.000000,7,8
1,15.000000,14.416000,0.315000,-62,0.000000,7,8
1,15.000000,14.304000,0.350000,-62,0.000000,7,8
1,15.000000,14.307000,0.353000,-63,0.000000,7,8
1,15.000000,14.344000,0.361000,-63,0.000000,7,8
1,15.000000,14.379000,0.350000,-63,0.000000,7,8
1,15.000000,14.232000,0.477000,-63,0.000000,7,8
1,15.000000,14.413000,0.397000,-62,0.000000,7,8
1,15.000000,14.307000,0.482000,-61,0.000000,7,8
1,15.000000,14.379000,0.422000,-62,0.000000,7,8
1,15.000000,14.338000,0.337000,-63,0.000000,7,8
1,15.000000,14.188000,0.441000,-63,0.000000,7,8
1,15.000000,14.223000,0.472000,-62,0.000000,7,8
1,15.000000,14.301000,0.449000,-62,0.000000,7,8
1,15.000000,14.304000,0.442000,-62,0.000000,7,8
1,15.000000,14.304000,0.472000,-61,0.000000,7,8
1,15.000000,14.266000,0.536000,-62,0.000000,7,8
1,15.000000,14.263000,0.531000,-61,0.000000,7,8
1,15.000000,14.301000,0.461000,-62,0.000000,7,8
1,15.000000,14.304000,0.474000,-62,0.000000,7,8
1,15.000000,14.379000,0.435000,-63,0.000000,7,8
1,15.000000,14.413000,0.378000,-63,0.000000,7,8
1,15.000000,14.379000,0.452000,-62,0.000000,7,8
1,15.000000,14.266000,0.524000,-61,0.000000,7,8
1,15.000000,14.226000,0.553000,-64,0.000000,7,8
1,15.000000,14.298000,0.383000,-64,0.000000,7,8
1,15.000000,14.338000,0.362000,-64,0.000000,7,8
1,15.000000,14.382000,0.327000,-64,0.000000,7,8
1,15.000000,14.301000,0.306000,-64,0.000000,7,8
1,15.000000,14.254000,0.342000,-64,0.000000,7,8
1,15.000000,14.338000,0.307000,-64,0.000000,7,8
1,15.000000,14.416000,0.274000,-64,0.000000,7,8
1,15.000000,14.376000,0.301000,-63,0.000000,7,8
1,15.000000,14.219000,0.420000,-64,0.000000,7,8
1,15.000000,14.144000,0.516000,-62,0.000000,7,8
1,15.000000,14.185000,0.574000,-61,0.000000,7,8
1,15.000000,14.066000,0.600000,-61,0.000000,7,8
1,15.000000,14.266000,0.575000,-61,0.000000,7,8
1,15.000000,14.257000,0.533000,-61,0.000000,7,8
1,15.000000,14.266000,0.543000,-61,0.000000,7,8
1,15.000000,14.304000,0.555000,-61,0.000000,7,8
1,15.000000,14.216000,0.573000,-61,0.000000,7,8
1,15.000000,14.223000,0.636000,-61,0.000000,7,8
1,15.000000,14.301000,0.550000,-61,0.000000,7,8
1,15.000000,14.266000,0.515000,-62,0.000000,7,8
1,15.000000,14.307000,0.422000,-64,0.000000,7,8
1,15.000000,14.419000,0.270000,-63,0.000000,7,8
1,15.000000,14.344000,0.360000,-64,0.000000,7,8
1,15.000000,14.416000,0.255000,-64,0.000000,7,8
1,15.000000,14.416000,0.210000,-64,0.000000,7,8
1,15.000000,14.344000,0.290000,-64,0.000000,7,8
1,15.000000,14.385000,0.239000,-64,0.000000,7,8
1,15.000000,14.463000,0.217000,-65,0.000000,7,8
1,15.000000,14.304000,0.234000,-64,0.000000,7,8
1,15.000000,14.454000,0.196000,-64,0.000000,7,8
1,15.000000,14.419000,0.238000,-64,0.000000,7,8
1,15.000000,14.454000,0.178000,-64,0.000000,7,8
1,15.000000,14.529000,0.153000,-64,0.000000,7,8
1,15.000000,14.416000,0.210000,-64,0.000000,7,8
1,15.000000,14.416000,0.232000,-64,0.000000,7,8
1,15.000000,14.385000,0.322000,-65,0.000000,7,8
1,15.000000,14.310000,0.382000,-63,0.000000,7,8
1,15.000000,14.260000,0.484000,-64,0.000000,7,8
1,15.000000,14.347000,0.430000,-63,0.000000,7,8
1,15.000000,14.141000,0.488000,-63,0.000000,7,8
1,15.000000,14.304000,0.393000,-62,0.000000,7,8
1,15.000000,14.266000,0.442000,-61,0.000000,7,8
1,15.000000,14.263000,0.399000,-61,0.000000,7,8
1,15.000000,14.257000,0.458000,-61,0.000000,7,8
1,15.000000,14.301000,0.411000,-61,0.000000,7,8
1,15.000000,14.257000,0.441000,-61,0.000000,7,8
1,15.000000,14.223000,0.479000,-62,0.000000,7,8
1,15.000000,14.266000,0.457000,-62,0.000000,7,8
1,15.000000,14.179000,0.429000,-61,0.000000,7,8
1,15.000000,14.182000,0.451000,-61,0.000000,7,8
1,15.000000,14.219000,0.478000,-61,0.000000,7,8
1,15.000000,14.379000,0.306000,-61,0.000000,7,8
1,15.000000,14.304000,0.353000,-61,0.000000,7,8
1,15.000000,14.263000,0.361000,-62,0.000000,7,8
1,15.000000,14.266000,0.319000,-61,0.000000,7,8
1,15.000000,14.379000,0.271000,-61,0.000000,7,8
1,15.000000,14.260000,0.351000,-61,0.000000,7,8
1,15.000000,14.257000,0.347000,-61,0.000000,7,8
1,15.000000,14.141000,0.354000,-61,0.000000,7,8
1,15.000000,14.298000,0.346000,-61,0.000000,7,8
1,15.000000,14.304000,0.316000,-61,0.000000,7,8
1,15.000000,14.257000,0.386000,-62,0.000000,7,8
1,15.000000,14.304000,0.351000,-62,0.000000,7,8
1,15.000000,14.338000,0.338000,-62,0.000000,7,8
1,15.000000,14.451000,0.294000,-62,0.000000,7,8
1,15.000000,14.379000,0.274000,-62,0.000000,7,8
1,15.000000,14.382000,0.273000,-62,0.000000,7,8
1,15.000000,14.451000,0.304000,-62,0.000000,7,8
1,15.000000,14.344000,0.331000,-63,0.000000,7,8
1,15.000000,14.454000,0.251000,-63,0.000000,7,8
1,15.000000,14.413000,0.275000,-63,0.000000,7,8
1,15.000000,14.382000,0.297000,-62,0.000000,7,8
1,15.000000,14.382000,0.304000,-62,0.000000,7,8
1,15.000000,14.307000,0.341000,-62,0.000000,7,8
1,15.000000,14.182000,0.395000,-62,0.000000,7,8
1,15.000000,14.229000,0.346000,-61,0.000000,7,8
1,15.000000,14.216000,0.343000,-62,0.000000,7,8
1,15.000000,14.266000,0.337000,-61,0.000000,7,8
1,15.000000,14.304000,0.305000,-62,0.000000,7,8
1,15.000000,14.266000,0.300000,-62,0.000000,7,8
1,15.000000,14.266000,0.312000,-62,0.000000,7,8
1,15.000000,14.226000,0.346000,-62,0.000000,7,8
1,15.000000,14.229000,0.326000,-61,0.000000,7,8
1,15.000000,14.301000,0.318000,-62,0.000000,7,8
1,15.000000,14.266000,0.305000,-61,0.000000,7,8
1,15.000000,14.257000,0.293000,-61,0.000000,7,8
1,15.000000,14.341000,0.260000,-61,0.000000,7,8
1,15.000000,14.185000,0.323000,-61,0.000000,7,8
1,15.000000,14.141000,0.408000,-61,0.000000,7,8
1,15.000000,14.226000,0.399000,-61,0.000000,7,8
1,15.000000,14.263000,0.369000,-60,0.000000,7,8
1,15.000000,14.266000,0.331000,-60,0.000000,7,8
1,15.000000,14.141000,0.386000,-60,0.000000,7,8
1,15.000000,14.191000,0.347000,-61,0.000000,7,8
1,15.000000,14.301000,0.347000,-60,0.000000,7,8
1,15.000000,14.266000,0.335000,-61,0.000000,7,8
1,15.000000,14.263000,0.344000,-61,0.000000,7,8
1,15.000000,14.182000,0.347000,-61,0.000000,7,8
1,15.000000,14.257000,0.321000,-61,0.000000,7,8
1,15.000000,14.179000,0.384000,-61,0.000000,7,8
1,15.000000,14.266000,0.312000,-61,0.000000,7,8
1,15.000000,14.179000,0.380000,-61,0.000000,7,8
1,15.000000,14.260000,0.376000,-61,0.000000,7,8
1,15.000000,14.266000,0.346000,-61,0.000000,7,8
1,15.000000,14.229000,0.405000,-61,0.000000,7,8
1,15.000000,14.223000,0.360000,-60,0.000000,7,8
1,15.000000,14.223000,0.402000,-60,0.000000,7,8
1,15.000000,14.269000,0.400000,-60,0.000000,7,8
1,15.000000,14.379000,0.293000,-61,0.000000,7,8
1,15.000000,14.266000,0.344000,-61,0.000000,7,8
1,15.000000,14.304000,0.316000,-61,0.000000,7,8
1,15.000000,14.141000,0.403000,-61,0.000000,7,8
1,15.000000,14.141000,0.397000,-61,0.000000,7,8
1,15.000000,14.229000,0.377000,-60,0.000000,7,8
1,15.000000,14.263000,0.382000,-60,0.000000,7,8
1,15.000000,14.341000,0.321000,-60,0.000000,7,8
1,15.000000,14.379000,0.305000,-60,0.000000,7,8
1,15.000000,14.304000,0.345000,-61,0.000000,7,8
1,15.000000,14.341000,0.345000,-61,0.000000,7,8
1,15.000000,14.226000,0.388000,-61,0.000000,7,8
1,15.000000,14.182000,0.429000,-61,0.000000,7,8
1,15.000000,14.341000,0.317000,-61,0.000000,7,8
1,15.000000,14.216000,0.437000,-61,0.000000,7,8
1,15.000000,14.294000,0.335000,-62,0.000000,7,8
1,15.000000,14.179000,0.459000,-60,0.000000,7,8
1,15.000000,14.266000,0.472000,-61,0.000000,7,8
1,15.000000,14.266000,0.376000,-63,0.000000,7,8
1,15.000000,14.298000,0.368000,-63,0.000000,7,8
1,15.000000,14.266000,0.397000,-63,0.000000,7,8
1,15.000000,14.416000,0.357000,-62,0.000000,7,8
1,15.000000,14.379000,0.349000,-62,0.000000,7,8
1,15.000000,14.304000,0.432000,-62,0.000000,7,8
1,15.000000,14.454000,0.341000,-62,0.000000,7,8
1,15.000000,14.416000,0.357000,-62,0.000000,7,8
1,15.000000,14.338000,0.368000,-63,0.000000,7,8
1,15.000000,14.266000,0.323000,-63,0.000000,7,8
1,15.000000,14.104000,0.454000,-62,0.000000,7,8
1,15.000000,14.341000,0.284000,-62,0.000000,7,8
1,15.000000,14.382000,0.280000,-63,0.000000,7,8
1,15.000000,14.451000,0.294000,-62,0.000000,7,8
1,15.000000,14.416000,0.297000,-62,0.000000,7,8
1,15.000000,14.304000,0.371000,-62,0.000000,7,8
1,15.000000,14.263000,0.444000,-62,0.000000,7,8
1,15.000000,14.229000,0.429000,-62,0.000000,7,8
1,15.000000,14.223000,0.465000,-59,0.000000,7,8
1,15.000000,14.266000,0.397000,-61,0.000000,7,8
1,15.000000,14.266000,0.527000,-62,0.000000,7,8
1,15.000000,14.182000,0.558000,-61,0.000000,7,8
1,15.000000,14.263000,0.549000,-62,0.000000,7,8
1,15.000000,14.182000,0.631000,-62,0.000000,7,8
1,15.000000,14.263000,0.533000,-62,0.000000,7,8
1,15.000000,14.141000,0.476000,-62,0.000000,7,8
1,15.000000,14.229000,0.505000,-62,0.000000,7,8
1,15.000000,14.182000,0.483000,-62,0.000000,7,8
1,15.000000,14.219000,0.505000,-62,0.000000,7,8
1,15.000000,14.179000,0.533000,-62,0.000000,7,8
1,15.000000,14.029000,0.610000,-62,0.000000,7,8
1,15.000000,14.216000,0.465000,-62,0.000000,7,8
1,15.000000,14.304000,0.447000,-62,0.000000,7,8
1,15.000000,14.182000,0.418000,-62,0.000000,7,8
1,15.000000,14.232000,0.363000,-62,0.000000,7,8
1,15.000000,14.266000,0.375000,-62,0.000000,7,8
1,15.000000,14.269000,0.354000,-62,0.000000,7,8
1,15.000000,14.229000,0.317000,-62,0.000000,7,8
1,15.000000,14.301000,0.318000,-62,0.000000,7,8
1,15.000000,14.263000,0.337000,-62,0.000000,7,8
1,15.000000,14.338000,0.298000,-62,0.000000,7,8
1,15.000000,14.188000,0.411000,-62,0.000000,7,8
1,15.000000,14.191000,0.426000,-61,0.000000,7,8
1,15.000000,14.226000,0.351000,-62,0.000000,7,8
1,15.000000,14.154000,0.386000,-62,0.000000,7,8
1,15.000000,14.332000,0.334000,-61,0.000000,7,8
1,15.000000,14.229000,0.429000,-62,0.000000,7,8
1,15.000000,14.223000,0.498000,-61,0.000000,7,8
1,15.000000,14.179000,0.557000,-61,0.000000,7,8
1,15.000000,14.223000,0.503000,-61,0.000000,7,8
1,15.000000,14.376000,0.493000,-61,0.000000,7,8
1,15.000000,14.141000,0.533000,-62,0.000000,7,8
1,15.000000,14.179000,0.482000,-62,0.000000,7,8
1,15.000000,14.182000,0.451000,-62,0.000000,7,8
1,15.000000,14.301000,0.484000,-61,0.000000,7,8
1,15.000000,14.179000,0.399000,-61,0.000000,7,8
1,15.000000,14.266000,0.399000,-61,0.000000,7,8
1,15.000000,14.229000,0.369000,-61,0.000000,7,8
1,15.000000,14.223000,0.352000,-60,0.000000,7,8
1,15.000000,14.226000,0.438000,-62,0.000000,7,8
1,15.000000,14.191000,0.430000,-62,0.000000,7,8
1,15.000000,14.179000,0.466000,-61,0.000000,7,8
1,15.000000,14.229000,0.394000,-60,0.000000,7,8
1,15.000000,14.335000,0.326000,-61,0.000000,7,8
1,15.000000,14.148000,0.446000,-61,0.000000,7,8
1,15.000000,14.066000,0.598000,-59,0.000000,7,8
1,15.000000,14.179000,0.466000,-61,0.000000,7,8
1,15.000000,14.266000,0.296000,-62,0.000000,7,8
1,15.000000,14.304000,0.270000,-61,0.000000,7,8
1,15.000000,14.301000,0.316000,-62,0.000000,7,8
1,15.000000,14.182000,0.445000,-60,0.000000,7,8
1,15.000000,14.179000,0.423000,-60,0.000000,7,8
1,15.000000,14.298000,0.289000,-62,0.000000,7,8
1,15.000000,14.229000,0.319000,-63,0.000000,7,8
1,15.000000,14.216000,0.343000,-63,0.000000,7,8
1,15.000000,14.266000,0.369000,-62,0.000000,7,8
1,15.000000,14.266000,0.354000,-61,0.000000,7,8
1,15.000000,14.298000,0.393000,-61,0.000000,7,8
1,15.000000,14.344000,0.356000,-60,0.000000,7,8
1,15.000000,14.304000,0.330000,-60,0.000000,7,8
1,15.000000,14.304000,0.349000,-60,0.000000,7,8
1,15.000000,14.266000,0.415000,-60,0.000000,7,8
1,15.000000,14.188000,0.401000,-60,0.000000,7,8
1,15.000000,14.266000,0.373000,-60,0.000000,7,8
1,15.000000,14.219000,0.423000,-60,0.000000,7,8
1,15.000000,14.266000,0.401000,-60,0.000000,7,8
1,15.000000,14.260000,0.365000,-60,0.000000,7,8
1,15.000000,14.141000,0.434000,-60,0.000000,7,8
1,15.000000,14.141000,0.470000,-60,0.000000,7,8
1,15.000000,14.229000,0.443000,-60,0.000000,7,8
1,15.000000,14.229000,0.396000,-60,0.000000,7,8
1,15.000000,14.229000,0.395000,-60,0.000000,7,8
1,15.000000,14.304000,0.313000,-61,0.000000,7,8
1,15.000000,14.219000,0.433000,-61,0.000000,7,8
1,15.000000,14.229000,0.395000,-60,0.000000,7,8
1,15.000000,14.179000,0.418000,-60,0.000000,7,8
1,15.000000,14.304000,0.321000,-61,0.000000,7,8
1,15.000000,14.229000,0.308000,-61,0.000000,7,8
1,15.000000,14.301000,0.342000,-62,0.000000,7,8
1,15.000000,14.179000,0.429000,-62,0.000000,7,8
1,15.000000,14.266000,0.415000,-62,0.000000,7,8
1,15.000000,14.260000,0.534000,-62,0.000000,7,8
1,15.000000,14.301000,0.479000,-62,0.000000,7,8
1,15.000000,14.185000,0.566000,-63,0.000000,7,8
1,15.000000,14.335000,0.265000,-63,0.000000,7,8
1,15.000000,14.291000,0.429000,-60,0.000000,7,8
1,15.000000,14.291000,0.347000,-62,0.000000,7,8
1,15.000000,14.529000,0.201000,-63,0.000000,7,8
1,15.000000,14.216000,0.281000,-63,0.000000,7,8
1,15.000000,14.379000,0.316000,-63,0.000000,7,8
1,15.000000,14.341000,0.353000,-62,0.000000,7,8
1,15.000000,14.379000,0.334000,-61,0.000000,7,8
1,15.000000,14.257000,0.445000,-62,0.000000,7,8
1,15.000000,14.266000,0.394000,-62,0.000000,7,8
1,15.000000,14.179000,0.428000,-62,0.000000,7,8
1,15.000000,14.138000,0.419000,-63,0.000000,7,8
1,15.000000,14.341000,0.240000,-63,0.000000,7,8
1,15.000000,14.179000,0.361000,-60,0.000000,7,8
1,15.000000,14.179000,0.387000,-64,0.000000,7,8
1,15.000000,14.141000,0.405000,-62,0.000000,7,8
1,15.000000,14.266000,0.304000,-63,0.000000,7,8
1,15.000000,14.148000,0.404000,-61,0.000000,7,8
1,15.000000,14.304000,0.306000,-61,0.000000,7,8
1,15.000000,14.107000,0.463000,-60,0.000000,7,8
1,15.000000,14.069000,0.628000,-62,0.000000,7,8
1,15.000000,14.266000,0.518000,-62,0.000000,7,8
1,15.000000,14.266000,0.396000,-62,0.000000,7,8
1,15.000000,14.229000,0.574000,-62,0.000000,7,8
1,15.000000,14.104000,0.612000,-62,0.000000,7,8
1,15.000000,14.216000,0.352000,-62,0.000000,7,8
1,15.000000,14.219000,0.408000,-61,0.000000,7,8
1,15.000000,14.263000,0.382000,-62,0.000000,7,8
1,15.000000,14.141000,0.404000,-61,0.000000,7,8
1,15.000000,14.341000,0.239000,-62,0.000000,7,8
1,15.000000,14.304000,0.233000,-60,0.000000,7,8
1,15.000000,14.266000,0.329000,-60,0.000000,7,8
1,15.000000,14.151000,0.511000,-60,0.000000,7,8
1,15.000000,14.104000,0.629000,-62,0.000000,7,8
1,15.000000,14.148000,0.704000,-60,0.000000,7,8
1,15.000000,14.107000,0.651000,-61,0.000000,7,8
1,15.000000,14.188000,0.436000,-62,0.000000,7,8
1,15.000000,14.223000,0.468000,-62,0.000000,7,8
1,15.000000,14.304000,0.439000,-62,0.000000,7,8
1,15.000000,14.216000,0.535000,-63,0.000000,7,8
1,15.000000,14.179000,0.603000,-63,0.000000,7,8
1,15.000000,14.254000,0.557000,-61,0.000000,7,8
1,15.000000,14.304000,0.557000,-61,0.000000,7,8
1,15.000000,14.219000,0.553000,-62,0.000000,7,8
1,15.000000,14.260000,0.332000,-62,0.000000,7,8
1,15.000000,14.229000,0.577000,-62,0.000000,7,8
1,15.000000,14.141000,0.585000,-62,0.000000,7,8
1,15.000000,14.341000,0.455000,-62,0.000000,7,8
1,15.000000,14.188000,0.664000,-63,0.000000,7,8
1,15.000000,14.301000,0.601000,-62,0.000000,7,8
1,15.000000,14.104000,0.487000,-63,0.000000,7,8
1,15.000000,14.226000,0.436000,-62,0.000000,7,8
1,15.000000,14.454000,0.301000,-63,0.000000,7,8
1,15.000000,14.107000,0.579000,-61,0.000000,7,8
1,15.000000,14.304000,0.420000,-62,0.000000,7,8
1,15.000000,14.379000,0.338000,-63,0.000000,7,8
1,15.000000,14.304000,0.392000,-61,0.000000,7,8
1,15.000000,14.182000,0.506000,-62,0.000000,7,8
1,15.000000,14.229000,0.460000,-62,0.000000,7,8
1,15.000000,14.185000,0.472000,-62,0.000000,7,8
1,15.000000,14.298000,0.382000,-61,0.000000,7,8
1,15.000000,14.191000,0.483000,-61,0.000000,7,8
1,15.000000,14.454000,0.352000,-62,0.000000,7,8
1,15.000000,14.301000,0.403000,-62,0.000000,7,8
1,15.000000,14.301000,0.468000,-62,0.000000,7,8
1,15.000000,14.257000,0.454000,-62,0.000000,7,8
1,15.000000,14.298000,0.468000,-62,0.000000,7,8
1,15.000000,14.266000,0.386000,-62,0.000000,7,8
1,15.000000,14.410000,0.276000,-62,0.000000,7,8
1,15.000000,14.260000,0.496000,-61,0.000000,7,8
1,15.000000,14.182000,0.467000,-62,0.000000,7,8
1,15.000000,14.347000,0.307000,-62,0.000000,7,8
1,15.000000,14.266000,0.312000,-63,0.000000,7,8
1,15.000000,14.298000,0.341000,-63,0.000000,7,8
1,15.000000,14.301000,0.348000,-62,0.000000,7,8
1,15.000000,14.304000,0.391000,-63,0.000000,7,8
1,15.000000,14.229000,0.441000,-63,0.000000,7,8
1,15.000000,14.379000,0.363000,-62,0.000000,7,8
1,15.000000,14.382000,0.314000,-62,0.000000,7,8
1,15.000000,14.304000,0.370000,-62,0.000000,7,8
1,15.000000,14.223000,0.448000,-62,0.000000,7,8
1,15.000000,14.141000,0.480000,-61,0.000000,7,8
1,15.000000,14.266000,0.519000,-62,0.000000,7,8
1,15.000000,14.141000,0.537000,-61,0.000000,7,8
1,15.000000,14.379000,0.479000,-62,0.000000,7,8
1,15.000000,14.341000,0.437000,-62,0.000000,7,8
1,15.000000,14.341000,0.398000,-62,0.000000,7,8
1,15.000000,14.185000,0.442000,-62,0.000000,7,8
1,15.000000,14.229000,0.530000,-61,0.000000,7,8
1,15.000000,14.266000,0.486000,-62,0.000000,7,8
1,15.000000,14.332000,0.432000,-62,0.000000,7,8
1,15.000000,14.304000,0.425000,-62,0.000000,7,8
1,15.000000,14.263000,0.455000,-62,0.000000,7,8
1,15.000000,14.185000,0.501000,-62,0.000000,7,8
1,15.000000,14.141000,0.718000,-62,0.000000,7,8
1,15.000000,14.179000,0.532000,-62,0.000000,7,8
1,15.000000,14.179000,0.453000,-60,0.000000,7,8
1,15.000000,14.229000,0.527000,-61,0.000000,7,8
1,15.000000,14.263000,0.482000,-61,0.000000,7,8
1,15.000000,14.341000,0.307000,-61,0.000000,7,8
1,15.000000,14.376000,0.252000,-61,0.000000,7,8
1,15.000000,14.335000,0.350000,-62,0.000000,7,8
1,15.000000,14.335000,0.337000,-62,0.000000,7,8
1,15.000000,14.104000,0.504000,-62,0.000000,7,8
1,15.000000,14.341000,0.343000,-60,0.000000,7,8
1,15.000000,14.266000,0.380000,-62,0.000000,7,8
1,15.000000,14.188000,0.529000,-60,0.000000,7,8
1,15.000000,14.257000,0.552000,-61,0.000000,7,8
1,15.000000,14.223000,0.367000,-62,0.000000,7,8
1,15.000000,14.182000,0.445000,-62,0.000000,7,8
1,15.000000,14.304000,0.545000,-63,0.000000,7,8
1,15.000000,14.148000,0.644000,-63,0.000000,7,8
1,15.000000,14.266000,0.531000,-63,0.000000,7,8
1,15.000000,14.191000,0.575000,-62,0.000000,7,8
1,15.000000,14.335000,0.429000,-62,0.000000,7,8
1,15.000000,14.266000,0.455000,-63,0.000000,7,8
1,15.000000,14.304000,0.431000,-63,0.000000,7,8
1,15.000000,14.260000,0.392000,-62,0.000000,7,8
1,15.000000,14.260000,0.435000,-62,0.000000,7,8
1,15.000000,14.179000,0.464000,-62,0.000000,7,8
1,15.000000,14.266000,0.458000,-62,0.000000,7,8
1,15.000000,14.341000,0.434000,-63,0.000000,7,8
1,15.000000,14.260000,0.496000,-63,0.000000,7,8
1,15.000000,14.226000,0.554000,-63,0.000000,7,8
1,15.000000,14.304000,0.584000,-63,0.000000,7,8
1,15.000000,14.066000,0.710000,-63,0.000000,7,8
1,15.000000,14.216000,0.554000,-63,0.000000,7,8
1,15.000000,14.266000,0.474000,-63,0.000000,7,8
1,15.000000,14.304000,0.443000,-62,0.000000,7,8
1,15.000000,14.226000,0.371000,-60,0.000000,7,8
1,15.000000,14.379000,0.336000,-61,0.000000,7,8
1,15.000000,14.454000,0.265000,-62,0.000000,7,8
1,15.000000,14.335000,0.327000,-61,0.000000,7,8
1,15.000000,14.379000,0.299000,-61,0.000000,7,8
1,15.000000,14.257000,0.420000,-61,0.000000,7,8
1,15.000000,14.266000,0.448000,-62,0.000000,7,8
1,15.000000,14.298000,0.435000,-61,0.000000,7,8
1,15.000000,14.257000,0.433000,-62,0.000000,7,8
1,15.000000,14.223000,0.513000,-62,0.000000,7,8
1,15.000000,14.266000,0.530000,-62,0.000000,7,8
1,15.000000,14.338000,0.596000,-63,0.000000,7,8
1,15.000000,14.179000,0.655000,-63,0.000000,7,8
1,15.000000,14.376000,0.541000,-63,0.000000,7,8
1,15.000000,14.257000,0.574000,-61,0.000000,7,8
1,15.000000,14.179000,0.563000,-62,0.000000,7,8
1,15.000000,14.266000,0.380000,-62,0.000000,7,8
1,15.000000,14.254000,0.314000,-63,0.000000,7,8
1,15.000000,14.304000,0.359000,-63,0.000000,7,8
1,15.000000,14.338000,0.422000,-62,0.000000,7,8
1,15.000000,14.260000,0.361000,-62,0.000000,7,8
1,15.000000,14.229000,0.378000,-60,0.000000,7,8
1,15.000000,14.191000,0.312000,-62,0.000000,7,8
1,15.000000,14.216000,0.642000,-62,0.000000,7,8
1,15.000000,14.179000,0.684000,-61,0.000000,7,8
1,15.000000,14.298000,0.606000,-62,0.000000,7,8
1,15.000000,14.376000,0.499000,-62,0.000000,7,8
1,15.000000,14.141000,0.501000,-61,0.000000,7,8
1,15.000000,14.216000,0.360000,-62,0.000000,7,8
1,15.000000,14.148000,0.742000,-62,0.000000,7,8
1,15.000000,14.266000,0.456000,-62,0.000000,7,8
1,15.000000,14.144000,0.527000,-62,0.000000,7,8
1,15.000000,14.223000,0.512000,-62,0.000000,7,8
1,15.000000,14.266000,0.473000,-61,0.000000,7,8
1,15.000000,14.298000,0.459000,-61,0.000000,7,8
1,15.000000,14.179000,0.557000,-61,0.000000,7,8
1,15.000000,14.229000,0.619000,-62,0.000000,7,8
1,15.000000,14.266000,0.569000,-63,0.000000,7,8
1,15.000000,14.266000,0.705000,-62,0.000000,7,8
1,15.000000,14.260000,0.446000,-60,0.000000,7,8
1,15.000000,14.341000,0.376000,-61,0.000000,7,8
1,15.000000,14.266000,0.464000,-61,0.000000,7,8
1,15.000000,14.304000,0.344000,-61,0.000000,7,8
1,15.000000,14.304000,0.443000,-60,0.000000,7,8
1,15.000000,14.182000,0.592000,-61,0.000000,7,8
1,15.000000,14.229000,0.518000,-61,0.000000,7,8
1,15.000000,14.266000,0.460000,-61,0.000000,7,8
1,15.000000,14.301000,0.445000,-61,0.000000,7,8
1,15.000000,14.179000,0.531000,-61,0.000000,7,8
1,15.000000,14.223000,0.621000,-61,0.000000,7,8
1,15.000000,14.257000,0.595000,-62,0.000000,7,8
1,15.000000,14.266000,0.666000,-61,0.000000,7,8
1,15.000000,14.110000,0.831000,-63,0.000000,7,8
1,15.000000,14.176000,0.698000,-63,0.000000,7,8
1,15.000000,14.151000,0.511000,-62,0.000000,7,8
1,15.000000,14.341000,0.417000,-61,0.000000,7,8
1,15.000000,14.301000,0.497000,-63,0.000000,7,8
1,15.000000,14.341000,0.439000,-62,0.000000,7,8
1,15.000000,14.266000,0.593000,-63,0.000000,7,8
1,15.000000,14.454000,0.486000,-62,0.000000,7,8
1,15.000000,14.413000,0.469000,-62,0.000000,7,8
1,15.000000,14.257000,0.497000,-62,0.000000,7,8
1,15.000000,14.413000,0.481000,-62,0.000000,7,8
1,15.000000,14.529000,0.359000,-62,0.000000,7,8
1,15.000000,14.219000,0.532000,-62,0.000000,7,8
1,15.000000,14.263000,0.510000,-61,0.000000,7,8
1,15.000000,14.260000,0.492000,-61,0.000000,7,8
1,15.000000,14.304000,0.429000,-62,0.000000,7,8
1,15.000000,14.219000,0.569000,-62,0.000000,7,8
1,15.000000,14.304000,0.529000,-62,0.000000,7,8
1,15.000000,14.216000,0.465000,-61,0.000000,7,8
1,15.000000,14.266000,0.426000,-61,0.000000,7,8
1,15.000000,14.179000,0.474000,-62,0.000000,7,8
1,15.000000,14.188000,0.486000,-61,0.000000,7,8
1,15.000000,14.188000,0.497000,-62,0.000000,7,8
1,15.000000,14.541000,0.344000,-62,0.000000,7,8
1,15.000000,14.229000,0.506000,-62,0.000000,7,8
1,15.000000,14.304000,0.444000,-62,0.000000,7,8
1,15.000000,14.185000,0.500000,-61,0.000000,7,8
1,15.000000,14.294000,0.337000,-62,0.000000,7,8
1,15.000000,14.341000,0.438000,-61,0.000000,7,8
1,15.000000,14.257000,0.541000,-62,0.000000,7,8
1,15.000000,14.229000,0.505000,-62,0.000000,7,8
1,15.000000,14.304000,0.439000,-62,0.000000,7,8
1,15.000000,14.263000,0.480000,-62,0.000000,7,8
1,15.000000,14.266000,0.458000,-61,0.000000,7,8
1,15.000000,14.266000,0.441000,-63,0.000000,7,8
1,15.000000,14.304000,0.453000,-62,0.000000,7,8
1,15.000000,14.298000,0.453000,-62,0.000000,7,8
1,15.000000,14.266000,0.424000,-62,0.000000,7,8
1,15.000000,14.257000,0.437000,-62,0.000000,7,8
1,15.000000,14.216000,0.515000,-62,0.000000,7,8
1,15.000000,14.182000,0.477000,-62,0.000000,7,8
1,15.000000,14.179000,0.470000,-62,0.000000,7,8
1,15.000000,14.266000,0.473000,-62,0.000000,7,8
1,15.000000,14.185000,0.543000,-62,0.000000,7,8
1,15.000000,14.263000,0.463000,-62,0.000000,7,8
1,15.000000,14.223000,0.459000,-61,0.000000,7,8
1,15.000000,14.304000,0.432000,-61,0.000000,7,8
1,15.000000,14.179000,0.466000,-61,0.000000,7,8
1,15.000000,14.191000,0.485000,-61,0.000000,7,8
1,15.000000,14.226000,0.473000,-61,0.000000,7,8
1,15.000000,14.301000,0.402000,-61,0.000000,7,8
1,15.000000,14.226000,0.465000,-60,0.000000,7,8
1,15.000000,14.229000,0.427000,-60,0.000000,7,8
1,15.000000,14.341000,0.414000,-60,0.000000,7,8
1,15.000000,14.182000,0.441000,-60,0.000000,7,8
1,15.000000,14.266000,0.425000,-60,0.000000,7,8
1,15.000000,14.263000,0.485000,-60,0.000000,7,8
1,15.000000,14.216000,0.424000,-60,0.000000,7,8
1,15.000000,14.335000,0.420000,-60,0.000000,7,8
1,15.000000,14.266000,0.410000,-60,0.000000,7,8
1,15.000000,14.229000,0.425000,-60,0.000000,7,8
1,15.000000,14.266000,0.459000,-60,0.000000,7,8
1,15.000000,14.141000,0.544000,-60,0.000000,7,8
1,15.000000,14.219000,0.460000,-60,0.000000,7,8
1,15.000000,14.304000,0.428000,-60,0.000000,7,8
1,15.000000,14.341000,0.410000,-60,0.000000,7,8
1,15.000000,14.307000,0.355000,-60,0.000000,7,8
1,15.000000,14.376000,0.385000,-60,0.000000,7,8
1,15.000000,14.229000,0.449000,-60,0.000000,7,8
1,15.000000,14.301000,0.431000,-60,0.000000,7,8
1,15.000000,14.229000,0.464000,-60,0.000000,7,8
1,15.000000,14.304000,0.415000,-60,0.000000,7,8
1,15.000000,14.294000,0.373000,-60,0.000000,7,8
1,15.000000,14.379000,0.447000,-61,0.000000,7,8
1,15.000000,14.341000,0.379000,-60,0.000000,7,8
1,15.000000,14.144000,0.484000,-60,0.000000,7,8
1,15.000000,14.263000,0.457000,-61,0.000000,7,8
1,15.000000,14.263000,0.465000,-61,0.000000,7,8
1,15.000000,14.335000,0.465000,-61,0.000000,7,8
1,15.000000,14.188000,0.464000,-61,0.000000,7,8
1,15.000000,14.379000,0.387000,-61,0.000000,7,8
1,15.000000,14.298000,0.460000,-61,0.000000,7,8
1,15.000000,14.304000,0.426000,-62,0.000000,7,8
1,15.000000,14.298000,0.432000,-62,0.000000,7,8
1,15.000000,14.335000,0.448000,-61,0.000000,7,8
1,15.000000,14.266000,0.432000,-61,0.000000,7,8
1,15.000000,14.266000,0.481000,-61,0.000000,7,8
1,15.000000,14.301000,0.447000,-62,0.000000,7,8
1,15.000000,14.301000,0.481000,-61,0.000000,7,8
1,15.000000,14.304000,0.424000,-61,0.000000,7,8
1,15.000000,14.416000,0.385000,-62,0.000000,7,8
1,15.000000,14.301000,0.494000,-62,0.000000,7,8
1,15.000000,14.385000,0.393000,-62,0.000000,7,8
1,15.000000,14.379000,0.421000,-62,0.000000,7,8
1,15.000000,14.263000,0.510000,-62,0.000000,7,8
1,15.000000,14.257000,0.445000,-62,0.000000,7,8
1,15.000000,14.376000,0.374000,-62,0.000000,7,8
1,15.000000,14.298000,0.443000,-62,0.000000,7,8
1,15.000000,14.257000,0.460000,-61,0.000000,7,8
1,15.000000,14.341000,0.422000,-62,0.000000,7,8
1,15.000000,14.304000,0.424000,-62,0.000000,7,8
1,15.000000,14.341000,0.437000,-61,0.000000,7,8
1,15.000000,14.257000,0.435000,-61,0.000000,7,8
1,15.000000,14.229000,0.494000,-61,0.000000,7,8
1,15.000000,14.304000,0.405000,-62,0.000000,7,8
1,15.000000,14.338000,0.456000,-61,0.000000,7,8
1,15.000000,14.179000,0.477000,-62,0.000000,7,8
1,15.000000,14.298000,0.457000,-62,0.000000,7,8
1,15.000000,14.179000,0.437000,-61,0.000000,7,8
1,15.000000,14.185000,0.500000,-61,0.000000,7,8
1,15.000000,14.191000,0.486000,-61,0.000000,7,8
1,15.000000,14.266000,0.419000,-61,0.000000,7,8
1,15.000000,14.257000,0.503000,-62,0.000000,7,8
1,15.000000,14.191000,0.463000,-61,0.000000,7,8
1,15.000000,14.257000,0.420000,-61,0.000000,7,8
1,15.000000,14.229000,0.491000,-61,0.000000,7,8
1,15.000000,14.301000,0.444000,-60,0.000000,7,8
1,15.000000,14.219000,0.469000,-60,0.000000,7,8
1,15.000000,14.229000,0.427000,-61,0.000000,7,8
1,15.000000,14.141000,0.507000,-61,0.000000,7,8
1,15.000000,14.257000,0.420000,-60,0.000000,7,8
1,15.000000,14.335000,0.435000,-60,0.000000,7,8
1,15.000000,14.341000,0.397000,-61,0.000000,7,8
1,15.000000,14.107000,0.492000,-60,0.000000,7,8
1,15.000000,14.304000,0.442000,-61,0.000000,7,8
1,15.000000,14.179000,0.451000,-61,0.000000,7,8
1,15.000000,14.223000,0.463000,-60,0.000000,7,8
1,15.000000,14.335000,0.370000,-60,0.000000,7,8
1,15.000000,14.185000,0.474000,-61,0.000000,7,8
1,15.000000,14.141000,0.482000,-61,0.000000,7,8
1,15.000000,14.335000,0.397000,-61,0.000000,7,8
1,15.000000,14.263000,0.397000,-61,0.000000,7,8
1,15.000000,14.182000,0.520000,-61,0.000000,7,8
1,15.000000,14.223000,0.449000,-61,0.000000,7,8
1,15.000000,14.219000,0.419000,-61,0.000000,7,8
1,15.000000,14.229000,0.439000,-61,0.000000,7,8
1,15.000000,14.341000,0.418000,-61,0.000000,7,8
1,15.000000,14.179000,0.466000,-61,0.000000,7,8
1,15.000000,14.338000,0.456000,-61,0.000000,7,8
1,15.000000,14.141000,0.483000,-61,0.000000,7,8
1,15.000000,14.266000,0.439000,-61,0.000000,7,8
1,15.000000,14.301000,0.470000,-61,0.000000,7,8
1,15.000000,14.141000,0.535000,-60,0.000000,7,8
1,15.000000,14.179000,0.466000,-60,0.000000,7,8
1,15.000000,14.266000,0.412000,-61,0.000000,7,8
1,15.000000,14.304000,0.415000,-61,0.000000,7,8
1,15.000000,14.229000,0.457000,-61,0.000000,7,8
1,15.000000,14.266000,0.425000,-61,0.000000,7,8
1,15.000000,14.298000,0.412000,-61,0.000000,7,8
1,15.000000,14.379000,0.425000,-61,0.000000,7,8
1,15.000000,14.379000,0.410000,-61,0.000000,7,8
1,15.000000,14.151000,0.445000,-61,0.000000,7,8
1,15.000000,14.301000,0.461000,-61,0.000000,7,8
1,15.000000,14.376000,0.396000,-61,0.000000,7,8
1,15.000000,14.269000,0.426000,-62,0.000000,7,8
1,15.000000,14.335000,0.399000,-61,0.000000,7,8
1,15.000000,14.219000,0.445000,-61,0.000000,7,8
1,15.000000,14.257000,0.471000,-61,0.000000,7,8
1,15.000000,14.298000,0.415000,-61,0.000000,7,8
1,15.000000,14.341000,0.398000,-61,0.000000,7,8
1,15.000000,14.182000,0.431000,-61,0.000000,7,8
1,15.000000,14.338000,0.427000,-61,0.000000,7,8
1,15.000000,14.219000,0.454000,-61,0.000000,7,8
1,15.000000,14.298000,0.441000,-61,0.000000,7,8
1,15.000000,14.257000,0.421000,-61,0.000000,7,8
1,15.000000,14.266000,0.442000,-61,0.000000,7,8
1,15.000000,14.338000,0.391000,-60,0.000000,7,8
1,15.000000,14.304000,0.440000,-61,0.000000,7,8
1,15.000000,14.216000,0.441000,-61,0.000000,7,8
1,15.000000,14.266000,0.459000,-61,0.000000,7,8
1,15.000000,14.304000,0.496000,-61,0.000000,7,8
1,15.000000,14.263000,0.503000,-61,0.000000,7,8
1,15.000000,14.266000,0.425000,-61,0.000000,7,8
1,15.000000,14.298000,0.444000,-61,0.000000,7,8
1,15.000000,14.148000,0.499000,-61,0.000000,7,8
1,15.000000,14.179000,0.484000,-62,0.000000,7,8
1,15.000000,14.307000,0.409000,-61,0.000000,7,8
1,15.000000,14.229000,0.457000,-61,0.000000,7,8
1,15.000000,14.269000,0.429000,-61,0.000000,7,8
1,15.000000,14.304000,0.410000,-61,0.000000,7,8
1,15.000000,14.341000,0.383000,-61,0.000000,7,8
1,15.000000,14.301000,0.444000,-61,0.000000,7,8
1,15.000000,14.257000,0.422000,-61,0.000000,7,8
1,15.000000,14.341000,0.438000,-61,0.000000,7,8
1,15.000000,14.229000,0.421000,-61,0.000000,7,8
1,15.000000,14.266000,0.440000,-61,0.000000,7,8
1,15.000000,14.307000,0.349000,-61,0.000000,7,8
1,15.000000,14.491000,0.305000,-61,0.000000,7,8
1,15.000000,14.341000,0.393000,-61,0.000000,7,8
1,15.000000,14.379000,0.369000,-61,0.000000,7,8
1,15.000000,14.422000,0.339000,-61,0.000000,7,8
1,15.000000,14.416000,0.403000,-62,0.000000,7,8
1,15.000000,14.416000,0.326000,-61,0.000000,7,8
1,15.000000,14.266000,0.424000,-61,0.000000,7,8
1,15.000000,14.260000,0.444000,-61,0.000000,7,8
1,15.000000,14.266000,0.442000,-61,0.000000,7,8
1,15.000000,14.266000,0.425000,-61,0.000000,7,8
1,15.000000,14.298000,0.408000,-61,0.000000,7,8
1,15.000000,14.257000,0.438000,-61,0.000000,7,8
1,15.000000,14.304000,0.396000,-61,0.000000,7,8
1,15.000000,14.301000,0.419000,-61,0.000000,7,8
1,15.000000,14.266000,0.473000,-61,0.000000,7,8
1,15.000000,14.304000,0.391000,-61,0.000000,7,8
1,15.000000,14.216000,0.484000,-61,0.000000,7,8
1,15.000000,14.179000,0.466000,-61,0.000000,7,8
1,15.000000,14.191000,0.477000,-60,0.000000,7,8
1,15.000000,14.338000,0.420000,-61,0.000000,7,8
1,15.000000,14.301000,0.440000,-61,0.000000,7,8
1,15.000000,14.266000,0.410000,-61,0.000000,7,8
1,15.000000,14.257000,0.414000,-61,0.000000,7,8
1,15.000000,14.301000,0.429000,-60,0.000000,7,8
1,15.000000,14.304000,0.413000,-61,0.000000,7,8
1,15.000000,14.304000,0.409000,-61,0.000000,7,8
1,15.000000,14.266000,0.423000,-61,0.000000,7,8
1,15.000000,14.298000,0.423000,-61,0.000000,7,8
1,15.000000,14.269000,0.463000,-61,0.000000,7,8
1,15.000000,14.304000,0.430000,-61,0.000000,7,8
1,15.000000,14.382000,0.397000,-62,0.000000,7,8
1,15.000000,14.454000,0.381000,-61,0.000000,7,8
1,15.000000,14.304000,0.420000,-61,0.000000,7,8
1,15.000000,14.266000,0.454000,-61,0.000000,7,8
1,15.000000,14.229000,0.430000,-62,0.000000,7,8
1,15.000000,14.257000,0.450000,-61,0.000000,7,8
1,15.000000,14.413000,0.383000,-61,0.000000,7,8
1,15.000000,14.179000,0.452000,-62,0.000000,7,8
1,15.000000,14.266000,0.459000,-62,0.000000,7,8
1,15.000000,14.338000,0.407000,-61,0.000000,7,8
1,15.000000,14.263000,0.467000,-61,0.000000,7,8
1,15.000000,14.260000,0.412000,-62,0.000000,7,8
1,15.000000,14.260000,0.504000,-61,0.000000,7,8
1,15.000000,14.260000,0.425000,-61,0.000000,7,8
1,15.000000,14.298000,0.408000,-61,0.000000,7,8
1,15.000000,14.229000,0.529000,-61,0.000000,7,8
1,15.000000,14.219000,0.537000,-61,0.000000,7,8
1,15.000000,14.266000,0.480000,-61,0.000000,7,8
1,15.000000,14.298000,0.450000,-61,0.000000,7,8
1,15.000000,14.376000,0.361000,-62,0.000000,7,8
1,15.000000,14.257000,0.502000,-62,0.000000,7,8
1,15.000000,14.335000,0.473000,-62,0.000000,7,8
1,15.000000,14.298000,0.439000,-61,0.000000,7,8
1,15.000000,14.266000,0.489000,-61,0.000000,7,8
1,15.000000,14.266000,0.448000,-61,0.000000,7,8
1,15.000000,14.379000,0.430000,-61,0.000000,7,8
1,15.000000,14.304000,0.454000,-61,0.000000,7,8
1,15.000000,14.223000,0.428000,-61,0.000000,7,8
1,15.000000,14.104000,0.503000,-61,0.000000,7,8
1,15.000000,14.229000,0.519000,-60,0.000000,7,8
1,15.000000,14.141000,0.472000,-61,0.000000,7,8
1,15.000000,14.219000,0.451000,-61,0.000000,7,8
1,15.000000,14.301000,0.423000,-60,0.000000,7,8
1,15.000000,14.379000,0.408000,-61,0.000000,7,8
1,15.000000,14.269000,0.435000,-61,0.000000,7,8
1,15.000000,14.304000,0.413000,-61,0.000000,7,8
1,15.000000,14.298000,0.349000,-62,0.000000,7,8
1,15.000000,14.266000,0.402000,-62,0.000000,7,8
1,15.000000,14.229000,0.419000,-62,0.000000,7,8
1,15.000000,14.266000,0.459000,-62,0.000000,7,8
1,15.000000,14.266000,0.425000,-62,0.000000,7,8
1,15.000000,14.260000,0.499000,-61,0.000000,7,8
1,15.000000,14.266000,0.472000,-60,0.000000,7,8
1,15.000000,14.304000,0.421000,-62,0.000000,7,8
1,15.000000,14.179000,0.474000,-62,0.000000,7,8
1,15.000000,14.341000,0.506000,-61,0.000000,7,8
1,15.000000,14.185000,0.548000,-61,0.000000,7,8
1,15.000000,14.341000,0.509000,-61,0.000000,7,8
1,15.000000,14.266000,0.519000,-62,0.000000,7,8
1,15.000000,14.379000,0.503000,-62,0.000000,7,8
1,15.000000,14.182000,0.617000,-62,0.000000,7,8
1,15.000000,14.416000,0.395000,-62,0.000000,7,8
1,15.000000,14.260000,0.488000,-62,0.000000,7,8
1,15.000000,14.216000,0.523000,-62,0.000000,7,8
1,15.000000,14.341000,0.454000,-62,0.000000,7,8
1,15.000000,14.176000,0.538000,-62,0.000000,7,8
1,15.000000,14.148000,0.531000,-61,0.000000,7,8
1,15.000000,14.304000,0.468000,-62,0.000000,7,8
1,15.000000,14.229000,0.477000,-62,0.000000,7,8
1,15.000000,14.260000,0.572000,-62,0.000000,7,8
1,15.000000,14.216000,0.484000,-62,0.000000,7,8
1,15.000000,14.332000,0.485000,-62,0.000000,7,8
1,15.000000,14.266000,0.459000,-62,0.000000,7,8
1,15.000000,14.304000,0.472000,-62,0.000000,7,8
1,15.000000,14.257000,0.501000,-62,0.000000,7,8
1,15.000000,14.335000,0.376000,-62,0.000000,7,8
1,15.000000,14.185000,0.541000,-61,0.000000,7,8
1,15.000000,14.179000,0.507000,-61,0.000000,7,8
1,15.000000,14.263000,0.529000,-61,0.000000,7,8
1,15.000000,14.148000,0.518000,-60,0.000000,7,8
1,15.000000,14.069000,0.501000,-60,0.000000,7,8
1,15.000000,14.182000,0.507000,-62,0.000000,7,8
1,15.000000,14.154000,0.498000,-62,0.000000,7,8
1,15.000000,14.229000,0.492000,-62,0.000000,7,8
1,15.000000,14.226000,0.511000,-62,0.000000,7,8
1,15.000000,14.179000,0.673000,-63,0.000000,7,8
1,15.000000,14.298000,0.628000,-62,0.000000,7,8
1,15.000000,14.266000,0.395000,-63,0.000000,7,8
1,15.000000,14.182000,0.490000,-63,0.000000,7,8
1,15.000000,14.179000,0.556000,-63,0.000000,7,8
1,15.000000,14.185000,0.570000,-62,0.000000,7,8
1,15.000000,14.216000,0.676000,-63,0.000000,7,8
1,15.000000,14.223000,0.690000,-63,0.000000,7,8
1,15.000000,14.185000,0.504000,-62,0.000000,7,8
1,15.000000,14.141000,0.694000,-62,0.000000,7,8
1,15.000000,14.179000,0.619000,-63,0.000000,7,8
1,15.000000,14.304000,0.568000,-61,0.000000,7,8
1,15.000000,14.304000,0.445000,-62,0.000000,7,8
1,15.000000,14.141000,0.499000,-62,0.000000,7,8
1,15.000000,14.104000,0.497000,-63,0.000000,7,8
1,15.000000,14.266000,0.382000,-62,0.000000,7,8
1,15.000000,14.191000,0.445000,-62,0.000000,7,8
1,15.000000,14.254000,0.449000,-63,0.000000,7,8
1,15.000000,14.188000,0.543000,-62,0.000000,7,8
1,15.000000,14.185000,0.587000,-62,0.000000,7,8
1,15.000000,14.223000,0.484000,-62,0.000000,7,8
1,15.000000,14.266000,0.486000,-62,0.000000,7,8
1,15.000000,14.104000,0.647000,-62,0.000000,7,8
1,15.000000,14.179000,0.501000,-63,0.000000,7,8
1,15.000000,14.266000,0.571000,-62,0.000000,7,8
1,15.000000,14.148000,0.643000,-62,0.000000,7,8
1,15.000000,14.266000,0.474000,-62,0.000000,7,8
1,15.000000,14.304000,0.442000,-62,0.000000,7,8
1,15.000000,14.219000,0.411000,-62,0.000000,7,8
1,15.000000,14.226000,0.541000,-61,0.000000,7,8
1,15.000000,14.229000,0.507000,-61,0.000000,7,8
1,15.000000,14.263000,0.467000,-61,0.000000,7,8
1,15.000000,14.226000,0.522000,-61,0.000000,7,8
1,15.000000,14.263000,0.537000,-62,0.000000,7,8
1,15.000000,14.229000,0.561000,-62,0.000000,7,8
1,15.000000,14.179000,0.544000,-62,0.000000,7,8
1,15.000000,14.226000,0.561000,-62,0.000000,7,8
1,15.000000,14.304000,0.546000,-63,0.000000,7,8
1,15.000000,14.185000,0.677000,-63,0.000000,7,8
1,15.000000,14.266000,0.602000,-62,0.000000,7,8
1,15.000000,14.229000,0.635000,-63,0.000000,7,8
1,15.000000,14.298000,0.639000,-62,0.000000,7,8
1,15.000000,14.219000,0.634000,-62,0.000000,7,8
1,15.000000,14.179000,0.699000,-62,0.000000,7,8
1,15.000000,14.338000,0.581000,-62,0.000000,7,8
1,15.000000,14.141000,0.706000,-63,0.000000,7,8
1,15.000000,14.260000,0.612000,-63,0.000000,7,8
1,15.000000,14.179000,0.653000,-62,0.000000,7,8
1,15.000000,14.301000,0.620000,-62,0.000000,7,8
1,15.000000,14.141000,0.720000,-62,0.000000,7,8
1,15.000000,14.257000,0.623000,-62,0.000000,7,8
1,15.000000,14.304000,0.579000,-62,0.000000,7,8
1,15.000000,14.301000,0.627000,-62,0.000000,7,8
1,15.000000,14.226000,0.647000,-62,0.000000,7,8
1,15.000000,14.301000,0.582000,-62,0.000000,7,8
1,15.000000,14.301000,0.610000,-62,0.000000,7,8
1,15.000000,14.226000,0.641000,-62,0.000000,7,8
1,15.000000,14.260000,0.671000,-62,0.000000,7,8
1,15.000000,14.301000,0.632000,-62,0.000000,7,8
1,15.000000,14.216000,0.667000,-62,0.000000,7,8
1,15.000000,14.301000,0.582000,-62,0.000000,7,8
1,15.000000,14.263000,0.607000,-62,0.000000,7,8
1,15.000000,14.266000,0.617000,-62,0.000000,7,8
1,15.000000,14.338000,0.637000,-62,0.000000,7,8
1,15.000000,14.266000,0.681000,-62,0.000000,7,8
1,15.000000,14.301000,0.627000,-62,0.000000,7,8
1,15.000000,14.304000,0.631000,-62,0.000000,7,8
1,15.000000,14.216000,0.700000,-62,0.000000,7,8
1,15.000000,14.263000,0.563000,-62,0.000000,7,8
1,15.000000,14.260000,0.671000,-62,0.000000,7,8
1,15.000000,14.223000,0.661000,-62,0.000000,7,8
1,15.000000,14.298000,0.631000,-62,0.000000,7,8
1,15.000000,14.219000,0.693000,-62,0.000000,7,8
1,15.000000,14.304000,0.551000,-62,0.000000,7,8
1,15.000000,14.188000,0.652000,-62,0.000000,7,8
1,15.000000,14.341000,0.609000,-62,0.000000,7,8
1,15.000000,14.260000,0.670000,-62,0.000000,7,8
1,15.000000,14.266000,0.640000,-62,0.000000,7,8
1,15.000000,14.141000,0.767000,-62,0.000000,7,8
1,15.000000,14.304000,0.637000,-62,0.000000,7,8
1,15.000000,14.260000,0.609000,-62,0.000000,7,8
1,15.000000,14.179000,0.630000,-62,0.000000,7,8
1,15.000000,14.219000,0.707000,-62,0.000000,7,8
1,15.000000,14.266000,0.649000,-62,0.000000,7,8
1,15.000000,14.229000,0.674000,-62,0.000000,7,8
1,15.000000,14.216000,0.666000,-62,0.000000,7,8
1,15.000000,14.216000,0.642000,-62,0.000000,7,8
1,15.000000,14.257000,0.596000,-62,0.000000,7,8
1,15.000000,14.260000,0.643000,-62,0.000000,7,8
1,15.000000,14.266000,0.695000,-62,0.000000,7,8
1,15.000000,14.335000,0.649000,-62,0.000000,7,8
1,15.000000,14.223000,0.690000,-62,0.000000,7,8
1,15.000000,14.223000,0.650000,-62,0.000000,7,8
1,15.000000,14.182000,0.706000,-62,0.000000,7,8
1,15.000000,14.229000,0.687000,-62,0.000000,7,8
1,15.000000,14.182000,0.723000,-62,0.000000,7,8
1,15.000000,14.179000,0.688000,-62,0.000000,7,8
1,15.000000,14.260000,0.620000,-62,0.000000,7,8
1,15.000000,14.304000,0.643000,-62,0.000000,7,8
1,15.000000,14.141000,0.732000,-62,0.000000,7,8
1,15.000000,14.223000,0.691000,-62,0.000000,7,8
1,15.000000,14.338000,0.641000,-62,0.000000,7,8
1,15.000000,14.304000,0.641000,-62,0.000000,7,8
1,15.000000,14.263000,0.621000,-62,0.000000,7,8
1,15.000000,14.229000,0.692000,-62,0.000000,7,8
1,15.000000,14.179000,0.708000,-62,0.000000,7,8
1,15.000000,14.304000,0.655000,-62,0.000000,7,8
1,15.000000,14.141000,0.709000,-62,0.000000,7,8
1,15.000000,14.179000,0.669000,-62,0.000000,7,8
1,15.000000,14.188000,0.733000,-62,0.000000,7,8
1,15.000000,14.229000,0.621000,-62,0.000000,7,8
1,15.000000,14.379000,0.503000,-62,0.000000,7,8
1,15.000000,14.179000,0.678000,-62,0.000000,7,8
1,15.000000,14.304000,0.600000,-62,0.000000,7,8
1,15.000000,14.141000,0.652000,-62,0.000000,7,8
1,15.000000,14.304000,0.584000,-62,0.000000,7,8
1,15.000000,14.263000,0.581000,-62,0.000000,7,8
1,15.000000,14.266000,0.592000,-62,0.000000,7,8
1,15.000000,14.304000,0.582000,-62,0.000000,7,8
1,15.000000,14.263000,0.637000,-62,0.000000,7,8
1,15.000000,14.144000,0.716000,-62,0.000000,7,8
1,15.000000,14.260000,0.599000,-62,0.000000,7,8
1,15.000000,14.141000,0.691000,-63,0.000000,7,8
1,15.000000,14.188000,0.625000,-62,0.000000,7,8
1,15.000000,14.301000,0.640000,-62,0.000000,7,8
1,15.000000,14.179000,0.713000,-62,0.000000,7,8
1,15.000000,14.229000,0.711000,-62,0.000000,7,8
1,15.000000,14.229000,0.635000,-62,0.000000,7,8
1,15.000000,14.304000,0.582000,-62,0.000000,7,8
1,15.000000,14.304000,0.661000,-62,0.000000,7,8
1,15.000000,14.266000,0.664000,-62,0.000000,7,8
1,15.000000,14.266000,0.640000,-62,0.000000,7,8
1,15.000000,14.141000,0.671000,-62,0.000000,7,8
1,15.000000,14.266000,0.623000,-62,0.000000,7,8
1,15.000000,14.266000,0.700000,-62,0.000000,7,8
1,15.000000,14.341000,0.610000,-62,0.000000,7,8
1,15.000000,14.341000,0.551000,-62,0.000000,7,8
1,15.000000,14.219000,0.695000,-62,0.000000,7,8
1,15.000000,14.260000,0.656000,-62,0.000000,7,8
1,15.000000,14.179000,0.673000,-62,0.000000,7,8
1,15.000000,14.263000,0.639000,-62,0.000000,7,8
1,15.000000,14.301000,0.646000,-62,0.000000,7,8
1,15.000000,14.266000,0.666000,-63,0.000000,7,8
1,15.000000,14.347000,0.640000,-62,0.000000,7,8
1,15.000000,14.304000,0.612000,-62,0.000000,7,8
1,15.000000,14.298000,0.622000,-62,0.000000,7,8
1,15.000000,14.301000,0.630000,-62,0.000000,7,8
1,15.000000,14.379000,0.549000,-62,0.000000,7,8
1,15.000000,14.179000,0.673000,-62,0.000000,7,8
1,15.000000,14.257000,0.701000,-62,0.000000,7,8
1,15.000000,14.298000,0.570000,-62,0.000000,7,8
1,15.000000,14.260000,0.663000,-62,0.000000,7,8
1,15.000000,14.341000,0.609000,-62,0.000000,7,8
1,15.000000,14.257000,0.625000,-62,0.000000,7,8
1,15.000000,14.263000,0.629000,-62,0.000000,7,8
1,15.000000,14.263000,0.577000,-62,0.000000,7,8
1,15.000000,14.226000,0.625000,-62,0.000000,7,8
1,15.000000,14.229000,0.649000,-62,0.000000,7,8
1,15.000000,14.229000,0.649000,-63,0.000000,7,8
1,15.000000,14.223000,0.673000,-62,0.000000,7,8
1,15.000000,14.304000,0.638000,-62,0.000000,7,8
1,15.000000,14.341000,0.575000,-62,0.000000,7,8
1,15.000000,14.185000,0.677000,-62,0.000000,7,8
1,15.000000,14.216000,0.700000,-62,0.000000,7,8
1,15.000000,14.298000,0.636000,-62,0.000000,7,8
1,15.000000,14.298000,0.631000,-62,0.000000,7,8
1,15.000000,14.266000,0.701000,-62,0.000000,7,8
1,15.000000,14.341000,0.592000,-62,0.000000,7,8
1,15.000000,14.266000,0.670000,-62,0.000000,7,8
1,15.000000,14.266000,0.644000,-62,0.000000,7,8
1,15.000000,14.263000,0.636000,-62,0.000000,7,8
1,15.000000,14.335000,0.628000,-62,0.000000,7,8
1,15.000000,14.379000,0.586000,-62,0.000000,7,8
1,15.000000,14.266000,0.627000,-62,0.000000,7,8
1,15.000000,14.301000,0.620000,-62,0.000000,7,8
1,15.000000,14.216000,0.687000,-62,0.000000,7,8
1,15.000000,14.266000,0.701000,-62,0.000000,7,8
1,15.000000,14.266000,0.618000,-62,0.000000,7,8
1,15.000000,14.182000,0.692000,-62,0.000000,7,8
1,15.000000,14.179000,0.695000,-62,0.000000,7,8
1,15.000000,14.260000,0.608000,-62,0.000000,7,8
1,15.000000,14.141000,0.754000,-62,0.000000,7,8
1,15.000000,14.179000,0.673000,-61,0.000000,7,8
1,15.000000,14.304000,0.679000,-62,0.000000,7,8
1,15.000000,14.179000,0.703000,-62,0.000000,7,8
1,15.000000,14.179000,0.651000,-62,0.000000,7,8
1,15.000000,14.260000,0.647000,-62,0.000000,7,8
1,15.000000,14.179000,0.665000,-62,0.000000,7,8
1,15.000000,14.223000,0.646000,-62,0.000000,7,8
1,15.000000,14.216000,0.701000,-61,0.000000,7,8
1,15.000000,14.266000,0.616000,-62,0.000000,7,8
1,15.000000,14.229000,0.713000,-62,0.000000,7,8
1,15.000000,14.226000,0.662000,-62,0.000000,7,8
1,15.000000,14.179000,0.563000,-62,0.000000,7,8
1,15.000000,14.341000,0.557000,-62,0.000000,7,8
1,15.000000,14.216000,0.628000,-62,0.000000,7,8
1,15.000000,14.266000,0.630000,-62,0.000000,7,8
1,15.000000,14.266000,0.627000,-62,0.000000,7,8
1,15.000000,14.148000,0.676000,-62,0.000000,7,8
1,15.000000,14.110000,0.708000,-62,0.000000,7,8
1,15.000000,14.223000,0.638000,-62,0.000000,7,8
1,15.000000,14.219000,0.660000,-62,0.000000,7,8
1,15.000000,14.104000,0.656000,-62,0.000000,7,8
1,15.000000,14.341000,0.562000,-62,0.000000,7,8
1,15.000000,14.216000,0.686000,-62,0.000000,7,8
1,15.000000,14.185000,0.685000,-62,0.000000,7,8
1,15.000000,14.304000,0.589000,-62,0.000000,7,8
1,15.000000,14.066000,0.695000,-62,0.000000,7,8
1,15.000000,14.257000,0.641000,-62,0.000000,7,8
1,15.000000,14.379000,0.589000,-62,0.000000,7,8
1,15.000000,14.185000,0.614000,-62,0.000000,7,8
1,15.000000,14.144000,0.688000,-62,0.000000,7,8
1,15.000000,14.338000,0.582000,-62,0.000000,7,8
1,15.000000,14.260000,0.665000,-62,0.000000,7,8
1,15.000000,14.266000,0.585000,-62,0.000000,7,8
1,15.000000,14.179000,0.680000,-62,0.000000,7,8
1,15.000000,14.229000,0.692000,-62,0.000000,7,8
1,15.000000,14.257000,0.620000,-62,0.000000,7,8
1,15.000000,14.260000,0.631000,-62,0.000000,7,8
1,15.000000,14.260000,0.620000,-62,0.000000,7,8
1,15.000000,14.263000,0.580000,-62,0.000000,7,8
1,15.000000,14.298000,0.651000,-62,0.000000,7,8
1,15.000000,14.304000,0.591000,-62,0.000000,7,8
1,15.000000,14.141000,0.715000,-62,0.000000,7,8
1,15.000000,14.229000,0.619000,-62,0.000000,7,8
1,15.000000,14.341000,0.602000,-62,0.000000,7,8
1,15.000000,14.179000,0.676000,-62,0.000000,7,8
1,15.000000,14.226000,0.668000,-62,0.000000,7,8
1,15.000000,14.266000,0.674000,-62,0.000000,7,8
1,15.000000,14.141000,0.696000,-62,0.000000,7,8
1,15.000000,14.179000,0.661000,-62,0.000000,7,8
1,15.000000,14.179000,0.681000,-62,0.000000,7,8
1,15.000000,14.298000,0.589000,-62,0.000000,7,8
1,15.000000,14.219000,0.704000,-62,0.000000,7,8
1,15.000000,14.263000,0.628000,-62,0.000000,7,8
1,15.000000,14.226000,0.662000,-62,0.000000,7,8
1,15.000000,14.226000,0.642000,-62,0.000000,7,8
1,15.000000,14.260000,0.619000,-62,0.000000,7,8
1,15.000000,14.263000,0.641000,-62,0.000000,7,8
1,15.000000,14.219000,0.646000,-62,0.000000,7,8
1,15.000000,14.341000,0.562000,-62,0.000000,7,8
1,15.000000,14.379000,0.517000,-62,0.000000,7,8
1,15.000000,14.223000,0.673000,-62,0.000000,7,8
1,15.000000,14.179000,0.686000,-62,0.000000,7,8
1,15.000000,14.298000,0.621000,-62,0.000000,7,8
1,15.000000,14.216000,0.652000,-62,0.000000,7,8
1,15.000000,14.266000,0.577000,-62,0.000000,7,8
1,15.000000,14.104000,0.679000,-62,0.000000,7,8
1,15.000000,14.229000,0.664000,-62,0.000000,7,8
1,15.000000,14.179000,0.685000,-62,0.000000,7,8
1,15.000000,14.223000,0.624000,-62,0.000000,7,8
1,15.000000,14.341000,0.604000,-62,0.000000,7,8
1,15.000000,14.191000,0.662000,-62,0.000000,7,8
1,15.000000,14.104000,0.727000,-62,0.000000,7,8
1,15.000000,14.229000,0.668000,-62,0.000000,7,8
1,15.000000,14.266000,0.633000,-62,0.000000,7,8
1,15.000000,14.266000,0.614000,-62,0.000000,7,8
1,15.000000,14.304000,0.542000,-61,0.000000,7,8
1,15.000000,14.179000,0.636000,-62,0.000000,7,8
1,15.000000,14.182000,0.670000,-61,0.000000,7,8
1,15.000000,14.179000,0.708000,-62,0.000000,7,8
1,15.000000,14.263000,0.584000,-62,0.000000,7,8
1,15.000000,14.141000,0.675000,-62,0.000000,7,8
1,15.000000,14.185000,0.609000,-62,0.000000,7,8
1,15.000000,14.266000,0.650000,-62,0.000000,7,8
1,15.000000,14.304000,0.570000,-62,0.000000,7,8
1,15.000000,14.141000,0.714000,-62,0.000000,7,8
1,15.000000,14.179000,0.724000,-62,0.000000,7,8
1,15.000000,14.185000,0.704000,-62,0.000000,7,8
1,15.000000,14.226000,0.626000,-62,0.000000,7,8
1,15.000000,14.185000,0.627000,-62,0.000000,7,8
1,15.000000,14.188000,0.706000,-62,0.000000,7,8
1,15.000000,14.141000,0.728000,-62,0.000000,7,8
1,15.000000,14.141000,0.710000,-62,0.000000,7,8
1,15.000000,14.179000,0.719000,-62,0.000000,7,8
1,15.000000,14.229000,0.637000,-62,0.000000,7,8
1,15.000000,14.266000,0.642000,-62,0.000000,7,8
1,15.000000,14.188000,0.712000,-62,0.000000,7,8
1,15.000000,14.304000,0.610000,-62,0.000000,7,8
1,15.000000,14.188000,0.688000,-62,0.000000,7,8
1,15.000000,14.179000,0.716000,-62,0.000000,7,8
1,15.000000,14.179000,0.716000,-62,0.000000,7,8
1,15.000000,14.266000,0.658000,-62,0.000000,7,8
1,15.000000,14.335000,0.599000,-62,0.000000,7,8
1,15.000000,14.179000,0.717000,-62,0.000000,7,8
1,15.000000,14.266000,0.602000,-62,0.000000,7,8
1,15.000000,14.304000,0.632000,-62,0.000000,7,8
1,15.000000,14.301000,0.618000,-62,0.000000,7,8
1,15.000000,14.341000,0.634000,-62,0.000000,7,8
1,15.000000,14.223000,0.673000,-62,0.000000,7,8
1,15.000000,14.341000,0.557000,-62,0.000000,7,8
1,15.000000,14.185000,0.659000,-62,0.000000,7,8
1,15.000000,14.185000,0.686000,-62,0.000000,7,8
1,15.000000,14.301000,0.629000,-62,0.000000,7,8
1,15.000000,14.341000,0.593000,-62,0.000000,7,8
1,15.000000,14.301000,0.610000,-62,0.000000,7,8
1,15.000000,14.341000,0.542000,-62,0.000000,7,8
1,15.000000,14.216000,0.650000,-62,0.000000,7,8
1,15.000000,14.141000,0.710000,-62,0.000000,7,8
1,15.000000,14.341000,0.618000,-62,0.000000,7,8
1,15.000000,14.304000,0.619000,-62,0.000000,7,8
1,15.000000,14.266000,0.624000,-62,0.000000,7,8
1,15.000000,14.257000,0.608000,-62,0.000000,7,8
1,15.000000,14.304000,0.538000,-62,0.000000,7,8
1,15.000000,14.229000,0.649000,-62,0.000000,7,8
1,15.000000,14.266000,0.623000,-62,0.000000,7,8
1,15.000000,14.304000,0.562000,-62,0.000000,7,8
1,15.000000,14.341000,0.603000,-62,0.000000,7,8
1,15.000000,14.304000,0.617000,-62,0.000000,7,8
1,15.000000,14.104000,0.727000,-62,0.000000,7,8
1,15.000000,14.260000,0.541000,-62,0.000000,7,8
1,15.000000,14.338000,0.608000,-62,0.000000,7,8
1,15.000000,14.144000,0.700000,-63,0.000000,7,8
1,15.000000,14.179000,0.692000,-62,0.000000,7,8
1,15.000000,14.341000,0.538000,-62,0.000000,7,8
1,15.000000,14.229000,0.679000,-62,0.000000,7,8
1,15.000000,14.260000,0.637000,-62,0.000000,7,8
1,15.000000,14.219000,0.644000,-62,0.000000,7,8
1,15.000000,14.338000,0.580000,-62,0.000000,7,8
1,15.000000,14.266000,0.586000,-62,0.000000,7,8
1,15.000000,14.266000,0.586000,-62,0.000000,7,8
1,15.000000,14.338000,0.571000,-62,0.000000,7,8
1,15.000000,14.219000,0.621000,-62,0.000000,7,8
1,15.000000,14.379000,0.505000,-62,0.000000,7,8
1,15.000000,14.416000,0.559000,-62,0.000000,7,8
1,15.000000,14.335000,0.570000,-62,0.000000,7,8
1,15.000000,14.104000,0.679000,-62,0.000000,7,8
1,15.000000,14.304000,0.579000,-62,0.000000,7,8
1,15.000000,14.379000,0.562000,-62,0.000000,7,8
1,15.000000,14.294000,0.589000,-62,0.000000,7,8
1,15.000000,14.294000,0.605000,-62,0.000000,7,8
1,15.000000,14.266000,0.594000,-62,0.000000,7,8
1,15.000000,14.229000,0.665000,-62,0.000000,7,8
1,15.000000,14.266000,0.631000,-62,0.000000,7,8
1,15.000000,14.219000,0.695000,-62,0.000000,7,8
1,15.000000,14.223000,0.658000,-62,0.000000,7,8
1,15.000000,14.229000,0.666000,-62,0.000000,7,8
1,15.000000,14.260000,0.675000,-62,0.000000,7,8
1,15.000000,14.266000,0.645000,-62,0.000000,7,8
1,15.000000,14.229000,0.678000,-62,0.000000,7,8
1,15.000000,14.266000,0.614000,-62,0.000000,7,8
1,15.000000,14.229000,0.627000,-62,0.000000,7,8
1,15.000000,14.260000,0.644000,-62,0.000000,7,8
1,15.000000,14.260000,0.657000,-62,0.000000,7,8
1,15.000000,14.191000,0.654000,-62,0.000000,7,8
1,15.000000,14.185000,0.654000,-62,0.000000,7,8
1,15.000000,14.304000,0.608000,-62,0.000000,7,8
1,15.000000,14.341000,0.609000,-62,0.000000,7,8
1,15.000000,14.229000,0.668000,-62,0.000000,7,8
1,15.000000,14.219000,0.671000,-62,0.000000,7,8
1,15.000000,14.179000,0.646000,-62,0.000000,7,8
1,15.000000,14.341000,0.576000,-62,0.000000,7,8
1,15.000000,14.191000,0.654000,-62,0.000000,7,8
1,15.000000,14.260000,0.675000,-62,0.000000,7,8
1,15.000000,14.223000,0.610000,-62,0.000000,7,8
1,15.000000,14.304000,0.557000,-62,0.000000,7,8
1,15.000000,14.379000,0.532000,-62,0.000000,7,8
1,15.000000,14.223000,0.683000,-62,0.000000,7,8
1,15.000000,14.304000,0.638000,-62,0.000000,7,8
1,15.000000,14.185000,0.643000,-62,0.000000,7,8
1,15.000000,14.266000,0.616000,-62,0.000000,7,8
1,15.000000,14.263000,0.614000,-62,0.000000,7,8
1,15.000000,14.148000,0.668000,-62,0.000000,7,8
1,15.000000,14.341000,0.588000,-62,0.000000,7,8
1,15.000000,14.338000,0.627000,-62,0.000000,7,8
1,15.000000,14.341000,0.604000,-62,0.000000,7,8
1,15.000000,14.179000,0.728000,-62,0.000000,7,8
1,15.000000,14.229000,0.649000,-62,0.000000,7,8
1,15.000000,14.335000,0.632000,-62,0.000000,7,8
1,15.000000,14.229000,0.720000,-62,0.000000,7,8
1,15.000000,14.379000,0.582000,-62,0.000000,7,8
1,15.000000,14.254000,0.709000,-62,0.000000,7,8
1,15.000000,14.229000,0.663000,-62,0.000000,7,8
1,15.000000,14.182000,0.683000,-62,0.000000,7,8
1,15.000000,14.229000,0.706000,-62,0.000000,7,8
1,15.000000,14.219000,0.718000,-62,0.000000,7,8
1,15.000000,14.304000,0.558000,-62,0.000000,7,8
1,15.000000,14.263000,0.623000,-62,0.000000,7,8
1,15.000000,14.260000,0.669000,-62,0.000000,7,8
1,15.000000,14.182000,0.710000,-62,0.000000,7,8
1,15.000000,14.182000,0.677000,-62,0.000000,7,8
1,15.000000,14.341000,0.636000,-62,0.000000,7,8
1,15.000000,14.260000,0.639000,-62,0.000000,7,8
1,15.000000,14.266000,0.511000,-62,0.000000,7,8
1,15.000000,14.260000,0.462000,-61,0.000000,7,8
1,15.000000,14.179000,0.572000,-61,0.000000,7,8
1,15.000000,14.229000,0.587000,-61,0.000000,7,8
1,15.000000,14.266000,0.594000,-62,0.000000,7,8
1,15.000000,14.229000,0.719000,-62,0.000000,7,8
1,15.000000,14.223000,0.692000,-62,0.000000,7,8
1,15.000000,14.229000,0.780000,-62,0.000000,7,8
1,15.000000,14.179000,0.779000,-63,0.000000,7,8
1,15.000000,14.304000,0.727000,-63,0.000000,7,8
1,15.000000,14.144000,0.751000,-62,0.000000,7,8
1,15.000000,14.266000,0.519000,-63,0.000000,7,8
1,15.000000,14.229000,0.506000,-62,0.000000,7,8
1,15.000000,14.216000,0.509000,-62,0.000000,7,8
1,15.000000,14.182000,0.591000,-62,0.000000,7,8
1,15.000000,14.266000,0.516000,-60,0.000000,7,8
1,15.000000,14.266000,0.537000,-60,0.000000,7,8
1,15.000000,14.179000,0.561000,-60,0.000000,7,8
1,15.000000,14.223000,0.517000,-61,0.000000,7,8
1,15.000000,14.226000,0.597000,-61,0.000000,7,8
1,15.000000,14.066000,0.666000,-61,0.000000,7,8
1,15.000000,14.104000,0.637000,-62,0.000000,7,8
1,15.000000,14.179000,0.543000,-61,0.000000,7,8
1,15.000000,14.179000,0.595000,-61,0.000000,7,8
1,15.000000,14.216000,0.512000,-62,0.000000,7,8
1,15.000000,14.141000,0.519000,-61,0.000000,7,8
1,15.000000,14.338000,0.545000,-61,0.000000,7,8
1,15.000000,14.104000,0.613000,-61,0.000000,7,8
1,15.000000,14.229000,0.553000,-62,0.000000,7,8
1,15.000000,14.104000,0.587000,-61,0.000000,7,8
1,15.000000,14.141000,0.582000,-61,0.000000,7,8
1,15.000000,14.179000,0.543000,-62,0.000000,7,8
1,15.000000,14.104000,0.533000,-62,0.000000,7,8
1,15.000000,14.104000,0.565000,-62,0.000000,7,8
1,15.000000,14.029000,0.646000,-62,0.000000,7,8
1,15.000000,14.104000,0.535000,-62,0.000000,7,8
1,15.000000,14.104000,0.547000,-62,0.000000,7,8
1,15.000000,14.179000,0.570000,-62,0.000000,7,8
1,15.000000,14.141000,0.583000,-62,0.000000,7,8
1,15.000000,14.179000,0.553000,-63,0.000000,7,8
1,15.000000,14.107000,0.565000,-62,0.000000,7,8
1,15.000000,14.179000,0.528000,-62,0.000000,7,8
1,15.000000,14.148000,0.593000,-62,0.000000,7,8
1,15.000000,14.226000,0.617000,-63,0.000000,7,8
1,15.000000,14.260000,0.609000,-62,0.000000,7,8
1,15.000000,14.304000,0.526000,-62,0.000000,7,8
1,15.000000,14.179000,0.544000,-62,0.000000,7,8
1,15.000000,14.141000,0.625000,-62,0.000000,7,8
1,15.000000,14.260000,0.608000,-62,0.000000,7,8
1,15.000000,14.141000,0.576000,-62,0.000000,7,8
1,15.000000,14.107000,0.602000,-62,0.000000,7,8
1,15.000000,14.223000,0.542000,-62,0.000000,7,8
1,15.000000,14.304000,0.514000,-62,0.000000,7,8
1,15.000000,14.185000,0.555000,-62,0.000000,7,8
1,15.000000,14.266000,0.519000,-62,0.000000,7,8
1,15.000000,14.148000,0.638000,-62,0.000000,7,8
1,15.000000,14.226000,0.546000,-63,0.000000,7,8
1,15.000000,14.304000,0.531000,-62,0.000000,7,8
1,15.000000,14.104000,0.642000,-62,0.000000,7,8
1,15.000000,14.266000,0.575000,-62,0.000000,7,8
1,15.000000,14.266000,0.535000,-62,0.000000,7,8
1,15.000000,14.263000,0.593000,-62,0.000000,7,8
1,15.000000,14.226000,0.579000,-62,0.000000,7,8
1,15.000000,14.185000,0.560000,-62,0.000000,7,8
1,15.000000,14.188000,0.594000,-62,0.000000,7,8
1,15.000000,14.185000,0.610000,-62,0.000000,7,8
1,15.000000,14.141000,0.520000,-62,0.000000,7,8
1,15.000000,14.141000,0.602000,-62,0.000000,7,8
1,15.000000,14.229000,0.534000,-62,0.000000,7,8
1,15.000000,14.185000,0.553000,-62,0.000000,7,8
1,15.000000,14.266000,0.487000,-62,0.000000,7,8
1,15.000000,14.141000,0.596000,-62,0.000000,7,8
1,15.000000,14.144000,0.569000,-62,0.000000,7,8
1,15.000000,14.229000,0.534000,-62,0.000000,7,8
1,15.000000,14.223000,0.604000,-62,0.000000,7,8
1,15.000000,14.229000,0.519000,-62,0.000000,7,8
1,15.000000,14.182000,0.514000,-62,0.000000,7,8
1,15.000000,14.179000,0.603000,-62,0.000000,7,8
1,15.000000,14.266000,0.525000,-62,0.000000,7,8
1,15.000000,14.216000,0.528000,-62,0.000000,7,8
1,15.000000,14.101000,0.631000,-62,0.000000,7,8
1,15.000000,14.104000,0.582000,-62,0.000000,7,8
1,15.000000,14.141000,0.557000,-61,0.000000,7,8
1,15.000000,14.110000,0.605000,-62,0.000000,7,8
1,15.000000,14.179000,0.527000,-62,0.000000,7,8
1,15.000000,14.260000,0.500000,-62,0.000000,7,8
1,15.000000,14.104000,0.589000,-62,0.000000,7,8
1,15.000000,14.148000,0.600000,-62,0.000000,7,8
1,15.000000,14.188000,0.585000,-62,0.000000,7,8
1,15.000000,14.216000,0.551000,-62,0.000000,7,8
1,15.000000,14.229000,0.504000,-62,0.000000,7,8
1,15.000000,14.185000,0.533000,-62,0.000000,7,8
1,15.000000,14.223000,0.578000,-62,0.000000,7,8
1,15.000000,14.266000,0.511000,-62,0.000000,7,8
1,15.000000,14.226000,0.535000,-62,0.000000,7,8
1,15.000000,14.144000,0.578000,-62,0.000000,7,8
1,15.000000,14.185000,0.574000,-62,0.000000,7,8
1,15.000000,14.104000,0.552000,-62,0.000000,7,8
1,15.000000,14.179000,0.516000,-62,0.000000,7,8
1,15.000000,14.188000,0.563000,-62,0.000000,7,8
1,15.000000,14.148000,0.604000,-62,0.000000,7,8
1,15.000000,14.141000,0.520000,-62,0.000000,7,8
1,15.000000,14.185000,0.550000,-62,0.000000,7,8
1,15.000000,14.144000,0.571000,-62,0.000000,7,8
1,15.000000,14.304000,0.529000,-62,0.000000,7,8
1,15.000000,14.266000,0.542000,-62,0.000000,7,8
1,15.000000,14.104000,0.565000,-62,0.000000,7,8
1,15.000000,14.266000,0.489000,-62,0.000000,7,8
1,15.000000,14.188000,0.625000,-61,0.000000,7,8
1,15.000000,14.179000,0.577000,-62,0.000000,7,8
1,15.000000,14.179000,0.589000,-61,0.000000,7,8
1,15.000000,14.229000,0.519000,-61,0.000000,7,8
1,15.000000,14.304000,0.465000,-61,0.000000,7,8
1,15.000000,14.141000,0.548000,-62,0.000000,7,8
1,15.000000,14.185000,0.522000,-61,0.000000,7,8
1,15.000000,14.266000,0.528000,-61,0.000000,7,8
1,15.000000,14.144000,0.525000,-61,0.000000,7,8
1,15.000000,14.179000,0.540000,-61,0.000000,7,8
1,15.000000,14.148000,0.541000,-61,0.000000,7,8
1,15.000000,14.141000,0.604000,-62,0.000000,7,8
1,15.000000,14.148000,0.587000,-62,0.000000,7,8
1,15.000000,14.141000,0.626000,-61,0.000000,7,8
1,15.000000,14.029000,0.633000,-62,0.000000,7,8
1,15.000000,14.266000,0.520000,-62,0.000000,7,8
1,15.000000,14.148000,0.574000,-61,0.000000,7,8
1,15.000000,14.226000,0.541000,-61,0.000000,7,8
1,15.000000,14.144000,0.595000,-62,0.000000,7,8
1,15.000000,14.179000,0.564000,-61,0.000000,7,8
1,15.000000,14.304000,0.471000,-61,0.000000,7,8
1,15.000000,14.179000,0.561000,-61,0.000000,7,8
1,15.000000,14.266000,0.502000,-62,0.000000,7,8
1,15.000000,14.185000,0.625000,-61,0.000000,7,8
1,15.000000,14.107000,0.589000,-61,0.000000,7,8
1,15.000000,14.185000,0.575000,-61,0.000000,7,8
1,15.000000,14.141000,0.558000,-61,0.000000,7,8
1,15.000000,14.069000,0.599000,-62,0.000000,7,8
1,15.000000,14.266000,0.440000,-61,0.000000,7,8
1,15.000000,14.185000,0.578000,-61,0.000000,7,8
1,15.000000,14.216000,0.527000,-62,0.000000,7,8
1,15.000000,14.104000,0.598000,-62,0.000000,7,8
1,15.000000,14.110000,0.627000,-61,0.000000,7,8
1,15.000000,14.226000,0.587000,-61,0.000000,7,8
1,15.000000,14.185000,0.627000,-62,0.000000,7,8
1,15.000000,14.179000,0.572000,-61,0.000000,7,8
1,15.000000,14.266000,0.516000,-61,0.000000,7,8
1,15.000000,14.188000,0.552000,-61,0.000000,7,8
1,15.000000,14.229000,0.538000,-61,0.000000,7,8
1,15.000000,14.104000,0.559000,-62,0.000000,7,8
1,15.000000,14.266000,0.530000,-61,0.000000,7,8
1,15.000000,14.110000,0.567000,-61,0.000000,7,8
1,15.000000,14.266000,0.485000,-61,0.000000,7,8
1,15.000000,14.188000,0.601000,-62,0.000000,7,8
1,15.000000,14.266000,0.549000,-62,0.000000,7,8
1,15.000000,14.263000,0.538000,-61,0.000000,7,8
1,15.000000,14.179000,0.567000,-61,0.000000,7,8
1,15.000000,14.179000,0.514000,-62,0.000000,7,8
1,15.000000,14.148000,0.584000,-62,0.000000,7,8
1,15.000000,14.151000,0.528000,-62,0.000000,7,8
1,15.000000,14.141000,0.559000,-62,0.000000,7,8
1,15.000000,14.104000,0.550000,-62,0.000000,7,8
1,15.000000,14.104000,0.533000,-62,0.000000,7,8
1,15.000000,14.104000,0.502000,-62,0.000000,7,8
1,15.000000,14.266000,0.548000,-62,0.000000,7,8
1,15.000000,14.141000,0.499000,-62,0.000000,7,8
1,15.000000,14.260000,0.405000,-62,0.000000,7,8
1,15.000000,14.260000,0.445000,-62,0.000000,7,8
1,15.000000,14.304000,0.428000,-61,0.000000,7,8
1,15.000000,14.141000,0.532000,-62,0.000000,7,8
1,15.000000,14.179000,0.499000,-62,0.000000,7,8
1,15.000000,14.223000,0.412000,-61,0.000000,7,8
1,15.000000,14.141000,0.470000,-62,0.000000,7,8
1,15.000000,14.179000,0.500000,-62,0.000000,7,8
1,15.000000,14.144000,0.550000,-61,0.000000,7,8
1,15.000000,14.185000,0.554000,-62,0.000000,7,8
1,15.000000,14.104000,0.536000,-62,0.000000,7,8
1,15.000000,14.260000,0.425000,-62,0.000000,7,8
1,15.000000,14.141000,0.520000,-62,0.000000,7,8
1,15.000000,14.226000,0.465000,-61,0.000000,7,8
1,15.000000,14.229000,0.494000,-62,0.000000,7,8
1,15.000000,14.229000,0.442000,-61,0.000000,7,8
1,15.000000,14.185000,0.473000,-62,0.000000,7,8
1,15.000000,14.257000,0.433000,-62,0.000000,7,8
1,15.000000,14.141000,0.488000,-62,0.000000,7,8
1,15.000000,14.260000,0.457000,-61,0.000000,7,8
1,15.000000,14.185000,0.561000,-62,0.000000,7,8
1,15.000000,14.260000,0.466000,-62,0.000000,7,8
1,15.000000,14.107000,0.521000,-62,0.000000,7,8
1,15.000000,14.257000,0.455000,-62,0.000000,7,8
1,15.000000,14.229000,0.492000,-62,0.000000,7,8
1,15.000000,14.304000,0.484000,-62,0.000000,7,8
1,15.000000,14.229000,0.579000,-62,0.000000,7,8
1,15.000000,14.066000,0.743000,-63,0.000000,7,8
1,15.000000,14.185000,0.694000,-61,0.000000,7,8
1,15.000000,14.226000,0.533000,-61,0.000000,7,8
1,15.000000,14.304000,0.484000,-63,0.000000,7,8
1,15.000000,14.341000,0.540000,-63,0.000000,7,8
1,15.000000,14.341000,0.576000,-63,0.000000,7,8
1,15.000000,14.263000,0.708000,-62,0.000000,7,8
1,15.000000,14.226000,0.700000,-60,0.000000,7,8
1,15.000000,14.223000,0.653000,-60,0.000000,7,8
1,15.000000,14.069000,0.631000,-62,0.000000,7,8
1,15.000000,14.219000,0.418000,-62,0.000000,7,8
1,15.000000,14.266000,0.311000,-62,0.000000,7,8
1,15.000000,14.341000,0.335000,-62,0.000000,7,8
1,15.000000,14.266000,0.411000,-61,0.000000,7,8
1,15.000000,14.341000,0.471000,-60,0.000000,7,8
1,15.000000,14.219000,0.643000,-61,0.000000,7,8
1,15.000000,14.179000,0.591000,-62,0.000000,7,8
1,15.000000,14.216000,0.653000,-61,0.000000,7,8
1,15.000000,14.188000,0.611000,-61,0.000000,7,8
1,15.000000,14.266000,0.573000,-62,0.000000,7,8
1,15.000000,14.151000,0.454000,-63,0.000000,7,8
1,15.000000,14.179000,0.435000,-63,0.000000,7,8
1,15.000000,14.185000,0.458000,-63,0.000000,7,8
1,15.000000,14.229000,0.390000,-64,0.000000,7,8
1,15.000000,14.141000,0.402000,-63,0.000000,7,8
1,15.000000,14.335000,0.434000,-64,0.000000,7,8
1,15.000000,14.416000,0.392000,-63,0.000000,7,8
1,15.000000,14.304000,0.369000,-63,0.000000,7,8
1,15.000000,14.179000,0.457000,-63,0.000000,7,8
1,15.000000,14.298000,0.428000,-62,0.000000,7,8
1,15.000000,14.341000,0.372000,-63,0.000000,7,8
1,15.000000,14.229000,0.481000,-62,0.000000,7,8
1,15.000000,14.341000,0.477000,-63,0.000000,7,8
1,15.000000,14.254000,0.552000,-63,0.000000,7,8
1,15.000000,14.379000,0.542000,-63,0.000000,7,8
1,15.000000,14.379000,0.540000,-63,0.000000,7,8
1,15.000000,14.148000,0.657000,-63,0.000000,7,8
1,15.000000,14.216000,0.685000,-62,0.000000,7,8
1,15.000000,14.185000,0.628000,-62,0.000000,7,8
1,15.000000,14.110000,0.608000,-62,0.000000,7,8
1,15.000000,14.151000,0.569000,-62,0.000000,7,8
1,15.000000,14.110000,0.608000,-62,0.000000,7,8
1,15.000000,14.179000,0.639000,-63,0.000000,7,8
1,15.000000,14.066000,0.793000,-63,0.000000,7,8
1,15.000000,14.179000,0.714000,-62,0.000000,7,8
1,15.000000,14.179000,0.559000,-62,0.000000,7,8
1,15.000000,14.263000,0.413000,-62,0.000000,7,8
1,15.000000,14.179000,0.485000,-61,0.000000,7,8
1,15.000000,14.141000,0.501000,-61,0.000000,7,8
1,15.000000,14.229000,0.477000,-61,0.000000,7,8
1,15.000000,14.141000,0.501000,-61,0.000000,7,8
1,15.000000,14.101000,0.512000,-61,0.000000,7,8
1,15.000000,14.104000,0.479000,-60,0.000000,7,8
1,15.000000,14.304000,0.396000,-61,0.000000,7,8
1,15.000000,14.229000,0.477000,-63,0.000000,7,8
1,15.000000,14.179000,0.523000,-63,0.000000,7,8
1,15.000000,14.298000,0.311000,-64,0.000000,7,8
1,15.000000,14.304000,0.349000,-62,0.000000,7,8
1,15.000000,14.341000,0.336000,-62,0.000000,7,8
1,15.000000,14.419000,0.281000,-62,0.000000,7,8
1,15.000000,14.304000,0.406000,-62,0.000000,7,8
1,15.000000,14.266000,0.358000,-62,0.000000,7,8
1,15.000000,14.341000,0.361000,-62,0.000000,7,8
1,15.000000,14.373000,0.322000,-61,0.000000,7,8
1,15.000000,14.373000,0.286000,-61,0.000000,7,8
1,15.000000,14.529000,0.256000,-62,0.000000,7,8
1,15.000000,14.335000,0.325000,-61,0.000000,7,8
1,15.000000,14.535000,0.266000,-62,0.000000,7,8
1,15.000000,14.454000,0.339000,-62,0.000000,7,8
1,15.000000,14.376000,0.329000,-63,0.000000,7,8
1,15.000000,14.229000,0.490000,-63,0.000000,7,8
1,15.000000,14.229000,0.434000,-63,0.000000,7,8
1,15.000000,14.266000,0.420000,-63,0.000000,7,8
1,15.000000,14.341000,0.406000,-62,0.000000,7,8
1,15.000000,14.216000,0.423000,-62,0.000000,7,8
1,15.000000,14.379000,0.336000,-62,0.000000,7,8
1,15.000000,14.413000,0.341000,-62,0.000000,7,8
1,15.000000,14.304000,0.367000,-61,0.000000,7,8
1,15.000000,14.266000,0.382000,-61,0.000000,7,8
1,15.000000,14.229000,0.405000,-61,0.000000,7,8
1,15.000000,14.338000,0.387000,-61,0.000000,7,8
1,15.000000,14.191000,0.426000,-61,0.000000,7,8
1,15.000000,14.304000,0.461000,-61,0.000000,7,8
1,15.000000,14.310000,0.352000,-62,0.000000,7,8
1,15.000000,14.260000,0.402000,-62,0.000000,7,8
1,15.000000,14.223000,0.380000,-61,0.000000,7,8
1,15.000000,14.144000,0.449000,-61,0.000000,7,8
1,15.000000,14.416000,0.362000,-62,0.000000,7,8
1,15.000000,14.179000,0.462000,-62,0.000000,7,8
1,15.000000,14.304000,0.394000,-61,0.000000,7,8
1,15.000000,14.266000,0.417000,-60,0.000000,7,8
1,15.000000,14.341000,0.479000,-62,0.000000,7,8
1,15.000000,14.491000,0.454000,-63,0.000000,7,8
1,15.000000,14.229000,0.522000,-62,0.000000,7,8
1,15.000000,14.341000,0.462000,-62,0.000000,7,8
1,15.000000,14.341000,0.456000,-61,0.000000,7,8
1,15.000000,14.416000,0.377000,-61,0.000000,7,8
1,15.000000,14.216000,0.413000,-62,0.000000,7,8
1,15.000000,14.341000,0.413000,-62,0.000000,7,8
1,15.000000,14.335000,0.425000,-62,0.000000,7,8
1,15.000000,14.229000,0.447000,-62,0.000000,7,8
1,15.000000,14.179000,0.464000,-62,0.000000,7,8
1,15.000000,14.454000,0.346000,-62,0.000000,7,8
1,15.000000,14.185000,0.411000,-61,0.000000,7,8
1,15.000000,14.263000,0.331000,-61,0.000000,7,8
1,15.000000,14.223000,0.350000,-61,0.000000,7,8
1,15.000000,14.182000,0.348000,-61,0.000000,7,8
1,15.000000,14.216000,0.352000,-61,0.000000,7,8
1,15.000000,14.148000,0.351000,-62,0.000000,7,8
1,15.000000,14.179000,0.429000,-61,0.000000,7,8
1,15.000000,14.304000,0.379000,-62,0.000000,7,8
1,15.000000,14.379000,0.431000,-62,0.000000,7,8
1,15.000000,14.229000,0.451000,-63,0.000000,7,8
1,15.000000,14.223000,0.476000,-62,0.000000,7,8
1,15.000000,14.341000,0.397000,-62,0.000000,7,8
1,15.000000,14.376000,0.397000,-63,0.000000,7,8
1,15.000000,14.304000,0.436000,-63,0.000000,7,8
1,15.000000,14.338000,0.384000,-63,0.000000,7,8
1,15.000000,14.260000,0.397000,-63,0.000000,7,8
1,15.000000,14.229000,0.373000,-63,0.000000,7,8
1,15.000000,14.179000,0.400000,-63,0.000000,7,8
1,15.000000,14.141000,0.345000,-63,0.000000,7,8
1,15.000000,14.266000,0.333000,-63,0.000000,7,8
1,15.000000,14.066000,0.428000,-63,0.000000,7,8
1,15.000000,14.304000,0.330000,-62,0.000000,7,8
1,15.000000,14.144000,0.388000,-62,0.000000,7,8
1,15.000000,14.179000,0.413000,-62,0.000000,7,8
1,15.000000,14.141000,0.445000,-62,0.000000,7,8
1,15.000000,14.141000,0.458000,-62,0.000000,7,8
1,15.000000,14.144000,0.419000,-62,0.000000,7,8
1,15.000000,14.185000,0.424000,-62,0.000000,7,8
1,15.000000,14.260000,0.349000,-62,0.000000,7,8
1,15.000000,14.229000,0.361000,-62,0.000000,7,8
1,15.000000,14.141000,0.456000,-62,0.000000,7,8
1,15.000000,14.104000,0.494000,-62,0.000000,7,8
1,15.000000,14.219000,0.411000,-62,0.000000,7,8
1,15.000000,14.188000,0.354000,-62,0.000000,7,8
1,15.000000,14.185000,0.360000,-62,0.000000,7,8
1,15.000000,14.219000,0.369000,-62,0.000000,7,8
1,15.000000,14.148000,0.405000,-62,0.000000,7,8
1,15.000000,14.304000,0.292000,-62,0.000000,7,8
1,15.000000,14.141000,0.414000,-62,0.000000,7,8
1,15.000000,14.182000,0.419000,-62,0.000000,7,8
1,15.000000,14.182000,0.407000,-62,0.000000,7,8
1,15.000000,14.110000,0.446000,-62,0.000000,7,8
1,15.000000,14.104000,0.465000,-62,0.000000,7,8
1,15.000000,14.141000,0.472000,-62,0.000000,7,8
1,15.000000,14.182000,0.380000,-62,0.000000,7,8
1,15.000000,14.148000,0.435000,-62,0.000000,7,8
1,15.000000,14.151000,0.415000,-62,0.000000,7,8
1,15.000000,13.991000,0.483000,-62,0.000000,7,8
1,15.000000,14.226000,0.369000,-62,0.000000,7,8
1,15.000000,14.185000,0.361000,-62,0.000000,7,8
1,15.000000,14.229000,0.412000,-62,0.000000,7,8
1,15.000000,14.104000,0.426000,-62,0.000000,7,8
1,15.000000,14.226000,0.314000,-62,0.000000,7,8
1,15.000000,14.110000,0.433000,-62,0.000000,7,8
1,15.000000,14.266000,0.376000,-62,0.000000,7,8
1,15.000000,14.185000,0.387000,-61,0.000000,7,8
1,15.000000,14.266000,0.315000,-62,0.000000,7,8
1,15.000000,14.266000,0.387000,-61,0.000000,7,8
1,15.000000,14.179000,0.425000,-61,0.000000,7,8
1,15.000000,14.066000,0.466000,-62,0.000000,7,8
1,15.000000,14.188000,0.370000,-62,0.000000,7,8
1,15.000000,14.104000,0.489000,-62,0.000000,7,8
1,15.000000,14.141000,0.521000,-62,0.000000,7,8
1,15.000000,14.229000,0.519000,-62,0.000000,7,8
1,15.000000,14.066000,0.540000,-62,0.000000,7,8
1,15.000000,14.260000,0.506000,-61,0.000000,7,8
1,15.000000,14.104000,0.489000,-61,0.000000,7,8
1,15.000000,14.141000,0.561000,-62,0.000000,7,8
1,15.000000,14.104000,0.473000,-62,0.000000,7,8
1,15.000000,14.229000,0.376000,-61,0.000000,7,8
1,15.000000,14.185000,0.512000,-62,0.000000,7,8
1,15.000000,14.179000,0.502000,-62,0.000000,7,8
1,15.000000,14.179000,0.439000,-62,0.000000,7,8
1,15.000000,14.216000,0.423000,-62,0.000000,7,8
1,15.000000,14.219000,0.376000,-62,0.000000,7,8
1,15.000000,14.266000,0.463000,-62,0.000000,7,8
1,15.000000,14.216000,0.514000,-61,0.000000,7,8
1,15.000000,14.263000,0.313000,-62,0.000000,7,8
1,15.000000,14.338000,0.362000,-62,0.000000,7,8
1,15.000000,14.219000,0.517000,-62,0.000000,7,8
1,15.000000,14.266000,0.410000,-61,0.000000,7,8
1,15.000000,14.179000,0.423000,-62,0.000000,7,8
1,15.000000,14.141000,0.402000,-61,0.000000,7,8
1,15.000000,14.141000,0.402000,-61,0.000000,7,8
1,15.000000,14.341000,0.330000,-62,0.000000,7,8
1,15.000000,14.301000,0.355000,-62,0.000000,7,8
1,15.000000,14.179000,0.425000,-63,0.000000,7,8
1,15.000000,14.141000,0.448000,-61,0.000000,7,8
1,15.000000,14.104000,0.556000,-62,0.000000,7,8
1,15.000000,14.104000,0.568000,-62,0.000000,7,8
1,15.000000,14.104000,0.506000,-62,0.000000,7,8
1,15.000000,14.141000,0.475000,-62,0.000000,7,8
1,15.000000,14.266000,0.459000,-62,0.000000,7,8
1,15.000000,14.229000,0.444000,-62,0.000000,7,8
1,15.000000,14.263000,0.435000,-62,0.000000,7,8
1,15.000000,14.179000,0.466000,-62,0.000000,7,8
1,15.000000,14.304000,0.299000,-62,0.000000,7,8
1,15.000000,14.104000,0.480000,-62,0.000000,7,8
1,15.000000,14.266000,0.438000,-61,0.000000,7,8
1,15.000000,14.266000,0.439000,-61,0.000000,7,8
1,15.000000,14.341000,0.384000,-61,0.000000,7,8
1,15.000000,14.141000,0.462000,-61,0.000000,7,8
1,15.000000,14.179000,0.413000,-61,0.000000,7,8
1,15.000000,14.338000,0.366000,-61,0.000000,7,8
1,15.000000,14.260000,0.393000,-62,0.000000,7,8
1,15.000000,14.266000,0.315000,-63,0.000000,7,8
1,15.000000,14.304000,0.360000,-63,0.000000,7,8
1,15.000000,14.260000,0.376000,-63,0.000000,7,8
1,15.000000,14.141000,0.455000,-62,0.000000,7,8
1,15.000000,14.185000,0.403000,-63,0.000000,7,8
1,15.000000,14.260000,0.400000,-63,0.000000,7,8
1,15.000000,14.266000,0.423000,-63,0.000000,7,8
1,15.000000,14.266000,0.439000,-63,0.000000,7,8
1,15.000000,14.266000,0.473000,-62,0.000000,7,8
1,15.000000,14.416000,0.396000,-63,0.000000,7,8
1,15.000000,14.416000,0.297000,-62,0.000000,7,8
1,15.000000,14.416000,0.339000,-62,0.000000,7,8
1,15.000000,14.260000,0.470000,-61,0.000000,7,8
1,15.000000,14.304000,0.496000,-62,0.000000,7,8
1,15.000000,14.376000,0.341000,-62,0.000000,7,8
1,15.000000,14.338000,0.392000,-61,0.000000,7,8
1,15.000000,14.341000,0.385000,-62,0.000000,7,8
1,15.000000,14.029000,0.479000,-61,0.000000,7,8
1,15.000000,14.226000,0.446000,-62,0.000000,7,8
1,15.000000,14.185000,0.377000,-63,0.000000,7,8
1,15.000000,14.185000,0.557000,-62,0.000000,7,8
1,15.000000,14.379000,0.363000,-62,0.000000,7,8
1,15.000000,14.185000,0.481000,-62,0.000000,7,8
1,15.000000,14.135000,0.420000,-63,0.000000,7,8
1,15.000000,14.266000,0.388000,-62,0.000000,7,8
1,15.000000,14.266000,0.565000,-62,0.000000,7,8
1,15.000000,14.491000,0.257000,-61,0.000000,7,8
1,15.000000,14.104000,0.503000,-62,0.000000,7,8
1,15.000000,14.182000,0.455000,-62,0.000000,7,8
1,15.000000,14.229000,0.356000,-61,0.000000,7,8
1,15.000000,14.107000,0.418000,-62,0.000000,7,8
1,15.000000,14.266000,0.415000,-62,0.000000,7,8
1,15.000000,14.141000,0.584000,-62,0.000000,7,8
1,15.000000,14.148000,0.444000,-61,0.000000,7,8
1,15.000000,14.101000,0.431000,-61,0.000000,7,8
1,15.000000,14.063000,0.438000,-63,0.000000,7,8
1,15.000000,14.226000,0.412000,-63,0.000000,7,8
1,15.000000,14.066000,0.552000,-63,0.000000,7,8
1,15.000000,14.148000,0.560000,-62,0.000000,7,8
1,15.000000,14.229000,0.421000,-63,0.000000,7,8
1,15.000000,14.266000,0.456000,-63,0.000000,7,8
1,15.000000,14.229000,0.429000,-63,0.000000,7,8
1,15.000000,14.188000,0.377000,-63,0.000000,7,8
1,15.000000,14.260000,0.392000,-63,0.000000,7,8
1,15.000000,14.416000,0.232000,-63,0.000000,7,8
1,15.000000,14.491000,0.374000,-62,0.000000,7,8
1,15.000000,14.341000,0.456000,-62,0.000000,7,8
1,15.000000,14.254000,0.444000,-62,0.000000,7,8
1,15.000000,14.304000,0.465000,-62,0.000000,7,8
1,15.000000,14.229000,0.443000,-62,0.000000,7,8
1,15.000000,14.329000,0.418000,-61,0.000000,7,8
1,15.000000,14.379000,0.386000,-62,0.000000,7,8
1,15.000000,14.141000,0.552000,-63,0.000000,7,8
1,15.000000,14.298000,0.386000,-62,0.000000,7,8
1,15.000000,14.344000,0.319000,-62,0.000000,7,8
1,15.000000,14.416000,0.361000,-62,0.000000,7,8
1,15.000000,14.257000,0.448000,-62,0.000000,7,8
1,15.000000,14.304000,0.341000,-62,0.000000,7,8
1,15.000000,14.141000,0.409000,-63,0.000000,7,8
1,15.000000,14.266000,0.409000,-62,0.000000,7,8
1,15.000000,14.341000,0.384000,-63,0.000000,7,8
1,15.000000,14.416000,0.377000,-63,0.000000,7,8
1,15.000000,14.298000,0.322000,-64,0.000000,7,8
1,15.000000,14.341000,0.253000,-63,0.000000,7,8
1,15.000000,14.341000,0.292000,-63,0.000000,7,8
1,15.000000,14.304000,0.378000,-63,0.000000,7,8
1,15.000000,14.219000,0.369000,-63,0.000000,7,8
1,15.000000,14.341000,0.389000,-62,0.000000,7,8
1,15.000000,14.179000,0.429000,-63,0.000000,7,8
1,15.000000,14.219000,0.401000,-62,0.000000,7,8
1,15.000000,14.148000,0.415000,-62,0.000000,7,8
1,15.000000,14.229000,0.405000,-62,0.000000,7,8
1,15.000000,14.373000,0.317000,-62,0.000000,7,8
1,15.000000,14.376000,0.296000,-62,0.000000,7,8
1,15.000000,14.254000,0.409000,-62,0.000000,7,8
1,15.000000,14.304000,0.440000,-61,0.000000,7,8
1,15.000000,14.260000,0.439000,-61,0.000000,7,8
1,15.000000,14.266000,0.412000,-61,0.000000,7,8
1,15.000000,14.304000,0.456000,-61,0.000000,7,8
1,15.000000,14.491000,0.335000,-62,0.000000,7,8
1,15.000000,14.379000,0.392000,-62,0.000000,7,8
1,15.000000,14.382000,0.352000,-62,0.000000,7,8
1,15.000000,14.341000,0.343000,-62,0.000000,7,8
1,15.000000,14.382000,0.317000,-62,0.000000,7,8
1,15.000000,14.307000,0.371000,-62,0.000000,7,8
1,15.000000,14.454000,0.339000,-62,0.000000,7,8
1,15.000000,14.416000,0.349000,-62,0.000000,7,8
1,15.000000,14.341000,0.425000,-62,0.000000,7,8
1,15.000000,14.373000,0.396000,-62,0.000000,7,8
1,15.000000,14.413000,0.371000,-61,0.000000,7,8
1,15.000000,14.382000,0.339000,-62,0.000000,7,8
1,15.000000,14.379000,0.358000,-62,0.000000,7,8
1,15.000000,14.344000,0.351000,-62,0.000000,7,8
1,15.000000,14.416000,0.344000,-62,0.000000,7,8
1,15.000000,14.335000,0.384000,-62,0.000000,7,8
1,15.000000,14.382000,0.318000,-61,0.000000,7,8
1,15.000000,14.454000,0.307000,-62,0.000000,7,8
1,15.000000,14.341000,0.356000,-61,0.000000,7,8
1,15.000000,14.376000,0.370000,-62,0.000000,7,8
1,15.000000,14.291000,0.377000,-62,0.000000,7,8
1,15.000000,14.338000,0.399000,-62,0.000000,7,8
1,15.000000,14.257000,0.391000,-62,0.000000,7,8
1,15.000000,14.376000,0.383000,-62,0.000000,7,8
1,15.000000,14.344000,0.389000,-62,0.000000,7,8
1,15.000000,14.373000,0.356000,-61,0.000000,7,8
1,15.000000,14.254000,0.432000,-62,0.000000,7,8
1,15.000000,14.188000,0.465000,-62,0.000000,7,8
1,15.000000,14.266000,0.459000,-62,0.000000,7,8
1,15.000000,14.141000,0.522000,-62,0.000000,7,8
1,15.000000,14.191000,0.497000,-61,0.000000,7,8
1,15.000000,14.182000,0.522000,-61,0.000000,7,8
1,15.000000,14.185000,0.485000,-62,0.000000,7,8
1,15.000000,14.223000,0.474000,-61,0.000000,7,8
1,15.000000,14.179000,0.492000,-62,0.000000,7,8
1,15.000000,14.185000,0.521000,-62,0.000000,7,8
1,15.000000,14.179000,0.517000,-62,0.000000,7,8
1,15.000000,14.179000,0.564000,-61,0.000000,7,8
1,15.000000,14.148000,0.600000,-62,0.000000,7,8
1,15.000000,14.304000,0.534000,-62,0.000000,7,8
1,15.000000,14.298000,0.498000,-62,0.000000,7,8
1,15.000000,14.179000,0.598000,-61,0.000000,7,8
1,15.000000,14.223000,0.527000,-62,0.000000,7,8
1,15.000000,14.307000,0.472000,-61,0.000000,7,8
1,15.000000,14.335000,0.432000,-61,0.000000,7,8
1,15.000000,14.335000,0.422000,-61,0.000000,7,8
1,15.000000,14.257000,0.455000,-61,0.000000,7,8
1,15.000000,14.379000,0.432000,-61,0.000000,7,8
1,15.000000,14.379000,0.491000,-60,0.000000,7,8
1,15.000000,14.185000,0.530000,-61,0.000000,7,8
1,15.000000,14.185000,0.629000,-61,0.000000,7,8
1,15.000000,14.304000,0.445000,-61,0.000000,7,8
1,15.000000,14.266000,0.611000,-61,0.000000,7,8
1,15.000000,14.223000,0.554000,-61,0.000000,7,8
1,15.000000,14.226000,0.566000,-61,0.000000,7,8
1,15.000000,14.260000,0.462000,-62,0.000000,7,8
1,15.000000,14.266000,0.480000,-62,0.000000,7,8
1,15.000000,14.266000,0.489000,-62,0.000000,7,8
1,15.000000,14.310000,0.391000,-62,0.000000,7,8
1,15.000000,14.460000,0.281000,-62,0.000000,7,8
1,15.000000,14.229000,0.364000,-61,0.000000,7,8
1,15.000000,14.148000,0.622000,-62,0.000000,7,8
1,15.000000,14.304000,0.394000,-62,0.000000,7,8
1,15.000000,14.141000,0.531000,-61,0.000000,7,8
1,15.000000,14.341000,0.405000,-62,0.000000,7,8
1,15.000000,14.304000,0.429000,-62,0.000000,7,8
1,15.000000,14.369000,0.390000,-62,0.000000,7,8
1,15.000000,14.413000,0.442000,-61,0.000000,7,8
1,15.000000,14.341000,0.417000,-61,0.000000,7,8
1,15.000000,14.307000,0.500000,-61,0.000000,7,8
1,15.000000,14.304000,0.440000,-61,0.000000,7,8
1,15.000000,14.335000,0.417000,-61,0.000000,7,8
1,15.000000,14.335000,0.445000,-61,0.000000,7,8
1,15.000000,14.304000,0.440000,-61,0.000000,7,8
1,15.000000,14.298000,0.473000,-61,0.000000,7,8
1,15.000000,14.301000,0.462000,-62,0.000000,7,8
1,15.000000,14.341000,0.387000,-62,0.000000,7,8
1,15.000000,14.298000,0.376000,-61,0.000000,7,8
1,15.000000,14.304000,0.397000,-61,0.000000,7,8
1,15.000000,14.454000,0.370000,-61,0.000000,7,8
1,15.000000,14.379000,0.385000,-62,0.000000,7,8
1,15.000000,14.335000,0.438000,-61,0.000000,7,8
1,15.000000,14.335000,0.419000,-61,0.000000,7,8
1,15.000000,14.216000,0.435000,-62,0.000000,7,8
1,15.000000,14.338000,0.438000,-62,0.000000,7,8
1,15.000000,14.216000,0.497000,-62,0.000000,7,8
1,15.000000,14.226000,0.520000,-62,0.000000,7,8
1,15.000000,14.141000,0.485000,-62,0.000000,7,8
1,15.000000,14.141000,0.519000,-62,0.000000,7,8
1,15.000000,14.266000,0.474000,-62,0.000000,7,8
1,15.000000,14.179000,0.514000,-62,0.000000,7,8
1,15.000000,14.304000,0.455000,-61,0.000000,7,8
1,15.000000,14.301000,0.485000,-62,0.000000,7,8
1,15.000000,14.266000,0.474000,-62,0.000000,7,8
1,15.000000,14.257000,0.432000,-62,0.000000,7,8
1,15.000000,14.304000,0.440000,-62,0.000000,7,8
1,15.000000,14.266000,0.456000,-62,0.000000,7,8
1,15.000000,14.229000,0.491000,-62,0.000000,7,8
1,15.000000,14.298000,0.403000,-62,0.000000,7,8
1,15.000000,14.263000,0.480000,-62,0.000000,7,8
1,15.000000,14.298000,0.450000,-62,0.000000,7,8
1,15.000000,14.266000,0.425000,-62,0.000000,7,8
1,15.000000,14.216000,0.452000,-62,0.000000,7,8
1,15.000000,14.229000,0.466000,-62,0.000000,7,8
1,15.000000,14.257000,0.424000,-62,0.000000,7,8
1,15.000000,14.379000,0.436000,-62,0.000000,7,8
1,15.000000,14.304000,0.467000,-62,0.000000,7,8
1,15.000000,14.216000,0.473000,-62,0.000000,7,8
1,15.000000,14.344000,0.434000,-62,0.000000,7,8
1,15.000000,14.379000,0.350000,-62,0.000000,7,8
1,15.000000,14.298000,0.437000,-61,0.000000,7,8
1,15.000000,14.229000,0.475000,-62,0.000000,7,8
1,15.000000,14.416000,0.360000,-62,0.000000,7,8
1,15.000000,14.304000,0.346000,-62,0.000000,7,8
1,15.000000,14.335000,0.354000,-62,0.000000,7,8
1,15.000000,14.332000,0.364000,-62,0.000000,7,8
1,15.000000,14.341000,0.330000,-62,0.000000,7,8
1,15.000000,14.335000,0.334000,-62,0.000000,7,8
1,15.000000,14.266000,0.400000,-62,0.000000,7,8
1,15.000000,14.341000,0.330000,-62,0.000000,7,8
1,15.000000,14.341000,0.375000,-62,0.000000,7,8
1,15.000000,14.304000,0.406000,-62,0.000000,7,8
1,15.000000,14.379000,0.371000,-62,0.000000,7,8
1,15.000000,14.376000,0.367000,-62,0.000000,7,8
1,15.000000,14.335000,0.355000,-62,0.000000,7,8
1,15.000000,14.304000,0.377000,-62,0.000000,7,8
1,15.000000,14.341000,0.393000,-62,0.000000,7,8
1,15.000000,14.304000,0.404000,-62,0.000000,7,8
1,15.000000,14.304000,0.378000,-62,0.000000,7,8
1,15.000000,14.216000,0.427000,-62,0.000000,7,8
1,15.000000,14.301000,0.435000,-62,0.000000,7,8
1,15.000000,14.260000,0.413000,-62,0.000000,7,8
1,15.000000,14.219000,0.457000,-62,0.000000,7,8
1,15.000000,14.304000,0.377000,-61,0.000000,7,8
1,15.000000,14.216000,0.421000,-62,0.000000,7,8
1,15.000000,14.266000,0.425000,-61,0.000000,7,8
1,15.000000,14.266000,0.411000,-62,0.000000,7,8
1,15.000000,14.304000,0.406000,-62,0.000000,7,8
1,15.000000,14.304000,0.381000,-62,0.000000,7,8
1,15.000000,14.260000,0.458000,-62,0.000000,7,8
1,15.000000,14.223000,0.523000,-62,0.000000,7,8
1,15.000000,14.216000,0.481000,-62,0.000000,7,8
1,15.000000,14.304000,0.431000,-61,0.000000,7,8
1,15.000000,14.179000,0.458000,-61,0.000000,7,8
1,15.000000,14.416000,0.393000,-62,0.000000,7,8
1,15.000000,14.338000,0.440000,-62,0.000000,7,8
1,15.000000,14.304000,0.472000,-62,0.000000,7,8
1,15.000000,14.185000,0.572000,-62,0.000000,7,8
1,15.000000,14.229000,0.504000,-61,0.000000,7,8
1,15.000000,14.341000,0.479000,-61,0.000000,7,8
1,15.000000,14.266000,0.502000,-61,0.000000,7,8
1,15.000000,14.266000,0.447000,-62,0.000000,7,8
1,15.000000,14.229000,0.462000,-61,0.000000,7,8
1,15.000000,14.266000,0.457000,-61,0.000000,7,8
1,15.000000,14.379000,0.382000,-61,0.000000,7,8
1,15.000000,14.376000,0.428000,-62,0.000000,7,8
1,15.000000,14.341000,0.437000,-62,0.000000,7,8
1,15.000000,14.257000,0.487000,-61,0.000000,7,8
1,15.000000,14.298000,0.482000,-61,0.000000,7,8
1,15.000000,14.229000,0.459000,-62,0.000000,7,8
1,15.000000,14.229000,0.477000,-62,0.000000,7,8
1,15.000000,14.266000,0.462000,-61,0.000000,7,8
1,15.000000,14.298000,0.427000,-61,0.000000,7,8
1,15.000000,14.179000,0.444000,-61,0.000000,7,8
1,15.000000,14.179000,0.515000,-61,0.000000,7,8
1,15.000000,14.341000,0.395000,-60,0.000000,7,8
1,15.000000,14.179000,0.438000,-61,0.000000,7,8
1,15.000000,14.266000,0.449000,-61,0.000000,7,8
1,15.000000,14.219000,0.494000,-60,0.000000,7,8
1,15.000000,14.179000,0.515000,-61,0.000000,7,8
1,15.000000,14.223000,0.420000,-61,0.000000,7,8
1,15.000000,14.226000,0.552000,-60,0.000000,7,8
1,15.000000,14.179000,0.497000,-60,0.000000,7,8
1,15.000000,14.182000,0.499000,-60,0.000000,7,8
1,15.000000,14.179000,0.532000,-61,0.000000,7,8
1,15.000000,14.179000,0.483000,-61,0.000000,7,8
1,15.000000,14.226000,0.485000,-61,0.000000,7,8
1,15.000000,14.229000,0.475000,-61,0.000000,7,8
1,15.000000,14.148000,0.473000,-61,0.000000,7,8
1,15.000000,14.226000,0.503000,-62,0.000000,7,8
1,15.000000,14.266000,0.422000,-61,0.000000,7,8
1,15.000000,14.229000,0.520000,-61,0.000000,7,8
1,15.000000,14.223000,0.548000,-61,0.000000,7,8
1,15.000000,14.304000,0.482000,-62,0.000000,7,8
1,15.000000,14.141000,0.501000,-61,0.000000,7,8
1,15.000000,14.185000,0.556000,-62,0.000000,7,8
1,15.000000,14.141000,0.550000,-62,0.000000,7,8
1,15.000000,14.226000,0.506000,-62,0.000000,7,8
1,15.000000,14.304000,0.438000,-62,0.000000,7,8
1,15.000000,14.141000,0.512000,-62,0.000000,7,8
1,15.000000,14.223000,0.470000,-61,0.000000,7,8
1,15.000000,14.304000,0.413000,-61,0.000000,7,8
1,15.000000,14.219000,0.465000,-62,0.000000,7,8
1,15.000000,14.223000,0.467000,-62,0.000000,7,8
1,15.000000,14.335000,0.409000,-62,0.000000,7,8
1,15.000000,14.266000,0.419000,-62,0.000000,7,8
1,15.000000,14.223000,0.453000,-62,0.000000,7,8
1,15.000000,14.223000,0.448000,-62,0.000000,7,8
1,15.000000,14.291000,0.425000,-62,0.000000,7,8
1,15.000000,14.179000,0.411000,-62,0.000000,7,8
1,15.000000,14.148000,0.477000,-62,0.000000,7,8
1,15.000000,14.182000,0.427000,-63,0.000000,7,8
1,15.000000,14.219000,0.436000,-62,0.000000,7,8
1,15.000000,14.141000,0.453000,-62,0.000000,7,8
1,15.000000,14.260000,0.433000,-62,0.000000,7,8
1,15.000000,14.254000,0.459000,-62,0.000000,7,8
1,15.000000,14.576000,0.233000,-61,0.000000,7,8
1,15.000000,14.298000,0.344000,-62,0.000000,7,8
1,15.000000,14.141000,0.519000,-62,0.000000,7,8
1,15.000000,14.491000,0.338000,-62,0.000000,7,8
1,15.000000,14.379000,0.363000,-61,0.000000,7,8
1,15.000000,14.335000,0.339000,-60,0.000000,7,8
1,15.000000,14.341000,0.376000,-62,0.000000,7,8
1,15.000000,14.179000,0.422000,-62,0.000000,7,8
1,15.000000,14.179000,0.439000,-62,0.000000,7,8
1,15.000000,14.148000,0.727000,-63,0.000000,7,8
1,15.000000,14.216000,0.600000,-62,0.000000,7,8
1,15.000000,14.229000,0.504000,-62,0.000000,7,8
1,15.000000,14.260000,0.524000,-62,0.000000,7,8
1,15.000000,14.185000,0.557000,-62,0.000000,7,8
1,15.000000,14.185000,0.513000,-62,0.000000,7,8
1,15.000000,14.266000,0.459000,-63,0.000000,7,8
1,15.000000,14.304000,0.421000,-62,0.000000,7,8
1,15.000000,14.304000,0.454000,-62,0.000000,7,8
1,15.000000,14.179000,0.451000,-63,0.000000,7,8
1,15.000000,14.226000,0.532000,-63,0.000000,7,8
1,15.000000,14.335000,0.454000,-61,0.000000,7,8
1,15.000000,14.223000,0.529000,-61,0.000000,7,8
1,15.000000,14.257000,0.481000,-60,0.000000,7,8
1,15.000000,14.338000,0.594000,-61,0.000000,7,8
1,15.000000,14.266000,0.516000,-62,0.000000,7,8
1,15.000000,14.179000,0.477000,-62,0.000000,7,8
1,15.000000,14.229000,0.462000,-62,0.000000,7,8
1,15.000000,14.110000,0.575000,-62,0.000000,7,8
1,15.000000,14.182000,0.576000,-62,0.000000,7,8
1,15.000000,14.229000,0.568000,-62,0.000000,7,8
1,15.000000,14.179000,0.577000,-62,0.000000,7,8
1,15.000000,14.260000,0.534000,-62,0.000000,7,8
1,15.000000,14.185000,0.546000,-62,0.000000,7,8
1,15.000000,14.179000,0.586000,-61,0.000000,7,8
1,15.000000,14.185000,0.571000,-61,0.000000,7,8
1,15.000000,14.223000,0.597000,-62,0.000000,7,8
1,15.000000,14.266000,0.473000,-62,0.000000,7,8
1,15.000000,14.304000,0.470000,-62,0.000000,7,8
1,15.000000,14.223000,0.539000,-62,0.000000,7,8
1,15.000000,14.298000,0.500000,-62,0.000000,7,8
1,15.000000,14.304000,0.456000,-62,0.000000,7,8
1,15.000000,14.341000,0.450000,-62,0.000000,7,8
1,15.000000,14.179000,0.564000,-63,0.000000,7,8
1,15.000000,14.141000,0.632000,-62,0.000000,7,8
1,15.000000,14.229000,0.548000,-62,0.000000,7,8
1,15.000000,14.179000,0.621000,-62,0.000000,7,8
1,15.000000,14.301000,0.513000,-62,0.000000,7,8
1,15.000000,14.223000,0.589000,-62,0.000000,7,8
1,15.000000,14.304000,0.513000,-62,0.000000,7,8
1,15.000000,14.260000,0.556000,-62,0.000000,7,8
1,15.000000,14.260000,0.511000,-62,0.000000,7,8
1,15.000000,14.141000,0.579000,-62,0.000000,7,8
1,15.000000,14.341000,0.533000,-62,0.000000,7,8
1,15.000000,14.266000,0.516000,-62,0.000000,7,8
1,15.000000,14.304000,0.497000,-62,0.000000,7,8
1,15.000000,14.341000,0.502000,-62,0.000000,7,8
1,15.000000,14.185000,0.600000,-62,0.000000,7,8
1,15.000000,14.219000,0.574000,-62,0.000000,7,8
1,15.000000,14.219000,0.546000,-62,0.000000,7,8
1,15.000000,14.338000,0.528000,-63,0.000000,7,8
1,15.000000,14.338000,0.504000,-62,0.000000,7,8
1,15.000000,14.229000,0.534000,-62,0.000000,7,8
1,15.000000,14.298000,0.486000,-62,0.000000,7,8
1,15.000000,14.179000,0.553000,-62,0.000000,7,8
1,15.000000,14.223000,0.526000,-62,0.000000,7,8
1,15.000000,14.179000,0.501000,-62,0.000000,7,8
1,15.000000,14.266000,0.502000,-61,0.000000,7,8
1,15.000000,14.179000,0.560000,-61,0.000000,7,8
1,15.000000,14.229000,0.504000,-61,0.000000,7,8
1,15.000000,14.301000,0.541000,-61,0.000000,7,8
1,15.000000,14.179000,0.501000,-61,0.000000,7,8
1,15.000000,14.179000,0.487000,-61,0.000000,7,8
1,15.000000,14.341000,0.499000,-61,0.000000,7,8
1,15.000000,14.304000,0.529000,-61,0.000000,7,8
1,15.000000,14.257000,0.539000,-61,0.000000,7,8
1,15.000000,14.266000,0.480000,-61,0.000000,7,8
1,15.000000,14.257000,0.511000,-61,0.000000,7,8
1,15.000000,14.260000,0.484000,-61,0.000000,7,8
1,15.000000,14.260000,0.495000,-61,0.000000,7,8
1,15.000000,14.266000,0.487000,-60,0.000000,7,8
1,15.000000,14.179000,0.549000,-61,0.000000,7,8
1,15.000000,14.304000,0.489000,-61,0.000000,7,8
1,15.000000,14.335000,0.439000,-61,0.000000,7,8
1,15.000000,14.298000,0.538000,-61,0.000000,7,8
1,15.000000,14.341000,0.511000,-61,0.000000,7,8
1,15.000000,14.219000,0.598000,-61,0.000000,7,8
1,15.000000,14.301000,0.524000,-61,0.000000,7,8
1,15.000000,14.298000,0.495000,-61,0.000000,7,8
1,15.000000,14.263000,0.575000,-61,0.000000,7,8
1,15.000000,14.304000,0.532000,-61,0.000000,7,8
1,15.000000,14.104000,0.566000,-61,0.000000,7,8
1,15.000000,14.338000,0.517000,-61,0.000000,7,8
1,15.000000,14.141000,0.609000,-60,0.000000,7,8
1,15.000000,14.338000,0.499000,-60,0.000000,7,8
1,15.000000,14.260000,0.528000,-60,0.000000,7,8
1,15.000000,14.263000,0.595000,-61,0.000000,7,8
1,15.000000,14.298000,0.519000,-61,0.000000,7,8
1,15.000000,14.266000,0.457000,-61,0.000000,7,8
1,15.000000,14.226000,0.586000,-60,0.000000,7,8
1,15.000000,14.266000,0.563000,-61,0.000000,7,8
1,15.000000,14.260000,0.504000,-60,0.000000,7,8
1,15.000000,14.341000,0.466000,-60,0.000000,7,8
1,15.000000,14.216000,0.574000,-61,0.000000,7,8
1,15.000000,14.219000,0.517000,-60,0.000000,7,8
1,15.000000,14.260000,0.528000,-60,0.000000,7,8
1,15.000000,14.379000,0.476000,-60,0.000000,7,8
1,15.000000,14.179000,0.609000,-60,0.000000,7,8
1,15.000000,14.223000,0.536000,-60,0.000000,7,8
1,15.000000,14.304000,0.509000,-60,0.000000,7,8
1,15.000000,14.301000,0.555000,-60,0.000000,7,8
1,15.000000,14.179000,0.606000,-60,0.000000,7,8
1,15.000000,14.266000,0.480000,-60,0.000000,7,8
1,15.000000,14.266000,0.498000,-60,0.000000,7,8
1,15.000000,14.294000,0.488000,-61,0.000000,7,8
1,15.000000,14.301000,0.567000,-60,0.000000,7,8
1,15.000000,14.263000,0.592000,-61,0.000000,7,8
1,15.000000,14.141000,0.581000,-61,0.000000,7,8
1,15.000000,14.257000,0.541000,-61,0.000000,7,8
1,15.000000,14.266000,0.467000,-61,0.000000,7,8
1,15.000000,14.260000,0.528000,-62,0.000000,7,8
1,15.000000,14.260000,0.506000,-62,0.000000,7,8
1,15.000000,14.257000,0.551000,-62,0.000000,7,8
1,15.000000,14.298000,0.513000,-62,0.000000,7,8
1,15.000000,14.188000,0.590000,-62,0.000000,7,8
1,15.000000,14.141000,0.598000,-62,0.000000,7,8
1,15.000000,14.298000,0.541000,-62,0.000000,7,8
1,15.000000,14.338000,0.530000,-62,0.000000,7,8
1,15.000000,14.179000,0.503000,-61,0.000000,7,8
1,15.000000,14.376000,0.480000,-62,0.000000,7,8
1,15.000000,14.179000,0.514000,-62,0.000000,7,8
1,15.000000,14.266000,0.441000,-61,0.000000,7,8
1,15.000000,14.229000,0.481000,-62,0.000000,7,8
1,15.000000,14.191000,0.501000,-62,0.000000,7,8
1,15.000000,14.298000,0.478000,-62,0.000000,7,8
1,15.000000,14.341000,0.424000,-62,0.000000,7,8
1,15.000000,14.298000,0.490000,-62,0.000000,7,8
1,15.000000,14.266000,0.496000,-62,0.000000,7,8
1,15.000000,14.379000,0.410000,-62,0.000000,7,8
1,15.000000,14.341000,0.520000,-62,0.000000,7,8
1,15.000000,14.179000,0.513000,-62,0.000000,7,8
1,15.000000,14.216000,0.515000,-62,0.000000,7,8
1,15.000000,14.266000,0.510000,-62,0.000000,7,8
1,15.000000,14.223000,0.555000,-62,0.000000,7,8
1,15.000000,14.341000,0.551000,-62,0.000000,7,8
1,15.000000,14.454000,0.402000,-62,0.000000,7,8
1,15.000000,14.298000,0.533000,-62,0.000000,7,8
1,15.000000,14.304000,0.472000,-62,0.000000,7,8
1,15.000000,14.263000,0.535000,-62,0.000000,7,8
1,15.000000,14.179000,0.537000,-62,0.000000,7,8
1,15.000000,14.266000,0.425000,-62,0.000000,7,8
1,15.000000,14.229000,0.443000,-61,0.000000,7,8
1,15.000000,14.341000,0.440000,-62,0.000000,7,8
1,15.000000,14.304000,0.469000,-62,0.000000,7,8
1,15.000000,14.266000,0.487000,-62,0.000000,7,8
1,15.000000,14.266000,0.545000,-63,0.000000,7,8
1,15.000000,14.266000,0.459000,-62,0.000000,7,8
1,15.000000,14.260000,0.491000,-63,0.000000,7,8
1,15.000000,14.260000,0.513000,-61,0.000000,7,8
1,15.000000,14.148000,0.616000,-62,0.000000,7,8
1,15.000000,14.304000,0.438000,-61,0.000000,7,8
1,15.000000,14.379000,0.435000,-61,0.000000,7,8
1,15.000000,14.229000,0.597000,-61,0.000000,7,8
1,15.000000,14.260000,0.658000,-61,0.000000,7,8
1,15.000000,14.229000,0.608000,-62,0.000000,7,8
1,15.000000,14.229000,0.529000,-62,0.000000,7,8
1,15.000000,14.219000,0.440000,-63,0.000000,7,8
1,15.000000,14.104000,0.716000,-62,0.000000,7,8
1,15.000000,14.104000,0.651000,-63,0.000000,7,8
1,15.000000,14.257000,0.593000,-63,0.000000,7,8
1,15.000000,14.304000,0.453000,-62,0.000000,7,8
1,15.000000,14.298000,0.514000,-63,0.000000,7,8
1,15.000000,14.335000,0.498000,-62,0.000000,7,8
1,15.000000,14.266000,0.487000,-62,0.000000,7,8
1,15.000000,14.335000,0.511000,-62,0.000000,7,8
1,15.000000,14.229000,0.544000,-62,0.000000,7,8
1,15.000000,14.182000,0.404000,-63,0.000000,7,8
1,15.000000,14.182000,0.388000,-63,0.000000,7,8
1,15.000000,14.223000,0.395000,-63,0.000000,7,8
1,15.000000,14.226000,0.437000,-63,0.000000,7,8
1,15.000000,14.179000,0.443000,-63,0.000000,7,8
1,15.000000,14.104000,0.456000,-63,0.000000,7,8
