1,20.000000,19.120001,1.476000,-77,0.000000,7,8
1,20.000000,19.589001,1.351000,-77,0.000000,7,8
1,20.000000,19.530001,1.450000,-77,0.000000,7,8
1,20.000000,19.267000,1.040000,-77,0.000000,7,8
1,20.000000,20.893000,1.468000,-79,0.000000,7,8
1,20.000000,18.974001,1.661000,-79,0.000000,7,8
1,20.000000,19.325001,1.548000,-79,0.000000,7,8
1,20.000000,20.014000,1.166000,-74,0.000000,7,8
1,20.000000,20.409000,1.257000,-77,0.000000,7,8
1,20.000000,20.673000,0.638000,-75,0.000000,7,8
1,20.000000,20.306999,1.915000,-75,0.000000,7,8
1,20.000000,19.750000,2.172000,-71,0.000000,7,8
1,20.000000,19.545000,2.269000,-74,0.000000,7,8
1,20.000000,19.516001,0.916000,-73,0.000000,7,8
1,20.000000,19.325001,0.912000,-73,0.000000,7,8
1,20.000000,20.160000,0.832000,-73,0.000000,7,8
1,20.000000,20.482000,0.631000,-74,0.000000,7,8
1,20.000000,20.614000,0.263000,-74,0.000000,7,8
1,20.000000,20.247999,0.421000,-72,0.000000,7,8
1,20.000000,20.365000,0.448000,-73,0.000000,7,8
1,20.000000,20.385000,0.218000,-73,0.000000,7,8
1,20.000000,20.907000,0.123000,-73,0.000000,7,8
1,20.000000,21.068001,0.254000,-74,0.000000,7,8
1,20.000000,20.580000,0.249000,-73,0.000000,7,8
1,20.000000,19.212999,0.718000,-73,0.000000,7,8
1,20.000000,18.979000,0.413000,-73,0.000000,7,8
1,20.000000,19.506001,0.427000,-73,0.000000,7,8
1,20.000000,19.837999,0.228000,-73,0.000000,7,8
1,20.000000,19.222000,0.937000,-73,0.000000,7,8
1,20.000000,20.101000,0.370000,-73,0.000000,7,8
1,20.000000,19.735001,0.171000,-72,0.000000,7,8
1,20.000000,20.087000,0.160000,-72,0.000000,7,8
1,20.000000,20.336000,0.458000,-72,0.000000,7,8
1,20.000000,19.705999,0.490000,-72,0.000000,7,8
1,20.000000,19.267000,1.030000,-72,0.000000,7,8
1,20.000000,19.340000,1.162000,-72,0.000000,7,8
1,20.000000,19.559999,0.996000,-73,0.000000,7,8
1,20.000000,19.837999,1.068000,-72,0.000000,7,8
1,20.000000,21.039000,0.354000,-74,0.000000,7,8
1,20.000000,20.233000,0.811000,-73,0.000000,7,8
1,20.000000,20.204000,0.630000,-73,0.000000,7,8
1,20.000000,20.160000,0.823000,-72,0.000000,7,8
1,20.000000,20.556000,0.335000,-72,0.000000,7,8
1,20.000000,21.316999,0.277000,-73,0.000000,7,8
1,20.000000,21.420000,0.196000,-72,0.000000,7,8
1,20.000000,20.716999,0.259000,-73,0.000000,7,8
1,20.000000,21.927999,0.363000,-77,0.000000,7,8
1,20.000000,21.610001,1.490000,-75,0.000000,7,8
1,20.000000,21.464001,1.169000,-76,0.000000,7,8
1,20.000000,21.990999,1.078000,-75,0.000000,7,8
1,20.000000,21.478001,1.344000,-75,0.000000,7,8
1,20.000000,20.731001,1.255000,-74,0.000000,7,8
1,20.000000,20.511999,1.317000,-76,0.000000,7,8
1,20.000000,21.653999,0.696000,-75,0.000000,7,8
1,20.000000,20.115999,2.456000,-76,0.000000,7,8
1,20.000000,20.731001,1.890000,-76,0.000000,7,8
1,20.000000,19.867001,2.125000,-74,0.000000,7,8
1,20.000000,19.778999,1.271000,-74,0.000000,7,8
1,20.000000,22.240000,0.606000,-75,0.000000,7,8
1,20.000000,23.061001,1.567000,-74,0.000000,7,8
1,20.000000,20.379999,0.744000,-75,0.000000,7,8
1,20.000000,20.600000,1.416000,-75,0.000000,7,8
1,20.000000,19.983999,0.670000,-72,0.000000,7,8
1,20.000000,20.658001,0.973000,-73,0.000000,7,8
1,20.000000,20.511999,1.643000,-76,0.000000,7,8
1,20.000000,20.365000,1.426000,-74,0.000000,7,8
1,20.000000,20.643999,0.379000,-73,0.000000,7,8
1,20.000000,20.247999,0.295000,-72,0.000000,7,8
1,20.000000,19.882000,0.783000,-72,0.000000,7,8
1,20.000000,20.600000,1.639000,-74,0.000000,7,8
1,20.000000,20.556000,0.963000,-72,0.000000,7,8
1,20.000000,19.530001,1.658000,-74,0.000000,7,8
1,20.000000,20.393999,1.912000,-74,0.000000,7,8
1,20.000000,20.834000,1.005000,-75,0.000000,7,8
1,20.000000,21.127001,1.197000,-74,0.000000,7,8
1,20.000000,20.907000,0.604000,-74,0.000000,7,8
1,20.000000,20.277000,0.702000,-72,0.000000,7,8
1,20.000000,21.097000,1.605000,-73,0.000000,7,8
1,20.000000,21.742001,1.156000,-73,0.000000,7,8
1,20.000000,21.243999,1.287000,-74,0.000000,7,8
1,20.000000,21.068001,1.361000,-74,0.000000,7,8
1,20.000000,20.556000,0.675000,-74,0.000000,7,8
1,20.000000,20.775000,0.339000,-73,0.000000,7,8
1,20.000000,21.361000,0.548000,-75,0.000000,7,8
1,20.000000,21.493000,0.893000,-74,0.000000,7,8
1,20.000000,21.229000,1.128000,-74,0.000000,7,8
1,20.000000,22.108000,0.874000,-73,0.000000,7,8
1,20.000000,20.600000,1.631000,-75,0.000000,7,8
1,20.000000,20.951000,1.307000,-74,0.000000,7,8
1,20.000000,20.424000,0.792000,-73,0.000000,7,8
1,20.000000,20.014000,0.771000,-72,0.000000,7,8
1,20.000000,20.306999,0.461000,-72,0.000000,7,8
1,20.000000,19.032000,0.922000,-74,0.000000,7,8
1,20.000000,20.497000,1.194000,-75,0.000000,7,8
1,20.000000,22.122999,1.162000,-75,0.000000,7,8
1,20.000000,20.438000,0.933000,-73,0.000000,7,8
1,20.000000,20.541000,1.156000,-75,0.000000,7,8
1,20.000000,21.243999,1.156000,-73,0.000000,7,8
1,20.000000,19.721001,0.608000,-72,0.000000,7,8
1,20.000000,19.311001,2.169000,-73,0.000000,7,8
1,20.000000,21.596001,0.441000,-74,0.000000,7,8
1,20.000000,20.263000,1.186000,-74,0.000000,7,8
1,20.000000,21.521999,1.388000,-75,0.000000,7,8
1,20.000000,19.193001,1.294000,-75,0.000000,7,8
1,20.000000,20.042999,0.543000,-73,0.000000,7,8
1,20.000000,21.156000,0.208000,-71,0.000000,7,8
1,20.000000,21.669001,0.639000,-73,0.000000,7,8
1,20.000000,21.990999,0.797000,-74,0.000000,7,8
1,20.000000,23.412001,2.293000,-76,0.000000,7,8
1,20.000000,22.299000,2.325000,-75,0.000000,7,8
1,20.000000,18.094999,1.462000,-73,0.000000,7,8
1,20.000000,18.256001,1.139000,-72,0.000000,7,8
1,20.000000,19.193001,0.594000,-72,0.000000,7,8
1,20.000000,19.983999,0.658000,-74,0.000000,7,8
1,20.000000,20.058001,1.867000,-74,0.000000,7,8
1,20.000000,20.336000,1.788000,-72,0.000000,7,8
1,20.000000,20.716999,0.366000,-71,0.000000,7,8
1,20.000000,20.819000,0.404000,-71,0.000000,7,8
1,20.000000,20.849001,0.341000,-71,0.000000,7,8
1,20.000000,20.805000,0.583000,-72,0.000000,7,8
1,20.000000,20.907000,0.698000,-72,0.000000,7,8
1,20.000000,21.171000,0.488000,-72,0.000000,7,8
1,20.000000,21.083000,0.548000,-73,0.000000,7,8
1,20.000000,21.112000,0.605000,-72,0.000000,7,8
1,20.000000,20.629000,1.242000,-74,0.000000,7,8
1,20.000000,21.302999,0.566000,-73,0.000000,7,8
1,20.000000,21.405001,1.023000,-74,0.000000,7,8
1,20.000000,21.610001,0.968000,-74,0.000000,7,8
1,20.000000,21.493000,0.300000,-73,0.000000,7,8
1,20.000000,21.625000,0.410000,-74,0.000000,7,8
1,20.000000,20.336000,1.145000,-75,0.000000,7,8
1,20.000000,20.614000,0.907000,-76,0.000000,7,8
1,20.000000,20.233000,0.946000,-74,0.000000,7,8
1,20.000000,20.233000,0.428000,-73,0.000000,7,8
1,20.000000,21.112000,0.605000,-75,0.000000,7,8
1,20.000000,19.559999,0.903000,-73,0.000000,7,8
1,20.000000,20.424000,0.177000,-72,0.000000,7,8
1,20.000000,18.988001,1.563000,-74,0.000000,7,8
1,20.000000,20.541000,0.997000,-74,0.000000,7,8
1,20.000000,18.681000,1.608000,-76,0.000000,7,8
1,20.000000,21.927999,0.666000,-72,0.000000,7,8
1,20.000000,19.926001,1.027000,-76,0.000000,7,8
1,20.000000,23.666000,1.878000,-75,0.000000,7,8
1,20.000000,21.947001,0.532000,-74,0.000000,7,8
1,20.000000,20.951000,0.282000,-73,0.000000,7,8
1,20.000000,20.761000,0.352000,-73,0.000000,7,8
1,20.000000,20.922001,0.840000,-74,0.000000,7,8
1,20.000000,21.054001,1.066000,-74,0.000000,7,8
1,20.000000,21.039000,0.939000,-74,0.000000,7,8
1,20.000000,21.024000,0.547000,-73,0.000000,7,8
1,20.000000,20.541000,0.984000,-72,0.000000,7,8
1,20.000000,20.188999,1.023000,-72,0.000000,7,8
1,20.000000,20.028000,1.532000,-72,0.000000,7,8
1,20.000000,19.267000,1.711000,-73,0.000000,7,8
1,20.000000,20.320999,1.740000,-75,0.000000,7,8
1,20.000000,20.893000,1.275000,-74,0.000000,7,8
1,20.000000,19.999001,1.028000,-73,0.000000,7,8
1,20.000000,20.980000,1.563000,-76,0.000000,7,8
1,20.000000,20.834000,0.334000,-72,0.000000,7,8
1,20.000000,21.830000,0.217000,-75,0.000000,7,8
1,20.000000,21.171000,0.197000,-75,0.000000,7,8
1,20.000000,20.912001,0.172000,-73,0.000000,7,8
1,20.000000,20.951000,0.309000,-75,0.000000,7,8
1,20.000000,20.111000,0.447000,-72,0.000000,7,8
1,20.000000,20.452999,0.329000,-74,0.000000,7,8
1,20.000000,20.233000,1.726000,-76,0.000000,7,8
1,20.000000,19.896999,1.467000,-76,0.000000,7,8
1,20.000000,20.482000,0.775000,-74,0.000000,7,8
1,20.000000,21.024000,0.544000,-74,0.000000,7,8
1,20.000000,21.493000,0.225000,-74,0.000000,7,8
1,20.000000,20.878000,0.264000,-73,0.000000,7,8
1,20.000000,20.746000,0.319000,-74,0.000000,7,8
1,20.000000,20.849001,0.176000,-74,0.000000,7,8
1,20.000000,20.790001,0.456000,-74,0.000000,7,8
1,20.000000,20.247999,0.441000,-74,0.000000,7,8
1,20.000000,20.599001,0.139000,-74,0.000000,7,8
1,20.000000,20.658001,0.566000,-74,0.000000,7,8
1,20.000000,20.980000,0.541000,-74,0.000000,7,8
1,20.000000,20.849001,0.731000,-75,0.000000,7,8
1,20.000000,21.375999,0.851000,-76,0.000000,7,8
1,20.000000,21.420000,0.332000,-73,0.000000,7,8
1,20.000000,20.350000,1.131000,-71,0.000000,7,8
1,20.000000,20.756001,0.468000,-71,0.000000,7,8
1,20.000000,22.094000,0.433000,-74,0.000000,7,8
1,20.000000,20.673000,1.061000,-73,0.000000,7,8
1,20.000000,20.336000,1.488000,-74,0.000000,7,8
1,20.000000,21.112000,0.333000,-74,0.000000,7,8
1,20.000000,21.361000,0.208000,-73,0.000000,7,8
1,20.000000,20.795000,0.474000,-73,0.000000,7,8
1,20.000000,20.775000,0.409000,-72,0.000000,7,8
1,20.000000,21.049000,0.184000,-72,0.000000,7,8
1,20.000000,21.225000,0.233000,-72,0.000000,7,8
1,20.000000,21.635000,0.291000,-73,0.000000,7,8
1,20.000000,21.493000,0.483000,-74,0.000000,7,8
1,20.000000,21.785999,0.729000,-75,0.000000,7,8
1,20.000000,21.127001,1.501000,-76,0.000000,7,8
1,20.000000,20.174999,1.379000,-76,0.000000,7,8
1,20.000000,21.010000,0.901000,-76,0.000000,7,8
1,20.000000,20.892000,0.911000,-76,0.000000,7,8
1,20.000000,20.775000,1.504000,-76,0.000000,7,8
1,20.000000,20.658001,1.112000,-75,0.000000,7,8
1,20.000000,20.863001,1.334000,-74,0.000000,7,8
1,20.000000,20.438999,1.604000,-74,0.000000,7,8
1,20.000000,20.584999,1.743000,-73,0.000000,7,8
1,20.000000,20.320999,0.382000,-72,0.000000,7,8
1,20.000000,20.980000,0.689000,-74,0.000000,7,8
1,20.000000,20.247999,1.910000,-74,0.000000,7,8
1,20.000000,19.999001,1.350000,-75,0.000000,7,8
1,20.000000,21.069000,0.279000,-75,0.000000,7,8
1,20.000000,20.541000,1.303000,-75,0.000000,7,8
1,20.000000,21.112000,0.310000,-74,0.000000,7,8
1,20.000000,21.596001,0.540000,-72,0.000000,7,8
1,20.000000,20.819000,0.348000,-73,0.000000,7,8
1,20.000000,20.834000,0.282000,-74,0.000000,7,8
1,20.000000,21.830000,0.760000,-74,0.000000,7,8
1,20.000000,21.054001,0.659000,-75,0.000000,7,8
1,20.000000,20.584999,1.593000,-76,0.000000,7,8
1,20.000000,20.790001,1.458000,-75,0.000000,7,8
1,20.000000,20.658001,0.855000,-72,0.000000,7,8
1,20.000000,20.819000,0.827000,-73,0.000000,7,8
1,20.000000,19.955000,0.705000,-75,0.000000,7,8
1,20.000000,19.559999,1.634000,-75,0.000000,7,8
1,20.000000,20.618999,0.407000,-74,0.000000,7,8
1,20.000000,21.024000,0.386000,-73,0.000000,7,8
1,20.000000,19.408001,0.339000,-71,0.000000,7,8
1,20.000000,19.447001,2.737000,-74,0.000000,7,8
1,20.000000,19.486000,0.587000,-72,0.000000,7,8
1,20.000000,20.277000,0.486000,-75,0.000000,7,8
1,20.000000,20.629000,0.310000,-71,0.000000,7,8
1,20.000000,20.482000,0.153000,-73,0.000000,7,8
1,20.000000,19.389000,0.748000,-73,0.000000,7,8
1,20.000000,19.750000,0.573000,-72,0.000000,7,8
1,20.000000,21.156000,0.871000,-73,0.000000,7,8
1,20.000000,22.260000,1.814000,-76,0.000000,7,8
1,20.000000,21.112000,0.915000,-74,0.000000,7,8
1,20.000000,21.874001,0.851000,-75,0.000000,7,8
1,20.000000,20.863001,1.065000,-73,0.000000,7,8
1,20.000000,20.980000,1.132000,-74,0.000000,7,8
1,20.000000,21.229000,0.918000,-75,0.000000,7,8
1,20.000000,19.267000,0.895000,-74,0.000000,7,8
1,20.000000,19.691000,0.681000,-73,0.000000,7,8
1,20.000000,19.662001,0.565000,-76,0.000000,7,8
1,20.000000,19.150000,1.626000,-75,0.000000,7,8
1,20.000000,21.273001,1.147000,-75,0.000000,7,8
1,20.000000,21.288000,1.164000,-74,0.000000,7,8
1,20.000000,21.684000,0.675000,-74,0.000000,7,8
1,20.000000,21.039000,1.334000,-75,0.000000,7,8
1,20.000000,19.941000,0.529000,-73,0.000000,7,8
1,20.000000,21.068001,1.180000,-75,0.000000,7,8
1,20.000000,19.705999,1.557000,-74,0.000000,7,8
1,20.000000,21.010000,1.022000,-73,0.000000,7,8
1,20.000000,20.160000,1.761000,-74,0.000000,7,8
1,20.000000,18.534000,1.174000,-73,0.000000,7,8
1,20.000000,19.851999,1.822000,-75,0.000000,7,8
1,20.000000,19.955000,0.660000,-73,0.000000,7,8
1,20.000000,20.584999,0.973000,-74,0.000000,7,8
1,20.000000,21.653999,2.186000,-75,0.000000,7,8
1,20.000000,20.790001,1.008000,-73,0.000000,7,8
1,20.000000,19.618000,2.272000,-74,0.000000,7,8
1,20.000000,19.677000,2.435000,-75,0.000000,7,8
1,20.000000,20.511999,2.116000,-76,0.000000,7,8
1,20.000000,21.927999,2.016000,-75,0.000000,7,8
1,20.000000,22.806999,3.944000,-76,0.000000,7,8
1,20.000000,23.764000,2.198000,-75,0.000000,7,8
1,20.000000,17.113001,2.334000,-77,0.000000,7,8
1,20.000000,19.208000,1.045000,-74,0.000000,7,8
1,20.000000,19.340000,1.076000,-77,0.000000,7,8
1,20.000000,20.365000,0.951000,-77,0.000000,7,8
1,20.000000,20.805000,0.478000,-75,0.000000,7,8
1,20.000000,21.464001,0.529000,-78,0.000000,7,8
1,20.000000,22.270000,0.649000,-77,0.000000,7,8
1,20.000000,20.145000,2.015000,-76,0.000000,7,8
1,20.000000,23.451000,1.542000,-79,0.000000,7,8
1,20.000000,23.568001,0.996000,-78,0.000000,7,8
1,20.000000,24.056999,0.759000,-76,0.000000,7,8
1,20.000000,21.868999,0.421000,-75,0.000000,7,8
1,20.000000,23.256001,0.626000,-76,0.000000,7,8
1,20.000000,21.635000,0.436000,-76,0.000000,7,8
1,20.000000,22.811001,0.694000,-74,0.000000,7,8
1,20.000000,21.322001,0.488000,-74,0.000000,7,8
1,20.000000,21.537001,0.460000,-75,0.000000,7,8
1,20.000000,22.606001,0.453000,-74,0.000000,7,8
1,20.000000,21.908001,0.325000,-75,0.000000,7,8
1,20.000000,21.732000,0.248000,-75,0.000000,7,8
1,20.000000,23.295000,0.538000,-76,0.000000,7,8
1,20.000000,23.684999,0.379000,-74,0.000000,7,8
1,20.000000,22.865000,0.719000,-76,0.000000,7,8
1,20.000000,21.917999,0.257000,-73,0.000000,7,8
1,20.000000,21.874001,0.322000,-74,0.000000,7,8
1,20.000000,21.933001,0.629000,-74,0.000000,7,8
1,20.000000,18.988001,0.223000,-73,0.000000,7,8
1,20.000000,19.882000,1.245000,-74,0.000000,7,8
1,20.000000,18.549000,1.561000,-72,0.000000,7,8
1,20.000000,20.570000,1.245000,-75,0.000000,7,8
1,20.000000,21.322001,0.508000,-77,0.000000,7,8
1,20.000000,20.834000,1.210000,-75,0.000000,7,8
1,20.000000,21.028999,0.276000,-74,0.000000,7,8
1,20.000000,20.893000,0.806000,-75,0.000000,7,8
1,20.000000,21.752001,0.973000,-75,0.000000,7,8
1,20.000000,22.903999,0.392000,-74,0.000000,7,8
1,20.000000,21.478001,0.949000,-74,0.000000,7,8
1,20.000000,21.917999,1.029000,-74,0.000000,7,8
1,20.000000,21.990999,1.031000,-73,0.000000,7,8
1,20.000000,22.929001,0.718000,-74,0.000000,7,8
1,20.000000,23.031000,0.710000,-74,0.000000,7,8
1,20.000000,22.063999,1.076000,-74,0.000000,7,8
1,20.000000,23.895000,0.195000,-74,0.000000,7,8
1,20.000000,23.895000,0.201000,-75,0.000000,7,8
1,20.000000,23.808001,0.222000,-76,0.000000,7,8
1,20.000000,23.632000,0.456000,-77,0.000000,7,8
1,20.000000,22.885000,0.510000,-74,0.000000,7,8
1,20.000000,21.459000,0.735000,-76,0.000000,7,8
1,20.000000,21.283001,1.653000,-74,0.000000,7,8
1,20.000000,21.830000,0.703000,-73,0.000000,7,8
1,20.000000,21.889000,0.750000,-74,0.000000,7,8
1,20.000000,21.098000,0.892000,-74,0.000000,7,8
1,20.000000,21.625000,0.496000,-74,0.000000,7,8
1,20.000000,22.327999,0.270000,-75,0.000000,7,8
1,20.000000,21.596001,0.821000,-74,0.000000,7,8
1,20.000000,21.420000,1.149000,-73,0.000000,7,8
1,20.000000,22.377001,0.475000,-73,0.000000,7,8
1,20.000000,23.451000,0.375000,-74,0.000000,7,8
1,20.000000,23.134001,0.446000,-74,0.000000,7,8
1,20.000000,22.855000,0.315000,-75,0.000000,7,8
1,20.000000,22.870001,0.559000,-75,0.000000,7,8
1,20.000000,22.787001,0.142000,-75,0.000000,7,8
1,20.000000,20.263000,1.477000,-74,0.000000,7,8
1,20.000000,21.347000,1.478000,-75,0.000000,7,8
1,20.000000,23.451000,1.331000,-74,0.000000,7,8
1,20.000000,30.823999,0.210000,-74,0.000000,7,8
1,20.000000,22.035000,0.570000,-75,0.000000,7,8
1,20.000000,20.320999,1.424000,-76,0.000000,7,8
1,20.000000,19.516001,1.166000,-74,0.000000,7,8
1,20.000000,21.302999,2.500000,-74,0.000000,7,8
1,20.000000,18.431999,2.518000,-76,0.000000,7,8
1,20.000000,23.061001,1.724000,-77,0.000000,7,8
1,20.000000,19.969999,1.135000,-75,0.000000,7,8
1,20.000000,20.190001,0.724000,-74,0.000000,7,8
1,20.000000,19.809000,0.467000,-74,0.000000,7,8
1,20.000000,19.237000,0.991000,-73,0.000000,7,8
1,20.000000,19.252001,1.656000,-74,0.000000,7,8
1,20.000000,20.379999,1.267000,-74,0.000000,7,8
1,20.000000,21.264000,0.193000,-74,0.000000,7,8
1,20.000000,20.849001,1.251000,-73,0.000000,7,8
1,20.000000,20.292000,0.490000,-73,0.000000,7,8
1,20.000000,19.662001,0.828000,-73,0.000000,7,8
1,20.000000,19.325001,0.908000,-73,0.000000,7,8
1,20.000000,20.643000,0.553000,-74,0.000000,7,8
1,20.000000,20.863001,1.207000,-74,0.000000,7,8
1,20.000000,19.910999,1.434000,-74,0.000000,7,8
1,20.000000,19.530001,1.367000,-73,0.000000,7,8
1,20.000000,19.325001,0.784000,-73,0.000000,7,8
1,20.000000,20.233000,1.011000,-75,0.000000,7,8
1,20.000000,18.518999,1.383000,-73,0.000000,7,8
1,20.000000,19.999001,1.232000,-74,0.000000,7,8
1,20.000000,19.926001,1.222000,-74,0.000000,7,8
1,20.000000,21.098000,0.943000,-75,0.000000,7,8
1,20.000000,21.186001,1.048000,-76,0.000000,7,8
1,20.000000,20.497000,1.683000,-74,0.000000,7,8
1,20.000000,20.336000,1.294000,-74,0.000000,7,8
1,20.000000,19.500999,1.496000,-74,0.000000,7,8
1,20.000000,21.596001,1.090000,-75,0.000000,7,8
1,20.000000,20.292000,1.197000,-74,0.000000,7,8
1,20.000000,20.556000,1.265000,-74,0.000000,7,8
1,20.000000,20.511999,1.517000,-74,0.000000,7,8
1,20.000000,20.878000,0.981000,-74,0.000000,7,8
1,20.000000,20.863001,0.887000,-74,0.000000,7,8
1,20.000000,20.907000,1.070000,-75,0.000000,7,8
1,20.000000,21.903000,0.590000,-75,0.000000,7,8
1,20.000000,19.340000,0.901000,-74,0.000000,7,8
1,20.000000,19.735001,0.849000,-74,0.000000,7,8
1,20.000000,20.834000,1.309000,-74,0.000000,7,8
1,20.000000,20.643000,0.955000,-74,0.000000,7,8
1,20.000000,21.024000,0.736000,-74,0.000000,7,8
1,20.000000,21.580999,0.735000,-75,0.000000,7,8
1,20.000000,21.464001,0.975000,-74,0.000000,7,8
1,20.000000,20.863001,1.122000,-73,0.000000,7,8
1,20.000000,21.215000,0.994000,-74,0.000000,7,8
1,20.000000,21.375999,1.087000,-73,0.000000,7,8
1,20.000000,20.541000,1.551000,-73,0.000000,7,8
1,20.000000,20.320999,1.558000,-74,0.000000,7,8
1,20.000000,22.094000,0.732000,-74,0.000000,7,8
1,20.000000,21.098000,1.035000,-73,0.000000,7,8
1,20.000000,21.010000,1.041000,-73,0.000000,7,8
1,20.000000,20.409000,1.637000,-74,0.000000,7,8
1,20.000000,20.805000,1.326000,-75,0.000000,7,8
1,20.000000,21.186001,1.340000,-75,0.000000,7,8
1,20.000000,21.962000,0.866000,-73,0.000000,7,8
1,20.000000,21.712999,1.085000,-75,0.000000,7,8
1,20.000000,20.893000,1.400000,-74,0.000000,7,8
1,20.000000,21.083000,1.131000,-73,0.000000,7,8
1,20.000000,20.746000,1.453000,-74,0.000000,7,8
1,20.000000,20.629000,1.296000,-75,0.000000,7,8
1,20.000000,21.933001,0.682000,-74,0.000000,7,8
1,20.000000,20.746000,1.313000,-75,0.000000,7,8
1,20.000000,20.320999,0.695000,-74,0.000000,7,8
1,20.000000,19.120001,2.101000,-74,0.000000,7,8
1,20.000000,19.910999,1.516000,-75,0.000000,7,8
1,20.000000,20.951000,1.543000,-75,0.000000,7,8
1,20.000000,21.771000,1.184000,-75,0.000000,7,8
1,20.000000,21.259001,1.347000,-74,0.000000,7,8
1,20.000000,21.742001,1.214000,-75,0.000000,7,8
1,20.000000,21.947001,0.924000,-75,0.000000,7,8
1,20.000000,21.698000,1.069000,-76,0.000000,7,8
1,20.000000,21.712999,0.861000,-76,0.000000,7,8
1,20.000000,21.215000,1.251000,-75,0.000000,7,8
1,20.000000,20.614000,1.383000,-75,0.000000,7,8
1,20.000000,20.014000,1.417000,-75,0.000000,7,8
1,20.000000,20.643000,1.296000,-75,0.000000,7,8
1,20.000000,20.600000,1.564000,-76,0.000000,7,8
1,20.000000,20.907000,1.078000,-75,0.000000,7,8
1,20.000000,20.292000,1.661000,-75,0.000000,7,8
1,20.000000,20.336000,1.462000,-74,0.000000,7,8
1,20.000000,20.042999,1.559000,-75,0.000000,7,8
1,20.000000,19.955000,1.713000,-75,0.000000,7,8
1,20.000000,20.160000,1.518000,-75,0.000000,7,8
1,20.000000,19.851999,1.920000,-76,0.000000,7,8
1,20.000000,20.907000,1.582000,-76,0.000000,7,8
1,20.000000,21.098000,1.663000,-75,0.000000,7,8
1,20.000000,20.393999,1.429000,-75,0.000000,7,8
1,20.000000,19.632999,1.257000,-75,0.000000,7,8
1,20.000000,20.702000,0.934000,-74,0.000000,7,8
1,20.000000,21.215000,0.623000,-73,0.000000,7,8
1,20.000000,21.347000,0.243000,-73,0.000000,7,8
1,20.000000,21.288000,0.180000,-73,0.000000,7,8
1,20.000000,21.507999,0.413000,-74,0.000000,7,8
1,20.000000,21.375999,0.559000,-74,0.000000,7,8
1,20.000000,22.138000,0.378000,-74,0.000000,7,8
1,20.000000,21.596001,0.660000,-74,0.000000,7,8
1,20.000000,20.087000,1.071000,-74,0.000000,7,8
1,20.000000,19.867001,0.886000,-73,0.000000,7,8
1,20.000000,21.405001,0.582000,-73,0.000000,7,8
1,20.000000,20.922001,1.264000,-74,0.000000,7,8
1,20.000000,21.962000,0.357000,-74,0.000000,7,8
1,20.000000,21.639999,0.490000,-74,0.000000,7,8
1,20.000000,22.020000,0.342000,-74,0.000000,7,8
1,20.000000,21.434999,0.316000,-73,0.000000,7,8
1,20.000000,21.347000,0.273000,-73,0.000000,7,8
1,20.000000,20.980000,0.810000,-74,0.000000,7,8
1,20.000000,20.204000,1.174000,-73,0.000000,7,8
1,20.000000,20.292000,0.982000,-73,0.000000,7,8
1,20.000000,20.306999,1.076000,-74,0.000000,7,8
1,20.000000,20.042999,1.030000,-73,0.000000,7,8
1,20.000000,20.277000,0.913000,-73,0.000000,7,8
1,20.000000,21.024000,0.650000,-73,0.000000,7,8
1,20.000000,20.951000,0.613000,-73,0.000000,7,8
1,20.000000,20.600000,0.839000,-74,0.000000,7,8
1,20.000000,20.570000,1.201000,-74,0.000000,7,8
1,20.000000,20.190001,1.165000,-74,0.000000,7,8
1,20.000000,19.778999,1.114000,-74,0.000000,7,8
1,20.000000,19.530001,1.471000,-74,0.000000,7,8
1,20.000000,19.983999,1.202000,-74,0.000000,7,8
1,20.000000,19.662001,1.266000,-74,0.000000,7,8
1,20.000000,19.105000,1.638000,-74,0.000000,7,8
1,20.000000,19.135000,2.436000,-74,0.000000,7,8
1,20.000000,19.135000,1.773000,-74,0.000000,7,8
1,20.000000,19.867001,1.328000,-75,0.000000,7,8
1,20.000000,20.277000,1.572000,-75,0.000000,7,8
1,20.000000,20.174999,1.821000,-75,0.000000,7,8
1,20.000000,20.688000,1.262000,-75,0.000000,7,8
1,20.000000,19.983999,0.924000,-74,0.000000,7,8
1,20.000000,19.940001,1.384000,-75,0.000000,7,8
1,20.000000,19.662001,2.422000,-75,0.000000,7,8
1,20.000000,19.545000,2.126000,-75,0.000000,7,8
1,20.000000,19.603001,2.130000,-74,0.000000,7,8
1,20.000000,19.705999,1.498000,-74,0.000000,7,8
1,20.000000,19.882000,1.483000,-74,0.000000,7,8
1,20.000000,20.204000,1.755000,-74,0.000000,7,8
1,20.000000,19.910999,2.070000,-74,0.000000,7,8
1,20.000000,20.452999,1.625000,-74,0.000000,7,8
1,20.000000,20.438000,1.490000,-74,0.000000,7,8
1,20.000000,20.541000,1.610000,-74,0.000000,7,8
1,20.000000,20.482000,1.480000,-75,0.000000,7,8
1,20.000000,20.174999,1.391000,-75,0.000000,7,8
1,20.000000,20.320999,1.062000,-75,0.000000,7,8
1,20.000000,20.716999,1.006000,-74,0.000000,7,8
1,20.000000,20.951000,0.925000,-74,0.000000,7,8
1,20.000000,21.142000,0.865000,-74,0.000000,7,8
1,20.000000,21.302999,0.760000,-74,0.000000,7,8
1,20.000000,21.420000,0.683000,-74,0.000000,7,8
1,20.000000,21.259001,0.429000,-74,0.000000,7,8
1,20.000000,21.215000,0.357000,-74,0.000000,7,8
1,20.000000,20.893000,0.389000,-73,0.000000,7,8
1,20.000000,21.112000,0.481000,-73,0.000000,7,8
1,20.000000,20.951000,0.456000,-74,0.000000,7,8
1,20.000000,20.893000,0.455000,-74,0.000000,7,8
1,20.000000,20.834000,0.601000,-74,0.000000,7,8
1,20.000000,20.995001,0.589000,-74,0.000000,7,8
1,20.000000,21.434999,0.631000,-74,0.000000,7,8
1,20.000000,21.684000,0.507000,-73,0.000000,7,8
1,20.000000,21.903000,0.640000,-73,0.000000,7,8
1,20.000000,22.079000,0.672000,-73,0.000000,7,8
1,20.000000,21.771000,0.880000,-73,0.000000,7,8
1,20.000000,22.094000,0.480000,-73,0.000000,7,8
1,20.000000,21.200001,1.154000,-73,0.000000,7,8
1,20.000000,21.580999,0.800000,-73,0.000000,7,8
1,20.000000,21.507999,0.779000,-73,0.000000,7,8
1,20.000000,20.174999,1.344000,-73,0.000000,7,8
1,20.000000,20.614000,1.184000,-73,0.000000,7,8
1,20.000000,21.610001,0.827000,-73,0.000000,7,8
1,20.000000,21.171000,1.056000,-73,0.000000,7,8
1,20.000000,20.980000,1.057000,-74,0.000000,7,8
1,20.000000,20.980000,0.966000,-73,0.000000,7,8
1,20.000000,21.903000,0.552000,-73,0.000000,7,8
1,20.000000,20.599001,0.728000,-73,0.000000,7,8
1,20.000000,21.039000,0.813000,-73,0.000000,7,8
1,20.000000,20.306999,0.740000,-73,0.000000,7,8
1,20.000000,21.389999,0.231000,-73,0.000000,7,8
1,20.000000,20.922001,0.721000,-73,0.000000,7,8
1,20.000000,20.951000,0.533000,-73,0.000000,7,8
1,20.000000,20.761000,0.475000,-73,0.000000,7,8
1,20.000000,20.878000,0.503000,-73,0.000000,7,8
1,20.000000,21.156000,0.596000,-73,0.000000,7,8
1,20.000000,20.936001,0.652000,-73,0.000000,7,8
1,20.000000,20.731001,0.849000,-73,0.000000,7,8
1,20.000000,20.790001,0.892000,-73,0.000000,7,8
1,20.000000,20.702000,0.815000,-73,0.000000,7,8
1,20.000000,21.142000,0.692000,-73,0.000000,7,8
1,20.000000,21.653999,0.705000,-73,0.000000,7,8
1,20.000000,21.142000,0.723000,-73,0.000000,7,8
1,20.000000,21.347000,0.441000,-73,0.000000,7,8
1,20.000000,21.083000,0.639000,-73,0.000000,7,8
1,20.000000,21.375999,0.448000,-73,0.000000,7,8
1,20.000000,21.552000,0.704000,-73,0.000000,7,8
1,20.000000,22.533001,0.331000,-74,0.000000,7,8
1,20.000000,22.094000,0.801000,-74,0.000000,7,8
1,20.000000,21.405001,1.354000,-74,0.000000,7,8
1,20.000000,20.966000,1.284000,-75,0.000000,7,8
1,20.000000,21.361000,1.183000,-75,0.000000,7,8
1,20.000000,21.507999,1.581000,-74,0.000000,7,8
1,20.000000,21.464001,1.418000,-75,0.000000,7,8
1,20.000000,21.024000,1.789000,-75,0.000000,7,8
1,20.000000,20.907000,1.513000,-75,0.000000,7,8
1,20.000000,21.200001,1.355000,-74,0.000000,7,8
1,20.000000,21.229000,1.570000,-75,0.000000,7,8
1,20.000000,20.716999,1.591000,-75,0.000000,7,8
1,20.000000,20.541000,1.432000,-75,0.000000,7,8
1,20.000000,20.511999,1.231000,-75,0.000000,7,8
1,20.000000,20.525999,1.403000,-75,0.000000,7,8
1,20.000000,19.940001,1.806000,-75,0.000000,7,8
1,20.000000,20.115999,1.551000,-75,0.000000,7,8
1,20.000000,21.316999,0.913000,-76,0.000000,7,8
1,20.000000,21.537001,1.059000,-76,0.000000,7,8
1,20.000000,20.819000,1.469000,-75,0.000000,7,8
1,20.000000,21.448999,1.053000,-75,0.000000,7,8
1,20.000000,20.263000,1.498000,-74,0.000000,7,8
1,20.000000,20.115999,0.673000,-74,0.000000,7,8
1,20.000000,20.101000,0.505000,-74,0.000000,7,8
1,20.000000,19.983999,0.644000,-73,0.000000,7,8
1,20.000000,20.336000,0.484000,-72,0.000000,7,8
1,20.000000,21.142000,0.257000,-73,0.000000,7,8
1,20.000000,21.259001,0.163000,-73,0.000000,7,8
1,20.000000,21.653999,0.253000,-73,0.000000,7,8
1,20.000000,21.024000,0.325000,-73,0.000000,7,8
1,20.000000,20.468000,0.471000,-72,0.000000,7,8
1,20.000000,20.306999,0.404000,-72,0.000000,7,8
1,20.000000,20.424000,0.430000,-73,0.000000,7,8
1,20.000000,20.014000,0.759000,-73,0.000000,7,8
1,20.000000,21.083000,1.245000,-74,0.000000,7,8
1,20.000000,21.302999,0.661000,-74,0.000000,7,8
1,20.000000,20.584999,1.452000,-74,0.000000,7,8
1,20.000000,21.375999,0.804000,-75,0.000000,7,8
1,20.000000,21.448999,0.855000,-75,0.000000,7,8
1,20.000000,21.625000,0.801000,-76,0.000000,7,8
1,20.000000,21.448999,0.743000,-75,0.000000,7,8
1,20.000000,21.596001,0.991000,-75,0.000000,7,8
1,20.000000,21.243999,1.060000,-75,0.000000,7,8
1,20.000000,20.805000,1.233000,-75,0.000000,7,8
1,20.000000,21.580999,0.609000,-75,0.000000,7,8
1,20.000000,21.478001,0.664000,-75,0.000000,7,8
1,20.000000,21.332001,0.754000,-75,0.000000,7,8
1,20.000000,21.464001,0.958000,-74,0.000000,7,8
1,20.000000,21.858999,0.590000,-74,0.000000,7,8
1,20.000000,21.521999,0.823000,-74,0.000000,7,8
1,20.000000,21.521999,0.773000,-74,0.000000,7,8
1,20.000000,21.347000,0.823000,-74,0.000000,7,8
1,20.000000,21.259001,0.929000,-74,0.000000,7,8
1,20.000000,21.186001,0.828000,-74,0.000000,7,8
1,20.000000,21.112000,0.940000,-75,0.000000,7,8
1,20.000000,21.302999,0.832000,-74,0.000000,7,8
1,20.000000,21.024000,0.993000,-74,0.000000,7,8
1,20.000000,20.951000,1.003000,-74,0.000000,7,8
1,20.000000,20.716999,1.184000,-75,0.000000,7,8
1,20.000000,21.316999,0.836000,-76,0.000000,7,8
1,20.000000,20.995001,1.143000,-75,0.000000,7,8
1,20.000000,21.507999,0.785000,-75,0.000000,7,8
1,20.000000,20.834000,1.107000,-75,0.000000,7,8
1,20.000000,21.243999,1.077000,-75,0.000000,7,8
1,20.000000,21.742001,0.605000,-75,0.000000,7,8
1,20.000000,21.288000,0.901000,-75,0.000000,7,8
1,20.000000,21.507999,0.664000,-75,0.000000,7,8
1,20.000000,21.434999,0.639000,-75,0.000000,7,8
1,20.000000,21.273001,0.702000,-75,0.000000,7,8
1,20.000000,21.361000,0.792000,-75,0.000000,7,8
1,20.000000,20.819000,0.921000,-75,0.000000,7,8
1,20.000000,21.391001,1.125000,-75,0.000000,7,8
1,20.000000,21.684000,0.897000,-75,0.000000,7,8
1,20.000000,21.302999,1.082000,-76,0.000000,7,8
1,20.000000,21.347000,1.201000,-75,0.000000,7,8
1,20.000000,21.566000,0.905000,-75,0.000000,7,8
1,20.000000,21.405001,0.971000,-75,0.000000,7,8
1,20.000000,21.229000,1.048000,-75,0.000000,7,8
1,20.000000,21.316999,0.966000,-75,0.000000,7,8
1,20.000000,21.742001,0.692000,-75,0.000000,7,8
1,20.000000,21.434999,0.955000,-75,0.000000,7,8
1,20.000000,21.391001,0.778000,-75,0.000000,7,8
1,20.000000,21.391001,0.892000,-75,0.000000,7,8
1,20.000000,21.391001,0.915000,-75,0.000000,7,8
1,20.000000,21.156000,0.981000,-74,0.000000,7,8
1,20.000000,21.243999,0.974000,-74,0.000000,7,8
1,20.000000,21.141001,0.928000,-74,0.000000,7,8
1,20.000000,21.156000,0.978000,-74,0.000000,7,8
1,20.000000,21.171000,1.099000,-74,0.000000,7,8
1,20.000000,21.024000,0.915000,-74,0.000000,7,8
1,20.000000,21.112000,0.895000,-74,0.000000,7,8
1,20.000000,20.878000,1.047000,-73,0.000000,7,8
1,20.000000,21.156000,0.795000,-74,0.000000,7,8
1,20.000000,20.790001,1.022000,-74,0.000000,7,8
1,20.000000,20.907000,1.161000,-74,0.000000,7,8
1,20.000000,21.010000,0.956000,-74,0.000000,7,8
1,20.000000,20.980000,0.911000,-74,0.000000,7,8
1,20.000000,21.171000,0.901000,-74,0.000000,7,8
1,20.000000,21.010000,1.014000,-74,0.000000,7,8
1,20.000000,20.892000,1.150000,-75,0.000000,7,8
1,20.000000,21.112000,1.038000,-74,0.000000,7,8
1,20.000000,21.347000,0.983000,-75,0.000000,7,8
1,20.000000,21.375999,0.939000,-75,0.000000,7,8
1,20.000000,21.405001,0.815000,-74,0.000000,7,8
1,20.000000,21.493000,0.759000,-75,0.000000,7,8
1,20.000000,21.552000,0.734000,-74,0.000000,7,8
1,20.000000,21.639999,0.818000,-75,0.000000,7,8
1,20.000000,21.596001,0.759000,-74,0.000000,7,8
1,20.000000,21.391001,0.850000,-75,0.000000,7,8
1,20.000000,21.375999,0.994000,-74,0.000000,7,8
1,20.000000,21.537001,0.869000,-74,0.000000,7,8
1,20.000000,21.684000,0.663000,-74,0.000000,7,8
1,20.000000,21.464001,0.768000,-75,0.000000,7,8
1,20.000000,21.375999,0.934000,-74,0.000000,7,8
1,20.000000,20.790001,1.458000,-75,0.000000,7,8
1,20.000000,20.482000,1.518000,-74,0.000000,7,8
1,20.000000,21.039000,1.311000,-74,0.000000,7,8
1,20.000000,21.156000,1.141000,-74,0.000000,7,8
1,20.000000,20.600000,1.321000,-75,0.000000,7,8
1,20.000000,20.468000,1.458000,-74,0.000000,7,8
1,20.000000,20.351000,1.632000,-75,0.000000,7,8
1,20.000000,20.805000,1.456000,-75,0.000000,7,8
1,20.000000,21.054001,1.134000,-75,0.000000,7,8
1,20.000000,21.610001,0.792000,-75,0.000000,7,8
1,20.000000,21.669001,0.787000,-74,0.000000,7,8
1,20.000000,21.580999,0.939000,-74,0.000000,7,8
1,20.000000,21.448999,0.853000,-74,0.000000,7,8
1,20.000000,21.625000,0.764000,-74,0.000000,7,8
1,20.000000,21.347000,0.888000,-75,0.000000,7,8
1,20.000000,21.405001,0.960000,-73,0.000000,7,8
1,20.000000,21.507999,0.733000,-74,0.000000,7,8
1,20.000000,21.375999,0.805000,-74,0.000000,7,8
1,20.000000,21.141001,0.760000,-73,0.000000,7,8
1,20.000000,21.068001,0.843000,-73,0.000000,7,8
1,20.000000,21.127001,0.852000,-73,0.000000,7,8
1,20.000000,21.142000,0.776000,-73,0.000000,7,8
1,20.000000,21.098000,0.879000,-73,0.000000,7,8
1,20.000000,20.937000,0.878000,-73,0.000000,7,8
1,20.000000,20.995001,0.922000,-73,0.000000,7,8
1,20.000000,21.142000,0.857000,-73,0.000000,7,8
1,20.000000,21.434999,0.856000,-73,0.000000,7,8
1,20.000000,21.229000,0.817000,-73,0.000000,7,8
1,20.000000,21.420000,0.939000,-73,0.000000,7,8
1,20.000000,21.420000,0.806000,-74,0.000000,7,8
1,20.000000,21.448999,1.038000,-74,0.000000,7,8
1,20.000000,20.834000,1.254000,-75,0.000000,7,8
1,20.000000,21.127001,1.157000,-75,0.000000,7,8
1,20.000000,21.448999,0.973000,-74,0.000000,7,8
1,20.000000,21.068001,1.075000,-75,0.000000,7,8
1,20.000000,20.893000,1.242000,-75,0.000000,7,8
1,20.000000,20.775000,1.274000,-75,0.000000,7,8
1,20.000000,20.805000,1.317000,-74,0.000000,7,8
1,20.000000,21.083000,1.104000,-74,0.000000,7,8
1,20.000000,21.316999,1.058000,-75,0.000000,7,8
1,20.000000,21.186001,1.255000,-74,0.000000,7,8
1,20.000000,21.215000,1.098000,-74,0.000000,7,8
1,20.000000,21.493000,1.024000,-75,0.000000,7,8
1,20.000000,21.580999,0.993000,-74,0.000000,7,8
1,20.000000,21.347000,1.016000,-74,0.000000,7,8
1,20.000000,21.054001,1.337000,-74,0.000000,7,8
1,20.000000,21.025000,1.250000,-74,0.000000,7,8
1,20.000000,20.922001,1.354000,-74,0.000000,7,8
1,20.000000,21.375999,1.051000,-75,0.000000,7,8
1,20.000000,21.726999,0.982000,-74,0.000000,7,8
1,20.000000,21.917999,0.783000,-74,0.000000,7,8
1,20.000000,21.669001,1.056000,-74,0.000000,7,8
1,20.000000,20.834000,1.294000,-74,0.000000,7,8
1,20.000000,21.302999,1.078000,-73,0.000000,7,8
1,20.000000,20.966000,1.008000,-72,0.000000,7,8
1,20.000000,21.316999,0.844000,-73,0.000000,7,8
1,20.000000,21.742001,0.367000,-72,0.000000,7,8
1,20.000000,21.273001,0.947000,-73,0.000000,7,8
1,20.000000,21.243999,0.428000,-72,0.000000,7,8
1,20.000000,21.039000,0.348000,-72,0.000000,7,8
1,20.000000,20.951000,0.379000,-72,0.000000,7,8
1,20.000000,21.054001,0.363000,-72,0.000000,7,8
1,20.000000,21.127001,0.293000,-72,0.000000,7,8
1,20.000000,21.976000,0.526000,-72,0.000000,7,8
1,20.000000,21.698000,0.728000,-73,0.000000,7,8
1,20.000000,21.273001,0.935000,-73,0.000000,7,8
1,20.000000,21.375999,0.941000,-72,0.000000,7,8
1,20.000000,21.478001,0.855000,-73,0.000000,7,8
1,20.000000,21.580999,0.689000,-72,0.000000,7,8
1,20.000000,21.537001,0.906000,-73,0.000000,7,8
1,20.000000,21.507999,0.831000,-73,0.000000,7,8
1,20.000000,21.420000,0.738000,-72,0.000000,7,8
1,20.000000,21.771000,0.630000,-72,0.000000,7,8
1,20.000000,21.726999,0.450000,-73,0.000000,7,8
1,20.000000,21.726999,0.434000,-73,0.000000,7,8
1,20.000000,21.653999,0.687000,-73,0.000000,7,8
1,20.000000,21.858999,0.559000,-73,0.000000,7,8
1,20.000000,21.933001,0.521000,-73,0.000000,7,8
1,20.000000,21.742001,0.840000,-73,0.000000,7,8
1,20.000000,21.610001,0.888000,-73,0.000000,7,8
1,20.000000,21.448999,1.004000,-74,0.000000,7,8
1,20.000000,21.785999,0.695000,-74,0.000000,7,8
1,20.000000,22.035000,0.678000,-75,0.000000,7,8
1,20.000000,22.195999,0.637000,-74,0.000000,7,8
1,20.000000,22.386999,0.399000,-74,0.000000,7,8
1,20.000000,22.108000,0.747000,-74,0.000000,7,8
1,20.000000,21.785999,0.612000,-74,0.000000,7,8
1,20.000000,21.815001,0.841000,-74,0.000000,7,8
1,20.000000,21.874001,0.667000,-75,0.000000,7,8
1,20.000000,21.844999,0.744000,-74,0.000000,7,8
1,20.000000,21.815001,0.619000,-74,0.000000,7,8
1,20.000000,21.785999,0.766000,-74,0.000000,7,8
1,20.000000,21.726999,0.783000,-74,0.000000,7,8
1,20.000000,21.858999,0.682000,-75,0.000000,7,8
1,20.000000,21.742001,0.844000,-74,0.000000,7,8
1,20.000000,21.757000,0.742000,-75,0.000000,7,8
1,20.000000,21.669001,0.782000,-74,0.000000,7,8
1,20.000000,21.771000,0.780000,-74,0.000000,7,8
1,20.000000,21.742001,0.711000,-75,0.000000,7,8
1,20.000000,21.785999,0.814000,-74,0.000000,7,8
1,20.000000,21.610001,0.878000,-74,0.000000,7,8
1,20.000000,21.801001,0.665000,-74,0.000000,7,8
1,20.000000,21.728001,0.796000,-74,0.000000,7,8
1,20.000000,21.858999,0.637000,-74,0.000000,7,8
1,20.000000,21.698000,0.798000,-74,0.000000,7,8
1,20.000000,21.816000,0.711000,-74,0.000000,7,8
1,20.000000,21.757000,0.860000,-74,0.000000,7,8
1,20.000000,21.947001,0.739000,-74,0.000000,7,8
1,20.000000,21.698000,0.694000,-74,0.000000,7,8
1,20.000000,21.858999,0.759000,-74,0.000000,7,8
1,20.000000,21.889000,0.657000,-74,0.000000,7,8
1,20.000000,21.830000,0.662000,-74,0.000000,7,8
1,20.000000,21.830000,0.713000,-74,0.000000,7,8
1,20.000000,21.903000,0.695000,-74,0.000000,7,8
1,20.000000,21.742001,0.736000,-74,0.000000,7,8
1,20.000000,21.844999,0.937000,-74,0.000000,7,8
1,20.000000,21.830000,0.652000,-74,0.000000,7,8
1,20.000000,22.063999,0.615000,-74,0.000000,7,8
1,20.000000,21.903000,0.713000,-74,0.000000,7,8
1,20.000000,21.785999,0.618000,-74,0.000000,7,8
1,20.000000,21.976000,0.733000,-74,0.000000,7,8
1,20.000000,21.785999,0.799000,-74,0.000000,7,8
1,20.000000,22.079000,0.607000,-75,0.000000,7,8
1,20.000000,21.947001,0.702000,-74,0.000000,7,8
1,20.000000,21.917999,0.606000,-74,0.000000,7,8
1,20.000000,21.874001,0.699000,-74,0.000000,7,8
1,20.000000,21.874001,0.658000,-74,0.000000,7,8
1,20.000000,21.801001,0.755000,-74,0.000000,7,8
1,20.000000,21.962000,0.566000,-74,0.000000,7,8
1,20.000000,21.917999,0.603000,-74,0.000000,7,8
1,20.000000,21.815001,0.804000,-74,0.000000,7,8
1,20.000000,21.742001,0.646000,-74,0.000000,7,8
1,20.000000,21.844999,0.652000,-74,0.000000,7,8
1,20.000000,21.858999,0.801000,-74,0.000000,7,8
1,20.000000,21.801001,0.786000,-74,0.000000,7,8
1,20.000000,21.830000,0.564000,-74,0.000000,7,8
1,20.000000,21.903000,0.886000,-74,0.000000,7,8
1,20.000000,22.063999,0.705000,-74,0.000000,7,8
1,20.000000,21.917999,0.675000,-74,0.000000,7,8
1,20.000000,22.065001,0.568000,-74,0.000000,7,8
1,20.000000,22.006001,0.695000,-74,0.000000,7,8
1,20.000000,21.976000,0.730000,-74,0.000000,7,8
1,20.000000,21.947001,0.746000,-74,0.000000,7,8
1,20.000000,21.844999,0.734000,-74,0.000000,7,8
1,20.000000,21.947001,0.761000,-74,0.000000,7,8
1,20.000000,21.990999,0.772000,-75,0.000000,7,8
1,20.000000,21.889000,0.647000,-74,0.000000,7,8
1,20.000000,21.917999,0.699000,-75,0.000000,7,8
1,20.000000,21.903000,0.732000,-75,0.000000,7,8
1,20.000000,21.933001,0.673000,-74,0.000000,7,8
1,20.000000,22.049999,0.742000,-75,0.000000,7,8
1,20.000000,22.094000,0.759000,-75,0.000000,7,8
1,20.000000,22.122999,0.644000,-75,0.000000,7,8
1,20.000000,22.020000,0.788000,-75,0.000000,7,8
1,20.000000,21.596001,0.723000,-75,0.000000,7,8
1,20.000000,21.537001,0.690000,-74,0.000000,7,8
1,20.000000,21.507999,0.924000,-75,0.000000,7,8
1,20.000000,21.712999,0.829000,-74,0.000000,7,8
1,20.000000,21.698000,0.786000,-75,0.000000,7,8
1,20.000000,21.874001,0.772000,-75,0.000000,7,8
1,20.000000,21.742001,0.903000,-75,0.000000,7,8
1,20.000000,21.830000,0.803000,-75,0.000000,7,8
1,20.000000,21.976999,0.754000,-75,0.000000,7,8
1,20.000000,22.094000,0.806000,-74,0.000000,7,8
1,20.000000,22.049999,0.706000,-74,0.000000,7,8
1,20.000000,21.801001,0.874000,-75,0.000000,7,8
1,20.000000,21.917999,0.780000,-74,0.000000,7,8
1,20.000000,21.757000,0.996000,-74,0.000000,7,8
1,20.000000,21.889000,0.772000,-75,0.000000,7,8
1,20.000000,21.917999,0.830000,-74,0.000000,7,8
1,20.000000,21.669001,0.960000,-75,0.000000,7,8
1,20.000000,21.801001,0.836000,-75,0.000000,7,8
1,20.000000,21.801001,0.766000,-75,0.000000,7,8
1,20.000000,21.361000,0.994000,-75,0.000000,7,8
1,20.000000,21.625000,0.898000,-75,0.000000,7,8
1,20.000000,21.580999,0.957000,-74,0.000000,7,8
1,20.000000,21.684000,0.837000,-74,0.000000,7,8
1,20.000000,21.771000,0.882000,-75,0.000000,7,8
1,20.000000,21.815001,0.807000,-74,0.000000,7,8
1,20.000000,21.669001,0.895000,-75,0.000000,7,8
1,20.000000,21.669001,0.733000,-74,0.000000,7,8
1,20.000000,21.947001,0.602000,-74,0.000000,7,8
1,20.000000,21.752001,1.298000,-74,0.000000,7,8
1,20.000000,22.079000,0.412000,-74,0.000000,7,8
1,20.000000,21.903000,0.763000,-74,0.000000,7,8
1,20.000000,22.226000,0.535000,-74,0.000000,7,8
1,20.000000,21.990999,0.537000,-74,0.000000,7,8
1,20.000000,22.006001,0.587000,-74,0.000000,7,8
1,20.000000,21.889000,0.771000,-74,0.000000,7,8
1,20.000000,21.757000,0.800000,-74,0.000000,7,8
1,20.000000,21.830000,0.745000,-74,0.000000,7,8
1,20.000000,21.684000,0.697000,-74,0.000000,7,8
1,20.000000,21.669001,0.839000,-75,0.000000,7,8
1,20.000000,21.639999,0.707000,-75,0.000000,7,8
1,20.000000,21.669001,0.796000,-74,0.000000,7,8
1,20.000000,21.698000,0.710000,-74,0.000000,7,8
1,20.000000,21.684000,0.631000,-74,0.000000,7,8
1,20.000000,21.580999,0.852000,-75,0.000000,7,8
1,20.000000,21.434999,0.834000,-75,0.000000,7,8
1,20.000000,21.757000,1.075000,-74,0.000000,7,8
1,20.000000,21.874001,0.971000,-75,0.000000,7,8
1,20.000000,21.653999,1.042000,-75,0.000000,7,8
1,20.000000,21.420000,1.234000,-75,0.000000,7,8
1,20.000000,21.434999,1.283000,-75,0.000000,7,8
1,20.000000,21.302999,1.198000,-75,0.000000,7,8
1,20.000000,21.156000,1.380000,-75,0.000000,7,8
1,20.000000,21.243999,1.184000,-75,0.000000,7,8
1,20.000000,21.098000,1.419000,-75,0.000000,7,8
1,20.000000,21.200001,1.135000,-75,0.000000,7,8
1,20.000000,21.316999,1.049000,-74,0.000000,7,8
1,20.000000,21.521999,0.894000,-74,0.000000,7,8
1,20.000000,21.347000,0.919000,-74,0.000000,7,8
1,20.000000,21.610001,0.935000,-74,0.000000,7,8
1,20.000000,21.507999,0.871000,-75,0.000000,7,8
1,20.000000,21.434999,1.079000,-74,0.000000,7,8
1,20.000000,21.537001,0.912000,-75,0.000000,7,8
1,20.000000,21.639999,0.881000,-74,0.000000,7,8
1,20.000000,21.420000,1.057000,-75,0.000000,7,8
1,20.000000,21.316999,1.126000,-75,0.000000,7,8
1,20.000000,21.610001,0.915000,-76,0.000000,7,8
1,20.000000,21.625000,0.730000,-76,0.000000,7,8
1,20.000000,21.537001,0.895000,-76,0.000000,7,8
1,20.000000,21.464001,1.002000,-76,0.000000,7,8
1,20.000000,21.391001,0.971000,-76,0.000000,7,8
1,20.000000,21.318001,0.923000,-75,0.000000,7,8
1,20.000000,21.552000,0.662000,-76,0.000000,7,8
1,20.000000,21.434999,0.969000,-75,0.000000,7,8
1,20.000000,21.347000,1.149000,-75,0.000000,7,8
1,20.000000,21.068001,1.032000,-75,0.000000,7,8
1,20.000000,21.391001,1.412000,-75,0.000000,7,8
1,20.000000,21.288000,1.023000,-75,0.000000,7,8
1,20.000000,21.215000,1.105000,-75,0.000000,7,8
1,20.000000,21.054001,1.132000,-75,0.000000,7,8
1,20.000000,21.507999,0.719000,-75,0.000000,7,8
1,20.000000,21.316999,0.910000,-75,0.000000,7,8
1,20.000000,21.391001,0.985000,-75,0.000000,7,8
1,20.000000,21.493000,0.807000,-74,0.000000,7,8
1,20.000000,21.493000,0.737000,-74,0.000000,7,8
1,20.000000,21.625000,0.629000,-74,0.000000,7,8
1,20.000000,21.521999,0.812000,-74,0.000000,7,8
1,20.000000,21.523001,0.734000,-74,0.000000,7,8
1,20.000000,21.332001,0.829000,-74,0.000000,7,8
1,20.000000,21.493000,0.745000,-74,0.000000,7,8
1,20.000000,21.420000,0.870000,-74,0.000000,7,8
1,20.000000,21.316999,0.876000,-74,0.000000,7,8
1,20.000000,21.215000,0.823000,-74,0.000000,7,8
1,20.000000,21.361000,0.800000,-75,0.000000,7,8
1,20.000000,21.420000,0.886000,-75,0.000000,7,8
1,20.000000,21.420000,1.075000,-75,0.000000,7,8
1,20.000000,21.243999,1.030000,-75,0.000000,7,8
1,20.000000,21.127001,1.432000,-75,0.000000,7,8
1,20.000000,20.966000,1.264000,-75,0.000000,7,8
1,20.000000,20.951000,1.384000,-75,0.000000,7,8
1,20.000000,21.405001,1.140000,-75,0.000000,7,8
1,20.000000,21.215000,1.137000,-75,0.000000,7,8
1,20.000000,21.200001,1.185000,-74,0.000000,7,8
1,20.000000,21.521999,1.129000,-74,0.000000,7,8
1,20.000000,21.521999,0.895000,-74,0.000000,7,8
1,20.000000,21.448999,1.022000,-74,0.000000,7,8
1,20.000000,21.171000,1.047000,-73,0.000000,7,8
1,20.000000,21.596001,0.804000,-73,0.000000,7,8
1,20.000000,21.726999,0.667000,-74,0.000000,7,8
1,20.000000,22.035000,0.576000,-73,0.000000,7,8
1,20.000000,21.728001,0.613000,-73,0.000000,7,8
1,20.000000,21.889000,0.252000,-73,0.000000,7,8
1,20.000000,22.122999,0.201000,-72,0.000000,7,8
1,20.000000,22.254999,0.247000,-72,0.000000,7,8
1,20.000000,21.566000,0.383000,-72,0.000000,7,8
1,20.000000,21.448999,0.368000,-72,0.000000,7,8
1,20.000000,21.653999,0.558000,-72,0.000000,7,8
1,20.000000,22.337999,0.139000,-73,0.000000,7,8
1,20.000000,22.104000,0.272000,-73,0.000000,7,8
1,20.000000,22.162001,0.257000,-72,0.000000,7,8
1,20.000000,21.184999,0.417000,-73,0.000000,7,8
1,20.000000,21.273001,0.588000,-73,0.000000,7,8
1,20.000000,21.596001,0.249000,-73,0.000000,7,8
1,20.000000,21.448999,0.676000,-73,0.000000,7,8
1,20.000000,21.434000,0.685000,-73,0.000000,7,8
1,20.000000,21.698000,0.505000,-73,0.000000,7,8
1,20.000000,21.874001,0.579000,-73,0.000000,7,8
1,20.000000,22.108000,0.279000,-73,0.000000,7,8
1,20.000000,22.195999,0.390000,-73,0.000000,7,8
1,20.000000,22.049999,0.256000,-73,0.000000,7,8
1,20.000000,21.635000,0.237000,-73,0.000000,7,8
1,20.000000,21.947001,0.272000,-72,0.000000,7,8
1,20.000000,22.284000,0.357000,-73,0.000000,7,8
1,20.000000,21.830000,0.367000,-74,0.000000,7,8
1,20.000000,21.580999,0.490000,-73,0.000000,7,8
1,20.000000,21.288000,0.685000,-73,0.000000,7,8
1,20.000000,21.726999,0.545000,-73,0.000000,7,8
1,20.000000,21.098000,0.888000,-73,0.000000,7,8
1,20.000000,21.391001,1.066000,-73,0.000000,7,8
1,20.000000,21.171000,0.924000,-73,0.000000,7,8
1,20.000000,21.478001,0.962000,-73,0.000000,7,8
1,20.000000,21.507999,0.861000,-74,0.000000,7,8
1,20.000000,21.156000,1.015000,-74,0.000000,7,8
1,20.000000,21.947001,0.640000,-74,0.000000,7,8
1,20.000000,21.434999,0.753000,-74,0.000000,7,8
1,20.000000,21.229000,0.778000,-74,0.000000,7,8
1,20.000000,21.375999,0.759000,-74,0.000000,7,8
1,20.000000,21.420000,0.747000,-74,0.000000,7,8
1,20.000000,21.493000,0.839000,-74,0.000000,7,8
1,20.000000,21.625000,0.785000,-75,0.000000,7,8
1,20.000000,21.375999,0.852000,-74,0.000000,7,8
1,20.000000,21.332001,0.949000,-74,0.000000,7,8
1,20.000000,21.347000,1.047000,-74,0.000000,7,8
1,20.000000,21.302999,0.770000,-74,0.000000,7,8
1,20.000000,21.127001,1.174000,-74,0.000000,7,8
1,20.000000,21.288000,0.943000,-74,0.000000,7,8
1,20.000000,21.420000,0.972000,-74,0.000000,7,8
1,20.000000,21.391001,0.900000,-75,0.000000,7,8
1,20.000000,20.995001,0.957000,-74,0.000000,7,8
1,20.000000,21.039000,0.940000,-74,0.000000,7,8
1,20.000000,21.361000,0.994000,-74,0.000000,7,8
1,20.000000,21.215000,1.032000,-74,0.000000,7,8
1,20.000000,21.346001,1.014000,-74,0.000000,7,8
1,20.000000,21.420000,0.696000,-74,0.000000,7,8
1,20.000000,21.507999,0.712000,-74,0.000000,7,8
1,20.000000,21.347000,0.788000,-74,0.000000,7,8
1,20.000000,21.448999,0.905000,-74,0.000000,7,8
1,20.000000,21.698000,0.728000,-74,0.000000,7,8
1,20.000000,21.742001,0.637000,-75,0.000000,7,8
1,20.000000,21.874001,0.578000,-75,0.000000,7,8
1,20.000000,21.742001,0.540000,-75,0.000000,7,8
1,20.000000,21.684000,0.555000,-75,0.000000,7,8
1,20.000000,21.639999,0.889000,-75,0.000000,7,8
1,20.000000,21.785999,0.639000,-75,0.000000,7,8
1,20.000000,21.552000,0.758000,-75,0.000000,7,8
1,20.000000,21.521999,0.838000,-75,0.000000,7,8
1,20.000000,21.596001,0.911000,-75,0.000000,7,8
1,20.000000,21.684000,0.744000,-75,0.000000,7,8
1,20.000000,21.933001,0.684000,-75,0.000000,7,8
1,20.000000,21.684000,0.684000,-75,0.000000,7,8
1,20.000000,21.434999,0.652000,-75,0.000000,7,8
1,20.000000,21.521999,0.532000,-75,0.000000,7,8
1,20.000000,21.771999,0.427000,-75,0.000000,7,8
1,20.000000,21.742001,0.606000,-75,0.000000,7,8
1,20.000000,21.742001,0.616000,-75,0.000000,7,8
1,20.000000,21.639999,0.525000,-75,0.000000,7,8
1,20.000000,21.684000,0.496000,-75,0.000000,7,8
1,20.000000,21.712999,0.352000,-75,0.000000,7,8
1,20.000000,21.742001,0.754000,-75,0.000000,7,8
1,20.000000,21.771000,0.566000,-75,0.000000,7,8
1,20.000000,21.712999,0.506000,-75,0.000000,7,8
1,20.000000,21.712999,0.701000,-75,0.000000,7,8
1,20.000000,21.712999,0.520000,-75,0.000000,7,8
1,20.000000,21.653999,0.604000,-75,0.000000,7,8
1,20.000000,21.874001,0.498000,-74,0.000000,7,8
1,20.000000,21.566000,0.889000,-74,0.000000,7,8
1,20.000000,21.684000,0.720000,-74,0.000000,7,8
1,20.000000,21.580999,0.882000,-74,0.000000,7,8
1,20.000000,21.874001,0.733000,-75,0.000000,7,8
1,20.000000,21.596001,0.870000,-75,0.000000,7,8
1,20.000000,21.742001,0.806000,-75,0.000000,7,8
1,20.000000,21.448999,0.880000,-75,0.000000,7,8
1,20.000000,21.552000,0.945000,-75,0.000000,7,8
1,20.000000,21.391001,0.934000,-75,0.000000,7,8
1,20.000000,21.478001,0.872000,-75,0.000000,7,8
1,20.000000,21.610001,0.945000,-75,0.000000,7,8
1,20.000000,21.464001,1.023000,-75,0.000000,7,8
1,20.000000,21.684000,0.834000,-75,0.000000,7,8
1,20.000000,21.448999,0.861000,-75,0.000000,7,8
1,20.000000,21.434999,0.941000,-75,0.000000,7,8
1,20.000000,21.507999,0.912000,-75,0.000000,7,8
1,20.000000,21.464001,0.638000,-75,0.000000,7,8
1,20.000000,21.493000,0.610000,-75,0.000000,7,8
1,20.000000,21.596001,0.806000,-76,0.000000,7,8
1,20.000000,21.375999,0.781000,-76,0.000000,7,8
1,20.000000,21.302999,0.759000,-76,0.000000,7,8
1,20.000000,20.995001,1.099000,-76,0.000000,7,8
1,20.000000,21.112000,1.014000,-76,0.000000,7,8
1,20.000000,21.039000,1.097000,-75,0.000000,7,8
1,20.000000,21.259001,1.161000,-75,0.000000,7,8
1,20.000000,21.332001,1.246000,-75,0.000000,7,8
1,20.000000,21.316999,1.113000,-75,0.000000,7,8
1,20.000000,21.259001,1.027000,-75,0.000000,7,8
1,20.000000,21.083000,1.033000,-75,0.000000,7,8
1,20.000000,21.142000,1.033000,-75,0.000000,7,8
1,20.000000,21.361000,1.157000,-75,0.000000,7,8
1,20.000000,21.316999,1.186000,-75,0.000000,7,8
1,20.000000,21.434999,1.125000,-75,0.000000,7,8
1,20.000000,21.507999,1.138000,-75,0.000000,7,8
1,20.000000,21.478001,1.142000,-75,0.000000,7,8
1,20.000000,21.186001,1.189000,-75,0.000000,7,8
1,20.000000,21.391001,0.886000,-75,0.000000,7,8
1,20.000000,21.507999,1.050000,-75,0.000000,7,8
1,20.000000,21.243999,1.081000,-75,0.000000,7,8
1,20.000000,21.316999,1.305000,-74,0.000000,7,8
1,20.000000,21.552000,1.041000,-74,0.000000,7,8
1,20.000000,21.434999,1.204000,-75,0.000000,7,8
1,20.000000,21.420000,1.026000,-75,0.000000,7,8
1,20.000000,21.596001,0.943000,-75,0.000000,7,8
1,20.000000,21.625000,1.156000,-75,0.000000,7,8
1,20.000000,21.728001,0.909000,-74,0.000000,7,8
1,20.000000,21.625000,0.952000,-75,0.000000,7,8
1,20.000000,21.434999,1.322000,-75,0.000000,7,8
1,20.000000,21.229000,1.235000,-74,0.000000,7,8
1,20.000000,21.273001,1.123000,-75,0.000000,7,8
1,20.000000,21.259001,1.108000,-75,0.000000,7,8
1,20.000000,21.610001,1.016000,-75,0.000000,7,8
1,20.000000,21.933001,0.668000,-75,0.000000,7,8
1,20.000000,21.844999,0.769000,-75,0.000000,7,8
1,20.000000,22.122999,0.484000,-75,0.000000,7,8
1,20.000000,22.049999,0.482000,-75,0.000000,7,8
1,20.000000,21.976000,0.523000,-75,0.000000,7,8
1,20.000000,21.726999,0.612000,-75,0.000000,7,8
1,20.000000,21.990999,0.622000,-75,0.000000,7,8
1,20.000000,21.903000,0.718000,-75,0.000000,7,8
1,20.000000,21.639999,1.006000,-75,0.000000,7,8
1,20.000000,21.669001,0.725000,-74,0.000000,7,8
1,20.000000,21.830000,0.762000,-74,0.000000,7,8
1,20.000000,21.669001,0.828000,-74,0.000000,7,8
1,20.000000,21.726999,0.713000,-74,0.000000,7,8
1,20.000000,21.742001,0.628000,-74,0.000000,7,8
1,20.000000,21.698000,0.660000,-74,0.000000,7,8
1,20.000000,21.858999,0.480000,-74,0.000000,7,8
1,20.000000,21.726999,0.605000,-74,0.000000,7,8
1,20.000000,20.872999,1.846000,-74,0.000000,7,8
1,20.000000,21.874001,0.457000,-74,0.000000,7,8
1,20.000000,21.903000,0.542000,-74,0.000000,7,8
1,20.000000,22.020000,0.545000,-74,0.000000,7,8
1,20.000000,22.035000,0.549000,-74,0.000000,7,8
1,20.000000,22.020000,0.618000,-73,0.000000,7,8
1,20.000000,21.858999,0.602000,-73,0.000000,7,8
1,20.000000,22.195999,0.463000,-73,0.000000,7,8
1,20.000000,21.785999,0.603000,-73,0.000000,7,8
1,20.000000,21.801001,0.468000,-72,0.000000,7,8
1,20.000000,21.757000,0.644000,-73,0.000000,7,8
1,20.000000,21.566000,0.639000,-73,0.000000,7,8
1,20.000000,21.698000,0.557000,-73,0.000000,7,8
1,20.000000,21.844999,0.562000,-73,0.000000,7,8
1,20.000000,21.728001,0.604000,-73,0.000000,7,8
1,20.000000,21.933001,0.427000,-73,0.000000,7,8
1,20.000000,21.698000,0.570000,-73,0.000000,7,8
1,20.000000,21.639999,0.678000,-73,0.000000,7,8
1,20.000000,21.537001,0.636000,-74,0.000000,7,8
1,20.000000,21.405001,0.677000,-74,0.000000,7,8
1,20.000000,21.434999,0.707000,-74,0.000000,7,8
1,20.000000,21.273001,0.920000,-74,0.000000,7,8
1,20.000000,21.171000,0.906000,-74,0.000000,7,8
1,20.000000,21.391001,0.851000,-74,0.000000,7,8
1,20.000000,21.259001,0.934000,-74,0.000000,7,8
1,20.000000,21.259001,0.965000,-74,0.000000,7,8
1,20.000000,21.420000,1.002000,-75,0.000000,7,8
1,20.000000,21.230000,0.915000,-74,0.000000,7,8
1,20.000000,21.243999,0.943000,-74,0.000000,7,8
1,20.000000,21.273001,0.825000,-74,0.000000,7,8
1,20.000000,21.391001,0.781000,-74,0.000000,7,8
1,20.000000,21.405001,0.767000,-74,0.000000,7,8
1,20.000000,21.389999,0.775000,-74,0.000000,7,8
1,20.000000,21.420000,0.874000,-74,0.000000,7,8
1,20.000000,21.332001,0.810000,-75,0.000000,7,8
1,20.000000,21.375999,0.816000,-75,0.000000,7,8
1,20.000000,21.375999,0.685000,-75,0.000000,7,8
1,20.000000,21.273001,0.745000,-75,0.000000,7,8
1,20.000000,21.068001,0.869000,-74,0.000000,7,8
1,20.000000,21.054001,0.926000,-75,0.000000,7,8
1,20.000000,20.951000,1.117000,-75,0.000000,7,8
1,20.000000,21.200001,0.891000,-74,0.000000,7,8
1,20.000000,21.420000,0.715000,-74,0.000000,7,8
1,20.000000,21.596001,0.515000,-74,0.000000,7,8
1,20.000000,21.521999,0.609000,-74,0.000000,7,8
1,20.000000,21.521999,0.554000,-75,0.000000,7,8
1,20.000000,21.434999,0.594000,-75,0.000000,7,8
1,20.000000,21.537001,0.501000,-75,0.000000,7,8
1,20.000000,21.478001,0.509000,-75,0.000000,7,8
1,20.000000,21.507999,0.492000,-75,0.000000,7,8
1,20.000000,21.552000,0.522000,-75,0.000000,7,8
1,20.000000,21.785999,0.390000,-75,0.000000,7,8
1,20.000000,21.889000,0.422000,-75,0.000000,7,8
1,20.000000,21.537001,0.759000,-75,0.000000,7,8
1,20.000000,21.537001,0.835000,-75,0.000000,7,8
1,20.000000,21.552000,0.976000,-75,0.000000,7,8
1,20.000000,21.653999,0.675000,-75,0.000000,7,8
1,20.000000,21.801001,0.624000,-75,0.000000,7,8
1,20.000000,22.240000,0.419000,-74,0.000000,7,8
1,20.000000,21.229000,0.816000,-75,0.000000,7,8
1,20.000000,20.922001,0.853000,-74,0.000000,7,8
1,20.000000,21.259001,0.796000,-74,0.000000,7,8
1,20.000000,21.024000,0.957000,-74,0.000000,7,8
1,20.000000,21.552000,0.765000,-74,0.000000,7,8
1,20.000000,21.273001,0.743000,-74,0.000000,7,8
1,20.000000,20.863001,1.021000,-74,0.000000,7,8
1,20.000000,20.805000,1.032000,-74,0.000000,7,8
1,20.000000,21.127001,0.817000,-73,0.000000,7,8
1,20.000000,21.127001,0.760000,-73,0.000000,7,8
1,20.000000,20.980000,0.831000,-73,0.000000,7,8
1,20.000000,20.878000,1.146000,-74,0.000000,7,8
1,20.000000,20.980000,0.980000,-74,0.000000,7,8
1,20.000000,21.156000,0.896000,-74,0.000000,7,8
1,20.000000,21.361000,0.810000,-74,0.000000,7,8
1,20.000000,21.083000,1.095000,-74,0.000000,7,8
1,20.000000,21.010000,0.997000,-74,0.000000,7,8
1,20.000000,20.980000,1.120000,-74,0.000000,7,8
1,20.000000,20.892000,1.181000,-74,0.000000,7,8
1,20.000000,21.112000,0.935000,-74,0.000000,7,8
1,20.000000,21.010000,1.080000,-74,0.000000,7,8
1,20.000000,21.024000,0.993000,-74,0.000000,7,8
1,20.000000,20.995001,0.960000,-74,0.000000,7,8
1,20.000000,21.171000,0.823000,-74,0.000000,7,8
1,20.000000,21.024000,0.942000,-74,0.000000,7,8
1,20.000000,21.142000,0.871000,-74,0.000000,7,8
1,20.000000,21.186001,0.950000,-74,0.000000,7,8
1,20.000000,21.156000,1.114000,-74,0.000000,7,8
1,20.000000,21.156000,0.882000,-74,0.000000,7,8
1,20.000000,21.171000,0.942000,-74,0.000000,7,8
1,20.000000,21.302999,0.827000,-74,0.000000,7,8
1,20.000000,21.171000,1.035000,-74,0.000000,7,8
1,20.000000,21.215000,0.862000,-73,0.000000,7,8
1,20.000000,21.083000,1.004000,-73,0.000000,7,8
1,20.000000,21.302999,0.835000,-73,0.000000,7,8
1,20.000000,21.156000,0.933000,-74,0.000000,7,8
1,20.000000,21.127001,1.079000,-74,0.000000,7,8
1,20.000000,21.127001,0.959000,-74,0.000000,7,8
1,20.000000,21.186001,0.949000,-74,0.000000,7,8
1,20.000000,21.054001,0.970000,-74,0.000000,7,8
1,20.000000,21.273001,0.864000,-74,0.000000,7,8
1,20.000000,21.215000,0.981000,-74,0.000000,7,8
1,20.000000,21.184999,0.949000,-74,0.000000,7,8
1,20.000000,21.186001,1.031000,-75,0.000000,7,8
1,20.000000,21.112000,0.887000,-74,0.000000,7,8
1,20.000000,21.332001,1.080000,-74,0.000000,7,8
1,20.000000,21.112000,0.942000,-74,0.000000,7,8
1,20.000000,21.068001,0.858000,-74,0.000000,7,8
1,20.000000,20.951000,1.016000,-74,0.000000,7,8
1,20.000000,21.156000,0.824000,-74,0.000000,7,8
1,20.000000,21.097000,1.069000,-74,0.000000,7,8
1,20.000000,21.112000,1.046000,-74,0.000000,7,8
1,20.000000,21.068001,1.041000,-74,0.000000,7,8
1,20.000000,21.186001,0.865000,-74,0.000000,7,8
1,20.000000,21.288000,0.879000,-74,0.000000,7,8
1,20.000000,21.288000,0.880000,-73,0.000000,7,8
1,20.000000,21.171000,0.882000,-73,0.000000,7,8
1,20.000000,21.302999,0.851000,-73,0.000000,7,8
1,20.000000,21.156000,1.107000,-74,0.000000,7,8
1,20.000000,21.347000,0.693000,-74,0.000000,7,8
1,20.000000,21.243999,0.958000,-74,0.000000,7,8
1,20.000000,21.332001,0.883000,-74,0.000000,7,8
1,20.000000,21.259001,0.821000,-74,0.000000,7,8
1,20.000000,21.316999,0.821000,-74,0.000000,7,8
1,20.000000,21.273001,0.813000,-74,0.000000,7,8
1,20.000000,21.273001,0.920000,-74,0.000000,7,8
1,20.000000,21.420000,0.740000,-73,0.000000,7,8
1,20.000000,21.332001,0.795000,-73,0.000000,7,8
1,20.000000,21.273001,0.947000,-73,0.000000,7,8
1,20.000000,21.273001,1.124000,-73,0.000000,7,8
1,20.000000,21.186001,0.883000,-73,0.000000,7,8
1,20.000000,21.068001,0.986000,-73,0.000000,7,8
1,20.000000,21.068001,1.030000,-73,0.000000,7,8
1,20.000000,21.186001,0.997000,-73,0.000000,7,8
1,20.000000,21.156000,0.961000,-73,0.000000,7,8
1,20.000000,21.083000,0.940000,-74,0.000000,7,8
1,20.000000,21.156000,0.823000,-74,0.000000,7,8
1,20.000000,21.141001,0.859000,-74,0.000000,7,8
1,20.000000,21.186001,0.803000,-74,0.000000,7,8
1,20.000000,21.171000,0.750000,-74,0.000000,7,8
1,20.000000,21.127001,0.841000,-74,0.000000,7,8
1,20.000000,21.171000,0.732000,-73,0.000000,7,8
1,20.000000,21.200001,0.719000,-73,0.000000,7,8
1,20.000000,21.142000,0.946000,-74,0.000000,7,8
1,20.000000,21.156000,0.821000,-74,0.000000,7,8
1,20.000000,21.229000,0.810000,-74,0.000000,7,8
1,20.000000,21.054001,0.861000,-74,0.000000,7,8
1,20.000000,21.127001,0.702000,-74,0.000000,7,8
1,20.000000,21.332001,0.857000,-74,0.000000,7,8
1,20.000000,21.112000,0.769000,-74,0.000000,7,8
1,20.000000,21.186001,0.838000,-74,0.000000,7,8
1,20.000000,21.142000,0.682000,-73,0.000000,7,8
1,20.000000,21.068001,0.768000,-73,0.000000,7,8
1,20.000000,21.332001,0.621000,-73,0.000000,7,8
1,20.000000,21.186001,0.877000,-73,0.000000,7,8
1,20.000000,21.332001,0.695000,-73,0.000000,7,8
1,20.000000,21.156000,0.959000,-73,0.000000,7,8
1,20.000000,21.127001,0.810000,-74,0.000000,7,8
1,20.000000,21.302999,0.673000,-74,0.000000,7,8
1,20.000000,21.552000,0.558000,-74,0.000000,7,8
1,20.000000,21.332001,0.633000,-75,0.000000,7,8
1,20.000000,21.478001,0.520000,-74,0.000000,7,8
1,20.000000,21.229000,0.914000,-74,0.000000,7,8
1,20.000000,20.893000,0.937000,-75,0.000000,7,8
1,20.000000,20.922001,1.031000,-75,0.000000,7,8
1,20.000000,20.893000,1.066000,-75,0.000000,7,8
1,20.000000,20.600000,1.176000,-75,0.000000,7,8
1,20.000000,20.673000,1.201000,-75,0.000000,7,8
1,20.000000,20.819000,1.344000,-76,0.000000,7,8
1,20.000000,20.951000,0.976000,-75,0.000000,7,8
1,20.000000,21.302999,0.724000,-75,0.000000,7,8
1,20.000000,21.552000,0.652000,-75,0.000000,7,8
1,20.000000,21.375999,0.700000,-75,0.000000,7,8
1,20.000000,21.507999,0.538000,-75,0.000000,7,8
1,20.000000,21.448999,0.441000,-74,0.000000,7,8
1,20.000000,21.273001,0.643000,-74,0.000000,7,8
1,20.000000,21.186001,0.648000,-74,0.000000,7,8
1,20.000000,21.083000,0.738000,-74,0.000000,7,8
1,20.000000,21.142000,0.774000,-74,0.000000,7,8
1,20.000000,21.098000,0.967000,-74,0.000000,7,8
1,20.000000,20.995001,1.045000,-74,0.000000,7,8
1,20.000000,21.156000,0.987000,-74,0.000000,7,8
1,20.000000,21.083000,1.110000,-74,0.000000,7,8
1,20.000000,21.186001,0.943000,-74,0.000000,7,8
1,20.000000,21.142000,0.924000,-74,0.000000,7,8
1,20.000000,21.332001,1.045000,-74,0.000000,7,8
1,20.000000,21.215000,0.998000,-74,0.000000,7,8
1,20.000000,21.552000,0.934000,-74,0.000000,7,8
1,20.000000,21.566000,0.801000,-75,0.000000,7,8
1,20.000000,21.448999,1.108000,-74,0.000000,7,8
1,20.000000,21.420000,1.086000,-75,0.000000,7,8
1,20.000000,21.361000,0.870000,-74,0.000000,7,8
1,20.000000,21.434999,0.776000,-75,0.000000,7,8
1,20.000000,21.434999,1.021000,-74,0.000000,7,8
1,20.000000,21.332001,1.077000,-74,0.000000,7,8
1,20.000000,21.405001,0.949000,-74,0.000000,7,8
1,20.000000,21.464001,0.840000,-74,0.000000,7,8
1,20.000000,21.420000,1.000000,-74,0.000000,7,8
1,20.000000,21.083000,1.183000,-74,0.000000,7,8
1,20.000000,21.054001,1.078000,-74,0.000000,7,8
1,20.000000,20.907000,1.191000,-74,0.000000,7,8
1,20.000000,21.010000,1.132000,-74,0.000000,7,8
1,20.000000,20.819000,1.013000,-74,0.000000,7,8
1,20.000000,20.775000,1.147000,-74,0.000000,7,8
1,20.000000,20.878000,1.407000,-74,0.000000,7,8
1,20.000000,20.834000,1.039000,-75,0.000000,7,8
1,20.000000,20.922001,1.258000,-74,0.000000,7,8
1,20.000000,20.937000,1.117000,-74,0.000000,7,8
1,20.000000,20.893000,0.966000,-74,0.000000,7,8
1,20.000000,20.966000,1.158000,-73,0.000000,7,8
1,20.000000,20.922001,0.913000,-73,0.000000,7,8
1,20.000000,21.024000,0.914000,-73,0.000000,7,8
1,20.000000,21.186001,0.793000,-73,0.000000,7,8
1,20.000000,21.098000,0.800000,-73,0.000000,7,8
1,20.000000,21.156000,0.676000,-73,0.000000,7,8
1,20.000000,21.054001,0.944000,-73,0.000000,7,8
1,20.000000,20.863001,1.040000,-73,0.000000,7,8
1,20.000000,20.951000,1.014000,-73,0.000000,7,8
1,20.000000,20.980000,0.812000,-73,0.000000,7,8
1,20.000000,21.068001,0.807000,-73,0.000000,7,8
1,20.000000,21.010000,0.824000,-73,0.000000,7,8
1,20.000000,21.112000,0.787000,-73,0.000000,7,8
1,20.000000,21.229000,0.737000,-73,0.000000,7,8
1,20.000000,21.186001,0.760000,-73,0.000000,7,8
1,20.000000,21.288000,0.763000,-74,0.000000,7,8
1,20.000000,21.229000,0.657000,-73,0.000000,7,8
1,20.000000,21.142000,0.725000,-73,0.000000,7,8
1,20.000000,21.259001,0.703000,-73,0.000000,7,8
1,20.000000,21.288000,0.740000,-73,0.000000,7,8
1,20.000000,21.243999,0.823000,-73,0.000000,7,8
1,20.000000,21.316999,0.653000,-73,0.000000,7,8
1,20.000000,21.243999,1.013000,-73,0.000000,7,8
1,20.000000,21.098000,0.749000,-74,0.000000,7,8
1,20.000000,21.215000,0.682000,-73,0.000000,7,8
1,20.000000,21.507999,0.457000,-73,0.000000,7,8
1,20.000000,21.361000,0.727000,-74,0.000000,7,8
1,20.000000,21.039000,0.852000,-74,0.000000,7,8
1,20.000000,20.145000,1.218000,-74,0.000000,7,8
1,20.000000,20.320999,1.238000,-74,0.000000,7,8
1,20.000000,20.643999,1.198000,-75,0.000000,7,8
1,20.000000,20.951000,1.015000,-75,0.000000,7,8
1,20.000000,21.010000,1.128000,-75,0.000000,7,8
1,20.000000,21.098000,0.998000,-75,0.000000,7,8
1,20.000000,20.922001,1.066000,-74,0.000000,7,8
1,20.000000,20.878000,0.972000,-74,0.000000,7,8
1,20.000000,21.127001,0.671000,-74,0.000000,7,8
1,20.000000,21.243999,0.869000,-73,0.000000,7,8
1,20.000000,21.537001,0.562000,-74,0.000000,7,8
1,20.000000,21.493000,0.679000,-73,0.000000,7,8
1,20.000000,21.259001,0.728000,-73,0.000000,7,8
1,20.000000,21.215000,0.721000,-73,0.000000,7,8
1,20.000000,21.361000,0.744000,-73,0.000000,7,8
1,20.000000,21.405001,0.918000,-73,0.000000,7,8
1,20.000000,21.098000,0.924000,-74,0.000000,7,8
1,20.000000,21.243999,0.962000,-74,0.000000,7,8
1,20.000000,20.995001,1.071000,-74,0.000000,7,8
1,20.000000,21.127001,0.830000,-74,0.000000,7,8
1,20.000000,21.142000,0.947000,-74,0.000000,7,8
1,20.000000,21.112000,1.034000,-74,0.000000,7,8
1,20.000000,21.243999,0.846000,-74,0.000000,7,8
1,20.000000,21.493000,0.848000,-74,0.000000,7,8
1,20.000000,21.507999,0.733000,-75,0.000000,7,8
1,20.000000,21.448999,0.939000,-75,0.000000,7,8
1,20.000000,21.316999,0.894000,-75,0.000000,7,8
1,20.000000,21.375999,0.875000,-75,0.000000,7,8
1,20.000000,21.389999,0.964000,-74,0.000000,7,8
1,20.000000,21.405001,0.993000,-75,0.000000,7,8
1,20.000000,21.171000,1.086000,-74,0.000000,7,8
1,20.000000,21.186001,0.952000,-75,0.000000,7,8
1,20.000000,20.834000,1.287000,-74,0.000000,7,8
1,20.000000,20.702000,1.340000,-75,0.000000,7,8
1,20.000000,21.156000,1.206000,-75,0.000000,7,8
1,20.000000,21.098000,1.105000,-74,0.000000,7,8
1,20.000000,21.098000,1.229000,-75,0.000000,7,8
1,20.000000,20.922001,1.057000,-74,0.000000,7,8
1,20.000000,21.024000,1.111000,-74,0.000000,7,8
1,20.000000,21.039000,1.041000,-75,0.000000,7,8
1,20.000000,20.863001,1.067000,-75,0.000000,7,8
1,20.000000,20.951000,1.068000,-75,0.000000,7,8
1,20.000000,20.936001,1.034000,-75,0.000000,7,8
1,20.000000,21.288000,0.802000,-75,0.000000,7,8
1,20.000000,21.186001,0.848000,-75,0.000000,7,8
1,20.000000,21.171000,0.958000,-75,0.000000,7,8
1,20.000000,21.142000,1.176000,-75,0.000000,7,8
1,20.000000,20.966000,0.894000,-75,0.000000,7,8
1,20.000000,20.980000,0.834000,-74,0.000000,7,8
1,20.000000,21.127001,0.903000,-74,0.000000,7,8
1,20.000000,21.098000,0.835000,-74,0.000000,7,8
1,20.000000,21.259001,0.795000,-73,0.000000,7,8
1,20.000000,21.302999,0.672000,-73,0.000000,7,8
1,20.000000,21.332001,0.752000,-73,0.000000,7,8
1,20.000000,21.361000,0.674000,-73,0.000000,7,8
1,20.000000,21.200001,0.608000,-74,0.000000,7,8
1,20.000000,21.273001,0.715000,-73,0.000000,7,8
1,20.000000,21.273001,0.770000,-73,0.000000,7,8
1,20.000000,21.288000,0.726000,-73,0.000000,7,8
1,20.000000,21.171000,0.737000,-73,0.000000,7,8
1,20.000000,21.259001,0.698000,-73,0.000000,7,8
1,20.000000,21.375999,0.665000,-73,0.000000,7,8
1,20.000000,21.332001,0.650000,-73,0.000000,7,8
1,20.000000,21.171000,0.794000,-73,0.000000,7,8
1,20.000000,21.186001,0.787000,-74,0.000000,7,8
1,20.000000,21.332001,0.667000,-74,0.000000,7,8
1,20.000000,21.243999,0.714000,-73,0.000000,7,8
1,20.000000,21.273001,0.718000,-73,0.000000,7,8
1,20.000000,21.215000,0.759000,-73,0.000000,7,8
1,20.000000,21.215000,0.763000,-73,0.000000,7,8
1,20.000000,21.186001,0.806000,-74,0.000000,7,8
1,20.000000,21.375999,0.750000,-73,0.000000,7,8
1,20.000000,21.171000,0.896000,-73,0.000000,7,8
1,20.000000,21.566000,0.810000,-73,0.000000,7,8
1,20.000000,21.448999,0.766000,-73,0.000000,7,8
1,20.000000,21.215000,0.945000,-74,0.000000,7,8
1,20.000000,21.259001,0.893000,-74,0.000000,7,8
1,20.000000,21.200001,0.821000,-74,0.000000,7,8
1,20.000000,21.024000,0.962000,-74,0.000000,7,8
1,20.000000,21.010000,1.055000,-74,0.000000,7,8
1,20.000000,20.761000,1.147000,-74,0.000000,7,8
1,20.000000,20.922001,1.035000,-74,0.000000,7,8
1,20.000000,21.010000,1.168000,-74,0.000000,7,8
1,20.000000,20.966000,1.045000,-74,0.000000,7,8
1,20.000000,21.024000,1.077000,-74,0.000000,7,8
1,20.000000,21.054001,1.000000,-74,0.000000,7,8
1,20.000000,21.215000,1.118000,-75,0.000000,7,8
1,20.000000,21.259001,1.197000,-74,0.000000,7,8
1,20.000000,21.142000,1.174000,-75,0.000000,7,8
1,20.000000,20.966000,1.140000,-75,0.000000,7,8
1,20.000000,20.688000,1.398000,-74,0.000000,7,8
1,20.000000,21.184999,0.993000,-74,0.000000,7,8
1,20.000000,21.039000,0.949000,-74,0.000000,7,8
1,20.000000,21.361000,0.935000,-75,0.000000,7,8
1,20.000000,21.288000,0.780000,-74,0.000000,7,8
1,20.000000,21.801001,0.706000,-74,0.000000,7,8
1,20.000000,21.771000,0.698000,-74,0.000000,7,8
1,20.000000,20.629000,1.296000,-74,0.000000,7,8
1,20.000000,21.229000,1.118000,-73,0.000000,7,8
1,20.000000,20.556000,1.353000,-73,0.000000,7,8
1,20.000000,21.889000,0.622000,-74,0.000000,7,8
1,20.000000,21.405001,0.831000,-74,0.000000,7,8
1,20.000000,20.731001,0.964000,-73,0.000000,7,8
1,20.000000,20.629000,1.161000,-73,0.000000,7,8
1,20.000000,21.698000,0.389000,-73,0.000000,7,8
1,20.000000,21.815001,0.361000,-73,0.000000,7,8
1,20.000000,21.933001,0.346000,-74,0.000000,7,8
1,20.000000,22.079000,0.324000,-74,0.000000,7,8
1,20.000000,20.688000,0.448000,-73,0.000000,7,8
1,20.000000,21.521999,0.855000,-74,0.000000,7,8
1,20.000000,20.937000,0.462000,-74,0.000000,7,8
1,20.000000,20.731001,1.368000,-74,0.000000,7,8
1,20.000000,21.142000,1.338000,-75,0.000000,7,8
1,20.000000,20.525999,0.289000,-74,0.000000,7,8
1,20.000000,20.570000,0.239000,-74,0.000000,7,8
1,20.000000,21.142000,0.843000,-74,0.000000,7,8
1,20.000000,20.995001,0.610000,-74,0.000000,7,8
1,20.000000,20.907000,0.928000,-74,0.000000,7,8
1,20.000000,20.292000,0.555000,-74,0.000000,7,8
1,20.000000,20.292000,0.508000,-73,0.000000,7,8
1,20.000000,20.233000,0.442000,-72,0.000000,7,8
1,20.000000,20.087000,0.474000,-73,0.000000,7,8
1,20.000000,20.438000,0.662000,-73,0.000000,7,8
1,20.000000,20.995001,0.577000,-72,0.000000,7,8
1,20.000000,20.687000,0.703000,-73,0.000000,7,8
1,20.000000,21.098000,0.414000,-73,0.000000,7,8
1,20.000000,20.849001,0.844000,-74,0.000000,7,8
1,20.000000,20.584999,0.570000,-73,0.000000,7,8
1,20.000000,20.893000,0.471000,-73,0.000000,7,8
1,20.000000,21.391001,0.407000,-73,0.000000,7,8
1,20.000000,21.493000,0.502000,-73,0.000000,7,8
1,20.000000,21.405001,0.457000,-73,0.000000,7,8
1,20.000000,21.332001,0.655000,-72,0.000000,7,8
1,20.000000,21.288000,0.485000,-72,0.000000,7,8
1,20.000000,21.316999,0.439000,-72,0.000000,7,8
1,20.000000,21.391001,0.377000,-73,0.000000,7,8
1,20.000000,21.420000,0.360000,-74,0.000000,7,8
1,20.000000,21.273001,0.187000,-74,0.000000,7,8
1,20.000000,21.273001,0.317000,-74,0.000000,7,8
1,20.000000,21.243999,0.343000,-74,0.000000,7,8
1,20.000000,21.112000,0.399000,-74,0.000000,7,8
1,20.000000,21.259001,0.543000,-73,0.000000,7,8
1,20.000000,21.215000,0.603000,-73,0.000000,7,8
1,20.000000,21.316999,0.528000,-73,0.000000,7,8
1,20.000000,21.273001,0.642000,-73,0.000000,7,8
1,20.000000,21.375999,0.534000,-73,0.000000,7,8
1,20.000000,21.434999,0.502000,-73,0.000000,7,8
1,20.000000,21.259001,0.666000,-73,0.000000,7,8
1,20.000000,21.434999,0.640000,-73,0.000000,7,8
1,20.000000,21.347000,0.700000,-73,0.000000,7,8
1,20.000000,21.464001,0.512000,-73,0.000000,7,8
1,20.000000,21.479000,0.605000,-73,0.000000,7,8
1,20.000000,21.464001,0.383000,-73,0.000000,7,8
1,20.000000,21.347000,0.602000,-73,0.000000,7,8
1,20.000000,21.391001,0.556000,-73,0.000000,7,8
1,20.000000,21.434999,0.453000,-73,0.000000,7,8
1,20.000000,21.332001,0.626000,-73,0.000000,7,8
1,20.000000,21.142000,0.587000,-73,0.000000,7,8
1,20.000000,21.200001,0.579000,-73,0.000000,7,8
1,20.000000,21.316999,0.532000,-73,0.000000,7,8
1,20.000000,21.229000,0.412000,-73,0.000000,7,8
1,20.000000,21.200001,0.424000,-73,0.000000,7,8
1,20.000000,21.273001,0.381000,-73,0.000000,7,8
1,20.000000,21.200001,0.531000,-73,0.000000,7,8
1,20.000000,21.229000,0.382000,-73,0.000000,7,8
1,20.000000,21.259001,0.489000,-73,0.000000,7,8
1,20.000000,21.200001,0.393000,-73,0.000000,7,8
1,20.000000,21.215000,0.495000,-74,0.000000,7,8
1,20.000000,21.127001,0.515000,-73,0.000000,7,8
1,20.000000,21.215000,0.434000,-73,0.000000,7,8
1,20.000000,21.215000,0.521000,-73,0.000000,7,8
1,20.000000,21.186001,0.429000,-73,0.000000,7,8
1,20.000000,21.127001,0.434000,-73,0.000000,7,8
1,20.000000,21.215000,0.485000,-73,0.000000,7,8
1,20.000000,21.156000,0.527000,-73,0.000000,7,8
1,20.000000,21.098000,0.499000,-73,0.000000,7,8
1,20.000000,21.200001,0.552000,-73,0.000000,7,8
1,20.000000,21.112000,0.586000,-73,0.000000,7,8
1,20.000000,21.098000,0.626000,-73,0.000000,7,8
1,20.000000,20.995001,0.593000,-73,0.000000,7,8
1,20.000000,20.790001,0.715000,-73,0.000000,7,8
1,20.000000,20.834000,0.537000,-73,0.000000,7,8
1,20.000000,20.863001,0.603000,-73,0.000000,7,8
1,20.000000,20.863001,0.676000,-74,0.000000,7,8
1,20.000000,20.790001,0.525000,-73,0.000000,7,8
1,20.000000,20.761000,0.596000,-73,0.000000,7,8
1,20.000000,20.643000,0.489000,-73,0.000000,7,8
1,20.000000,20.716999,0.552000,-73,0.000000,7,8
1,20.000000,20.643999,0.602000,-73,0.000000,7,8
1,20.000000,20.688000,0.582000,-73,0.000000,7,8
1,20.000000,20.731001,0.310000,-73,0.000000,7,8
1,20.000000,20.556000,0.517000,-73,0.000000,7,8
1,20.000000,20.570000,0.502000,-73,0.000000,7,8
1,20.000000,20.673000,0.742000,-73,0.000000,7,8
1,20.000000,20.819000,0.470000,-73,0.000000,7,8
1,20.000000,20.746000,0.556000,-73,0.000000,7,8
1,20.000000,20.702000,0.621000,-73,0.000000,7,8
1,20.000000,20.702000,0.460000,-73,0.000000,7,8
1,20.000000,20.790001,0.617000,-74,0.000000,7,8
1,20.000000,20.922001,0.448000,-74,0.000000,7,8
1,20.000000,20.702000,0.794000,-74,0.000000,7,8
1,20.000000,21.142000,0.367000,-74,0.000000,7,8
1,20.000000,20.790001,0.339000,-73,0.000000,7,8
1,20.000000,21.420000,0.381000,-75,0.000000,7,8
1,20.000000,20.863001,0.424000,-75,0.000000,7,8
1,20.000000,20.790001,0.739000,-75,0.000000,7,8
1,20.000000,21.186001,0.320000,-75,0.000000,7,8
1,20.000000,21.215000,0.216000,-75,0.000000,7,8
1,20.000000,20.556000,0.528000,-74,0.000000,7,8
1,20.000000,20.525999,0.625000,-73,0.000000,7,8
1,20.000000,20.525999,0.718000,-73,0.000000,7,8
1,20.000000,20.716999,0.734000,-73,0.000000,7,8
1,20.000000,20.966000,0.375000,-73,0.000000,7,8
1,20.000000,21.518000,0.160000,-73,0.000000,7,8
1,20.000000,21.400000,0.345000,-73,0.000000,7,8
1,20.000000,21.127001,0.615000,-73,0.000000,7,8
1,20.000000,20.716999,0.828000,-72,0.000000,7,8
1,20.000000,20.853001,0.777000,-72,0.000000,7,8
1,20.000000,21.420000,0.573000,-73,0.000000,7,8
1,20.000000,21.302999,0.319000,-73,0.000000,7,8
1,20.000000,21.273001,0.322000,-73,0.000000,7,8
1,20.000000,20.702000,0.315000,-73,0.000000,7,8
1,20.000000,20.687000,0.287000,-73,0.000000,7,8
1,20.000000,20.863001,0.648000,-74,0.000000,7,8
1,20.000000,21.493000,0.501000,-75,0.000000,7,8
1,20.000000,20.878000,0.642000,-74,0.000000,7,8
1,20.000000,20.393999,0.975000,-75,0.000000,7,8
1,20.000000,20.584999,0.935000,-75,0.000000,7,8
1,20.000000,21.243999,0.629000,-75,0.000000,7,8
1,20.000000,20.849001,1.207000,-75,0.000000,7,8
1,20.000000,20.511999,1.138000,-75,0.000000,7,8
1,20.000000,20.395000,0.899000,-76,0.000000,7,8
1,20.000000,20.014000,1.467000,-76,0.000000,7,8
1,20.000000,20.087000,1.842000,-76,0.000000,7,8
1,20.000000,23.075001,0.603000,-76,0.000000,7,8
1,20.000000,22.606001,0.508000,-75,0.000000,7,8
1,20.000000,22.049999,0.441000,-77,0.000000,7,8
1,20.000000,21.903000,0.557000,-76,0.000000,7,8
1,20.000000,21.259001,0.645000,-76,0.000000,7,8
1,20.000000,21.039000,0.899000,-76,0.000000,7,8
1,20.000000,21.302999,0.818000,-75,0.000000,7,8
1,20.000000,22.327999,0.619000,-75,0.000000,7,8
1,20.000000,21.243999,0.729000,-75,0.000000,7,8
1,20.000000,21.903000,0.652000,-75,0.000000,7,8
1,20.000000,21.669001,0.706000,-75,0.000000,7,8
1,20.000000,21.653999,0.719000,-75,0.000000,7,8
1,20.000000,21.243999,0.950000,-75,0.000000,7,8
1,20.000000,21.347000,0.791000,-76,0.000000,7,8
1,20.000000,20.131001,1.172000,-75,0.000000,7,8
1,20.000000,20.525999,0.848000,-74,0.000000,7,8
1,20.000000,20.292000,0.710000,-75,0.000000,7,8
1,20.000000,19.340000,1.442000,-73,0.000000,7,8
1,20.000000,20.614000,1.286000,-73,0.000000,7,8
1,20.000000,22.138000,0.608000,-74,0.000000,7,8
1,20.000000,21.434999,0.988000,-75,0.000000,7,8
1,20.000000,21.552000,0.520000,-74,0.000000,7,8
1,20.000000,19.457001,0.927000,-75,0.000000,7,8
1,20.000000,19.662001,1.293000,-74,0.000000,7,8
1,20.000000,20.541000,1.452000,-75,0.000000,7,8
1,20.000000,20.233000,1.345000,-74,0.000000,7,8
1,20.000000,20.393999,1.436000,-74,0.000000,7,8
1,20.000000,21.010000,0.862000,-74,0.000000,7,8
1,20.000000,21.361000,1.107000,-73,0.000000,7,8
1,20.000000,21.712999,0.717000,-75,0.000000,7,8
1,20.000000,21.669001,0.682000,-75,0.000000,7,8
1,20.000000,21.243999,2.544000,-74,0.000000,7,8
1,20.000000,18.827000,1.132000,-74,0.000000,7,8
1,20.000000,19.149000,0.663000,-71,0.000000,7,8
1,20.000000,21.712999,0.213000,-73,0.000000,7,8
1,20.000000,19.851999,1.285000,-76,0.000000,7,8
1,20.000000,18.065001,1.736000,-75,0.000000,7,8
1,20.000000,22.680000,0.750000,-77,0.000000,7,8
1,20.000000,21.742001,1.097000,-75,0.000000,7,8
1,20.000000,21.127001,1.346000,-75,0.000000,7,8
1,20.000000,23.046000,0.604000,-76,0.000000,7,8
1,20.000000,22.518000,0.579000,-76,0.000000,7,8
1,20.000000,21.669001,0.971000,-75,0.000000,7,8
1,20.000000,21.757000,0.859000,-75,0.000000,7,8
1,20.000000,20.995001,1.210000,-76,0.000000,7,8
1,20.000000,21.521999,0.703000,-74,0.000000,7,8
1,20.000000,21.566000,1.050000,-74,0.000000,7,8
1,20.000000,21.448999,0.998000,-74,0.000000,7,8
1,20.000000,21.698000,0.931000,-75,0.000000,7,8
1,20.000000,21.375999,1.057000,-75,0.000000,7,8
1,20.000000,21.010000,1.195000,-75,0.000000,7,8
1,20.000000,20.790001,1.092000,-75,0.000000,7,8
1,20.000000,21.156000,1.177000,-76,0.000000,7,8
1,20.000000,20.584999,1.479000,-76,0.000000,7,8
1,20.000000,20.379999,1.650000,-76,0.000000,7,8
1,20.000000,20.951000,1.046000,-76,0.000000,7,8
1,20.000000,22.122999,0.742000,-76,0.000000,7,8
1,20.000000,22.987000,0.637000,-76,0.000000,7,8
1,20.000000,21.669001,0.826000,-76,0.000000,7,8
1,20.000000,21.610001,0.718000,-76,0.000000,7,8
1,20.000000,21.361000,0.822000,-75,0.000000,7,8
1,20.000000,21.610001,0.496000,-75,0.000000,7,8
1,20.000000,21.830000,0.575000,-75,0.000000,7,8
1,20.000000,21.785999,0.424000,-75,0.000000,7,8
1,20.000000,22.631001,0.697000,-74,0.000000,7,8
1,20.000000,21.205000,0.876000,-75,0.000000,7,8
1,20.000000,21.966999,0.682000,-76,0.000000,7,8
1,20.000000,21.264000,0.811000,-75,0.000000,7,8
1,20.000000,22.552999,0.754000,-75,0.000000,7,8
1,20.000000,16.747000,2.218000,-75,0.000000,7,8
1,20.000000,21.302999,0.222000,-76,0.000000,7,8
1,20.000000,20.761000,0.814000,-74,0.000000,7,8
1,20.000000,19.384001,1.096000,-73,0.000000,7,8
1,20.000000,21.464001,0.746000,-75,0.000000,7,8
1,20.000000,21.493000,0.445000,-73,0.000000,7,8
1,20.000000,21.288000,0.797000,-75,0.000000,7,8
1,20.000000,21.332001,0.761000,-74,0.000000,7,8
1,20.000000,19.910999,0.795000,-73,0.000000,7,8
1,20.000000,19.296000,0.878000,-72,0.000000,7,8
1,20.000000,20.233000,0.595000,-73,0.000000,7,8
1,20.000000,20.614000,0.423000,-73,0.000000,7,8
1,20.000000,20.438000,0.877000,-74,0.000000,7,8
1,20.000000,20.702000,1.210000,-75,0.000000,7,8
1,20.000000,22.025000,0.358000,-73,0.000000,7,8
1,20.000000,21.698000,0.938000,-74,0.000000,7,8
1,20.000000,20.863001,1.099000,-73,0.000000,7,8
1,20.000000,21.332001,1.063000,-74,0.000000,7,8
1,20.000000,19.910999,1.438000,-73,0.000000,7,8
1,20.000000,19.867001,1.613000,-74,0.000000,7,8
1,20.000000,19.764999,1.641000,-74,0.000000,7,8
1,20.000000,20.819000,1.275000,-74,0.000000,7,8
1,20.000000,22.138000,0.461000,-73,0.000000,7,8
1,20.000000,21.566000,1.183000,-75,0.000000,7,8
1,20.000000,20.937000,1.068000,-75,0.000000,7,8
1,20.000000,21.156000,0.993000,-74,0.000000,7,8
1,20.000000,20.014000,1.768000,-75,0.000000,7,8
1,20.000000,21.448999,0.816000,-75,0.000000,7,8
1,20.000000,19.867001,1.759000,-75,0.000000,7,8
1,20.000000,20.893000,1.435000,-76,0.000000,7,8
1,20.000000,20.101999,0.545000,-73,0.000000,7,8
1,20.000000,19.530001,1.449000,-75,0.000000,7,8
1,20.000000,20.525999,0.698000,-75,0.000000,7,8
1,20.000000,20.746000,0.901000,-73,0.000000,7,8
1,20.000000,20.570000,1.396000,-77,0.000000,7,8
1,20.000000,21.054001,1.058000,-74,0.000000,7,8
1,20.000000,20.746000,1.111000,-74,0.000000,7,8
1,20.000000,21.757000,0.540000,-74,0.000000,7,8
1,20.000000,21.229000,0.948000,-75,0.000000,7,8
1,20.000000,20.951000,0.941000,-76,0.000000,7,8
1,20.000000,20.922001,0.565000,-73,0.000000,7,8
1,20.000000,20.790001,0.568000,-73,0.000000,7,8
1,20.000000,20.716999,0.597000,-73,0.000000,7,8
1,20.000000,20.980000,1.030000,-73,0.000000,7,8
1,20.000000,20.805000,0.851000,-75,0.000000,7,8
1,20.000000,21.448999,0.654000,-75,0.000000,7,8
1,20.000000,20.320999,1.439000,-75,0.000000,7,8
1,20.000000,20.188999,1.375000,-75,0.000000,7,8
1,20.000000,20.525999,1.182000,-74,0.000000,7,8
1,20.000000,20.614000,1.317000,-73,0.000000,7,8
1,20.000000,20.600000,1.234000,-73,0.000000,7,8
1,20.000000,20.482000,0.743000,-73,0.000000,7,8
1,20.000000,20.629000,0.706000,-74,0.000000,7,8
1,20.000000,20.468000,0.945000,-74,0.000000,7,8
1,20.000000,20.629000,0.981000,-74,0.000000,7,8
1,20.000000,20.599001,0.730000,-75,0.000000,7,8
1,20.000000,20.541000,0.916000,-74,0.000000,7,8
1,20.000000,20.497000,0.531000,-74,0.000000,7,8
1,20.000000,20.336000,0.919000,-74,0.000000,7,8
1,20.000000,20.393999,0.509000,-74,0.000000,7,8
1,20.000000,20.584999,0.472000,-74,0.000000,7,8
1,20.000000,20.409000,0.567000,-74,0.000000,7,8
1,20.000000,20.525999,0.538000,-74,0.000000,7,8
1,20.000000,20.424000,0.780000,-74,0.000000,7,8
1,20.000000,20.584999,0.790000,-74,0.000000,7,8
1,20.000000,20.336000,0.969000,-74,0.000000,7,8
1,20.000000,20.336000,1.086000,-74,0.000000,7,8
1,20.000000,20.452999,1.100000,-74,0.000000,7,8
1,20.000000,20.570000,1.233000,-74,0.000000,7,8
1,20.000000,20.658001,1.204000,-74,0.000000,7,8
1,20.000000,20.600000,1.080000,-73,0.000000,7,8
1,20.000000,20.688000,1.087000,-74,0.000000,7,8
1,20.000000,20.643999,1.093000,-73,0.000000,7,8
1,20.000000,20.541000,1.263000,-73,0.000000,7,8
1,20.000000,20.584999,1.339000,-73,0.000000,7,8
1,20.000000,20.643999,1.338000,-73,0.000000,7,8
1,20.000000,20.629000,1.247000,-73,0.000000,7,8
1,20.000000,20.805000,1.158000,-73,0.000000,7,8
1,20.000000,20.878000,1.424000,-73,0.000000,7,8
1,20.000000,20.878000,1.205000,-73,0.000000,7,8
1,20.000000,20.863001,1.127000,-73,0.000000,7,8
1,20.000000,20.702000,1.240000,-73,0.000000,7,8
1,20.000000,20.716999,1.177000,-73,0.000000,7,8
1,20.000000,20.716999,1.066000,-73,0.000000,7,8
1,20.000000,20.511999,1.160000,-73,0.000000,7,8
1,20.000000,20.658001,1.037000,-72,0.000000,7,8
1,20.000000,20.688000,0.998000,-72,0.000000,7,8
1,20.000000,20.702000,0.930000,-73,0.000000,7,8
1,20.000000,20.525999,0.879000,-73,0.000000,7,8
1,20.000000,20.468000,0.727000,-73,0.000000,7,8
1,20.000000,20.351000,0.626000,-72,0.000000,7,8
1,20.000000,20.131001,0.574000,-72,0.000000,7,8
1,20.000000,19.926001,0.624000,-73,0.000000,7,8
1,20.000000,20.131001,0.650000,-73,0.000000,7,8
1,20.000000,20.731001,0.891000,-73,0.000000,7,8
1,20.000000,21.391001,0.896000,-74,0.000000,7,8
1,20.000000,21.420000,0.787000,-74,0.000000,7,8
1,20.000000,21.566000,0.771000,-74,0.000000,7,8
1,20.000000,21.639000,0.908000,-74,0.000000,7,8
1,20.000000,21.448999,0.767000,-74,0.000000,7,8
1,20.000000,21.316999,0.888000,-74,0.000000,7,8
1,20.000000,21.243999,0.850000,-74,0.000000,7,8
1,20.000000,21.332001,0.621000,-74,0.000000,7,8
1,20.000000,21.347000,0.754000,-75,0.000000,7,8
1,20.000000,21.273001,1.053000,-74,0.000000,7,8
1,20.000000,21.142000,0.816000,-74,0.000000,7,8
1,20.000000,21.259001,0.985000,-74,0.000000,7,8
1,20.000000,21.288000,1.162000,-74,0.000000,7,8
1,20.000000,21.375999,0.863000,-75,0.000000,7,8
1,20.000000,21.552000,0.906000,-75,0.000000,7,8
1,20.000000,21.229000,0.766000,-74,0.000000,7,8
1,20.000000,21.493000,0.692000,-74,0.000000,7,8
1,20.000000,21.610001,0.679000,-74,0.000000,7,8
1,20.000000,21.580999,0.663000,-74,0.000000,7,8
1,20.000000,21.933001,0.649000,-74,0.000000,7,8
1,20.000000,21.420000,0.496000,-74,0.000000,7,8
1,20.000000,20.643999,1.166000,-74,0.000000,7,8
1,20.000000,20.863001,0.845000,-74,0.000000,7,8
1,20.000000,21.332001,0.429000,-74,0.000000,7,8
1,20.000000,20.922001,0.678000,-74,0.000000,7,8
1,20.000000,20.541000,0.498000,-74,0.000000,7,8
1,20.000000,20.028000,0.646000,-74,0.000000,7,8
1,20.000000,19.969999,0.820000,-74,0.000000,7,8
1,20.000000,20.204000,0.648000,-74,0.000000,7,8
1,20.000000,20.511999,0.572000,-74,0.000000,7,8
1,20.000000,20.893000,0.459000,-74,0.000000,7,8
1,20.000000,21.566000,0.175000,-75,0.000000,7,8
1,20.000000,20.966000,0.496000,-75,0.000000,7,8
1,20.000000,21.507999,0.644000,-74,0.000000,7,8
1,20.000000,21.391001,0.396000,-74,0.000000,7,8
1,20.000000,21.347000,0.224000,-74,0.000000,7,8
1,20.000000,21.259001,0.777000,-74,0.000000,7,8
1,20.000000,21.243999,1.163000,-74,0.000000,7,8
1,20.000000,21.259001,0.656000,-74,0.000000,7,8
1,20.000000,21.054001,0.471000,-74,0.000000,7,8
1,20.000000,21.200001,0.996000,-74,0.000000,7,8
1,20.000000,20.731001,1.146000,-75,0.000000,7,8
1,20.000000,20.688000,0.645000,-75,0.000000,7,8
1,20.000000,19.120001,1.104000,-73,0.000000,7,8
1,20.000000,20.014000,1.432000,-74,0.000000,7,8
1,20.000000,20.584999,1.303000,-75,0.000000,7,8
1,20.000000,19.955000,0.766000,-73,0.000000,7,8
1,20.000000,20.351000,1.145000,-73,0.000000,7,8
1,20.000000,20.688000,1.386000,-73,0.000000,7,8
1,20.000000,20.600000,1.150000,-72,0.000000,7,8
1,20.000000,20.716999,0.886000,-73,0.000000,7,8
1,20.000000,21.347000,0.882000,-73,0.000000,7,8
1,20.000000,20.878000,0.809000,-73,0.000000,7,8
1,20.000000,20.995001,0.780000,-74,0.000000,7,8
1,20.000000,20.687000,0.520000,-74,0.000000,7,8
1,20.000000,20.145000,1.243000,-75,0.000000,7,8
1,20.000000,19.486000,1.723000,-75,0.000000,7,8
1,20.000000,20.160000,1.875000,-75,0.000000,7,8
1,20.000000,21.024000,1.407000,-75,0.000000,7,8
1,20.000000,20.893000,1.408000,-76,0.000000,7,8
1,20.000000,20.570000,1.509000,-74,0.000000,7,8
1,20.000000,20.424000,0.962000,-74,0.000000,7,8
1,20.000000,20.204000,1.510000,-75,0.000000,7,8
1,20.000000,20.790001,1.152000,-74,0.000000,7,8
1,20.000000,20.937000,1.339000,-76,0.000000,7,8
1,20.000000,20.320999,1.051000,-74,0.000000,7,8
1,20.000000,21.375999,0.898000,-75,0.000000,7,8
1,20.000000,20.160000,0.543000,-75,0.000000,7,8
1,20.000000,20.395000,0.949000,-75,0.000000,7,8
1,20.000000,20.731001,1.121000,-75,0.000000,7,8
1,20.000000,20.584999,0.666000,-75,0.000000,7,8
1,20.000000,20.937000,0.532000,-75,0.000000,7,8
1,20.000000,20.350000,0.955000,-74,0.000000,7,8
1,20.000000,20.893000,1.237000,-75,0.000000,7,8
1,20.000000,20.511999,1.041000,-74,0.000000,7,8
1,20.000000,20.525999,1.042000,-76,0.000000,7,8
1,20.000000,22.400999,0.794000,-77,0.000000,7,8
1,20.000000,21.171000,1.291000,-76,0.000000,7,8
1,20.000000,20.204000,0.562000,-74,0.000000,7,8
1,20.000000,19.955000,0.826000,-74,0.000000,7,8
1,20.000000,20.188999,0.759000,-74,0.000000,7,8
1,20.000000,19.926001,1.428000,-74,0.000000,7,8
1,20.000000,21.420000,1.033000,-75,0.000000,7,8
1,20.000000,20.775000,0.500000,-74,0.000000,7,8
1,20.000000,20.600000,1.479000,-76,0.000000,7,8
1,20.000000,20.849001,0.206000,-74,0.000000,7,8
1,20.000000,20.805000,0.208000,-73,0.000000,7,8
1,20.000000,21.259001,0.197000,-72,0.000000,7,8
1,20.000000,20.673000,0.766000,-73,0.000000,7,8
1,20.000000,20.819000,0.609000,-74,0.000000,7,8
1,20.000000,20.702000,0.520000,-74,0.000000,7,8
1,20.000000,20.570000,0.395000,-74,0.000000,7,8
1,20.000000,19.705999,0.406000,-71,0.000000,7,8
1,20.000000,20.233000,0.807000,-72,0.000000,7,8
1,20.000000,19.837999,0.663000,-73,0.000000,7,8
1,20.000000,21.596001,0.315000,-72,0.000000,7,8
1,20.000000,21.521999,0.414000,-72,0.000000,7,8
1,20.000000,21.653999,0.394000,-71,0.000000,7,8
1,20.000000,20.511999,0.539000,-71,0.000000,7,8
1,20.000000,20.629000,0.466000,-71,0.000000,7,8
1,20.000000,20.980000,0.209000,-73,0.000000,7,8
1,20.000000,20.320999,0.427000,-72,0.000000,7,8
1,20.000000,19.999001,0.610000,-72,0.000000,7,8
1,20.000000,20.247999,0.955000,-71,0.000000,7,8
1,20.000000,19.955000,0.800000,-72,0.000000,7,8
1,20.000000,20.145000,0.529000,-71,0.000000,7,8
1,20.000000,20.379999,0.475000,-71,0.000000,7,8
1,20.000000,21.112000,0.165000,-72,0.000000,7,8
1,20.000000,20.556000,0.416000,-71,0.000000,7,8
1,20.000000,20.424000,0.643000,-71,0.000000,7,8
1,20.000000,20.247999,0.624000,-73,0.000000,7,8
1,20.000000,21.028999,0.556000,-73,0.000000,7,8
1,20.000000,21.438999,0.780000,-72,0.000000,7,8
1,20.000000,21.087999,1.171000,-74,0.000000,7,8
1,20.000000,20.872999,0.629000,-75,0.000000,7,8
1,20.000000,20.101000,0.692000,-74,0.000000,7,8
1,20.000000,20.033001,0.227000,-75,0.000000,7,8
1,20.000000,20.614000,0.290000,-73,0.000000,7,8
1,20.000000,20.570000,0.201000,-74,0.000000,7,8
1,20.000000,21.200001,0.545000,-75,0.000000,7,8
1,20.000000,21.243999,0.827000,-75,0.000000,7,8
1,20.000000,21.259001,0.926000,-76,0.000000,7,8
1,20.000000,21.215000,1.145000,-75,0.000000,7,8
1,20.000000,20.541000,0.732000,-75,0.000000,7,8
1,20.000000,20.379999,1.209000,-75,0.000000,7,8
1,20.000000,20.525999,0.639000,-75,0.000000,7,8
1,20.000000,20.570000,0.480000,-76,0.000000,7,8
1,20.000000,20.336000,0.447000,-75,0.000000,7,8
1,20.000000,20.379999,0.671000,-75,0.000000,7,8
1,20.000000,20.247999,0.771000,-75,0.000000,7,8
1,20.000000,20.101000,0.887000,-75,0.000000,7,8
1,20.000000,20.878000,0.879000,-75,0.000000,7,8
1,20.000000,21.259001,0.921000,-75,0.000000,7,8
1,20.000000,21.332001,0.815000,-75,0.000000,7,8
1,20.000000,21.698000,0.866000,-75,0.000000,7,8
1,20.000000,21.639999,0.731000,-75,0.000000,7,8
1,20.000000,21.947001,0.717000,-75,0.000000,7,8
1,20.000000,22.122999,0.519000,-75,0.000000,7,8
1,20.000000,22.079000,0.636000,-75,0.000000,7,8
1,20.000000,22.313999,0.548000,-75,0.000000,7,8
1,20.000000,22.138000,0.799000,-75,0.000000,7,8
1,20.000000,22.195999,0.747000,-75,0.000000,7,8
1,20.000000,21.844999,0.584000,-75,0.000000,7,8
1,20.000000,21.625000,0.778000,-75,0.000000,7,8
1,20.000000,21.596001,0.856000,-75,0.000000,7,8
1,20.000000,21.610001,0.755000,-75,0.000000,7,8
1,20.000000,21.448999,0.831000,-75,0.000000,7,8
1,20.000000,21.361000,0.780000,-74,0.000000,7,8
1,20.000000,21.316999,0.792000,-74,0.000000,7,8
1,20.000000,21.347000,0.641000,-74,0.000000,7,8
1,20.000000,21.171000,0.634000,-74,0.000000,7,8
1,20.000000,20.614000,0.811000,-74,0.000000,7,8
1,20.000000,20.263000,1.021000,-75,0.000000,7,8
1,20.000000,20.277000,1.237000,-75,0.000000,7,8
1,20.000000,20.438000,1.111000,-74,0.000000,7,8
1,20.000000,21.171000,0.829000,-74,0.000000,7,8
1,20.000000,21.830000,0.375000,-75,0.000000,7,8
1,20.000000,21.521999,0.341000,-75,0.000000,7,8
1,20.000000,21.068001,1.055000,-75,0.000000,7,8
1,20.000000,20.951000,1.163000,-75,0.000000,7,8
1,20.000000,19.999001,1.273000,-75,0.000000,7,8
1,20.000000,19.472000,1.356000,-75,0.000000,7,8
1,20.000000,20.863001,1.321000,-75,0.000000,7,8
1,20.000000,21.083000,1.298000,-74,0.000000,7,8
1,20.000000,20.893000,1.293000,-74,0.000000,7,8
1,20.000000,20.980000,1.120000,-74,0.000000,7,8
1,20.000000,20.863001,1.127000,-74,0.000000,7,8
1,20.000000,21.024000,1.065000,-74,0.000000,7,8
1,20.000000,21.186001,1.078000,-75,0.000000,7,8
1,20.000000,21.215000,0.871000,-75,0.000000,7,8
1,20.000000,21.391001,0.765000,-75,0.000000,7,8
1,20.000000,21.259001,1.006000,-75,0.000000,7,8
1,20.000000,21.361000,1.041000,-75,0.000000,7,8
1,20.000000,21.507999,1.056000,-74,0.000000,7,8
1,20.000000,21.361000,0.929000,-74,0.000000,7,8
1,20.000000,21.566000,0.649000,-75,0.000000,7,8
1,20.000000,21.537001,0.414000,-74,0.000000,7,8
1,20.000000,21.464001,0.511000,-74,0.000000,7,8
1,20.000000,21.625000,0.355000,-75,0.000000,7,8
1,20.000000,21.757000,0.317000,-74,0.000000,7,8
1,20.000000,21.698000,0.281000,-74,0.000000,7,8
1,20.000000,21.566000,0.383000,-74,0.000000,7,8
1,20.000000,21.771000,0.315000,-74,0.000000,7,8
1,20.000000,21.580999,0.505000,-74,0.000000,7,8
1,20.000000,21.610001,0.511000,-74,0.000000,7,8
1,20.000000,21.375999,0.382000,-74,0.000000,7,8
1,20.000000,21.405001,0.614000,-74,0.000000,7,8
1,20.000000,21.375999,0.655000,-74,0.000000,7,8
1,20.000000,21.459000,0.410000,-75,0.000000,7,8
1,20.000000,21.791000,0.349000,-74,0.000000,7,8
1,20.000000,21.693001,0.186000,-74,0.000000,7,8
1,20.000000,21.791000,0.256000,-74,0.000000,7,8
1,20.000000,21.653999,0.208000,-74,0.000000,7,8
1,20.000000,21.757000,0.189000,-74,0.000000,7,8
1,20.000000,21.849001,0.191000,-73,0.000000,7,8
1,20.000000,21.801001,0.475000,-73,0.000000,7,8
1,20.000000,21.229000,0.460000,-73,0.000000,7,8
1,20.000000,20.775000,0.447000,-74,0.000000,7,8
1,20.000000,20.761000,0.437000,-74,0.000000,7,8
1,20.000000,20.937000,0.560000,-74,0.000000,7,8
1,20.000000,20.629000,0.592000,-74,0.000000,7,8
1,20.000000,20.819000,0.445000,-74,0.000000,7,8
1,20.000000,20.878000,0.476000,-73,0.000000,7,8
1,20.000000,20.702000,0.501000,-73,0.000000,7,8
1,20.000000,20.409000,0.634000,-73,0.000000,7,8
1,20.000000,20.556000,0.449000,-73,0.000000,7,8
1,20.000000,20.805000,0.419000,-73,0.000000,7,8
1,20.000000,20.907000,0.276000,-73,0.000000,7,8
1,20.000000,20.936001,0.348000,-73,0.000000,7,8
1,20.000000,21.283001,0.473000,-74,0.000000,7,8
1,20.000000,21.361000,0.508000,-74,0.000000,7,8
1,20.000000,21.243999,0.387000,-74,0.000000,7,8
1,20.000000,20.716999,0.309000,-74,0.000000,7,8
1,20.000000,21.112000,0.215000,-73,0.000000,7,8
1,20.000000,20.951000,0.176000,-74,0.000000,7,8
1,20.000000,20.892000,0.254000,-73,0.000000,7,8
1,20.000000,20.937000,0.251000,-73,0.000000,7,8
1,20.000000,20.848000,0.277000,-73,0.000000,7,8
1,20.000000,20.907000,0.209000,-73,0.000000,7,8
1,20.000000,20.995001,0.128000,-73,0.000000,7,8
1,20.000000,21.039000,0.204000,-73,0.000000,7,8
1,20.000000,21.039000,0.250000,-73,0.000000,7,8
1,20.000000,20.790001,0.274000,-73,0.000000,7,8
1,20.000000,20.892000,0.294000,-74,0.000000,7,8
1,20.000000,20.761000,0.218000,-73,0.000000,7,8
1,20.000000,20.658001,0.279000,-73,0.000000,7,8
1,20.000000,20.761000,0.356000,-73,0.000000,7,8
1,20.000000,20.790001,0.274000,-73,0.000000,7,8
1,20.000000,20.892000,0.274000,-73,0.000000,7,8
1,20.000000,20.995001,0.256000,-73,0.000000,7,8
1,20.000000,21.039000,0.186000,-73,0.000000,7,8
1,20.000000,20.819000,0.296000,-73,0.000000,7,8
1,20.000000,20.834000,0.534000,-73,0.000000,7,8
1,20.000000,20.790001,0.409000,-73,0.000000,7,8
1,20.000000,20.907000,0.392000,-73,0.000000,7,8
1,20.000000,20.936001,0.376000,-73,0.000000,7,8
1,20.000000,20.629000,0.503000,-73,0.000000,7,8
1,20.000000,21.039000,0.314000,-73,0.000000,7,8
1,20.000000,21.068001,0.226000,-73,0.000000,7,8
1,20.000000,21.112000,0.340000,-73,0.000000,7,8
1,20.000000,21.083000,0.305000,-73,0.000000,7,8
1,20.000000,20.937000,0.250000,-73,0.000000,7,8
1,20.000000,21.024000,0.212000,-73,0.000000,7,8
1,20.000000,21.112000,0.158000,-73,0.000000,7,8
1,20.000000,21.112000,0.129000,-73,0.000000,7,8
1,20.000000,21.166000,0.170000,-74,0.000000,7,8
1,20.000000,21.028999,0.153000,-74,0.000000,7,8
1,20.000000,21.243999,0.449000,-74,0.000000,7,8
1,20.000000,21.302999,0.377000,-73,0.000000,7,8
1,20.000000,20.761000,0.327000,-74,0.000000,7,8
1,20.000000,20.570000,0.330000,-74,0.000000,7,8
1,20.000000,20.541000,0.396000,-74,0.000000,7,8
1,20.000000,20.263000,0.456000,-74,0.000000,7,8
1,20.000000,20.365000,0.454000,-74,0.000000,7,8
1,20.000000,20.599001,0.453000,-74,0.000000,7,8
1,20.000000,20.393999,0.456000,-73,0.000000,7,8
1,20.000000,20.306999,0.456000,-73,0.000000,7,8
1,20.000000,20.525999,0.425000,-74,0.000000,7,8
1,20.000000,20.306999,0.625000,-74,0.000000,7,8
1,20.000000,20.482000,0.453000,-74,0.000000,7,8
1,20.000000,20.599001,0.466000,-74,0.000000,7,8
1,20.000000,20.247999,0.562000,-74,0.000000,7,8
1,20.000000,20.336000,0.701000,-74,0.000000,7,8
1,20.000000,20.247999,0.537000,-74,0.000000,7,8
1,20.000000,20.761000,0.404000,-74,0.000000,7,8
1,20.000000,20.424000,0.455000,-74,0.000000,7,8
1,20.000000,20.511999,0.510000,-74,0.000000,7,8
1,20.000000,20.365000,0.541000,-74,0.000000,7,8
1,20.000000,20.409000,0.397000,-74,0.000000,7,8
1,20.000000,20.365000,0.601000,-74,0.000000,7,8
1,20.000000,20.365000,0.546000,-74,0.000000,7,8
1,20.000000,20.452999,0.554000,-74,0.000000,7,8
1,20.000000,20.716999,0.469000,-73,0.000000,7,8
1,20.000000,20.556000,0.539000,-73,0.000000,7,8
1,20.000000,20.424000,0.691000,-73,0.000000,7,8
1,20.000000,20.482000,0.505000,-73,0.000000,7,8
1,20.000000,20.424000,0.718000,-73,0.000000,7,8
1,20.000000,20.497000,0.528000,-73,0.000000,7,8
1,20.000000,20.687000,0.589000,-73,0.000000,7,8
1,20.000000,20.541000,0.492000,-74,0.000000,7,8
1,20.000000,20.160000,0.772000,-74,0.000000,7,8
1,20.000000,20.160000,0.646000,-73,0.000000,7,8
1,20.000000,20.452999,0.526000,-73,0.000000,7,8
1,20.000000,20.263000,0.640000,-73,0.000000,7,8
1,20.000000,20.292000,0.561000,-73,0.000000,7,8
1,20.000000,20.204000,0.558000,-73,0.000000,7,8
1,20.000000,20.188999,0.514000,-74,0.000000,7,8
1,20.000000,20.233000,0.586000,-73,0.000000,7,8
1,20.000000,20.174999,0.688000,-74,0.000000,7,8
1,20.000000,20.174999,0.610000,-73,0.000000,7,8
1,20.000000,20.145000,0.631000,-73,0.000000,7,8
1,20.000000,20.131001,0.521000,-73,0.000000,7,8
1,20.000000,20.365000,0.488000,-74,0.000000,7,8
1,20.000000,19.823000,0.770000,-74,0.000000,7,8
1,20.000000,20.247999,0.475000,-74,0.000000,7,8
1,20.000000,20.131001,0.561000,-74,0.000000,7,8
1,20.000000,20.072001,0.616000,-73,0.000000,7,8
1,20.000000,20.393999,0.549000,-73,0.000000,7,8
1,20.000000,20.188999,0.615000,-73,0.000000,7,8
1,20.000000,20.131001,0.666000,-73,0.000000,7,8
1,20.000000,20.174999,0.671000,-73,0.000000,7,8
1,20.000000,20.219000,0.590000,-73,0.000000,7,8
1,20.000000,20.292000,0.518000,-73,0.000000,7,8
1,20.000000,20.263000,0.444000,-73,0.000000,7,8
1,20.000000,20.468000,0.361000,-74,0.000000,7,8
1,20.000000,20.219000,0.605000,-74,0.000000,7,8
1,20.000000,20.247999,0.740000,-74,0.000000,7,8
1,20.000000,20.247999,0.624000,-74,0.000000,7,8
1,20.000000,20.409000,0.697000,-74,0.000000,7,8
1,20.000000,20.541000,0.687000,-74,0.000000,7,8
1,20.000000,20.350000,0.714000,-74,0.000000,7,8
