1,13.000000,11.957000,0.258000,-64,0.000000,7,8
1,13.000000,12.045000,0.444000,-64,0.000000,7,8
1,13.000000,11.942000,0.392000,-63,0.000000,7,8
1,13.000000,11.884000,0.585000,-62,0.000000,7,8
1,13.000000,11.957000,0.467000,-62,0.000000,7,8
1,13.000000,12.001000,0.314000,-63,0.000000,7,8
1,13.000000,11.737000,0.336000,-64,0.000000,7,8
1,13.000000,11.898000,0.092000,-64,0.000000,7,8
1,13.000000,11.869000,0.269000,-64,0.000000,7,8
1,13.000000,11.810000,0.203000,-64,0.000000,7,8
1,13.000000,11.664000,0.256000,-63,0.000000,7,8
1,13.000000,11.693000,0.391000,-65,0.000000,7,8
1,13.000000,11.244000,0.742000,-66,0.000000,7,8
1,13.000000,10.990000,0.859000,-65,0.000000,7,8
1,13.000000,11.146000,0.679000,-65,0.000000,7,8
1,13.000000,11.478000,0.345000,-64,0.000000,7,8
1,13.000000,11.557000,0.432000,-64,0.000000,7,8
1,13.000000,11.693000,0.585000,-65,0.000000,7,8
1,13.000000,11.850000,0.978000,-64,0.000000,7,8
1,13.000000,11.479000,1.220000,-64,0.000000,7,8
1,13.000000,12.074000,0.826000,-65,0.000000,7,8
1,13.000000,12.045000,0.355000,-68,0.000000,7,8
1,13.000000,12.645000,1.130000,-65,0.000000,7,8
1,13.000000,11.108000,0.658000,-64,0.000000,7,8
1,13.000000,11.791000,0.611000,-63,0.000000,7,8
1,13.000000,11.322000,0.573000,-63,0.000000,7,8
1,13.000000,11.459000,0.935000,-63,0.000000,7,8
1,13.000000,11.635000,0.826000,-66,0.000000,7,8
1,13.000000,11.459000,0.669000,-64,0.000000,7,8
1,13.000000,11.869000,0.363000,-64,0.000000,7,8
1,13.000000,12.045000,0.324000,-63,0.000000,7,8
1,13.000000,11.947000,0.526000,-63,0.000000,7,8
1,13.000000,10.678000,1.102000,-64,0.000000,7,8
1,13.000000,11.361000,0.707000,-65,0.000000,7,8
1,13.000000,11.010000,0.914000,-64,0.000000,7,8
1,13.000000,10.736000,0.962000,-64,0.000000,7,8
1,13.000000,10.814000,0.639000,-63,0.000000,7,8
1,13.000000,11.503000,0.236000,-62,0.000000,7,8
1,13.000000,11.029000,0.540000,-60,0.000000,7,8
1,13.000000,10.561000,1.043000,-60,0.000000,7,8
1,13.000000,10.560000,1.251000,-63,0.000000,7,8
1,13.000000,11.185000,0.435000,-61,0.000000,7,8
1,13.000000,11.439000,0.236000,-63,0.000000,7,8
1,13.000000,10.873000,0.540000,-58,0.000000,7,8
1,13.000000,11.283000,1.605000,-62,0.000000,7,8
1,13.000000,10.800000,0.464000,-62,0.000000,7,8
1,13.000000,10.932000,1.471000,-63,0.000000,7,8
1,13.000000,10.375000,0.362000,-68,0.000000,7,8
1,13.000000,10.482000,0.523000,-64,0.000000,7,8
1,13.000000,11.400000,0.431000,-62,0.000000,7,8
1,13.000000,11.596000,0.503000,-63,0.000000,7,8
1,13.000000,11.415000,0.893000,-59,0.000000,7,8
1,13.000000,11.146000,0.487000,-62,0.000000,7,8
1,13.000000,11.371000,0.887000,-63,0.000000,7,8
1,13.000000,11.283000,0.512000,-59,0.000000,7,8
1,13.000000,10.072000,1.233000,-59,0.000000,7,8
1,13.000000,10.873000,0.673000,-59,0.000000,7,8
1,13.000000,11.537000,0.197000,-59,0.000000,7,8
1,13.000000,11.430000,0.286000,-58,0.000000,7,8
1,13.000000,10.560000,0.984000,-59,0.000000,7,8
1,13.000000,10.951000,0.998000,-58,0.000000,7,8
1,13.000000,11.010000,0.845000,-56,0.000000,7,8
1,13.000000,11.635000,0.536000,-63,0.000000,7,8
1,13.000000,11.596000,0.691000,-59,0.000000,7,8
1,13.000000,11.459000,0.471000,-63,0.000000,7,8
1,13.000000,11.400000,1.397000,-66,0.000000,7,8
1,13.000000,11.107000,1.154000,-66,0.000000,7,8
1,13.000000,11.322000,0.807000,-62,0.000000,7,8
1,13.000000,11.224000,0.608000,-61,0.000000,7,8
1,13.000000,11.264000,0.375000,-62,0.000000,7,8
1,13.000000,11.185000,0.309000,-61,0.000000,7,8
1,13.000000,11.561000,0.243000,-61,0.000000,7,8
1,13.000000,11.532000,1.083000,-61,0.000000,7,8
1,13.000000,11.459000,0.358000,-62,0.000000,7,8
1,13.000000,11.605000,0.146000,-62,0.000000,7,8
1,13.000000,11.488000,0.212000,-61,0.000000,7,8
1,13.000000,11.210000,0.267000,-63,0.000000,7,8
1,13.000000,11.151000,0.202000,-63,0.000000,7,8
1,13.000000,11.107000,0.270000,-64,0.000000,7,8
1,13.000000,10.912000,0.224000,-65,0.000000,7,8
1,13.000000,10.697000,0.154000,-67,0.000000,7,8
1,13.000000,10.541000,0.414000,-67,0.000000,7,8
1,13.000000,11.029000,0.636000,-67,0.000000,7,8
1,13.000000,10.775000,0.739000,-65,0.000000,7,8
1,13.000000,11.127000,0.670000,-63,0.000000,7,8
1,13.000000,11.400000,0.413000,-64,0.000000,7,8
1,13.000000,11.557000,0.403000,-64,0.000000,7,8
1,13.000000,11.693000,0.731000,-64,0.000000,7,8
1,13.000000,11.518000,0.614000,-64,0.000000,7,8
1,13.000000,11.381000,0.393000,-64,0.000000,7,8
1,13.000000,11.342000,0.534000,-63,0.000000,7,8
1,13.000000,11.283000,0.966000,-62,0.000000,7,8
1,13.000000,11.537000,0.594000,-62,0.000000,7,8
1,13.000000,11.181000,0.493000,-61,0.000000,7,8
1,13.000000,11.537000,0.367000,-61,0.000000,7,8
1,13.000000,11.264000,0.468000,-62,0.000000,7,8
1,13.000000,11.264000,0.580000,-62,0.000000,7,8
1,13.000000,10.834000,0.785000,-62,0.000000,7,8
1,13.000000,10.502000,1.135000,-63,0.000000,7,8
1,13.000000,12.064000,0.547000,-63,0.000000,7,8
1,13.000000,12.660000,0.399000,-62,0.000000,7,8
1,13.000000,12.572000,0.629000,-62,0.000000,7,8
1,13.000000,12.411000,0.585000,-62,0.000000,7,8
1,13.000000,12.426000,0.290000,-61,0.000000,7,8
1,13.000000,11.693000,0.498000,-61,0.000000,7,8
1,13.000000,12.616000,0.453000,-61,0.000000,7,8
1,13.000000,11.615000,0.910000,-62,0.000000,7,8
1,13.000000,10.053000,1.401000,-61,0.000000,7,8
1,13.000000,10.678000,1.227000,-62,0.000000,7,8
1,13.000000,10.834000,1.307000,-62,0.000000,7,8
1,13.000000,10.560000,1.317000,-62,0.000000,7,8
1,13.000000,11.244000,1.296000,-63,0.000000,7,8
1,13.000000,11.068000,1.130000,-62,0.000000,7,8
1,13.000000,11.264000,1.014000,-63,0.000000,7,8
1,13.000000,11.928000,1.312000,-64,0.000000,7,8
1,13.000000,11.244000,1.325000,-62,0.000000,7,8
1,13.000000,11.439000,1.546000,-59,0.000000,7,8
1,13.000000,11.361000,0.997000,-60,0.000000,7,8
1,13.000000,11.283000,0.534000,-62,0.000000,7,8
1,13.000000,11.244000,0.378000,-63,0.000000,7,8
1,13.000000,11.107000,0.252000,-64,0.000000,7,8
1,13.000000,11.264000,0.100000,-65,0.000000,7,8
1,13.000000,11.107000,0.205000,-64,0.000000,7,8
1,13.000000,11.078000,0.172000,-65,0.000000,7,8
1,13.000000,11.264000,0.201000,-63,0.000000,7,8
1,13.000000,11.537000,0.306000,-61,0.000000,7,8
1,13.000000,11.693000,0.643000,-62,0.000000,7,8
1,13.000000,11.303000,1.436000,-67,0.000000,7,8
1,13.000000,11.869000,0.320000,-60,0.000000,7,8
1,13.000000,12.416000,0.321000,-59,0.000000,7,8
1,13.000000,12.006000,0.726000,-61,0.000000,7,8
1,13.000000,11.908000,0.211000,-65,0.000000,7,8
1,13.000000,11.283000,0.768000,-61,0.000000,7,8
1,13.000000,11.830000,0.217000,-61,0.000000,7,8
1,13.000000,11.537000,0.287000,-61,0.000000,7,8
1,13.000000,11.420000,0.450000,-60,0.000000,7,8
1,13.000000,11.811000,0.296000,-63,0.000000,7,8
1,13.000000,11.244000,0.552000,-62,0.000000,7,8
1,13.000000,11.791000,0.426000,-61,0.000000,7,8
1,13.000000,11.068000,0.672000,-60,0.000000,7,8
1,13.000000,11.537000,0.528000,-60,0.000000,7,8
1,13.000000,11.381000,0.614000,-60,0.000000,7,8
1,13.000000,10.912000,0.508000,-61,0.000000,7,8
1,13.000000,11.478000,0.255000,-62,0.000000,7,8
1,13.000000,11.928000,0.412000,-60,0.000000,7,8
1,13.000000,11.957000,0.637000,-59,0.000000,7,8
1,13.000000,11.361000,0.403000,-59,0.000000,7,8
1,13.000000,11.635000,0.389000,-60,0.000000,7,8
1,13.000000,11.561000,0.238000,-60,0.000000,7,8
1,13.000000,11.576000,0.250000,-59,0.000000,7,8
1,13.000000,11.723000,0.334000,-59,0.000000,7,8
1,13.000000,11.664000,0.143000,-59,0.000000,7,8
1,13.000000,11.737000,0.174000,-59,0.000000,7,8
1,13.000000,11.342000,0.359000,-60,0.000000,7,8
1,13.000000,11.635000,0.312000,-60,0.000000,7,8
1,13.000000,11.620000,0.702000,-60,0.000000,7,8
1,13.000000,11.635000,0.363000,-60,0.000000,7,8
1,13.000000,11.752000,0.317000,-60,0.000000,7,8
1,13.000000,11.576000,0.284000,-60,0.000000,7,8
1,13.000000,11.674000,0.323000,-60,0.000000,7,8
1,13.000000,11.732000,0.215000,-60,0.000000,7,8
1,13.000000,11.244000,0.350000,-60,0.000000,7,8
1,13.000000,11.400000,0.338000,-60,0.000000,7,8
1,13.000000,10.717000,0.670000,-60,0.000000,7,8
1,13.000000,10.736000,0.688000,-60,0.000000,7,8
1,13.000000,10.482000,0.722000,-61,0.000000,7,8
1,13.000000,11.361000,0.277000,-61,0.000000,7,8
1,13.000000,11.615000,0.396000,-61,0.000000,7,8
1,13.000000,11.263000,0.397000,-61,0.000000,7,8
1,13.000000,11.693000,0.214000,-62,0.000000,7,8
1,13.000000,11.224000,0.604000,-62,0.000000,7,8
1,13.000000,11.283000,0.967000,-63,0.000000,7,8
1,13.000000,11.478000,0.395000,-60,0.000000,7,8
1,13.000000,11.439000,0.399000,-64,0.000000,7,8
1,13.000000,11.781000,0.743000,-63,0.000000,7,8
1,13.000000,10.560000,0.685000,-59,0.000000,7,8
1,13.000000,11.146000,0.868000,-63,0.000000,7,8
1,13.000000,11.420000,0.603000,-62,0.000000,7,8
1,13.000000,11.010000,0.612000,-58,0.000000,7,8
1,13.000000,10.463000,0.805000,-61,0.000000,7,8
1,13.000000,11.654000,0.593000,-60,0.000000,7,8
1,13.000000,11.869000,0.220000,-62,0.000000,7,8
1,13.000000,11.693000,0.485000,-61,0.000000,7,8
1,13.000000,11.303000,0.826000,-58,0.000000,7,8
1,13.000000,11.928000,0.254000,-60,0.000000,7,8
1,13.000000,11.205000,0.861000,-60,0.000000,7,8
1,13.000000,11.342000,0.321000,-61,0.000000,7,8
1,13.000000,12.235000,0.610000,-62,0.000000,7,8
1,13.000000,11.361000,0.388000,-61,0.000000,7,8
1,13.000000,10.932000,0.555000,-62,0.000000,7,8
1,13.000000,11.381000,0.425000,-60,0.000000,7,8
1,13.000000,11.557000,0.273000,-60,0.000000,7,8
1,13.000000,11.576000,0.281000,-60,0.000000,7,8
1,13.000000,11.498000,0.363000,-59,0.000000,7,8
1,13.000000,11.556000,0.335000,-59,0.000000,7,8
1,13.000000,10.932000,0.469000,-61,0.000000,7,8
1,13.000000,10.932000,0.678000,-59,0.000000,7,8
1,13.000000,11.283000,0.379000,-59,0.000000,7,8
1,13.000000,10.912000,0.544000,-60,0.000000,7,8
1,13.000000,9.935000,1.054000,-60,0.000000,7,8
1,13.000000,11.068000,0.519000,-60,0.000000,7,8
1,13.000000,10.932000,0.578000,-60,0.000000,7,8
1,13.000000,11.185000,0.461000,-60,0.000000,7,8
1,13.000000,11.459000,0.423000,-60,0.000000,7,8
1,13.000000,11.244000,0.545000,-59,0.000000,7,8
1,13.000000,11.576000,0.442000,-59,0.000000,7,8
1,13.000000,11.693000,0.330000,-59,0.000000,7,8
1,13.000000,11.205000,0.578000,-59,0.000000,7,8
1,13.000000,11.322000,0.505000,-60,0.000000,7,8
1,13.000000,11.459000,0.484000,-59,0.000000,7,8
1,13.000000,11.537000,0.465000,-59,0.000000,7,8
1,13.000000,11.478000,0.531000,-60,0.000000,7,8
1,13.000000,11.185000,0.675000,-59,0.000000,7,8
1,13.000000,11.928000,0.375000,-60,0.000000,7,8
1,13.000000,11.420000,0.526000,-59,0.000000,7,8
1,13.000000,11.439000,0.475000,-60,0.000000,7,8
1,13.000000,10.951000,0.774000,-60,0.000000,7,8
1,13.000000,11.439000,0.490000,-60,0.000000,7,8
1,13.000000,11.850000,0.314000,-59,0.000000,7,8
1,13.000000,11.615000,0.424000,-58,0.000000,7,8
1,13.000000,11.361000,0.527000,-59,0.000000,7,8
1,13.000000,11.498000,0.420000,-59,0.000000,7,8
1,13.000000,11.537000,0.473000,-59,0.000000,7,8
1,13.000000,12.025000,0.324000,-59,0.000000,7,8
1,13.000000,11.732000,0.377000,-60,0.000000,7,8
1,13.000000,11.342000,0.494000,-61,0.000000,7,8
1,13.000000,11.518000,0.360000,-63,0.000000,7,8
1,13.000000,11.752000,0.280000,-64,0.000000,7,8
1,13.000000,10.951000,0.801000,-62,0.000000,7,8
1,13.000000,10.932000,0.726000,-61,0.000000,7,8
1,13.000000,11.361000,0.530000,-61,0.000000,7,8
1,13.000000,11.166000,0.649000,-60,0.000000,7,8
1,13.000000,11.107000,0.704000,-60,0.000000,7,8
1,13.000000,11.127000,0.621000,-60,0.000000,7,8
1,13.000000,12.001000,0.704000,-60,0.000000,7,8
1,13.000000,11.889000,0.137000,-60,0.000000,7,8
1,13.000000,11.942000,0.134000,-61,0.000000,7,8
1,13.000000,11.420000,0.545000,-62,0.000000,7,8
1,13.000000,11.361000,0.814000,-62,0.000000,7,8
1,13.000000,11.303000,0.596000,-60,0.000000,7,8
1,13.000000,11.869000,0.092000,-61,0.000000,7,8
1,13.000000,11.088000,0.436000,-64,0.000000,7,8
1,13.000000,10.932000,0.846000,-60,0.000000,7,8
1,13.000000,11.537000,0.359000,-57,0.000000,7,8
1,13.000000,11.166000,0.858000,-63,0.000000,7,8
1,13.000000,11.679000,1.763000,-65,0.000000,7,8
1,13.000000,11.444000,0.815000,-66,0.000000,7,8
1,13.000000,11.127000,0.239000,-68,0.000000,7,8
1,13.000000,12.220000,0.869000,-66,0.000000,7,8
1,13.000000,11.557000,0.140000,-66,0.000000,7,8
1,13.000000,11.693000,0.242000,-61,0.000000,7,8
1,13.000000,11.713000,0.248000,-62,0.000000,7,8
1,13.000000,11.478000,0.461000,-65,0.000000,7,8
1,13.000000,11.518000,0.538000,-61,0.000000,7,8
1,13.000000,11.791000,0.193000,-61,0.000000,7,8
1,13.000000,11.322000,0.486000,-57,0.000000,7,8
1,13.000000,11.361000,0.430000,-64,0.000000,7,8
1,13.000000,10.932000,0.519000,-65,0.000000,7,8
1,13.000000,11.224000,0.459000,-59,0.000000,7,8
1,13.000000,10.482000,0.811000,-61,0.000000,7,8
1,13.000000,10.228000,0.895000,-62,0.000000,7,8
1,13.000000,10.717000,0.677000,-61,0.000000,7,8
1,13.000000,11.166000,0.416000,-60,0.000000,7,8
1,13.000000,10.639000,0.738000,-60,0.000000,7,8
1,13.000000,10.639000,0.621000,-60,0.000000,7,8
1,13.000000,10.853000,0.450000,-61,0.000000,7,8
1,13.000000,10.502000,0.719000,-60,0.000000,7,8
1,13.000000,11.361000,0.323000,-60,0.000000,7,8
1,13.000000,11.576000,0.358000,-59,0.000000,7,8
1,13.000000,11.224000,0.387000,-59,0.000000,7,8
1,13.000000,10.951000,0.496000,-60,0.000000,7,8
1,13.000000,11.244000,0.490000,-59,0.000000,7,8
1,13.000000,11.854000,0.620000,-62,0.000000,7,8
1,13.000000,10.697000,1.403000,-61,0.000000,7,8
1,13.000000,11.322000,0.403000,-60,0.000000,7,8
1,13.000000,11.127000,0.472000,-59,0.000000,7,8
1,13.000000,11.205000,0.499000,-60,0.000000,7,8
1,13.000000,11.439000,0.371000,-62,0.000000,7,8
1,13.000000,11.498000,0.250000,-63,0.000000,7,8
1,13.000000,11.107000,0.395000,-64,0.000000,7,8
1,13.000000,11.796000,0.414000,-63,0.000000,7,8
1,13.000000,11.771000,0.382000,-63,0.000000,7,8
1,13.000000,11.693000,0.191000,-63,0.000000,7,8
1,13.000000,11.303000,0.274000,-62,0.000000,7,8
1,13.000000,11.205000,0.332000,-63,0.000000,7,8
1,13.000000,11.342000,0.203000,-63,0.000000,7,8
1,13.000000,11.303000,0.301000,-63,0.000000,7,8
1,13.000000,11.185000,0.492000,-63,0.000000,7,8
1,13.000000,11.205000,0.450000,-63,0.000000,7,8
1,13.000000,11.537000,0.508000,-63,0.000000,7,8
1,13.000000,11.244000,0.405000,-63,0.000000,7,8
1,13.000000,11.400000,0.304000,-63,0.000000,7,8
1,13.000000,11.342000,0.260000,-63,0.000000,7,8
1,13.000000,10.912000,0.431000,-63,0.000000,7,8
1,13.000000,10.873000,0.541000,-64,0.000000,7,8
1,13.000000,11.127000,0.492000,-65,0.000000,7,8
1,13.000000,10.775000,0.527000,-65,0.000000,7,8
1,13.000000,11.029000,0.534000,-65,0.000000,7,8
1,13.000000,10.990000,0.567000,-65,0.000000,7,8
1,13.000000,10.912000,0.841000,-63,0.000000,7,8
1,13.000000,11.498000,0.440000,-60,0.000000,7,8
1,13.000000,10.814000,0.655000,-62,0.000000,7,8
1,13.000000,10.873000,0.775000,-62,0.000000,7,8
1,13.000000,11.107000,0.683000,-62,0.000000,7,8
1,13.000000,11.010000,0.556000,-62,0.000000,7,8
1,13.000000,10.697000,0.599000,-65,0.000000,7,8
1,13.000000,11.185000,0.501000,-64,0.000000,7,8
1,13.000000,11.224000,0.468000,-63,0.000000,7,8
1,13.000000,11.439000,0.541000,-62,0.000000,7,8
1,13.000000,10.912000,0.976000,-61,0.000000,7,8
1,13.000000,10.873000,0.795000,-60,0.000000,7,8
1,13.000000,10.775000,0.751000,-60,0.000000,7,8
1,13.000000,11.342000,0.512000,-61,0.000000,7,8
1,13.000000,11.146000,0.527000,-64,0.000000,7,8
1,13.000000,11.127000,0.636000,-62,0.000000,7,8
1,13.000000,10.951000,0.587000,-63,0.000000,7,8
1,13.000000,10.932000,0.729000,-63,0.000000,7,8
1,13.000000,11.537000,0.527000,-62,0.000000,7,8
1,13.000000,12.006000,0.487000,-63,0.000000,7,8
1,13.000000,10.912000,0.688000,-63,0.000000,7,8
1,13.000000,11.322000,0.803000,-64,0.000000,7,8
1,13.000000,11.303000,0.943000,-64,0.000000,7,8
1,13.000000,10.834000,0.953000,-65,0.000000,7,8
1,13.000000,11.908000,0.622000,-66,0.000000,7,8
1,13.000000,11.674000,0.816000,-64,0.000000,7,8
1,13.000000,10.990000,0.823000,-63,0.000000,7,8
1,13.000000,11.557000,0.590000,-65,0.000000,7,8
1,13.000000,11.381000,0.245000,-64,0.000000,7,8
1,13.000000,10.404000,0.458000,-63,0.000000,7,8
1,13.000000,11.381000,0.504000,-62,0.000000,7,8
1,13.000000,10.971000,0.700000,-61,0.000000,7,8
1,13.000000,11.986000,0.274000,-62,0.000000,7,8
1,13.000000,11.850000,0.276000,-62,0.000000,7,8
1,13.000000,11.708000,0.317000,-67,0.000000,7,8
1,13.000000,11.869000,0.472000,-65,0.000000,7,8
1,13.000000,12.470000,1.047000,-67,0.000000,7,8
1,13.000000,10.770000,1.196000,-72,0.000000,7,8
1,13.000000,15.985000,2.065000,-74,0.000000,7,8
1,13.000000,12.660000,2.287000,-66,0.000000,7,8
1,13.000000,11.537000,0.363000,-68,0.000000,7,8
1,13.000000,12.865000,0.371000,-67,0.000000,7,8
1,13.000000,13.378000,0.253000,-67,0.000000,7,8
1,13.000000,11.498000,0.787000,-68,0.000000,7,8
1,13.000000,10.678000,0.938000,-70,0.000000,7,8
1,13.000000,13.236000,1.441000,-71,0.000000,7,8
1,13.000000,14.594000,1.450000,-67,0.000000,7,8
1,13.000000,11.264000,0.732000,-65,0.000000,7,8
1,13.000000,10.990000,0.606000,-61,0.000000,7,8
1,13.000000,10.853000,0.689000,-61,0.000000,7,8
1,13.000000,10.795000,0.761000,-65,0.000000,7,8
1,13.000000,11.029000,0.612000,-67,0.000000,7,8
1,13.000000,11.264000,0.705000,-69,0.000000,7,8
1,13.000000,12.206000,0.993000,-68,0.000000,7,8
1,13.000000,11.010000,0.766000,-69,0.000000,7,8
1,13.000000,11.400000,0.884000,-67,0.000000,7,8
1,13.000000,11.049000,0.680000,-68,0.000000,7,8
1,13.000000,12.543000,1.023000,-66,0.000000,7,8
1,13.000000,11.947000,0.199000,-66,0.000000,7,8
1,13.000000,11.244000,0.720000,-67,0.000000,7,8
1,13.000000,11.205000,0.766000,-65,0.000000,7,8
1,13.000000,10.951000,0.687000,-63,0.000000,7,8
1,13.000000,10.912000,0.581000,-66,0.000000,7,8
1,13.000000,10.561000,0.878000,-64,0.000000,7,8
1,13.000000,11.244000,0.610000,-63,0.000000,7,8
1,13.000000,11.303000,0.764000,-64,0.000000,7,8
1,13.000000,10.873000,1.080000,-65,0.000000,7,8
1,13.000000,10.814000,1.001000,-63,0.000000,7,8
1,13.000000,10.912000,0.867000,-64,0.000000,7,8
1,13.000000,10.658000,1.118000,-63,0.000000,7,8
1,13.000000,11.127000,1.168000,-63,0.000000,7,8
1,13.000000,11.381000,0.875000,-63,0.000000,7,8
1,13.000000,11.244000,0.968000,-64,0.000000,7,8
1,13.000000,11.146000,1.194000,-64,0.000000,7,8
1,13.000000,11.010000,1.326000,-64,0.000000,7,8
1,13.000000,10.795000,2.099000,-66,0.000000,7,8
1,13.000000,10.961000,2.371000,-66,0.000000,7,8
1,13.000000,10.658000,2.181000,-66,0.000000,7,8
1,13.000000,11.127000,1.494000,-65,0.000000,7,8
1,13.000000,11.244000,1.336000,-65,0.000000,7,8
1,13.000000,11.556000,1.382000,-67,0.000000,7,8
1,13.000000,11.693000,0.462000,-66,0.000000,7,8
1,13.000000,11.146000,0.602000,-64,0.000000,7,8
1,13.000000,11.537000,0.432000,-65,0.000000,7,8
1,13.000000,11.205000,0.625000,-64,0.000000,7,8
1,13.000000,10.854000,0.794000,-64,0.000000,7,8
1,13.000000,10.814000,0.897000,-62,0.000000,7,8
1,13.000000,10.814000,0.712000,-61,0.000000,7,8
1,13.000000,10.834000,0.798000,-61,0.000000,7,8
1,13.000000,11.127000,0.684000,-61,0.000000,7,8
1,13.000000,10.834000,0.577000,-61,0.000000,7,8
1,13.000000,10.756000,0.659000,-61,0.000000,7,8
1,13.000000,11.107000,0.221000,-61,0.000000,7,8
1,13.000000,11.576000,0.308000,-61,0.000000,7,8
1,13.000000,11.303000,0.425000,-62,0.000000,7,8
1,13.000000,11.068000,0.581000,-63,0.000000,7,8
1,13.000000,10.932000,0.504000,-61,0.000000,7,8
1,13.000000,11.381000,0.510000,-62,0.000000,7,8
1,13.000000,10.795000,0.685000,-60,0.000000,7,8
1,13.000000,11.146000,0.461000,-60,0.000000,7,8
1,13.000000,11.107000,0.466000,-61,0.000000,7,8
1,13.000000,10.990000,0.565000,-61,0.000000,7,8
1,13.000000,11.146000,0.412000,-62,0.000000,7,8
1,13.000000,10.990000,0.438000,-63,0.000000,7,8
1,13.000000,10.990000,0.499000,-61,0.000000,7,8
1,13.000000,11.185000,0.493000,-61,0.000000,7,8
1,13.000000,11.127000,0.443000,-61,0.000000,7,8
1,13.000000,11.342000,0.253000,-62,0.000000,7,8
1,13.000000,11.459000,0.526000,-61,0.000000,7,8
1,13.000000,11.810000,1.374000,-61,0.000000,7,8
1,13.000000,10.814000,0.538000,-62,0.000000,7,8
1,13.000000,11.361000,0.414000,-62,0.000000,7,8
1,13.000000,11.205000,0.358000,-62,0.000000,7,8
1,13.000000,11.635000,0.379000,-62,0.000000,7,8
1,13.000000,11.615000,0.110000,-60,0.000000,7,8
1,13.000000,10.717000,0.538000,-59,0.000000,7,8
1,13.000000,11.342000,0.241000,-60,0.000000,7,8
1,13.000000,11.166000,0.341000,-60,0.000000,7,8
1,13.000000,10.834000,0.601000,-60,0.000000,7,8
1,13.000000,10.971000,0.492000,-61,0.000000,7,8
1,13.000000,10.892000,0.573000,-61,0.000000,7,8
1,13.000000,11.088000,0.481000,-61,0.000000,7,8
1,13.000000,11.322000,0.389000,-61,0.000000,7,8
1,13.000000,11.224000,0.348000,-61,0.000000,7,8
1,13.000000,11.107000,0.428000,-61,0.000000,7,8
1,13.000000,11.146000,0.364000,-61,0.000000,7,8
1,13.000000,11.224000,0.322000,-60,0.000000,7,8
1,13.000000,11.146000,0.378000,-60,0.000000,7,8
1,13.000000,10.736000,0.697000,-60,0.000000,7,8
1,13.000000,10.795000,0.562000,-60,0.000000,7,8
1,13.000000,10.873000,0.552000,-60,0.000000,7,8
1,13.000000,11.185000,0.397000,-60,0.000000,7,8
1,13.000000,11.166000,0.366000,-60,0.000000,7,8
1,13.000000,11.127000,0.427000,-60,0.000000,7,8
1,13.000000,11.283000,0.327000,-60,0.000000,7,8
1,13.000000,11.596000,0.576000,-60,0.000000,7,8
1,13.000000,11.810000,0.507000,-60,0.000000,7,8
1,13.000000,11.224000,0.355000,-61,0.000000,7,8
1,13.000000,10.912000,0.517000,-60,0.000000,7,8
1,13.000000,11.068000,0.405000,-61,0.000000,7,8
1,13.000000,11.185000,0.390000,-61,0.000000,7,8
1,13.000000,11.303000,0.327000,-60,0.000000,7,8
1,13.000000,11.498000,0.156000,-60,0.000000,7,8
1,13.000000,11.400000,0.230000,-60,0.000000,7,8
1,13.000000,11.342000,0.307000,-60,0.000000,7,8
1,13.000000,11.264000,0.270000,-60,0.000000,7,8
1,13.000000,11.342000,0.287000,-60,0.000000,7,8
1,13.000000,11.166000,0.316000,-60,0.000000,7,8
1,13.000000,11.381000,0.259000,-60,0.000000,7,8
1,13.000000,11.244000,0.228000,-61,0.000000,7,8
1,13.000000,11.439000,0.177000,-60,0.000000,7,8
1,13.000000,11.205000,0.304000,-60,0.000000,7,8
1,13.000000,11.478000,0.336000,-60,0.000000,7,8
1,13.000000,11.185000,0.329000,-60,0.000000,7,8
1,13.000000,11.381000,0.209000,-60,0.000000,7,8
1,13.000000,11.088000,0.390000,-60,0.000000,7,8
1,13.000000,11.205000,0.299000,-60,0.000000,7,8
1,13.000000,11.303000,0.307000,-60,0.000000,7,8
1,13.000000,11.303000,0.221000,-61,0.000000,7,8
1,13.000000,11.693000,0.140000,-60,0.000000,7,8
1,13.000000,11.381000,0.210000,-60,0.000000,7,8
1,13.000000,11.737000,0.350000,-61,0.000000,7,8
1,13.000000,11.674000,0.272000,-61,0.000000,7,8
1,13.000000,11.322000,0.207000,-60,0.000000,7,8
1,13.000000,11.283000,0.237000,-61,0.000000,7,8
1,13.000000,11.605000,0.236000,-61,0.000000,7,8
1,13.000000,11.342000,0.240000,-61,0.000000,7,8
1,13.000000,11.263000,0.243000,-61,0.000000,7,8
1,13.000000,11.342000,0.324000,-61,0.000000,7,8
1,13.000000,11.439000,0.195000,-60,0.000000,7,8
1,13.000000,11.498000,0.201000,-61,0.000000,7,8
1,13.000000,11.263000,0.287000,-61,0.000000,7,8
1,13.000000,11.322000,0.276000,-60,0.000000,7,8
1,13.000000,11.342000,0.335000,-60,0.000000,7,8
1,13.000000,11.283000,0.287000,-60,0.000000,7,8
1,13.000000,11.361000,0.245000,-60,0.000000,7,8
1,13.000000,11.303000,0.294000,-60,0.000000,7,8
1,13.000000,11.244000,0.316000,-61,0.000000,7,8
1,13.000000,11.439000,0.198000,-61,0.000000,7,8
1,13.000000,11.596000,0.256000,-61,0.000000,7,8
1,13.000000,11.322000,0.246000,-61,0.000000,7,8
1,13.000000,11.498000,0.366000,-61,0.000000,7,8
1,13.000000,11.635000,0.174000,-61,0.000000,7,8
1,13.000000,11.420000,0.186000,-61,0.000000,7,8
1,13.000000,11.752000,0.331000,-61,0.000000,7,8
1,13.000000,11.224000,0.332000,-61,0.000000,7,8
1,13.000000,11.478000,0.332000,-60,0.000000,7,8
1,13.000000,11.303000,0.270000,-61,0.000000,7,8
1,13.000000,11.478000,0.149000,-60,0.000000,7,8
1,13.000000,11.224000,0.288000,-61,0.000000,7,8
1,13.000000,11.498000,0.231000,-60,0.000000,7,8
1,13.000000,11.459000,0.228000,-61,0.000000,7,8
1,13.000000,11.264000,0.291000,-61,0.000000,7,8
1,13.000000,11.400000,0.372000,-60,0.000000,7,8
1,13.000000,11.420000,0.314000,-61,0.000000,7,8
1,13.000000,11.146000,0.431000,-61,0.000000,7,8
1,13.000000,11.381000,0.268000,-61,0.000000,7,8
1,13.000000,11.127000,0.334000,-61,0.000000,7,8
1,13.000000,11.342000,0.249000,-60,0.000000,7,8
1,13.000000,11.322000,0.261000,-60,0.000000,7,8
1,13.000000,11.088000,0.328000,-61,0.000000,7,8
1,13.000000,11.224000,0.290000,-61,0.000000,7,8
1,13.000000,11.400000,0.363000,-61,0.000000,7,8
1,13.000000,11.127000,0.420000,-61,0.000000,7,8
1,13.000000,11.498000,0.382000,-61,0.000000,7,8
1,13.000000,11.127000,0.349000,-61,0.000000,7,8
1,13.000000,11.185000,0.375000,-61,0.000000,7,8
1,13.000000,11.146000,0.330000,-61,0.000000,7,8
1,13.000000,11.264000,0.264000,-61,0.000000,7,8
1,13.000000,11.264000,0.284000,-61,0.000000,7,8
1,13.000000,11.225000,0.291000,-61,0.000000,7,8
1,13.000000,11.439000,0.235000,-61,0.000000,7,8
1,13.000000,11.303000,0.255000,-61,0.000000,7,8
1,13.000000,11.420000,0.216000,-61,0.000000,7,8
1,13.000000,11.361000,0.291000,-61,0.000000,7,8
1,13.000000,11.517000,0.256000,-61,0.000000,7,8
1,13.000000,11.322000,0.262000,-61,0.000000,7,8
1,13.000000,11.283000,0.281000,-61,0.000000,7,8
1,13.000000,11.244000,0.287000,-60,0.000000,7,8
1,13.000000,11.224000,0.341000,-60,0.000000,7,8
1,13.000000,11.088000,0.328000,-60,0.000000,7,8
1,13.000000,11.185000,0.287000,-60,0.000000,7,8
1,13.000000,11.205000,0.329000,-60,0.000000,7,8
1,13.000000,11.166000,0.333000,-60,0.000000,7,8
1,13.000000,11.381000,0.307000,-60,0.000000,7,8
1,13.000000,11.459000,0.398000,-60,0.000000,7,8
1,13.000000,11.342000,0.276000,-60,0.000000,7,8
1,13.000000,11.205000,0.325000,-60,0.000000,7,8
1,13.000000,11.224000,0.344000,-61,0.000000,7,8
1,13.000000,11.381000,0.181000,-61,0.000000,7,8
1,13.000000,11.166000,0.313000,-60,0.000000,7,8
1,13.000000,11.381000,0.286000,-60,0.000000,7,8
1,13.000000,11.322000,0.220000,-61,0.000000,7,8
1,13.000000,11.224000,0.261000,-60,0.000000,7,8
1,13.000000,11.381000,0.203000,-60,0.000000,7,8
1,13.000000,11.478000,0.213000,-61,0.000000,7,8
1,13.000000,11.283000,0.284000,-61,0.000000,7,8
1,13.000000,11.303000,0.223000,-61,0.000000,7,8
1,13.000000,11.596000,0.053000,-61,0.000000,7,8
1,13.000000,11.400000,0.222000,-61,0.000000,7,8
1,13.000000,11.791000,0.175000,-61,0.000000,7,8
1,13.000000,11.498000,0.238000,-61,0.000000,7,8
1,13.000000,11.459000,0.201000,-61,0.000000,7,8
1,13.000000,11.459000,0.298000,-61,0.000000,7,8
1,13.000000,11.303000,0.275000,-61,0.000000,7,8
1,13.000000,11.420000,0.244000,-61,0.000000,7,8
1,13.000000,11.342000,0.332000,-61,0.000000,7,8
1,13.000000,11.498000,0.238000,-61,0.000000,7,8
1,13.000000,11.244000,0.258000,-61,0.000000,7,8
1,13.000000,11.283000,0.237000,-60,0.000000,7,8
1,13.000000,11.263000,0.250000,-61,0.000000,7,8
1,13.000000,11.146000,0.351000,-61,0.000000,7,8
1,13.000000,11.264000,0.223000,-61,0.000000,7,8
1,13.000000,11.420000,0.182000,-61,0.000000,7,8
1,13.000000,11.381000,0.236000,-61,0.000000,7,8
1,13.000000,11.498000,0.258000,-61,0.000000,7,8
1,13.000000,11.620000,0.471000,-61,0.000000,7,8
1,13.000000,11.439000,0.156000,-61,0.000000,7,8
1,13.000000,11.283000,0.289000,-61,0.000000,7,8
1,13.000000,11.459000,0.216000,-61,0.000000,7,8
1,13.000000,11.635000,0.288000,-61,0.000000,7,8
1,13.000000,11.381000,0.273000,-61,0.000000,7,8
1,13.000000,11.576000,0.167000,-61,0.000000,7,8
1,13.000000,11.361000,0.198000,-61,0.000000,7,8
1,13.000000,11.283000,0.171000,-61,0.000000,7,8
1,13.000000,11.302000,0.269000,-60,0.000000,7,8
1,13.000000,11.303000,0.266000,-61,0.000000,7,8
1,13.000000,11.381000,0.124000,-61,0.000000,7,8
1,13.000000,11.185000,0.275000,-61,0.000000,7,8
1,13.000000,11.263000,0.183000,-61,0.000000,7,8
1,13.000000,11.400000,0.248000,-61,0.000000,7,8
1,13.000000,11.264000,0.164000,-61,0.000000,7,8
1,13.000000,11.088000,0.344000,-61,0.000000,7,8
1,13.000000,11.264000,0.201000,-61,0.000000,7,8
1,13.000000,11.342000,0.247000,-61,0.000000,7,8
1,13.000000,11.224000,0.239000,-61,0.000000,7,8
1,13.000000,11.166000,0.286000,-61,0.000000,7,8
1,13.000000,11.361000,0.144000,-61,0.000000,7,8
1,13.000000,11.303000,0.201000,-61,0.000000,7,8
1,13.000000,11.400000,0.280000,-61,0.000000,7,8
1,13.000000,11.381000,0.256000,-61,0.000000,7,8
1,13.000000,11.010000,0.347000,-61,0.000000,7,8
1,13.000000,11.342000,0.215000,-60,0.000000,7,8
1,13.000000,11.263000,0.223000,-60,0.000000,7,8
1,13.000000,11.517000,0.183000,-60,0.000000,7,8
1,13.000000,11.264000,0.270000,-61,0.000000,7,8
1,13.000000,11.322000,0.139000,-61,0.000000,7,8
1,13.000000,11.127000,0.263000,-61,0.000000,7,8
1,13.000000,11.556000,0.352000,-61,0.000000,7,8
1,13.000000,11.557000,0.173000,-61,0.000000,7,8
1,13.000000,11.537000,0.175000,-61,0.000000,7,8
1,13.000000,11.166000,0.222000,-61,0.000000,7,8
1,13.000000,11.591000,0.368000,-61,0.000000,7,8
1,13.000000,11.361000,0.164000,-61,0.000000,7,8
1,13.000000,11.459000,0.228000,-61,0.000000,7,8
1,13.000000,11.596000,0.202000,-61,0.000000,7,8
1,13.000000,11.498000,0.154000,-61,0.000000,7,8
1,13.000000,11.205000,0.267000,-61,0.000000,7,8
1,13.000000,11.303000,0.177000,-61,0.000000,7,8
1,13.000000,11.361000,0.160000,-61,0.000000,7,8
1,13.000000,11.420000,0.204000,-61,0.000000,7,8
1,13.000000,11.205000,0.201000,-61,0.000000,7,8
1,13.000000,11.322000,0.206000,-61,0.000000,7,8
1,13.000000,11.459000,0.326000,-61,0.000000,7,8
1,13.000000,11.322000,0.190000,-61,0.000000,7,8
1,13.000000,11.361000,0.153000,-61,0.000000,7,8
1,13.000000,11.205000,0.231000,-61,0.000000,7,8
1,13.000000,11.473000,0.171000,-61,0.000000,7,8
1,13.000000,11.547000,0.128000,-61,0.000000,7,8
1,13.000000,11.185000,0.242000,-61,0.000000,7,8
1,13.000000,11.166000,0.237000,-60,0.000000,7,8
1,13.000000,11.420000,0.196000,-61,0.000000,7,8
1,13.000000,11.283000,0.189000,-61,0.000000,7,8
1,13.000000,11.185000,0.304000,-61,0.000000,7,8
1,13.000000,11.361000,0.163000,-61,0.000000,7,8
1,13.000000,11.547000,0.301000,-61,0.000000,7,8
1,13.000000,11.557000,0.278000,-60,0.000000,7,8
1,13.000000,11.342000,0.164000,-61,0.000000,7,8
1,13.000000,11.576000,0.157000,-61,0.000000,7,8
1,13.000000,11.381000,0.232000,-60,0.000000,7,8
1,13.000000,11.420000,0.243000,-60,0.000000,7,8
1,13.000000,11.205000,0.301000,-60,0.000000,7,8
1,13.000000,11.166000,0.293000,-60,0.000000,7,8
1,13.000000,11.146000,0.336000,-61,0.000000,7,8
1,13.000000,11.322000,0.221000,-61,0.000000,7,8
1,13.000000,11.283000,0.257000,-60,0.000000,7,8
1,13.000000,11.166000,0.262000,-60,0.000000,7,8
1,13.000000,11.264000,0.227000,-60,0.000000,7,8
1,13.000000,11.205000,0.268000,-61,0.000000,7,8
1,13.000000,11.088000,0.314000,-61,0.000000,7,8
1,13.000000,11.264000,0.291000,-60,0.000000,7,8
1,13.000000,10.951000,0.373000,-61,0.000000,7,8
1,13.000000,11.303000,0.237000,-60,0.000000,7,8
1,13.000000,11.322000,0.182000,-60,0.000000,7,8
1,13.000000,11.244000,0.264000,-60,0.000000,7,8
1,13.000000,11.205000,0.224000,-60,0.000000,7,8
1,13.000000,11.127000,0.298000,-60,0.000000,7,8
1,13.000000,11.205000,0.305000,-60,0.000000,7,8
1,13.000000,11.342000,0.243000,-60,0.000000,7,8
1,13.000000,11.303000,0.370000,-60,0.000000,7,8
1,13.000000,11.518000,0.300000,-61,0.000000,7,8
1,13.000000,11.322000,0.266000,-60,0.000000,7,8
1,13.000000,11.381000,0.259000,-60,0.000000,7,8
1,13.000000,11.264000,0.240000,-61,0.000000,7,8
1,13.000000,11.303000,0.250000,-60,0.000000,7,8
1,13.000000,11.029000,0.385000,-60,0.000000,7,8
1,13.000000,11.088000,0.305000,-61,0.000000,7,8
1,13.000000,11.400000,0.259000,-60,0.000000,7,8
1,13.000000,11.322000,0.217000,-60,0.000000,7,8
1,13.000000,11.361000,0.208000,-60,0.000000,7,8
1,13.000000,11.303000,0.240000,-60,0.000000,7,8
1,13.000000,11.264000,0.247000,-60,0.000000,7,8
1,13.000000,11.185000,0.322000,-60,0.000000,7,8
1,13.000000,11.146000,0.277000,-61,0.000000,7,8
1,13.000000,11.088000,0.334000,-61,0.000000,7,8
1,13.000000,11.244000,0.221000,-60,0.000000,7,8
1,13.000000,11.342000,0.286000,-61,0.000000,7,8
1,13.000000,11.322000,0.197000,-61,0.000000,7,8
1,13.000000,11.342000,0.180000,-60,0.000000,7,8
1,13.000000,11.322000,0.204000,-60,0.000000,7,8
1,13.000000,11.244000,0.299000,-60,0.000000,7,8
1,13.000000,11.205000,0.270000,-60,0.000000,7,8
1,13.000000,11.342000,0.236000,-60,0.000000,7,8
1,13.000000,11.205000,0.206000,-61,0.000000,7,8
1,13.000000,11.264000,0.294000,-60,0.000000,7,8
1,13.000000,11.459000,0.222000,-60,0.000000,7,8
1,13.000000,11.322000,0.217000,-61,0.000000,7,8
1,13.000000,11.010000,0.349000,-60,0.000000,7,8
1,13.000000,11.303000,0.320000,-60,0.000000,7,8
1,13.000000,11.166000,0.268000,-61,0.000000,7,8
1,13.000000,11.557000,0.211000,-60,0.000000,7,8
1,13.000000,11.322000,0.297000,-61,0.000000,7,8
1,13.000000,11.498000,0.212000,-61,0.000000,7,8
1,13.000000,11.224000,0.262000,-60,0.000000,7,8
1,13.000000,11.556000,0.194000,-61,0.000000,7,8
1,13.000000,11.224000,0.233000,-60,0.000000,7,8
1,13.000000,11.322000,0.230000,-60,0.000000,7,8
1,13.000000,11.478000,0.197000,-60,0.000000,7,8
1,13.000000,11.283000,0.291000,-60,0.000000,7,8
1,13.000000,11.224000,0.300000,-60,0.000000,7,8
1,13.000000,11.283000,0.283000,-60,0.000000,7,8
1,13.000000,11.068000,0.361000,-60,0.000000,7,8
1,13.000000,11.322000,0.212000,-60,0.000000,7,8
1,13.000000,11.342000,0.280000,-60,0.000000,7,8
1,13.000000,11.478000,0.176000,-60,0.000000,7,8
1,13.000000,11.400000,0.257000,-60,0.000000,7,8
1,13.000000,11.693000,0.221000,-60,0.000000,7,8
1,13.000000,11.498000,0.202000,-61,0.000000,7,8
1,13.000000,11.478000,0.168000,-60,0.000000,7,8
1,13.000000,11.400000,0.241000,-61,0.000000,7,8
1,13.000000,11.283000,0.258000,-61,0.000000,7,8
1,13.000000,11.264000,0.312000,-60,0.000000,7,8
1,13.000000,11.303000,0.290000,-60,0.000000,7,8
1,13.000000,11.654000,0.171000,-60,0.000000,7,8
1,13.000000,11.381000,0.279000,-60,0.000000,7,8
1,13.000000,11.342000,0.312000,-60,0.000000,7,8
1,13.000000,11.283000,0.279000,-61,0.000000,7,8
1,13.000000,11.166000,0.351000,-60,0.000000,7,8
1,13.000000,11.654000,0.220000,-60,0.000000,7,8
1,13.000000,11.557000,0.172000,-61,0.000000,7,8
1,13.000000,11.381000,0.206000,-60,0.000000,7,8
1,13.000000,11.263000,0.216000,-60,0.000000,7,8
1,13.000000,11.674000,0.179000,-61,0.000000,7,8
1,13.000000,11.400000,0.138000,-60,0.000000,7,8
1,13.000000,11.517000,0.132000,-61,0.000000,7,8
1,13.000000,11.439000,0.224000,-60,0.000000,7,8
1,13.000000,11.400000,0.219000,-61,0.000000,7,8
1,13.000000,11.264000,0.210000,-61,0.000000,7,8
1,13.000000,11.381000,0.168000,-60,0.000000,7,8
1,13.000000,11.400000,0.208000,-60,0.000000,7,8
1,13.000000,11.068000,0.325000,-61,0.000000,7,8
1,13.000000,11.420000,0.098000,-61,0.000000,7,8
1,13.000000,11.400000,0.157000,-60,0.000000,7,8
1,13.000000,11.107000,0.282000,-61,0.000000,7,8
1,13.000000,11.342000,0.128000,-61,0.000000,7,8
1,13.000000,11.224000,0.225000,-61,0.000000,7,8
1,13.000000,11.127000,0.203000,-60,0.000000,7,8
1,13.000000,10.990000,0.311000,-60,0.000000,7,8
1,13.000000,10.873000,0.362000,-61,0.000000,7,8
1,13.000000,11.049000,0.333000,-61,0.000000,7,8
1,13.000000,11.263000,0.256000,-60,0.000000,7,8
1,13.000000,11.146000,0.292000,-60,0.000000,7,8
1,13.000000,11.244000,0.302000,-60,0.000000,7,8
1,13.000000,11.439000,0.198000,-60,0.000000,7,8
1,13.000000,11.224000,0.271000,-60,0.000000,7,8
1,13.000000,11.127000,0.298000,-60,0.000000,7,8
1,13.000000,11.322000,0.180000,-60,0.000000,7,8
1,13.000000,11.283000,0.317000,-61,0.000000,7,8
1,13.000000,11.381000,0.197000,-61,0.000000,7,8
1,13.000000,11.400000,0.107000,-61,0.000000,7,8
1,13.000000,11.224000,0.283000,-60,0.000000,7,8
1,13.000000,11.107000,0.301000,-61,0.000000,7,8
1,13.000000,11.166000,0.295000,-61,0.000000,7,8
1,13.000000,11.322000,0.180000,-61,0.000000,7,8
1,13.000000,11.478000,0.175000,-61,0.000000,7,8
1,13.000000,11.752000,0.379000,-61,0.000000,7,8
1,13.000000,11.420000,0.191000,-61,0.000000,7,8
1,13.000000,11.361000,0.209000,-61,0.000000,7,8
1,13.000000,11.185000,0.302000,-61,0.000000,7,8
1,13.000000,11.303000,0.282000,-61,0.000000,7,8
1,13.000000,11.478000,0.122000,-62,0.000000,7,8
1,13.000000,11.322000,0.290000,-61,0.000000,7,8
1,13.000000,11.264000,0.243000,-61,0.000000,7,8
1,13.000000,11.420000,0.232000,-61,0.000000,7,8
1,13.000000,11.459000,0.139000,-61,0.000000,7,8
1,13.000000,11.561000,0.331000,-62,0.000000,7,8
1,13.000000,11.488000,0.234000,-61,0.000000,7,8
1,13.000000,11.381000,0.159000,-61,0.000000,7,8
1,13.000000,11.185000,0.292000,-61,0.000000,7,8
1,13.000000,11.029000,0.358000,-61,0.000000,7,8
1,13.000000,11.244000,0.348000,-61,0.000000,7,8
1,13.000000,11.342000,0.231000,-61,0.000000,7,8
1,13.000000,11.322000,0.406000,-61,0.000000,7,8
1,13.000000,10.932000,0.432000,-61,0.000000,7,8
1,13.000000,11.146000,0.316000,-61,0.000000,7,8
1,13.000000,11.263000,0.245000,-62,0.000000,7,8
1,13.000000,11.127000,0.238000,-62,0.000000,7,8
1,13.000000,11.107000,0.275000,-62,0.000000,7,8
1,13.000000,11.107000,0.290000,-61,0.000000,7,8
1,13.000000,11.146000,0.283000,-61,0.000000,7,8
1,13.000000,11.088000,0.306000,-61,0.000000,7,8
1,13.000000,11.049000,0.342000,-61,0.000000,7,8
1,13.000000,11.146000,0.338000,-61,0.000000,7,8
1,13.000000,11.088000,0.321000,-61,0.000000,7,8
1,13.000000,11.146000,0.336000,-61,0.000000,7,8
1,13.000000,11.400000,0.171000,-62,0.000000,7,8
1,13.000000,11.605000,0.277000,-61,0.000000,7,8
1,13.000000,11.205000,0.234000,-61,0.000000,7,8
1,13.000000,11.068000,0.315000,-61,0.000000,7,8
1,13.000000,11.303000,0.222000,-61,0.000000,7,8
1,13.000000,11.322000,0.246000,-62,0.000000,7,8
1,13.000000,11.146000,0.304000,-61,0.000000,7,8
1,13.000000,11.322000,0.222000,-61,0.000000,7,8
1,13.000000,11.166000,0.230000,-61,0.000000,7,8
1,13.000000,11.322000,0.244000,-61,0.000000,7,8
1,13.000000,11.518000,0.273000,-61,0.000000,7,8
1,13.000000,11.361000,0.357000,-61,0.000000,7,8
1,13.000000,11.478000,0.204000,-62,0.000000,7,8
1,13.000000,11.068000,0.447000,-61,0.000000,7,8
1,13.000000,11.439000,0.293000,-61,0.000000,7,8
1,13.000000,11.263000,0.316000,-61,0.000000,7,8
1,13.000000,10.951000,0.525000,-61,0.000000,7,8
1,13.000000,11.283000,0.309000,-62,0.000000,7,8
1,13.000000,11.185000,0.371000,-60,0.000000,7,8
1,13.000000,11.303000,0.380000,-62,0.000000,7,8
1,13.000000,11.889000,0.291000,-61,0.000000,7,8
1,13.000000,11.381000,0.264000,-62,0.000000,7,8
1,13.000000,11.605000,1.080000,-63,0.000000,7,8
1,13.000000,11.591000,1.753000,-62,0.000000,7,8
1,13.000000,11.478000,0.256000,-63,0.000000,7,8
1,13.000000,11.649000,0.539000,-62,0.000000,7,8
1,13.000000,11.596000,0.206000,-62,0.000000,7,8
1,13.000000,11.810000,1.088000,-62,0.000000,7,8
1,13.000000,11.811000,0.124000,-62,0.000000,7,8
1,13.000000,11.771000,0.125000,-62,0.000000,7,8
1,13.000000,11.796000,0.164000,-62,0.000000,7,8
1,13.000000,11.693000,0.251000,-62,0.000000,7,8
1,13.000000,11.693000,0.186000,-62,0.000000,7,8
1,13.000000,11.732000,0.134000,-62,0.000000,7,8
1,13.000000,11.732000,0.213000,-62,0.000000,7,8
1,13.000000,11.825000,0.076000,-63,0.000000,7,8
1,13.000000,11.732000,0.075000,-63,0.000000,7,8
1,13.000000,11.722000,0.842000,-63,0.000000,7,8
1,13.000000,11.796000,0.189000,-62,0.000000,7,8
1,13.000000,11.796000,0.236000,-63,0.000000,7,8
1,13.000000,11.674000,0.221000,-64,0.000000,7,8
1,13.000000,11.674000,0.245000,-63,0.000000,7,8
1,13.000000,11.869000,0.235000,-64,0.000000,7,8
1,13.000000,11.674000,0.278000,-64,0.000000,7,8
1,13.000000,11.732000,0.272000,-64,0.000000,7,8
1,13.000000,11.342000,0.291000,-63,0.000000,7,8
1,13.000000,11.737000,0.540000,-63,0.000000,7,8
1,13.000000,11.264000,0.376000,-63,0.000000,7,8
1,13.000000,10.971000,0.394000,-63,0.000000,7,8
1,13.000000,11.420000,0.484000,-63,0.000000,7,8
1,13.000000,10.853000,0.538000,-63,0.000000,7,8
1,13.000000,11.322000,0.395000,-63,0.000000,7,8
1,13.000000,10.853000,0.508000,-64,0.000000,7,8
1,13.000000,11.224000,0.443000,-63,0.000000,7,8
1,13.000000,11.615000,0.199000,-64,0.000000,7,8
1,13.000000,11.361000,0.347000,-63,0.000000,7,8
1,13.000000,11.420000,0.187000,-63,0.000000,7,8
1,13.000000,11.752000,0.505000,-62,0.000000,7,8
1,13.000000,11.127000,0.478000,-63,0.000000,7,8
1,13.000000,11.615000,0.456000,-63,0.000000,7,8
1,13.000000,11.166000,0.404000,-64,0.000000,7,8
1,13.000000,11.854000,0.239000,-64,0.000000,7,8
1,13.000000,11.517000,0.347000,-63,0.000000,7,8
1,13.000000,11.752000,0.215000,-63,0.000000,7,8
1,13.000000,11.635000,0.456000,-64,0.000000,7,8
1,13.000000,11.635000,0.154000,-64,0.000000,7,8
1,13.000000,11.459000,0.186000,-64,0.000000,7,8
1,13.000000,11.679000,0.179000,-64,0.000000,7,8
1,13.000000,11.884000,0.291000,-64,0.000000,7,8
1,13.000000,11.596000,0.259000,-64,0.000000,7,8
1,13.000000,11.854000,0.182000,-64,0.000000,7,8
1,13.000000,11.889000,0.277000,-63,0.000000,7,8
1,13.000000,11.972000,0.589000,-63,0.000000,7,8
1,13.000000,11.850000,0.169000,-64,0.000000,7,8
1,13.000000,11.766000,0.316000,-64,0.000000,7,8
1,13.000000,11.635000,0.352000,-63,0.000000,7,8
1,13.000000,11.537000,0.313000,-64,0.000000,7,8
1,13.000000,11.732000,0.342000,-63,0.000000,7,8
1,13.000000,11.722000,0.397000,-64,0.000000,7,8
1,13.000000,11.908000,0.361000,-63,0.000000,7,8
1,13.000000,11.615000,0.392000,-63,0.000000,7,8
1,13.000000,12.059000,0.294000,-63,0.000000,7,8
1,13.000000,10.756000,0.630000,-63,0.000000,7,8
1,13.000000,12.045000,0.786000,-63,0.000000,7,8
1,13.000000,11.224000,0.504000,-64,0.000000,7,8
1,13.000000,11.596000,0.192000,-64,0.000000,7,8
1,13.000000,11.459000,0.338000,-64,0.000000,7,8
1,13.000000,11.869000,0.192000,-64,0.000000,7,8
1,13.000000,11.068000,0.377000,-64,0.000000,7,8
1,13.000000,11.898000,1.401000,-64,0.000000,7,8
1,13.000000,11.283000,0.346000,-64,0.000000,7,8
1,13.000000,11.088000,0.465000,-63,0.000000,7,8
1,13.000000,11.303000,0.339000,-63,0.000000,7,8
1,13.000000,11.537000,0.324000,-63,0.000000,7,8
1,13.000000,11.908000,0.253000,-63,0.000000,7,8
1,13.000000,11.459000,0.484000,-62,0.000000,7,8
1,13.000000,11.283000,0.348000,-63,0.000000,7,8
1,13.000000,11.986000,1.070000,-62,0.000000,7,8
1,13.000000,11.224000,0.453000,-62,0.000000,7,8
1,13.000000,10.971000,0.509000,-63,0.000000,7,8
1,13.000000,11.049000,0.429000,-62,0.000000,7,8
1,13.000000,10.834000,0.500000,-62,0.000000,7,8
1,13.000000,11.224000,0.259000,-62,0.000000,7,8
1,13.000000,10.912000,0.471000,-61,0.000000,7,8
1,13.000000,11.137000,0.378000,-62,0.000000,7,8
1,13.000000,11.137000,0.362000,-62,0.000000,7,8
1,13.000000,11.010000,0.331000,-62,0.000000,7,8
1,13.000000,10.892000,0.423000,-62,0.000000,7,8
1,13.000000,11.244000,0.294000,-62,0.000000,7,8
1,13.000000,11.283000,0.393000,-62,0.000000,7,8
1,13.000000,11.010000,0.405000,-62,0.000000,7,8
1,13.000000,10.990000,0.403000,-63,0.000000,7,8
1,13.000000,11.029000,0.418000,-62,0.000000,7,8
1,13.000000,11.459000,0.216000,-62,0.000000,7,8
1,13.000000,11.185000,0.346000,-62,0.000000,7,8
1,13.000000,11.850000,0.883000,-62,0.000000,7,8
1,13.000000,11.205000,0.398000,-62,0.000000,7,8
1,13.000000,11.185000,0.493000,-61,0.000000,7,8
1,13.000000,11.244000,0.503000,-62,0.000000,7,8
1,13.000000,11.224000,0.469000,-61,0.000000,7,8
1,13.000000,11.166000,0.491000,-62,0.000000,7,8
1,13.000000,11.068000,0.529000,-61,0.000000,7,8
1,13.000000,11.107000,0.584000,-61,0.000000,7,8
1,13.000000,11.107000,0.557000,-62,0.000000,7,8
1,13.000000,10.873000,0.636000,-62,0.000000,7,8
1,13.000000,10.775000,0.695000,-62,0.000000,7,8
1,13.000000,11.244000,0.585000,-62,0.000000,7,8
1,13.000000,10.932000,0.693000,-62,0.000000,7,8
1,13.000000,10.834000,0.783000,-61,0.000000,7,8
1,13.000000,10.990000,0.657000,-62,0.000000,7,8
1,13.000000,10.795000,0.705000,-62,0.000000,7,8
1,13.000000,10.951000,0.661000,-62,0.000000,7,8
1,13.000000,11.127000,0.500000,-62,0.000000,7,8
1,13.000000,10.971000,0.615000,-62,0.000000,7,8
1,13.000000,11.635000,0.655000,-62,0.000000,7,8
1,13.000000,10.971000,0.631000,-62,0.000000,7,8
1,13.000000,10.844000,0.744000,-62,0.000000,7,8
1,13.000000,10.697000,0.646000,-62,0.000000,7,8
1,13.000000,11.010000,0.468000,-62,0.000000,7,8
1,13.000000,10.932000,0.603000,-62,0.000000,7,8
1,13.000000,11.068000,0.441000,-62,0.000000,7,8
1,13.000000,10.932000,0.501000,-63,0.000000,7,8
1,13.000000,11.127000,0.336000,-63,0.000000,7,8
1,13.000000,11.107000,0.446000,-63,0.000000,7,8
1,13.000000,11.068000,0.479000,-63,0.000000,7,8
1,13.000000,11.068000,0.392000,-63,0.000000,7,8
1,13.000000,11.264000,0.338000,-62,0.000000,7,8
1,13.000000,10.932000,0.453000,-63,0.000000,7,8
1,13.000000,11.244000,0.375000,-62,0.000000,7,8
1,13.000000,11.303000,0.333000,-62,0.000000,7,8
1,13.000000,10.990000,0.540000,-62,0.000000,7,8
1,13.000000,11.312000,0.442000,-62,0.000000,7,8
1,13.000000,10.971000,0.623000,-63,0.000000,7,8
1,13.000000,11.146000,0.496000,-63,0.000000,7,8
1,13.000000,11.068000,0.529000,-63,0.000000,7,8
1,13.000000,11.029000,0.623000,-62,0.000000,7,8
1,13.000000,10.873000,0.728000,-62,0.000000,7,8
1,13.000000,11.068000,0.599000,-63,0.000000,7,8
1,13.000000,11.127000,0.555000,-63,0.000000,7,8
1,13.000000,10.775000,0.679000,-64,0.000000,7,8
1,13.000000,11.166000,0.523000,-64,0.000000,7,8
1,13.000000,10.951000,0.514000,-64,0.000000,7,8
1,13.000000,10.990000,0.570000,-64,0.000000,7,8
1,13.000000,10.971000,0.548000,-63,0.000000,7,8
1,13.000000,10.990000,0.615000,-63,0.000000,7,8
1,13.000000,10.697000,0.728000,-63,0.000000,7,8
1,13.000000,10.873000,0.641000,-63,0.000000,7,8
1,13.000000,11.576000,0.759000,-63,0.000000,7,8
1,13.000000,10.795000,0.622000,-62,0.000000,7,8
1,13.000000,11.459000,0.688000,-63,0.000000,7,8
1,13.000000,11.518000,0.801000,-63,0.000000,7,8
1,13.000000,10.892000,0.662000,-62,0.000000,7,8
1,13.000000,10.854000,0.663000,-63,0.000000,7,8
1,13.000000,11.166000,0.517000,-63,0.000000,7,8
1,13.000000,11.185000,0.556000,-62,0.000000,7,8
1,13.000000,10.990000,0.655000,-62,0.000000,7,8
1,13.000000,11.127000,0.517000,-62,0.000000,7,8
1,13.000000,11.244000,0.480000,-62,0.000000,7,8
1,13.000000,10.932000,0.663000,-62,0.000000,7,8
1,13.000000,11.088000,0.592000,-62,0.000000,7,8
1,13.000000,12.084000,1.010000,-62,0.000000,7,8
1,13.000000,10.951000,0.612000,-62,0.000000,7,8
1,13.000000,11.146000,0.529000,-62,0.000000,7,8
1,13.000000,11.224000,0.665000,-62,0.000000,7,8
1,13.000000,10.932000,0.591000,-62,0.000000,7,8
1,13.000000,11.791000,0.845000,-63,0.000000,7,8
1,13.000000,11.361000,0.390000,-62,0.000000,7,8
1,13.000000,11.303000,0.393000,-62,0.000000,7,8
1,13.000000,10.893000,0.588000,-62,0.000000,7,8
1,13.000000,11.010000,0.656000,-62,0.000000,7,8
1,13.000000,11.146000,0.592000,-62,0.000000,7,8
1,13.000000,11.283000,0.497000,-63,0.000000,7,8
1,13.000000,11.146000,0.552000,-62,0.000000,7,8
1,13.000000,11.498000,0.492000,-63,0.000000,7,8
1,13.000000,10.873000,0.670000,-63,0.000000,7,8
1,13.000000,11.078000,0.556000,-63,0.000000,7,8
1,13.000000,10.814000,0.712000,-63,0.000000,7,8
1,13.000000,10.990000,0.567000,-64,0.000000,7,8
1,13.000000,11.146000,0.582000,-64,0.000000,7,8
1,13.000000,11.146000,0.542000,-64,0.000000,7,8
1,13.000000,10.892000,0.651000,-64,0.000000,7,8
1,13.000000,11.068000,0.627000,-64,0.000000,7,8
1,13.000000,10.990000,0.676000,-64,0.000000,7,8
1,13.000000,11.498000,0.410000,-64,0.000000,7,8
1,13.000000,11.185000,0.603000,-64,0.000000,7,8
1,13.000000,11.107000,0.582000,-64,0.000000,7,8
1,13.000000,11.928000,0.723000,-64,0.000000,7,8
1,13.000000,11.127000,0.564000,-64,0.000000,7,8
1,13.000000,11.010000,0.671000,-64,0.000000,7,8
1,13.000000,11.029000,0.770000,-63,0.000000,7,8
1,13.000000,10.971000,0.733000,-63,0.000000,7,8
1,13.000000,11.010000,0.649000,-64,0.000000,7,8
1,13.000000,11.205000,0.832000,-63,0.000000,7,8
1,13.000000,11.224000,0.621000,-63,0.000000,7,8
1,13.000000,11.830000,0.844000,-63,0.000000,7,8
1,13.000000,11.029000,0.637000,-63,0.000000,7,8
1,13.000000,11.049000,0.561000,-63,0.000000,7,8
1,13.000000,10.951000,0.663000,-63,0.000000,7,8
1,13.000000,11.029000,0.558000,-63,0.000000,7,8
1,13.000000,10.697000,0.707000,-63,0.000000,7,8
1,13.000000,10.873000,0.634000,-63,0.000000,7,8
1,13.000000,11.068000,0.480000,-63,0.000000,7,8
1,13.000000,11.195000,0.479000,-63,0.000000,7,8
1,13.000000,11.029000,0.524000,-63,0.000000,7,8
1,13.000000,10.912000,0.621000,-63,0.000000,7,8
1,13.000000,11.254000,0.414000,-63,0.000000,7,8
1,13.000000,11.635000,0.641000,-63,0.000000,7,8
1,13.000000,10.990000,0.563000,-63,0.000000,7,8
1,13.000000,11.010000,0.602000,-63,0.000000,7,8
1,13.000000,10.638000,0.794000,-63,0.000000,7,8
1,13.000000,10.814000,0.706000,-63,0.000000,7,8
1,13.000000,11.029000,0.567000,-64,0.000000,7,8
1,13.000000,10.697000,0.738000,-64,0.000000,7,8
1,13.000000,10.931000,0.678000,-63,0.000000,7,8
1,13.000000,10.990000,0.596000,-63,0.000000,7,8
1,13.000000,10.834000,0.600000,-63,0.000000,7,8
1,13.000000,10.932000,0.589000,-63,0.000000,7,8
1,13.000000,10.853000,0.615000,-63,0.000000,7,8
1,13.000000,10.697000,0.620000,-63,0.000000,7,8
1,13.000000,10.658000,0.712000,-63,0.000000,7,8
1,13.000000,10.668000,0.633000,-63,0.000000,7,8
1,13.000000,10.834000,0.574000,-64,0.000000,7,8
1,13.000000,11.303000,0.429000,-63,0.000000,7,8
1,13.000000,11.010000,0.628000,-63,0.000000,7,8
1,13.000000,10.521000,0.780000,-63,0.000000,7,8
1,13.000000,11.127000,0.485000,-64,0.000000,7,8
1,13.000000,10.726000,0.650000,-63,0.000000,7,8
1,13.000000,10.658000,0.661000,-64,0.000000,7,8
1,13.000000,11.127000,0.709000,-64,0.000000,7,8
1,13.000000,10.521000,0.779000,-64,0.000000,7,8
1,13.000000,10.873000,0.606000,-64,0.000000,7,8
1,13.000000,10.756000,0.640000,-63,0.000000,7,8
1,13.000000,10.854000,0.629000,-64,0.000000,7,8
1,13.000000,10.814000,0.706000,-63,0.000000,7,8
1,13.000000,10.844000,0.706000,-63,0.000000,7,8
1,13.000000,10.756000,0.708000,-63,0.000000,7,8
1,13.000000,10.785000,0.646000,-63,0.000000,7,8
1,13.000000,10.893000,0.642000,-63,0.000000,7,8
1,13.000000,11.010000,0.676000,-63,0.000000,7,8
1,13.000000,10.717000,0.715000,-63,0.000000,7,8
1,13.000000,10.853000,0.747000,-63,0.000000,7,8
1,13.000000,10.990000,0.597000,-63,0.000000,7,8
1,13.000000,10.717000,0.750000,-64,0.000000,7,8
1,13.000000,10.541000,0.865000,-64,0.000000,7,8
1,13.000000,11.146000,0.485000,-64,0.000000,7,8
1,13.000000,10.492000,0.822000,-63,0.000000,7,8
1,13.000000,12.294000,1.982000,-63,0.000000,7,8
1,13.000000,10.932000,0.620000,-64,0.000000,7,8
1,13.000000,10.814000,0.757000,-63,0.000000,7,8
1,13.000000,11.107000,0.523000,-63,0.000000,7,8
1,13.000000,10.873000,0.723000,-63,0.000000,7,8
1,13.000000,11.107000,0.673000,-63,0.000000,7,8
1,13.000000,10.912000,0.697000,-63,0.000000,7,8
1,13.000000,11.010000,0.645000,-63,0.000000,7,8
1,13.000000,12.142000,0.683000,-63,0.000000,7,8
1,13.000000,10.834000,0.655000,-62,0.000000,7,8
1,13.000000,11.185000,0.608000,-62,0.000000,7,8
1,13.000000,10.932000,0.739000,-63,0.000000,7,8
1,13.000000,11.244000,0.540000,-62,0.000000,7,8
1,13.000000,11.010000,0.657000,-62,0.000000,7,8
1,13.000000,11.596000,0.447000,-63,0.000000,7,8
1,13.000000,11.029000,0.640000,-63,0.000000,7,8
1,13.000000,11.068000,0.489000,-63,0.000000,7,8
1,13.000000,11.205000,0.487000,-63,0.000000,7,8
1,13.000000,11.049000,0.582000,-63,0.000000,7,8
1,13.000000,11.498000,0.580000,-63,0.000000,7,8
1,13.000000,10.580000,0.731000,-63,0.000000,7,8
1,13.000000,11.088000,0.577000,-63,0.000000,7,8
1,13.000000,10.990000,0.568000,-63,0.000000,7,8
1,13.000000,11.107000,0.568000,-64,0.000000,7,8
1,13.000000,11.049000,0.493000,-64,0.000000,7,8
1,13.000000,10.853000,0.634000,-64,0.000000,7,8
1,13.000000,10.873000,0.594000,-64,0.000000,7,8
1,13.000000,10.697000,0.624000,-64,0.000000,7,8
1,13.000000,10.600000,0.649000,-64,0.000000,7,8
1,13.000000,11.420000,0.710000,-64,0.000000,7,8
1,13.000000,10.951000,0.497000,-63,0.000000,7,8
1,13.000000,11.127000,0.461000,-63,0.000000,7,8
1,13.000000,12.045000,0.985000,-63,0.000000,7,8
1,13.000000,11.010000,0.496000,-63,0.000000,7,8
1,13.000000,10.932000,0.550000,-63,0.000000,7,8
1,13.000000,11.019000,0.526000,-64,0.000000,7,8
1,13.000000,10.912000,0.636000,-63,0.000000,7,8
1,13.000000,11.068000,0.570000,-63,0.000000,7,8
1,13.000000,11.166000,0.563000,-63,0.000000,7,8
1,13.000000,10.795000,0.566000,-64,0.000000,7,8
1,13.000000,11.049000,0.544000,-63,0.000000,7,8
1,13.000000,11.029000,0.475000,-64,0.000000,7,8
1,13.000000,10.893000,0.578000,-64,0.000000,7,8
1,13.000000,10.756000,0.574000,-63,0.000000,7,8
1,13.000000,11.283000,0.476000,-63,0.000000,7,8
1,13.000000,10.678000,0.649000,-63,0.000000,7,8
1,13.000000,11.185000,0.415000,-64,0.000000,7,8
1,13.000000,10.853000,0.634000,-63,0.000000,7,8
1,13.000000,10.932000,0.492000,-64,0.000000,7,8
1,13.000000,11.049000,0.528000,-63,0.000000,7,8
1,13.000000,10.697000,0.672000,-64,0.000000,7,8
1,13.000000,10.814000,0.618000,-63,0.000000,7,8
1,13.000000,10.795000,0.600000,-63,0.000000,7,8
1,13.000000,10.736000,0.698000,-63,0.000000,7,8
1,13.000000,10.776000,0.627000,-64,0.000000,7,8
1,13.000000,11.078000,0.432000,-64,0.000000,7,8
1,13.000000,11.791000,1.048000,-64,0.000000,7,8
1,13.000000,11.146000,0.528000,-64,0.000000,7,8
1,13.000000,10.756000,0.613000,-64,0.000000,7,8
1,13.000000,10.600000,0.894000,-64,0.000000,7,8
1,13.000000,10.658000,0.754000,-63,0.000000,7,8
1,13.000000,10.902000,0.609000,-64,0.000000,7,8
1,13.000000,10.658000,0.681000,-64,0.000000,7,8
1,13.000000,10.658000,0.658000,-63,0.000000,7,8
1,13.000000,10.990000,0.528000,-63,0.000000,7,8
1,13.000000,10.834000,0.611000,-63,0.000000,7,8
1,13.000000,11.224000,0.595000,-63,0.000000,7,8
1,13.000000,11.205000,0.472000,-63,0.000000,7,8
1,13.000000,10.932000,0.573000,-63,0.000000,7,8
1,13.000000,10.990000,0.570000,-62,0.000000,7,8
1,13.000000,11.244000,0.496000,-62,0.000000,7,8
1,13.000000,10.971000,0.527000,-63,0.000000,7,8
1,13.000000,10.971000,0.505000,-63,0.000000,7,8
1,13.000000,10.971000,0.547000,-62,0.000000,7,8
1,13.000000,10.678000,0.709000,-62,0.000000,7,8
1,13.000000,10.658000,0.646000,-63,0.000000,7,8
1,13.000000,10.814000,0.675000,-63,0.000000,7,8
1,13.000000,10.893000,0.570000,-62,0.000000,7,8
1,13.000000,11.107000,0.607000,-62,0.000000,7,8
1,13.000000,10.678000,0.538000,-63,0.000000,7,8
1,13.000000,11.518000,0.850000,-63,0.000000,7,8
1,13.000000,10.932000,0.451000,-63,0.000000,7,8
1,13.000000,10.892000,0.471000,-63,0.000000,7,8
1,13.000000,11.283000,0.357000,-63,0.000000,7,8
1,13.000000,11.439000,0.296000,-63,0.000000,7,8
1,13.000000,11.615000,0.309000,-63,0.000000,7,8
1,13.000000,11.224000,0.301000,-63,0.000000,7,8
1,13.000000,11.224000,0.381000,-62,0.000000,7,8
1,13.000000,11.342000,0.247000,-62,0.000000,7,8
1,13.000000,11.303000,0.325000,-62,0.000000,7,8
1,13.000000,11.381000,0.290000,-63,0.000000,7,8
1,13.000000,11.478000,0.279000,-63,0.000000,7,8
1,13.000000,11.498000,0.287000,-63,0.000000,7,8
1,13.000000,11.185000,0.478000,-62,0.000000,7,8
1,13.000000,11.576000,0.243000,-63,0.000000,7,8
1,13.000000,11.557000,0.298000,-63,0.000000,7,8
1,13.000000,11.303000,0.339000,-62,0.000000,7,8
1,13.000000,11.224000,0.378000,-62,0.000000,7,8
1,13.000000,11.635000,0.363000,-62,0.000000,7,8
1,13.000000,11.517000,0.271000,-62,0.000000,7,8
1,13.000000,11.166000,0.407000,-62,0.000000,7,8
1,13.000000,11.146000,0.394000,-62,0.000000,7,8
1,13.000000,11.244000,0.365000,-61,0.000000,7,8
1,13.000000,11.342000,0.304000,-62,0.000000,7,8
1,13.000000,11.322000,0.278000,-62,0.000000,7,8
1,13.000000,11.303000,0.232000,-62,0.000000,7,8
1,13.000000,11.478000,0.302000,-61,0.000000,7,8
1,13.000000,11.049000,0.424000,-62,0.000000,7,8
1,13.000000,11.185000,0.412000,-61,0.000000,7,8
1,13.000000,11.068000,0.416000,-62,0.000000,7,8
1,13.000000,10.834000,0.518000,-62,0.000000,7,8
1,13.000000,10.775000,0.442000,-62,0.000000,7,8
1,13.000000,10.971000,0.303000,-61,0.000000,7,8
1,13.000000,10.814000,0.442000,-61,0.000000,7,8
1,13.000000,10.756000,0.434000,-61,0.000000,7,8
1,13.000000,11.078000,0.216000,-62,0.000000,7,8
1,13.000000,11.576000,0.288000,-62,0.000000,7,8
1,13.000000,11.898000,0.319000,-61,0.000000,7,8
1,13.000000,11.146000,0.438000,-61,0.000000,7,8
1,13.000000,10.736000,0.434000,-61,0.000000,7,8
1,13.000000,10.971000,0.557000,-60,0.000000,7,8
1,13.000000,10.717000,0.320000,-61,0.000000,7,8
1,13.000000,10.697000,0.429000,-62,0.000000,7,8
1,13.000000,10.521000,0.579000,-61,0.000000,7,8
1,13.000000,10.463000,0.464000,-63,0.000000,7,8
1,13.000000,9.877000,0.835000,-62,0.000000,7,8
1,13.000000,11.327000,1.302000,-64,0.000000,7,8
1,13.000000,11.430000,1.130000,-64,0.000000,7,8
1,13.000000,11.029000,0.326000,-63,0.000000,7,8
1,13.000000,10.678000,0.564000,-63,0.000000,7,8
1,13.000000,11.224000,0.329000,-63,0.000000,7,8
1,13.000000,11.049000,0.403000,-63,0.000000,7,8
1,13.000000,11.166000,0.466000,-63,0.000000,7,8
1,13.000000,11.361000,0.258000,-64,0.000000,7,8
1,13.000000,12.123000,0.656000,-64,0.000000,7,8
1,13.000000,11.205000,0.625000,-64,0.000000,7,8
1,13.000000,11.185000,0.715000,-65,0.000000,7,8
1,13.000000,12.123000,1.386000,-64,0.000000,7,8
1,13.000000,10.990000,0.845000,-64,0.000000,7,8
1,13.000000,10.932000,0.855000,-64,0.000000,7,8
1,13.000000,10.815000,0.819000,-64,0.000000,7,8
1,13.000000,10.775000,0.989000,-64,0.000000,7,8
1,13.000000,10.873000,0.793000,-64,0.000000,7,8
1,13.000000,10.932000,0.662000,-62,0.000000,7,8
1,13.000000,10.795000,0.824000,-62,0.000000,7,8
1,13.000000,10.834000,0.941000,-63,0.000000,7,8
1,13.000000,10.678000,0.722000,-65,0.000000,7,8
1,13.000000,11.830000,1.020000,-64,0.000000,7,8
1,13.000000,10.756000,0.921000,-63,0.000000,7,8
1,13.000000,10.599000,0.975000,-64,0.000000,7,8
1,13.000000,10.873000,1.109000,-65,0.000000,7,8
1,13.000000,11.556000,0.519000,-65,0.000000,7,8
1,13.000000,11.478000,0.511000,-65,0.000000,7,8
1,13.000000,10.912000,0.690000,-66,0.000000,7,8
1,13.000000,11.361000,0.708000,-64,0.000000,7,8
1,13.000000,10.990000,1.134000,-66,0.000000,7,8
1,13.000000,10.834000,1.269000,-66,0.000000,7,8
1,13.000000,10.893000,0.870000,-66,0.000000,7,8
1,13.000000,10.892000,0.919000,-64,0.000000,7,8
1,13.000000,11.127000,0.959000,-64,0.000000,7,8
1,13.000000,11.537000,0.868000,-65,0.000000,7,8
1,13.000000,11.224000,0.803000,-64,0.000000,7,8
1,13.000000,10.814000,0.759000,-62,0.000000,7,8
1,13.000000,11.127000,0.469000,-62,0.000000,7,8
1,13.000000,11.049000,0.464000,-64,0.000000,7,8
1,13.000000,10.580000,0.687000,-62,0.000000,7,8
1,13.000000,11.244000,0.493000,-60,0.000000,7,8
1,13.000000,11.029000,0.674000,-61,0.000000,7,8
1,13.000000,10.619000,0.560000,-62,0.000000,7,8
1,13.000000,11.010000,0.440000,-62,0.000000,7,8
1,13.000000,10.892000,0.721000,-64,0.000000,7,8
1,13.000000,10.971000,0.444000,-64,0.000000,7,8
1,13.000000,11.010000,0.800000,-62,0.000000,7,8
1,13.000000,10.951000,0.969000,-64,0.000000,7,8
1,13.000000,10.736000,0.859000,-67,0.000000,7,8
1,13.000000,11.010000,0.739000,-65,0.000000,7,8
1,13.000000,10.482000,0.962000,-63,0.000000,7,8
1,13.000000,10.932000,0.892000,-63,0.000000,7,8
1,13.000000,10.424000,0.876000,-65,0.000000,7,8
1,13.000000,10.697000,0.906000,-64,0.000000,7,8
1,13.000000,10.014000,0.975000,-67,0.000000,7,8
1,13.000000,10.228000,1.050000,-64,0.000000,7,8
1,13.000000,10.404000,1.203000,-66,0.000000,7,8
1,13.000000,10.658000,0.945000,-66,0.000000,7,8
1,13.000000,10.697000,0.618000,-67,0.000000,7,8
1,13.000000,10.775000,1.413000,-66,0.000000,7,8
1,13.000000,11.869000,1.263000,-70,0.000000,7,8
1,13.000000,10.404000,1.085000,-65,0.000000,7,8
1,13.000000,11.811000,1.720000,-64,0.000000,7,8
1,13.000000,10.678000,0.806000,-65,0.000000,7,8
1,13.000000,12.894000,1.507000,-64,0.000000,7,8
1,13.000000,10.775000,0.759000,-66,0.000000,7,8
1,13.000000,11.869000,1.141000,-66,0.000000,7,8
1,13.000000,12.382000,1.449000,-66,0.000000,7,8
1,13.000000,10.111000,1.807000,-66,0.000000,7,8
1,13.000000,10.678000,2.150000,-69,0.000000,7,8
1,13.000000,12.045000,1.323000,-64,0.000000,7,8
1,13.000000,10.443000,2.043000,-65,0.000000,7,8
1,13.000000,9.994000,2.049000,-65,0.000000,7,8
1,13.000000,12.123000,0.699000,-66,0.000000,7,8
1,13.000000,13.056000,1.084000,-66,0.000000,7,8
1,13.000000,13.070000,0.523000,-66,0.000000,7,8
1,13.000000,12.533000,2.308000,-66,0.000000,7,8
1,13.000000,11.381000,1.158000,-66,0.000000,7,8
1,13.000000,12.396000,0.991000,-64,0.000000,7,8
1,13.000000,10.609000,0.709000,-63,0.000000,7,8
1,13.000000,11.478000,0.265000,-62,0.000000,7,8
1,13.000000,11.615000,0.345000,-62,0.000000,7,8
1,13.000000,11.439000,0.411000,-63,0.000000,7,8
1,13.000000,10.951000,0.632000,-61,0.000000,7,8
1,13.000000,11.185000,0.583000,-62,0.000000,7,8
1,13.000000,11.049000,0.665000,-62,0.000000,7,8
1,13.000000,11.498000,0.414000,-62,0.000000,7,8
1,13.000000,11.781000,0.887000,-62,0.000000,7,8
1,13.000000,11.439000,0.630000,-61,0.000000,7,8
1,13.000000,11.537000,0.731000,-61,0.000000,7,8
1,13.000000,12.016000,0.149000,-62,0.000000,7,8
1,13.000000,11.722000,0.432000,-61,0.000000,7,8
1,13.000000,11.620000,0.172000,-64,0.000000,7,8
1,13.000000,11.752000,0.281000,-65,0.000000,7,8
1,13.000000,12.201000,0.313000,-63,0.000000,7,8
1,13.000000,12.118000,1.370000,-63,0.000000,7,8
1,13.000000,12.265000,0.622000,-62,0.000000,7,8
1,13.000000,11.439000,1.132000,-62,0.000000,7,8
1,13.000000,11.713000,0.964000,-63,0.000000,7,8
1,13.000000,11.498000,1.309000,-64,0.000000,7,8
1,13.000000,10.775000,0.683000,-63,0.000000,7,8
1,13.000000,10.873000,0.720000,-63,0.000000,7,8
1,13.000000,11.303000,0.538000,-63,0.000000,7,8
1,13.000000,10.795000,0.715000,-63,0.000000,7,8
1,13.000000,10.658000,0.897000,-62,0.000000,7,8
1,13.000000,11.088000,0.917000,-62,0.000000,7,8
1,13.000000,11.752000,1.288000,-62,0.000000,7,8
1,13.000000,11.674000,1.032000,-64,0.000000,7,8
1,13.000000,11.400000,0.976000,-63,0.000000,7,8
1,13.000000,9.584000,1.134000,-62,0.000000,7,8
1,13.000000,10.795000,0.619000,-62,0.000000,7,8
1,13.000000,10.756000,0.647000,-61,0.000000,7,8
1,13.000000,11.693000,0.366000,-61,0.000000,7,8
1,13.000000,11.244000,0.406000,-63,0.000000,7,8
1,13.000000,11.361000,0.411000,-61,0.000000,7,8
1,13.000000,10.560000,0.775000,-62,0.000000,7,8
1,13.000000,11.420000,0.398000,-62,0.000000,7,8
1,13.000000,10.853000,0.682000,-61,0.000000,7,8
1,13.000000,11.518000,0.500000,-62,0.000000,7,8
1,13.000000,11.244000,0.582000,-62,0.000000,7,8
1,13.000000,11.556000,0.318000,-61,0.000000,7,8
1,13.000000,11.635000,0.405000,-61,0.000000,7,8
1,13.000000,11.263000,0.561000,-61,0.000000,7,8
1,13.000000,11.420000,0.402000,-60,0.000000,7,8
1,13.000000,11.342000,0.596000,-61,0.000000,7,8
1,13.000000,11.342000,0.502000,-61,0.000000,7,8
1,13.000000,11.068000,0.596000,-61,0.000000,7,8
1,13.000000,10.639000,0.802000,-61,0.000000,7,8
1,13.000000,10.971000,0.613000,-61,0.000000,7,8
1,13.000000,10.619000,0.730000,-62,0.000000,7,8
1,13.000000,10.814000,0.633000,-61,0.000000,7,8
1,13.000000,11.185000,0.508000,-61,0.000000,7,8
1,13.000000,11.244000,0.320000,-62,0.000000,7,8
1,13.000000,11.166000,0.537000,-62,0.000000,7,8
1,13.000000,11.185000,0.411000,-62,0.000000,7,8
1,13.000000,10.951000,0.551000,-62,0.000000,7,8
1,13.000000,11.439000,0.422000,-62,0.000000,7,8
1,13.000000,11.049000,0.670000,-61,0.000000,7,8
1,13.000000,10.892000,0.677000,-62,0.000000,7,8
1,13.000000,11.088000,0.483000,-62,0.000000,7,8
1,13.000000,11.127000,0.537000,-62,0.000000,7,8
1,13.000000,10.756000,0.702000,-62,0.000000,7,8
1,13.000000,10.932000,0.757000,-62,0.000000,7,8
1,13.000000,10.912000,0.748000,-61,0.000000,7,8
1,13.000000,11.205000,0.574000,-61,0.000000,7,8
1,13.000000,11.029000,0.658000,-61,0.000000,7,8
1,13.000000,10.990000,0.731000,-61,0.000000,7,8
1,13.000000,10.521000,0.923000,-61,0.000000,7,8
1,13.000000,11.439000,0.576000,-61,0.000000,7,8
1,13.000000,11.088000,0.620000,-61,0.000000,7,8
1,13.000000,11.244000,0.557000,-60,0.000000,7,8
1,13.000000,11.537000,0.421000,-61,0.000000,7,8
1,13.000000,11.185000,0.525000,-60,0.000000,7,8
1,13.000000,11.381000,0.637000,-61,0.000000,7,8
1,13.000000,11.107000,0.571000,-61,0.000000,7,8
1,13.000000,11.303000,0.781000,-61,0.000000,7,8
1,13.000000,11.166000,0.661000,-61,0.000000,7,8
1,13.000000,10.814000,0.811000,-61,0.000000,7,8
1,13.000000,11.244000,0.504000,-61,0.000000,7,8
1,13.000000,11.166000,0.554000,-61,0.000000,7,8
1,13.000000,11.303000,0.494000,-61,0.000000,7,8
1,13.000000,10.932000,0.711000,-61,0.000000,7,8
1,13.000000,11.068000,0.672000,-61,0.000000,7,8
1,13.000000,11.146000,0.611000,-61,0.000000,7,8
1,13.000000,11.029000,0.843000,-61,0.000000,7,8
1,13.000000,10.853000,0.718000,-61,0.000000,7,8
1,13.000000,11.029000,0.684000,-61,0.000000,7,8
1,13.000000,11.381000,0.476000,-61,0.000000,7,8
1,13.000000,11.029000,0.626000,-61,0.000000,7,8
1,13.000000,10.795000,0.835000,-61,0.000000,7,8
1,13.000000,10.795000,0.750000,-60,0.000000,7,8
1,13.000000,10.971000,0.819000,-61,0.000000,7,8
1,13.000000,11.049000,0.612000,-61,0.000000,7,8
1,13.000000,10.678000,0.779000,-61,0.000000,7,8
1,13.000000,11.088000,0.501000,-61,0.000000,7,8
1,13.000000,10.775000,0.664000,-62,0.000000,7,8
1,13.000000,11.127000,0.468000,-61,0.000000,7,8
1,13.000000,10.580000,0.806000,-62,0.000000,7,8
1,13.000000,10.873000,0.730000,-62,0.000000,7,8
1,13.000000,10.600000,0.771000,-62,0.000000,7,8
1,13.000000,11.264000,0.510000,-62,0.000000,7,8
1,13.000000,10.853000,0.620000,-62,0.000000,7,8
1,13.000000,11.381000,0.442000,-62,0.000000,7,8
1,13.000000,11.146000,0.546000,-62,0.000000,7,8
1,13.000000,10.795000,0.656000,-62,0.000000,7,8
1,13.000000,11.459000,0.234000,-62,0.000000,7,8
1,13.000000,10.951000,0.691000,-62,0.000000,7,8
1,13.000000,10.853000,0.592000,-62,0.000000,7,8
1,13.000000,11.049000,0.625000,-62,0.000000,7,8
1,13.000000,10.951000,0.612000,-62,0.000000,7,8
1,13.000000,11.010000,0.594000,-62,0.000000,7,8
1,13.000000,10.834000,0.635000,-61,0.000000,7,8
1,13.000000,10.756000,0.741000,-61,0.000000,7,8
1,13.000000,10.892000,0.758000,-61,0.000000,7,8
1,13.000000,10.951000,0.757000,-61,0.000000,7,8
1,13.000000,10.814000,0.718000,-60,0.000000,7,8
1,13.000000,10.971000,0.658000,-61,0.000000,7,8
1,13.000000,10.892000,0.756000,-61,0.000000,7,8
1,13.000000,10.932000,0.735000,-61,0.000000,7,8
1,13.000000,10.951000,0.656000,-60,0.000000,7,8
1,13.000000,11.146000,0.585000,-61,0.000000,7,8
1,13.000000,10.932000,0.751000,-61,0.000000,7,8
1,13.000000,10.834000,0.789000,-61,0.000000,7,8
1,13.000000,10.853000,0.785000,-61,0.000000,7,8
1,13.000000,10.775000,0.821000,-61,0.000000,7,8
1,13.000000,11.088000,0.656000,-61,0.000000,7,8
1,13.000000,11.049000,0.719000,-61,0.000000,7,8
1,13.000000,11.010000,0.619000,-61,0.000000,7,8
1,13.000000,11.107000,0.519000,-62,0.000000,7,8
1,13.000000,11.244000,0.512000,-62,0.000000,7,8
1,13.000000,10.990000,0.570000,-62,0.000000,7,8
1,13.000000,11.439000,0.643000,-62,0.000000,7,8
1,13.000000,11.264000,0.583000,-62,0.000000,7,8
1,13.000000,11.420000,0.472000,-62,0.000000,7,8
1,13.000000,11.322000,0.561000,-62,0.000000,7,8
1,13.000000,11.146000,0.566000,-62,0.000000,7,8
1,13.000000,11.263000,0.491000,-62,0.000000,7,8
1,13.000000,11.127000,0.490000,-63,0.000000,7,8
1,13.000000,10.971000,0.667000,-63,0.000000,7,8
1,13.000000,11.244000,0.501000,-62,0.000000,7,8
1,13.000000,11.439000,0.564000,-62,0.000000,7,8
1,13.000000,11.361000,0.588000,-62,0.000000,7,8
1,13.000000,11.518000,0.428000,-61,0.000000,7,8
1,13.000000,11.303000,0.426000,-61,0.000000,7,8
1,13.000000,11.439000,0.427000,-61,0.000000,7,8
1,13.000000,11.439000,0.489000,-61,0.000000,7,8
1,13.000000,11.263000,0.623000,-61,0.000000,7,8
1,13.000000,11.381000,0.519000,-61,0.000000,7,8
1,13.000000,11.400000,0.447000,-61,0.000000,7,8
1,13.000000,11.420000,0.496000,-61,0.000000,7,8
1,13.000000,11.615000,0.336000,-61,0.000000,7,8
1,13.000000,11.224000,0.518000,-61,0.000000,7,8
1,13.000000,11.127000,0.581000,-61,0.000000,7,8
1,13.000000,11.205000,0.581000,-61,0.000000,7,8
1,13.000000,11.224000,0.572000,-61,0.000000,7,8
1,13.000000,11.205000,0.534000,-61,0.000000,7,8
1,13.000000,11.049000,0.704000,-62,0.000000,7,8
1,13.000000,10.990000,0.792000,-61,0.000000,7,8
1,13.000000,11.107000,0.670000,-61,0.000000,7,8
1,13.000000,10.912000,0.790000,-62,0.000000,7,8
1,13.000000,10.990000,0.728000,-62,0.000000,7,8
1,13.000000,10.990000,0.722000,-61,0.000000,7,8
1,13.000000,11.107000,0.727000,-61,0.000000,7,8
1,13.000000,11.166000,0.649000,-61,0.000000,7,8
1,13.000000,11.166000,0.672000,-61,0.000000,7,8
1,13.000000,11.127000,0.580000,-62,0.000000,7,8
1,13.000000,11.322000,0.516000,-63,0.000000,7,8
1,13.000000,11.303000,0.364000,-63,0.000000,7,8
1,13.000000,11.185000,0.624000,-63,0.000000,7,8
1,13.000000,11.068000,0.534000,-63,0.000000,7,8
1,13.000000,11.068000,0.557000,-62,0.000000,7,8
1,13.000000,11.244000,0.426000,-61,0.000000,7,8
1,13.000000,11.146000,0.402000,-60,0.000000,7,8
1,13.000000,11.576000,0.402000,-60,0.000000,7,8
1,13.000000,11.898000,0.751000,-61,0.000000,7,8
1,13.000000,11.654000,0.341000,-61,0.000000,7,8
1,13.000000,11.342000,0.354000,-63,0.000000,7,8
1,13.000000,11.830000,0.465000,-62,0.000000,7,8
1,13.000000,11.400000,0.369000,-62,0.000000,7,8
1,13.000000,11.478000,0.319000,-62,0.000000,7,8
1,13.000000,11.967000,0.286000,-62,0.000000,7,8
1,13.000000,11.303000,0.534000,-63,0.000000,7,8
1,13.000000,11.244000,0.558000,-63,0.000000,7,8
1,13.000000,10.853000,0.628000,-64,0.000000,7,8
1,13.000000,11.957000,0.351000,-64,0.000000,7,8
1,13.000000,10.287000,0.840000,-64,0.000000,7,8
1,13.000000,10.580000,0.773000,-64,0.000000,7,8
1,13.000000,10.551000,0.813000,-63,0.000000,7,8
1,13.000000,11.771000,0.718000,-63,0.000000,7,8
1,13.000000,11.049000,0.640000,-62,0.000000,7,8
1,13.000000,10.873000,0.595000,-62,0.000000,7,8
1,13.000000,10.990000,0.577000,-62,0.000000,7,8
1,13.000000,12.177000,0.822000,-62,0.000000,7,8
1,13.000000,11.518000,0.351000,-63,0.000000,7,8
1,13.000000,11.146000,0.418000,-63,0.000000,7,8
1,13.000000,11.557000,0.272000,-63,0.000000,7,8
1,13.000000,11.781000,0.088000,-63,0.000000,7,8
1,13.000000,11.205000,0.349000,-63,0.000000,7,8
1,13.000000,11.303000,0.304000,-63,0.000000,7,8
1,13.000000,11.361000,0.347000,-63,0.000000,7,8
1,13.000000,11.654000,0.235000,-64,0.000000,7,8
1,13.000000,11.693000,0.228000,-65,0.000000,7,8
1,13.000000,11.825000,0.439000,-64,0.000000,7,8
1,13.000000,11.576000,0.371000,-64,0.000000,7,8
1,13.000000,11.850000,0.222000,-63,0.000000,7,8
1,13.000000,12.045000,1.038000,-64,0.000000,7,8
1,13.000000,12.064000,0.545000,-64,0.000000,7,8
1,13.000000,12.162000,0.985000,-64,0.000000,7,8
1,13.000000,12.147000,1.377000,-64,0.000000,7,8
1,13.000000,11.537000,0.317000,-64,0.000000,7,8
1,13.000000,11.654000,0.203000,-64,0.000000,7,8
1,13.000000,11.224000,0.452000,-64,0.000000,7,8
1,13.000000,11.576000,0.349000,-64,0.000000,7,8
1,13.000000,11.898000,0.181000,-64,0.000000,7,8
1,13.000000,11.556000,0.240000,-64,0.000000,7,8
1,13.000000,11.615000,0.250000,-64,0.000000,7,8
1,13.000000,11.263000,0.403000,-63,0.000000,7,8
1,13.000000,11.810000,0.230000,-63,0.000000,7,8
1,13.000000,11.342000,0.443000,-62,0.000000,7,8
1,13.000000,11.205000,0.376000,-61,0.000000,7,8
1,13.000000,11.942000,0.518000,-62,0.000000,7,8
1,13.000000,11.244000,0.367000,-62,0.000000,7,8
1,13.000000,11.752000,0.209000,-62,0.000000,7,8
1,13.000000,10.932000,0.484000,-62,0.000000,7,8
1,13.000000,11.224000,0.490000,-62,0.000000,7,8
1,13.000000,10.717000,0.633000,-62,0.000000,7,8
1,13.000000,10.795000,0.652000,-63,0.000000,7,8
1,13.000000,11.264000,0.458000,-62,0.000000,7,8
1,13.000000,11.459000,0.313000,-62,0.000000,7,8
1,13.000000,10.814000,0.766000,-62,0.000000,7,8
1,13.000000,11.029000,1.085000,-61,0.000000,7,8
1,13.000000,9.916000,1.364000,-62,0.000000,7,8
1,13.000000,11.420000,0.403000,-64,0.000000,7,8
1,13.000000,11.596000,0.409000,-63,0.000000,7,8
1,13.000000,10.717000,0.889000,-61,0.000000,7,8
1,13.000000,11.068000,0.773000,-61,0.000000,7,8
1,13.000000,11.732000,0.276000,-62,0.000000,7,8
1,13.000000,11.537000,0.417000,-61,0.000000,7,8
1,13.000000,11.518000,0.332000,-61,0.000000,7,8
1,13.000000,11.400000,0.298000,-62,0.000000,7,8
1,13.000000,11.537000,0.234000,-61,0.000000,7,8
1,13.000000,11.708000,0.248000,-62,0.000000,7,8
1,13.000000,11.224000,0.306000,-62,0.000000,7,8
1,13.000000,11.322000,0.365000,-61,0.000000,7,8
1,13.000000,11.478000,0.252000,-61,0.000000,7,8
1,13.000000,11.517000,0.326000,-59,0.000000,7,8
1,13.000000,11.986000,0.282000,-60,0.000000,7,8
1,13.000000,11.420000,0.379000,-59,0.000000,7,8
1,13.000000,11.224000,0.345000,-60,0.000000,7,8
1,13.000000,10.541000,0.763000,-60,0.000000,7,8
1,13.000000,11.244000,0.613000,-61,0.000000,7,8
1,13.000000,11.049000,0.556000,-60,0.000000,7,8
1,13.000000,11.205000,0.575000,-61,0.000000,7,8
1,13.000000,11.420000,0.503000,-60,0.000000,7,8
1,13.000000,11.283000,0.399000,-59,0.000000,7,8
1,13.000000,11.850000,0.436000,-61,0.000000,7,8
1,13.000000,11.342000,0.591000,-63,0.000000,7,8
1,13.000000,11.517000,0.307000,-62,0.000000,7,8
1,13.000000,11.732000,0.322000,-60,0.000000,7,8
1,13.000000,11.810000,0.450000,-61,0.000000,7,8
1,13.000000,11.898000,0.439000,-61,0.000000,7,8
1,13.000000,11.674000,0.429000,-60,0.000000,7,8
1,13.000000,12.006000,0.617000,-61,0.000000,7,8
1,13.000000,11.752000,0.268000,-62,0.000000,7,8
1,13.000000,11.029000,0.674000,-61,0.000000,7,8
1,13.000000,11.361000,0.251000,-63,0.000000,7,8
1,13.000000,11.674000,0.152000,-62,0.000000,7,8
1,13.000000,11.263000,0.376000,-63,0.000000,7,8
1,13.000000,12.221000,0.331000,-60,0.000000,7,8
1,13.000000,11.049000,0.699000,-61,0.000000,7,8
1,13.000000,12.352000,0.145000,-63,0.000000,7,8
1,13.000000,11.791000,0.274000,-61,0.000000,7,8
1,13.000000,11.713000,0.303000,-62,0.000000,7,8
1,13.000000,11.884000,0.328000,-63,0.000000,7,8
1,13.000000,12.030000,0.365000,-62,0.000000,7,8
1,13.000000,11.840000,0.268000,-62,0.000000,7,8
1,13.000000,11.518000,0.284000,-60,0.000000,7,8
1,13.000000,11.693000,0.184000,-61,0.000000,7,8
1,13.000000,11.635000,0.103000,-62,0.000000,7,8
1,13.000000,11.557000,0.187000,-63,0.000000,7,8
1,13.000000,11.732000,0.285000,-61,0.000000,7,8
1,13.000000,11.303000,0.404000,-61,0.000000,7,8
1,13.000000,12.206000,0.960000,-61,0.000000,7,8
1,13.000000,12.177000,1.208000,-60,0.000000,7,8
1,13.000000,11.737000,0.740000,-62,0.000000,7,8
1,13.000000,11.884000,0.433000,-62,0.000000,7,8
1,13.000000,11.854000,0.337000,-62,0.000000,7,8
1,13.000000,11.898000,0.398000,-62,0.000000,7,8
1,13.000000,11.869000,0.101000,-62,0.000000,7,8
1,13.000000,11.840000,0.292000,-62,0.000000,7,8
1,13.000000,11.796000,0.304000,-63,0.000000,7,8
1,13.000000,11.928000,0.526000,-63,0.000000,7,8
1,13.000000,11.840000,0.830000,-62,0.000000,7,8
1,13.000000,11.884000,0.553000,-63,0.000000,7,8
1,13.000000,11.972000,0.895000,-63,0.000000,7,8
1,13.000000,11.796000,0.436000,-64,0.000000,7,8
1,13.000000,11.796000,0.381000,-63,0.000000,7,8
1,13.000000,11.737000,0.466000,-64,0.000000,7,8
1,13.000000,11.840000,0.278000,-63,0.000000,7,8
1,13.000000,11.722000,0.313000,-64,0.000000,7,8
1,13.000000,11.840000,1.717000,-64,0.000000,7,8
1,13.000000,11.708000,0.302000,-64,0.000000,7,8
1,13.000000,11.737000,0.366000,-64,0.000000,7,8
1,13.000000,12.074000,0.429000,-63,0.000000,7,8
1,13.000000,11.722000,0.300000,-64,0.000000,7,8
1,13.000000,11.854000,0.167000,-63,0.000000,7,8
1,13.000000,11.722000,0.295000,-63,0.000000,7,8
1,13.000000,11.766000,0.261000,-64,0.000000,7,8
1,13.000000,11.898000,0.201000,-62,0.000000,7,8
1,13.000000,11.713000,0.154000,-63,0.000000,7,8
1,13.000000,11.810000,0.186000,-62,0.000000,7,8
1,13.000000,11.913000,0.668000,-63,0.000000,7,8
1,13.000000,11.884000,0.280000,-62,0.000000,7,8
1,13.000000,11.791000,0.172000,-62,0.000000,7,8
1,13.000000,11.928000,0.401000,-63,0.000000,7,8
1,13.000000,12.059000,0.866000,-62,0.000000,7,8
1,13.000000,12.015000,0.343000,-62,0.000000,7,8
1,13.000000,11.986000,0.130000,-63,0.000000,7,8
1,13.000000,11.986000,1.028000,-63,0.000000,7,8
1,13.000000,11.854000,0.189000,-63,0.000000,7,8
1,13.000000,11.781000,0.461000,-63,0.000000,7,8
1,13.000000,11.957000,0.249000,-62,0.000000,7,8
1,13.000000,11.752000,1.590000,-63,0.000000,7,8
1,13.000000,11.620000,0.385000,-63,0.000000,7,8
1,13.000000,11.708000,0.214000,-63,0.000000,7,8
1,13.000000,11.811000,0.361000,-63,0.000000,7,8
1,13.000000,11.825000,0.879000,-64,0.000000,7,8
1,13.000000,12.264000,0.842000,-64,0.000000,7,8
1,13.000000,12.221000,0.591000,-64,0.000000,7,8
1,13.000000,12.191000,0.172000,-63,0.000000,7,8
1,13.000000,12.045000,0.361000,-64,0.000000,7,8
1,13.000000,12.206000,0.419000,-63,0.000000,7,8
1,13.000000,12.201000,0.112000,-63,0.000000,7,8
1,13.000000,11.942000,0.416000,-64,0.000000,7,8
1,13.000000,12.030000,0.396000,-64,0.000000,7,8
1,13.000000,11.854000,0.581000,-65,0.000000,7,8
1,13.000000,11.986000,0.331000,-65,0.000000,7,8
1,13.000000,11.781000,0.312000,-64,0.000000,7,8
1,13.000000,11.752000,0.343000,-64,0.000000,7,8
1,13.000000,11.781000,0.242000,-64,0.000000,7,8
1,13.000000,11.810000,0.351000,-64,0.000000,7,8
1,13.000000,11.664000,0.248000,-64,0.000000,7,8
1,13.000000,11.942000,0.316000,-63,0.000000,7,8
1,13.000000,11.767000,0.307000,-64,0.000000,7,8
1,13.000000,11.693000,0.334000,-64,0.000000,7,8
1,13.000000,11.825000,0.297000,-64,0.000000,7,8
1,13.000000,11.620000,0.410000,-64,0.000000,7,8
1,13.000000,11.928000,0.250000,-64,0.000000,7,8
1,13.000000,11.854000,0.617000,-64,0.000000,7,8
1,13.000000,11.913000,0.254000,-64,0.000000,7,8
1,13.000000,11.971000,0.240000,-64,0.000000,7,8
1,13.000000,11.796000,0.352000,-64,0.000000,7,8
1,13.000000,11.825000,0.223000,-63,0.000000,7,8
1,13.000000,11.635000,0.271000,-63,0.000000,7,8
1,13.000000,11.913000,0.242000,-63,0.000000,7,8
1,13.000000,11.942000,0.245000,-64,0.000000,7,8
1,13.000000,12.103000,0.311000,-64,0.000000,7,8
1,13.000000,11.693000,0.255000,-64,0.000000,7,8
1,13.000000,11.537000,0.275000,-64,0.000000,7,8
1,13.000000,11.635000,0.442000,-64,0.000000,7,8
1,13.000000,11.596000,0.394000,-64,0.000000,7,8
1,13.000000,11.869000,0.112000,-64,0.000000,7,8
1,13.000000,11.830000,0.215000,-63,0.000000,7,8
1,13.000000,11.557000,0.508000,-62,0.000000,7,8
1,13.000000,11.654000,0.385000,-62,0.000000,7,8
1,13.000000,11.615000,0.328000,-61,0.000000,7,8
1,13.000000,11.889000,0.224000,-62,0.000000,7,8
1,13.000000,12.006000,0.193000,-61,0.000000,7,8
1,13.000000,12.064000,0.215000,-62,0.000000,7,8
1,13.000000,12.264000,0.195000,-62,0.000000,7,8
1,13.000000,12.221000,0.240000,-61,0.000000,7,8
1,13.000000,12.045000,0.240000,-61,0.000000,7,8
1,13.000000,12.025000,0.210000,-62,0.000000,7,8
1,13.000000,12.064000,0.201000,-61,0.000000,7,8
1,13.000000,12.309000,0.151000,-62,0.000000,7,8
1,13.000000,12.440000,0.362000,-62,0.000000,7,8
1,13.000000,12.250000,0.153000,-62,0.000000,7,8
1,13.000000,12.299000,0.184000,-62,0.000000,7,8
1,13.000000,12.279000,0.243000,-62,0.000000,7,8
1,13.000000,12.323000,0.191000,-62,0.000000,7,8
1,13.000000,12.240000,0.285000,-62,0.000000,7,8
1,13.000000,12.103000,0.132000,-62,0.000000,7,8
1,13.000000,12.133000,0.298000,-62,0.000000,7,8
1,13.000000,12.162000,0.280000,-62,0.000000,7,8
1,13.000000,11.967000,0.317000,-62,0.000000,7,8
1,13.000000,12.201000,0.309000,-62,0.000000,7,8
1,13.000000,12.250000,0.115000,-62,0.000000,7,8
1,13.000000,12.250000,0.502000,-62,0.000000,7,8
1,13.000000,12.074000,0.296000,-62,0.000000,7,8
1,13.000000,12.103000,0.285000,-62,0.000000,7,8
1,13.000000,12.084000,0.193000,-62,0.000000,7,8
1,13.000000,12.133000,0.272000,-62,0.000000,7,8
1,13.000000,11.830000,0.245000,-63,0.000000,7,8
1,13.000000,11.576000,0.282000,-62,0.000000,7,8
1,13.000000,11.986000,0.136000,-62,0.000000,7,8
1,13.000000,11.596000,0.422000,-63,0.000000,7,8
1,13.000000,12.162000,0.474000,-63,0.000000,7,8
1,13.000000,11.967000,0.244000,-63,0.000000,7,8
1,13.000000,11.381000,0.309000,-63,0.000000,7,8
1,13.000000,11.537000,0.327000,-63,0.000000,7,8
1,13.000000,12.147000,0.463000,-63,0.000000,7,8
1,13.000000,12.045000,0.304000,-63,0.000000,7,8
1,13.000000,11.854000,0.351000,-62,0.000000,7,8
1,13.000000,11.850000,0.320000,-63,0.000000,7,8
1,13.000000,12.147000,0.241000,-63,0.000000,7,8
1,13.000000,11.942000,0.201000,-63,0.000000,7,8
1,13.000000,11.889000,0.160000,-63,0.000000,7,8
1,13.000000,11.971000,0.240000,-63,0.000000,7,8
1,13.000000,11.791000,0.250000,-63,0.000000,7,8
1,13.000000,12.060000,0.220000,-63,0.000000,7,8
1,13.000000,11.713000,0.261000,-63,0.000000,7,8
1,13.000000,11.908000,0.435000,-63,0.000000,7,8
1,13.000000,11.517000,0.428000,-62,0.000000,7,8
1,13.000000,12.025000,0.291000,-62,0.000000,7,8
1,13.000000,11.869000,0.391000,-63,0.000000,7,8
1,13.000000,11.928000,0.455000,-63,0.000000,7,8
1,13.000000,11.713000,0.204000,-63,0.000000,7,8
1,13.000000,11.498000,0.389000,-63,0.000000,7,8
1,13.000000,11.596000,0.252000,-63,0.000000,7,8
1,13.000000,11.068000,0.570000,-63,0.000000,7,8
1,13.000000,11.283000,0.433000,-63,0.000000,7,8
1,13.000000,11.615000,0.379000,-63,0.000000,7,8
1,13.000000,11.850000,0.124000,-63,0.000000,7,8
1,13.000000,11.693000,0.352000,-63,0.000000,7,8
1,13.000000,12.133000,0.533000,-63,0.000000,7,8
1,13.000000,11.635000,0.270000,-62,0.000000,7,8
1,13.000000,12.191000,0.610000,-62,0.000000,7,8
1,13.000000,11.771000,0.332000,-63,0.000000,7,8
1,13.000000,11.713000,0.349000,-62,0.000000,7,8
1,13.000000,11.810000,0.189000,-62,0.000000,7,8
1,13.000000,11.342000,0.307000,-63,0.000000,7,8
1,13.000000,11.381000,0.302000,-63,0.000000,7,8
1,13.000000,11.693000,0.403000,-63,0.000000,7,8
1,13.000000,12.059000,0.551000,-63,0.000000,7,8
1,13.000000,11.850000,0.296000,-63,0.000000,7,8
1,13.000000,11.869000,0.205000,-63,0.000000,7,8
1,13.000000,12.084000,0.273000,-62,0.000000,7,8
1,13.000000,12.084000,0.320000,-63,0.000000,7,8
1,13.000000,11.898000,0.172000,-63,0.000000,7,8
1,13.000000,11.537000,0.290000,-62,0.000000,7,8
1,13.000000,12.064000,0.418000,-62,0.000000,7,8
1,13.000000,12.001000,0.672000,-63,0.000000,7,8
1,13.000000,11.967000,0.311000,-63,0.000000,7,8
1,13.000000,11.972000,0.222000,-62,0.000000,7,8
1,13.000000,11.811000,0.139000,-63,0.000000,7,8
1,13.000000,11.771000,0.102000,-62,0.000000,7,8
1,13.000000,11.947000,0.159000,-62,0.000000,7,8
1,13.000000,12.059000,0.480000,-62,0.000000,7,8
1,13.000000,12.015000,0.612000,-62,0.000000,7,8
1,13.000000,12.060000,0.247000,-63,0.000000,7,8
1,13.000000,12.084000,0.243000,-62,0.000000,7,8
1,13.000000,11.928000,0.213000,-63,0.000000,7,8
1,13.000000,11.884000,0.197000,-63,0.000000,7,8
1,13.000000,11.781000,0.151000,-63,0.000000,7,8
1,13.000000,11.840000,0.254000,-63,0.000000,7,8
1,13.000000,11.854000,0.186000,-63,0.000000,7,8
1,13.000000,11.889000,0.207000,-63,0.000000,7,8
1,13.000000,11.766000,0.262000,-64,0.000000,7,8
1,13.000000,11.557000,0.251000,-63,0.000000,7,8
1,13.000000,11.713000,0.159000,-63,0.000000,7,8
1,13.000000,11.766000,0.172000,-63,0.000000,7,8
1,13.000000,11.381000,0.225000,-64,0.000000,7,8
1,13.000000,11.244000,0.343000,-63,0.000000,7,8
1,13.000000,11.459000,0.284000,-63,0.000000,7,8
1,13.000000,11.811000,0.204000,-62,0.000000,7,8
1,13.000000,11.811000,0.306000,-63,0.000000,7,8
1,13.000000,12.006000,0.550000,-62,0.000000,7,8
1,13.000000,11.596000,0.335000,-61,0.000000,7,8
1,13.000000,11.811000,0.351000,-62,0.000000,7,8
1,13.000000,11.654000,0.155000,-62,0.000000,7,8
1,13.000000,11.752000,0.222000,-62,0.000000,7,8
1,13.000000,11.654000,0.114000,-64,0.000000,7,8
1,13.000000,11.517000,0.326000,-64,0.000000,7,8
1,13.000000,12.147000,1.020000,-66,0.000000,7,8
1,13.000000,11.537000,0.365000,-63,0.000000,7,8
1,13.000000,12.279000,1.202000,-62,0.000000,7,8
1,13.000000,11.810000,0.313000,-61,0.000000,7,8
1,13.000000,11.830000,0.381000,-60,0.000000,7,8
1,13.000000,12.142000,0.261000,-60,0.000000,7,8
1,13.000000,11.908000,0.138000,-60,0.000000,7,8
1,13.000000,11.986000,0.473000,-61,0.000000,7,8
1,13.000000,11.605000,0.280000,-62,0.000000,7,8
1,13.000000,11.752000,0.355000,-62,0.000000,7,8
1,13.000000,11.498000,0.192000,-61,0.000000,7,8
1,13.000000,11.825000,0.222000,-61,0.000000,7,8
1,13.000000,11.942000,0.370000,-60,0.000000,7,8
1,13.000000,12.006000,0.302000,-60,0.000000,7,8
1,13.000000,11.908000,0.277000,-60,0.000000,7,8
1,13.000000,11.791000,0.314000,-60,0.000000,7,8
1,13.000000,12.162000,0.307000,-60,0.000000,7,8
1,13.000000,11.967000,0.166000,-60,0.000000,7,8
1,13.000000,11.771000,0.365000,-60,0.000000,7,8
1,13.000000,11.849000,0.435000,-59,0.000000,7,8
1,13.000000,11.850000,0.296000,-59,0.000000,7,8
1,13.000000,11.439000,0.415000,-59,0.000000,7,8
1,13.000000,12.147000,0.285000,-60,0.000000,7,8
1,13.000000,11.674000,0.441000,-61,0.000000,7,8
1,13.000000,11.649000,1.031000,-64,0.000000,7,8
1,13.000000,11.381000,0.452000,-65,0.000000,7,8
1,13.000000,11.576000,0.493000,-63,0.000000,7,8
1,13.000000,11.752000,0.298000,-62,0.000000,7,8
1,13.000000,10.795000,0.769000,-62,0.000000,7,8
1,13.000000,11.068000,0.632000,-61,0.000000,7,8
1,13.000000,11.049000,0.570000,-61,0.000000,7,8
1,13.000000,11.088000,0.553000,-62,0.000000,7,8
1,13.000000,11.400000,0.464000,-62,0.000000,7,8
1,13.000000,11.010000,0.582000,-63,0.000000,7,8
1,13.000000,10.971000,0.677000,-63,0.000000,7,8
1,13.000000,10.990000,0.685000,-64,0.000000,7,8
1,13.000000,11.185000,0.930000,-64,0.000000,7,8
1,13.000000,11.537000,0.973000,-65,0.000000,7,8
1,13.000000,11.635000,0.912000,-64,0.000000,7,8
1,13.000000,11.439000,0.663000,-64,0.000000,7,8
1,13.000000,11.127000,1.126000,-63,0.000000,7,8
1,13.000000,11.439000,0.642000,-62,0.000000,7,8
1,13.000000,11.205000,0.635000,-65,0.000000,7,8
1,13.000000,11.459000,0.684000,-64,0.000000,7,8
1,13.000000,11.576000,0.414000,-63,0.000000,7,8
1,13.000000,11.049000,0.763000,-62,0.000000,7,8
1,13.000000,11.264000,0.663000,-61,0.000000,7,8
1,13.000000,11.283000,0.692000,-62,0.000000,7,8
1,13.000000,12.045000,0.433000,-63,0.000000,7,8
1,13.000000,11.791000,0.419000,-63,0.000000,7,8
1,13.000000,11.713000,0.253000,-64,0.000000,7,8
1,13.000000,11.478000,0.485000,-64,0.000000,7,8
1,13.000000,11.771000,0.422000,-65,0.000000,7,8
1,13.000000,11.244000,0.764000,-64,0.000000,7,8
1,13.000000,11.928000,0.463000,-63,0.000000,7,8
1,13.000000,11.635000,0.440000,-63,0.000000,7,8
1,13.000000,12.064000,0.518000,-63,0.000000,7,8
1,13.000000,11.342000,0.740000,-63,0.000000,7,8
1,13.000000,11.400000,0.746000,-63,0.000000,7,8
1,13.000000,11.791000,0.605000,-63,0.000000,7,8
1,13.000000,11.205000,0.677000,-63,0.000000,7,8
1,13.000000,11.400000,0.561000,-63,0.000000,7,8
1,13.000000,10.951000,0.819000,-63,0.000000,7,8
1,13.000000,11.361000,0.484000,-63,0.000000,7,8
1,13.000000,11.537000,0.698000,-63,0.000000,7,8
1,13.000000,11.342000,0.511000,-63,0.000000,7,8
1,13.000000,10.990000,0.509000,-63,0.000000,7,8
1,13.000000,10.990000,0.648000,-63,0.000000,7,8
1,13.000000,10.736000,0.726000,-63,0.000000,7,8
1,13.000000,11.381000,0.550000,-63,0.000000,7,8
1,13.000000,11.615000,0.470000,-64,0.000000,7,8
1,13.000000,10.873000,0.738000,-63,0.000000,7,8
1,13.000000,10.775000,0.697000,-63,0.000000,7,8
1,13.000000,10.853000,0.727000,-63,0.000000,7,8
1,13.000000,11.146000,0.538000,-63,0.000000,7,8
1,13.000000,10.795000,0.669000,-64,0.000000,7,8
1,13.000000,11.322000,0.443000,-63,0.000000,7,8
1,13.000000,11.146000,0.675000,-63,0.000000,7,8
1,13.000000,10.717000,0.722000,-64,0.000000,7,8
1,13.000000,11.264000,0.609000,-64,0.000000,7,8
1,13.000000,10.775000,0.809000,-63,0.000000,7,8
1,13.000000,10.658000,0.700000,-63,0.000000,7,8
1,13.000000,10.795000,0.791000,-63,0.000000,7,8
1,13.000000,10.951000,0.667000,-64,0.000000,7,8
1,13.000000,10.795000,0.812000,-63,0.000000,7,8
1,13.000000,10.502000,0.880000,-63,0.000000,7,8
1,13.000000,10.932000,0.787000,-64,0.000000,7,8
1,13.000000,10.717000,0.714000,-64,0.000000,7,8
1,13.000000,10.756000,0.711000,-63,0.000000,7,8
1,13.000000,12.089000,0.679000,-65,0.000000,7,8
1,13.000000,10.756000,0.655000,-66,0.000000,7,8
1,13.000000,11.107000,0.631000,-63,0.000000,7,8
1,13.000000,11.068000,0.838000,-63,0.000000,7,8
1,13.000000,11.732000,0.398000,-64,0.000000,7,8
1,13.000000,10.873000,0.566000,-63,0.000000,7,8
1,13.000000,11.654000,0.840000,-63,0.000000,7,8
1,13.000000,10.463000,0.450000,-66,0.000000,7,8
1,13.000000,11.674000,0.701000,-63,0.000000,7,8
1,13.000000,10.443000,0.763000,-67,0.000000,7,8
1,13.000000,10.990000,0.308000,-64,0.000000,7,8
1,13.000000,11.185000,0.397000,-63,0.000000,7,8
1,13.000000,11.342000,0.566000,-64,0.000000,7,8
1,13.000000,11.420000,0.548000,-67,0.000000,7,8
1,13.000000,10.717000,0.683000,-64,0.000000,7,8
1,13.000000,10.971000,0.933000,-62,0.000000,7,8
1,13.000000,10.170000,1.623000,-61,0.000000,7,8
1,13.000000,10.189000,1.756000,-60,0.000000,7,8
1,13.000000,10.326000,2.006000,-61,0.000000,7,8
1,13.000000,10.580000,1.307000,-61,0.000000,7,8
1,13.000000,10.736000,0.907000,-59,0.000000,7,8
1,13.000000,10.932000,0.781000,-61,0.000000,7,8
1,13.000000,10.756000,0.817000,-62,0.000000,7,8
1,13.000000,10.834000,0.745000,-62,0.000000,7,8
1,13.000000,11.791000,0.196000,-62,0.000000,7,8
1,13.000000,11.244000,0.264000,-61,0.000000,7,8
1,13.000000,11.557000,0.154000,-62,0.000000,7,8
1,13.000000,11.312000,0.188000,-63,0.000000,7,8
1,13.000000,10.639000,0.300000,-63,0.000000,7,8
1,13.000000,11.298000,1.872000,-62,0.000000,7,8
1,13.000000,11.068000,0.400000,-64,0.000000,7,8
1,13.000000,10.170000,0.552000,-66,0.000000,7,8
1,13.000000,10.580000,0.493000,-64,0.000000,7,8
1,13.000000,10.385000,0.843000,-63,0.000000,7,8
1,13.000000,10.873000,0.468000,-64,0.000000,7,8
1,13.000000,11.049000,0.449000,-63,0.000000,7,8
1,13.000000,11.400000,0.329000,-60,0.000000,7,8
1,13.000000,10.990000,0.542000,-59,0.000000,7,8
1,13.000000,11.137000,0.301000,-60,0.000000,7,8
1,13.000000,11.298000,0.190000,-60,0.000000,7,8
1,13.000000,10.800000,0.392000,-60,0.000000,7,8
1,13.000000,11.034000,0.311000,-61,0.000000,7,8
1,13.000000,10.375000,0.493000,-60,0.000000,7,8
1,13.000000,11.010000,2.248000,-60,0.000000,7,8
1,13.000000,10.912000,1.140000,-66,0.000000,7,8
1,13.000000,10.814000,0.419000,-66,0.000000,7,8
1,13.000000,10.946000,1.032000,-62,0.000000,7,8
1,13.000000,10.975000,1.054000,-63,0.000000,7,8
1,13.000000,10.741000,1.084000,-66,0.000000,7,8
1,13.000000,11.766000,0.514000,-65,0.000000,7,8
1,13.000000,11.722000,0.845000,-64,0.000000,7,8
1,13.000000,12.103000,0.417000,-63,0.000000,7,8
1,13.000000,11.850000,0.350000,-63,0.000000,7,8
1,13.000000,11.420000,0.938000,-63,0.000000,7,8
1,13.000000,10.951000,0.469000,-63,0.000000,7,8
1,13.000000,11.049000,0.544000,-62,0.000000,7,8
1,13.000000,11.263000,0.523000,-62,0.000000,7,8
1,13.000000,11.010000,0.657000,-62,0.000000,7,8
1,13.000000,10.502000,0.745000,-61,0.000000,7,8
1,13.000000,11.283000,0.446000,-62,0.000000,7,8
1,13.000000,11.185000,0.449000,-62,0.000000,7,8
1,13.000000,11.322000,0.478000,-61,0.000000,7,8
1,13.000000,11.264000,0.541000,-59,0.000000,7,8
1,13.000000,11.185000,0.586000,-59,0.000000,7,8
1,13.000000,11.283000,0.702000,-59,0.000000,7,8
1,13.000000,10.873000,0.936000,-59,0.000000,7,8
1,13.000000,11.049000,0.976000,-59,0.000000,7,8
1,13.000000,11.088000,1.089000,-59,0.000000,7,8
1,13.000000,11.263000,0.833000,-58,0.000000,7,8
1,13.000000,11.322000,0.809000,-58,0.000000,7,8
1,13.000000,11.850000,0.398000,-59,0.000000,7,8
1,13.000000,11.986000,0.311000,-59,0.000000,7,8
1,13.000000,11.420000,0.542000,-61,0.000000,7,8
1,13.000000,10.912000,0.715000,-59,0.000000,7,8
1,13.000000,10.424000,0.748000,-60,0.000000,7,8
1,13.000000,11.068000,0.531000,-60,0.000000,7,8
1,13.000000,10.717000,0.788000,-59,0.000000,7,8
1,13.000000,10.639000,0.756000,-60,0.000000,7,8
1,13.000000,10.756000,0.681000,-60,0.000000,7,8
1,13.000000,10.365000,0.865000,-60,0.000000,7,8
1,13.000000,10.814000,0.739000,-63,0.000000,7,8
1,13.000000,11.576000,0.259000,-64,0.000000,7,8
1,13.000000,11.010000,0.324000,-60,0.000000,7,8
1,13.000000,10.775000,0.390000,-59,0.000000,7,8
1,13.000000,10.658000,0.533000,-57,0.000000,7,8
1,13.000000,10.990000,0.424000,-59,0.000000,7,8
1,13.000000,11.029000,0.514000,-60,0.000000,7,8
1,13.000000,11.674000,0.160000,-62,0.000000,7,8
1,13.000000,11.029000,0.443000,-63,0.000000,7,8
1,13.000000,10.189000,0.621000,-62,0.000000,7,8
1,13.000000,10.697000,0.358000,-62,0.000000,7,8
1,13.000000,10.814000,0.495000,-61,0.000000,7,8
1,13.000000,10.404000,0.567000,-60,0.000000,7,8
1,13.000000,10.580000,0.570000,-61,0.000000,7,8
1,13.000000,11.185000,0.440000,-64,0.000000,7,8
1,13.000000,11.127000,0.526000,-60,0.000000,7,8
1,13.000000,10.385000,0.617000,-62,0.000000,7,8
1,13.000000,11.263000,0.374000,-60,0.000000,7,8
1,13.000000,11.752000,0.269000,-60,0.000000,7,8
1,13.000000,11.869000,0.111000,-62,0.000000,7,8
1,13.000000,12.089000,0.311000,-62,0.000000,7,8
1,13.000000,11.517000,0.163000,-60,0.000000,7,8
1,13.000000,11.654000,0.186000,-63,0.000000,7,8
1,13.000000,11.557000,0.140000,-64,0.000000,7,8
1,13.000000,11.547000,0.300000,-62,0.000000,7,8
1,13.000000,11.283000,0.394000,-63,0.000000,7,8
1,13.000000,11.576000,0.278000,-60,0.000000,7,8
1,13.000000,11.767000,0.365000,-61,0.000000,7,8
1,13.000000,11.913000,0.443000,-63,0.000000,7,8
1,13.000000,11.781000,0.696000,-61,0.000000,7,8
1,13.000000,11.557000,0.256000,-62,0.000000,7,8
1,13.000000,11.840000,0.264000,-61,0.000000,7,8
1,13.000000,11.722000,0.241000,-61,0.000000,7,8
1,13.000000,11.781000,0.302000,-61,0.000000,7,8
1,13.000000,11.840000,0.483000,-61,0.000000,7,8
1,13.000000,11.737000,0.271000,-61,0.000000,7,8
1,13.000000,11.854000,0.378000,-62,0.000000,7,8
1,13.000000,11.679000,0.157000,-62,0.000000,7,8
1,13.000000,11.752000,0.325000,-61,0.000000,7,8
1,13.000000,11.664000,0.264000,-61,0.000000,7,8
1,13.000000,11.620000,0.228000,-61,0.000000,7,8
1,13.000000,11.679000,0.626000,-62,0.000000,7,8
1,13.000000,11.708000,0.407000,-62,0.000000,7,8
1,13.000000,11.708000,0.337000,-62,0.000000,7,8
1,13.000000,11.722000,0.345000,-62,0.000000,7,8
1,13.000000,11.752000,0.340000,-62,0.000000,7,8
1,13.000000,11.713000,0.114000,-61,0.000000,7,8
1,13.000000,11.620000,0.656000,-62,0.000000,7,8
1,13.000000,11.605000,0.317000,-62,0.000000,7,8
1,13.000000,11.576000,0.271000,-62,0.000000,7,8
1,13.000000,11.620000,0.316000,-63,0.000000,7,8
1,13.000000,11.205000,0.384000,-62,0.000000,7,8
1,13.000000,11.322000,0.201000,-62,0.000000,7,8
1,13.000000,11.664000,0.543000,-62,0.000000,7,8
1,13.000000,11.562000,0.262000,-63,0.000000,7,8
1,13.000000,11.537000,0.103000,-62,0.000000,7,8
1,13.000000,11.517000,0.274000,-62,0.000000,7,8
1,13.000000,11.459000,0.303000,-62,0.000000,7,8
1,13.000000,11.547000,0.649000,-62,0.000000,7,8
1,13.000000,11.342000,0.336000,-62,0.000000,7,8
1,13.000000,11.576000,0.239000,-62,0.000000,7,8
1,13.000000,11.479000,0.114000,-62,0.000000,7,8
1,13.000000,11.420000,0.451000,-62,0.000000,7,8
1,13.000000,11.381000,0.220000,-62,0.000000,7,8
1,13.000000,11.596000,0.361000,-62,0.000000,7,8
1,13.000000,11.547000,0.390000,-63,0.000000,7,8
1,13.000000,11.361000,0.182000,-62,0.000000,7,8
1,13.000000,11.244000,0.229000,-62,0.000000,7,8
1,13.000000,11.620000,0.487000,-62,0.000000,7,8
1,13.000000,11.532000,0.671000,-62,0.000000,7,8
1,13.000000,11.620000,0.285000,-62,0.000000,7,8
1,13.000000,11.693000,0.273000,-62,0.000000,7,8
1,13.000000,11.722000,0.400000,-62,0.000000,7,8
1,13.000000,11.620000,0.675000,-62,0.000000,7,8
1,13.000000,11.605000,0.461000,-62,0.000000,7,8
1,13.000000,11.620000,0.399000,-62,0.000000,7,8
1,13.000000,11.781000,0.266000,-61,0.000000,7,8
1,13.000000,11.791000,0.147000,-61,0.000000,7,8
1,13.000000,11.605000,0.313000,-62,0.000000,7,8
1,13.000000,11.693000,0.444000,-62,0.000000,7,8
1,13.000000,11.547000,0.433000,-63,0.000000,7,8
1,13.000000,11.635000,0.175000,-63,0.000000,7,8
1,13.000000,11.591000,0.190000,-63,0.000000,7,8
1,13.000000,11.654000,0.249000,-63,0.000000,7,8
1,13.000000,11.615000,0.129000,-63,0.000000,7,8
1,13.000000,11.400000,0.288000,-63,0.000000,7,8
1,13.000000,11.713000,0.090000,-63,0.000000,7,8
1,13.000000,11.557000,0.164000,-63,0.000000,7,8
1,13.000000,11.654000,0.161000,-63,0.000000,7,8
1,13.000000,11.840000,0.215000,-63,0.000000,7,8
1,13.000000,11.713000,0.204000,-63,0.000000,7,8
1,13.000000,11.913000,0.333000,-62,0.000000,7,8
1,13.000000,11.889000,0.165000,-63,0.000000,7,8
1,13.000000,11.420000,0.273000,-62,0.000000,7,8
1,13.000000,11.752000,0.228000,-62,0.000000,7,8
1,13.000000,12.030000,0.327000,-62,0.000000,7,8
1,13.000000,11.967000,0.211000,-62,0.000000,7,8
1,13.000000,11.908000,0.166000,-61,0.000000,7,8
1,13.000000,11.986000,0.248000,-61,0.000000,7,8
1,13.000000,11.771000,0.210000,-61,0.000000,7,8
1,13.000000,12.133000,0.341000,-62,0.000000,7,8
1,13.000000,11.752000,0.156000,-62,0.000000,7,8
1,13.000000,12.015000,0.403000,-62,0.000000,7,8
1,13.000000,11.517000,0.274000,-61,0.000000,7,8
1,13.000000,11.263000,0.442000,-61,0.000000,7,8
1,13.000000,11.947000,0.186000,-61,0.000000,7,8
1,13.000000,11.854000,0.179000,-61,0.000000,7,8
1,13.000000,11.732000,0.222000,-61,0.000000,7,8
1,13.000000,11.971000,0.708000,-62,0.000000,7,8
1,13.000000,11.224000,0.410000,-61,0.000000,7,8
1,13.000000,10.775000,0.607000,-61,0.000000,7,8
1,13.000000,11.537000,0.295000,-60,0.000000,7,8
1,13.000000,11.400000,0.305000,-61,0.000000,7,8
1,13.000000,11.693000,0.291000,-62,0.000000,7,8
1,13.000000,11.244000,0.561000,-63,0.000000,7,8
1,13.000000,11.576000,0.196000,-61,0.000000,7,8
1,13.000000,11.107000,0.667000,-62,0.000000,7,8
1,13.000000,10.717000,0.890000,-60,0.000000,7,8
1,13.000000,11.068000,0.581000,-59,0.000000,7,8
1,13.000000,10.814000,0.594000,-62,0.000000,7,8
1,13.000000,10.814000,0.674000,-61,0.000000,7,8
1,13.000000,11.088000,0.415000,-61,0.000000,7,8
