1,19.000000,15.990000,2.311000,-75,0.000000,7,8
1,19.000000,15.834000,2.476000,-75,0.000000,7,8
1,19.000000,16.205000,2.630000,-75,0.000000,7,8
1,19.000000,16.087999,2.460000,-76,0.000000,7,8
1,19.000000,21.868999,1.830000,-75,0.000000,7,8
1,19.000000,21.933001,0.231000,-73,0.000000,7,8
1,19.000000,21.332001,1.645000,-73,0.000000,7,8
1,19.000000,23.134001,0.733000,-74,0.000000,7,8
1,19.000000,15.717000,1.179000,-73,0.000000,7,8
1,19.000000,15.893000,1.763000,-74,0.000000,7,8
1,19.000000,15.932000,1.081000,-73,0.000000,7,8
1,19.000000,16.850000,0.540000,-75,0.000000,7,8
1,19.000000,15.707000,1.293000,-74,0.000000,7,8
1,19.000000,16.361000,0.549000,-74,0.000000,7,8
1,19.000000,16.653999,0.425000,-74,0.000000,7,8
1,19.000000,15.854000,0.567000,-74,0.000000,7,8
1,19.000000,16.107000,0.563000,-73,0.000000,7,8
1,19.000000,16.010000,0.877000,-75,0.000000,7,8
1,19.000000,16.302999,0.826000,-73,0.000000,7,8
1,19.000000,15.756000,0.954000,-72,0.000000,7,8
1,19.000000,16.186001,1.327000,-74,0.000000,7,8
1,19.000000,17.221001,0.561000,-71,0.000000,7,8
1,19.000000,15.912000,0.960000,-70,0.000000,7,8
1,19.000000,16.732000,0.353000,-70,0.000000,7,8
1,19.000000,16.381001,1.270000,-72,0.000000,7,8
1,19.000000,16.986000,2.470000,-73,0.000000,7,8
1,19.000000,16.771000,1.884000,-73,0.000000,7,8
1,19.000000,15.365000,1.299000,-71,0.000000,7,8
1,19.000000,15.775000,0.991000,-71,0.000000,7,8
1,19.000000,15.990000,1.320000,-70,0.000000,7,8
1,19.000000,15.990000,1.707000,-72,0.000000,7,8
1,19.000000,18.768999,1.847000,-72,0.000000,7,8
1,19.000000,16.576000,2.373000,-72,0.000000,7,8
1,19.000000,18.065001,0.225000,-71,0.000000,7,8
1,19.000000,16.576000,0.958000,-71,0.000000,7,8
1,19.000000,16.868999,0.451000,-72,0.000000,7,8
1,19.000000,16.771000,0.315000,-70,0.000000,7,8
1,19.000000,16.830000,0.212000,-70,0.000000,7,8
1,19.000000,17.181999,0.160000,-70,0.000000,7,8
1,19.000000,16.888000,0.234000,-70,0.000000,7,8
1,19.000000,16.850000,0.179000,-71,0.000000,7,8
1,19.000000,17.157000,0.178000,-72,0.000000,7,8
1,19.000000,17.333000,0.142000,-70,0.000000,7,8
1,19.000000,17.216000,0.244000,-71,0.000000,7,8
1,19.000000,17.099001,0.261000,-72,0.000000,7,8
1,19.000000,17.274000,0.468000,-70,0.000000,7,8
1,19.000000,17.362000,0.533000,-69,0.000000,7,8
1,19.000000,17.377001,0.223000,-71,0.000000,7,8
1,19.000000,17.143000,0.389000,-69,0.000000,7,8
1,19.000000,16.893999,0.357000,-72,0.000000,7,8
1,19.000000,17.362000,0.269000,-69,0.000000,7,8
1,19.000000,17.509001,0.135000,-69,0.000000,7,8
1,19.000000,17.230000,0.276000,-69,0.000000,7,8
1,19.000000,16.981001,0.301000,-71,0.000000,7,8
1,19.000000,16.806000,0.441000,-70,0.000000,7,8
1,19.000000,17.122999,0.442000,-73,0.000000,7,8
1,19.000000,17.157000,0.426000,-71,0.000000,7,8
1,19.000000,17.011000,0.268000,-70,0.000000,7,8
1,19.000000,17.493999,0.288000,-72,0.000000,7,8
1,19.000000,17.436001,0.226000,-72,0.000000,7,8
1,19.000000,17.337999,0.231000,-70,0.000000,7,8
1,19.000000,17.538000,0.257000,-70,0.000000,7,8
1,19.000000,17.552999,0.154000,-69,0.000000,7,8
1,19.000000,17.475000,0.191000,-68,0.000000,7,8
1,19.000000,17.201000,0.282000,-70,0.000000,7,8
1,19.000000,17.055000,0.392000,-71,0.000000,7,8
1,19.000000,17.391001,0.302000,-71,0.000000,7,8
1,19.000000,17.348000,0.150000,-70,0.000000,7,8
1,19.000000,17.434999,0.189000,-72,0.000000,7,8
1,19.000000,17.846001,0.330000,-72,0.000000,7,8
1,19.000000,17.747999,0.240000,-72,0.000000,7,8
1,19.000000,17.806000,0.124000,-71,0.000000,7,8
1,19.000000,17.903999,0.247000,-72,0.000000,7,8
1,19.000000,17.318001,0.286000,-70,0.000000,7,8
1,19.000000,17.611000,0.188000,-70,0.000000,7,8
1,19.000000,17.514000,0.215000,-71,0.000000,7,8
1,19.000000,17.337999,0.322000,-73,0.000000,7,8
1,19.000000,17.625999,0.235000,-72,0.000000,7,8
1,19.000000,17.157000,0.443000,-72,0.000000,7,8
1,19.000000,17.069000,0.367000,-72,0.000000,7,8
1,19.000000,17.260000,0.212000,-71,0.000000,7,8
1,19.000000,17.187000,0.455000,-72,0.000000,7,8
1,19.000000,17.421000,0.270000,-72,0.000000,7,8
1,19.000000,17.434999,0.422000,-71,0.000000,7,8
1,19.000000,17.611000,0.599000,-71,0.000000,7,8
1,19.000000,17.465000,0.233000,-71,0.000000,7,8
1,19.000000,17.406000,0.269000,-70,0.000000,7,8
1,19.000000,17.406000,0.241000,-70,0.000000,7,8
1,19.000000,17.392000,0.278000,-69,0.000000,7,8
1,19.000000,17.347000,0.227000,-70,0.000000,7,8
1,19.000000,17.493999,0.098000,-70,0.000000,7,8
1,19.000000,17.406000,0.290000,-69,0.000000,7,8
1,19.000000,17.509001,0.334000,-70,0.000000,7,8
1,19.000000,17.493999,0.270000,-71,0.000000,7,8
1,19.000000,17.318001,0.244000,-71,0.000000,7,8
1,19.000000,17.641001,0.248000,-71,0.000000,7,8
1,19.000000,17.714001,0.285000,-71,0.000000,7,8
1,19.000000,17.709000,0.231000,-71,0.000000,7,8
1,19.000000,17.962999,0.772000,-73,0.000000,7,8
1,19.000000,18.725000,0.861000,-74,0.000000,7,8
1,19.000000,18.051001,0.785000,-72,0.000000,7,8
1,19.000000,17.802000,1.980000,-72,0.000000,7,8
1,19.000000,17.538000,2.259000,-72,0.000000,7,8
1,19.000000,17.436001,2.437000,-72,0.000000,7,8
1,19.000000,17.684999,1.978000,-72,0.000000,7,8
1,19.000000,17.377001,1.131000,-72,0.000000,7,8
1,19.000000,17.523001,0.915000,-73,0.000000,7,8
1,19.000000,17.436001,2.168000,-74,0.000000,7,8
1,19.000000,17.493999,0.199000,-74,0.000000,7,8
1,19.000000,17.728001,0.080000,-74,0.000000,7,8
1,19.000000,18.094999,2.255000,-73,0.000000,7,8
1,19.000000,18.035999,2.073000,-74,0.000000,7,8
1,19.000000,18.666000,1.574000,-73,0.000000,7,8
1,19.000000,18.549000,1.847000,-73,0.000000,7,8
1,19.000000,18.841999,0.535000,-74,0.000000,7,8
1,19.000000,17.714001,0.489000,-71,0.000000,7,8
1,19.000000,17.289000,0.517000,-70,0.000000,7,8
1,19.000000,17.362000,0.466000,-72,0.000000,7,8
1,19.000000,17.406000,0.249000,-73,0.000000,7,8
1,19.000000,17.113001,0.391000,-72,0.000000,7,8
1,19.000000,17.362000,0.253000,-70,0.000000,7,8
1,19.000000,17.260000,0.252000,-72,0.000000,7,8
1,19.000000,16.879000,0.549000,-71,0.000000,7,8
1,19.000000,17.069000,0.413000,-73,0.000000,7,8
1,19.000000,17.406000,0.196000,-71,0.000000,7,8
1,19.000000,17.172001,0.568000,-71,0.000000,7,8
1,19.000000,17.128000,0.438000,-71,0.000000,7,8
1,19.000000,17.172001,0.274000,-70,0.000000,7,8
1,19.000000,17.201000,0.255000,-70,0.000000,7,8
1,19.000000,16.834999,0.469000,-71,0.000000,7,8
1,19.000000,16.938000,0.289000,-71,0.000000,7,8
1,19.000000,17.143000,0.415000,-70,0.000000,7,8
1,19.000000,17.187000,0.309000,-70,0.000000,7,8
1,19.000000,17.055000,0.386000,-70,0.000000,7,8
1,19.000000,17.099001,0.299000,-70,0.000000,7,8
1,19.000000,16.996000,0.216000,-71,0.000000,7,8
1,19.000000,17.128000,0.372000,-71,0.000000,7,8
1,19.000000,16.952000,0.482000,-71,0.000000,7,8
1,19.000000,16.966999,0.349000,-71,0.000000,7,8
1,19.000000,16.996000,0.521000,-71,0.000000,7,8
1,19.000000,16.966999,0.439000,-71,0.000000,7,8
1,19.000000,17.055000,0.284000,-71,0.000000,7,8
1,19.000000,17.025000,0.325000,-71,0.000000,7,8
1,19.000000,17.201000,0.320000,-70,0.000000,7,8
1,19.000000,17.299000,0.148000,-71,0.000000,7,8
1,19.000000,17.245001,0.290000,-71,0.000000,7,8
1,19.000000,17.670000,0.269000,-72,0.000000,7,8
1,19.000000,17.552999,0.202000,-72,0.000000,7,8
1,19.000000,17.274000,0.348000,-72,0.000000,7,8
1,19.000000,16.908001,0.581000,-71,0.000000,7,8
1,19.000000,17.040001,0.424000,-72,0.000000,7,8
1,19.000000,17.143000,0.369000,-71,0.000000,7,8
1,19.000000,17.011000,0.445000,-70,0.000000,7,8
1,19.000000,17.245001,0.305000,-69,0.000000,7,8
1,19.000000,17.143000,0.204000,-69,0.000000,7,8
1,19.000000,17.157000,0.226000,-70,0.000000,7,8
1,19.000000,17.011000,0.205000,-70,0.000000,7,8
1,19.000000,17.357000,0.166000,-68,0.000000,7,8
1,19.000000,17.260000,0.249000,-70,0.000000,7,8
1,19.000000,17.523001,0.176000,-70,0.000000,7,8
1,19.000000,17.465000,0.171000,-69,0.000000,7,8
1,19.000000,17.011000,0.335000,-71,0.000000,7,8
1,19.000000,17.216000,0.303000,-70,0.000000,7,8
1,19.000000,17.231001,0.477000,-71,0.000000,7,8
1,19.000000,17.011000,0.307000,-70,0.000000,7,8
1,19.000000,17.245001,0.430000,-70,0.000000,7,8
1,19.000000,17.406000,0.284000,-69,0.000000,7,8
1,19.000000,17.069000,1.722000,-73,0.000000,7,8
1,19.000000,17.357000,0.258000,-70,0.000000,7,8
1,19.000000,17.128000,0.202000,-69,0.000000,7,8
1,19.000000,17.011000,0.213000,-71,0.000000,7,8
1,19.000000,17.172001,0.126000,-71,0.000000,7,8
1,19.000000,16.849001,0.251000,-71,0.000000,7,8
1,19.000000,17.597000,0.183000,-69,0.000000,7,8
1,19.000000,16.908001,0.203000,-70,0.000000,7,8
1,19.000000,17.063999,0.227000,-71,0.000000,7,8
1,19.000000,17.304001,0.306000,-70,0.000000,7,8
1,19.000000,16.966999,0.370000,-71,0.000000,7,8
1,19.000000,17.045000,0.362000,-69,0.000000,7,8
1,19.000000,17.377001,0.285000,-70,0.000000,7,8
1,19.000000,17.240000,0.391000,-71,0.000000,7,8
1,19.000000,17.436001,0.115000,-71,0.000000,7,8
1,19.000000,17.333000,0.204000,-70,0.000000,7,8
1,19.000000,17.275000,0.206000,-70,0.000000,7,8
1,19.000000,17.747999,0.295000,-71,0.000000,7,8
1,19.000000,17.509001,0.193000,-70,0.000000,7,8
1,19.000000,17.392000,0.168000,-69,0.000000,7,8
1,19.000000,17.318001,0.213000,-70,0.000000,7,8
1,19.000000,17.377001,1.731000,-74,0.000000,7,8
1,19.000000,17.260000,0.273000,-69,0.000000,7,8
1,19.000000,17.348000,0.157000,-71,0.000000,7,8
1,19.000000,17.289000,0.220000,-72,0.000000,7,8
1,19.000000,17.377001,0.163000,-69,0.000000,7,8
1,19.000000,17.597000,0.242000,-70,0.000000,7,8
1,19.000000,17.362000,0.366000,-71,0.000000,7,8
1,19.000000,17.377001,0.115000,-72,0.000000,7,8
1,19.000000,17.122999,0.337000,-71,0.000000,7,8
1,19.000000,17.347000,0.387000,-70,0.000000,7,8
1,19.000000,17.084000,0.263000,-70,0.000000,7,8
1,19.000000,17.299000,0.153000,-70,0.000000,7,8
1,19.000000,17.063999,0.507000,-71,0.000000,7,8
1,19.000000,16.888000,0.332000,-70,0.000000,7,8
1,19.000000,17.240000,0.437000,-71,0.000000,7,8
1,19.000000,16.889000,0.504000,-73,0.000000,7,8
1,19.000000,16.146999,0.563000,-71,0.000000,7,8
1,19.000000,15.600000,0.763000,-70,0.000000,7,8
1,19.000000,15.873000,2.373000,-71,0.000000,7,8
1,19.000000,16.712999,1.806000,-71,0.000000,7,8
1,19.000000,16.947001,1.966000,-71,0.000000,7,8
1,19.000000,16.635000,2.316000,-73,0.000000,7,8
1,19.000000,16.809999,2.016000,-73,0.000000,7,8
1,19.000000,16.674000,1.056000,-73,0.000000,7,8
1,19.000000,16.752001,1.551000,-73,0.000000,7,8
1,19.000000,16.420000,1.287000,-73,0.000000,7,8
1,19.000000,17.142000,0.439000,-73,0.000000,7,8
1,19.000000,17.240000,1.459000,-73,0.000000,7,8
1,19.000000,17.357000,1.642000,-74,0.000000,7,8
1,19.000000,16.712999,1.116000,-73,0.000000,7,8
1,19.000000,16.830000,1.986000,-74,0.000000,7,8
1,19.000000,16.712999,2.157000,-74,0.000000,7,8
1,19.000000,16.615000,2.526000,-73,0.000000,7,8
1,19.000000,16.986000,1.958000,-73,0.000000,7,8
1,19.000000,17.278999,1.321000,-72,0.000000,7,8
1,19.000000,17.318001,0.692000,-74,0.000000,7,8
1,19.000000,17.552999,1.473000,-74,0.000000,7,8
1,19.000000,19.017000,0.845000,-74,0.000000,7,8
1,19.000000,17.318001,0.512000,-73,0.000000,7,8
1,19.000000,17.493999,0.233000,-72,0.000000,7,8
1,19.000000,17.299000,0.235000,-71,0.000000,7,8
1,19.000000,17.084000,0.377000,-72,0.000000,7,8
1,19.000000,17.434999,0.208000,-73,0.000000,7,8
1,19.000000,17.396000,0.214000,-72,0.000000,7,8
1,19.000000,17.455000,0.228000,-71,0.000000,7,8
1,19.000000,17.475000,0.304000,-71,0.000000,7,8
1,19.000000,17.465000,0.171000,-71,0.000000,7,8
1,19.000000,17.201000,0.346000,-72,0.000000,7,8
1,19.000000,17.514000,0.537000,-72,0.000000,7,8
1,19.000000,17.201000,0.565000,-72,0.000000,7,8
1,19.000000,17.337999,0.691000,-72,0.000000,7,8
1,19.000000,17.533001,0.407000,-72,0.000000,7,8
1,19.000000,17.493999,0.268000,-71,0.000000,7,8
1,19.000000,17.465000,0.378000,-72,0.000000,7,8
1,19.000000,17.377001,0.126000,-72,0.000000,7,8
1,19.000000,17.357000,0.606000,-73,0.000000,7,8
1,19.000000,17.514000,0.247000,-72,0.000000,7,8
1,19.000000,17.729000,0.256000,-72,0.000000,7,8
1,19.000000,17.278999,0.336000,-71,0.000000,7,8
1,19.000000,17.357000,0.318000,-72,0.000000,7,8
1,19.000000,17.406000,0.244000,-71,0.000000,7,8
1,19.000000,17.450001,0.424000,-71,0.000000,7,8
1,19.000000,17.436001,0.326000,-71,0.000000,7,8
1,19.000000,17.348000,0.279000,-70,0.000000,7,8
1,19.000000,17.493999,0.209000,-70,0.000000,7,8
1,19.000000,17.475000,0.229000,-69,0.000000,7,8
1,19.000000,17.670000,0.208000,-69,0.000000,7,8
1,19.000000,17.533001,0.146000,-70,0.000000,7,8
1,19.000000,16.986000,0.346000,-71,0.000000,7,8
1,19.000000,17.416000,0.197000,-71,0.000000,7,8
1,19.000000,17.318001,0.254000,-71,0.000000,7,8
1,19.000000,17.611000,0.222000,-72,0.000000,7,8
1,19.000000,17.406000,0.197000,-71,0.000000,7,8
1,19.000000,17.523001,0.426000,-71,0.000000,7,8
1,19.000000,17.625999,0.253000,-71,0.000000,7,8
1,19.000000,17.611000,0.247000,-71,0.000000,7,8
1,19.000000,17.611000,0.252000,-71,0.000000,7,8
1,19.000000,17.625999,0.273000,-71,0.000000,7,8
1,19.000000,17.709000,0.385000,-72,0.000000,7,8
1,19.000000,17.611000,0.526000,-72,0.000000,7,8
1,19.000000,17.670000,0.187000,-71,0.000000,7,8
1,19.000000,17.455000,0.217000,-72,0.000000,7,8
1,19.000000,17.625999,0.211000,-71,0.000000,7,8
1,19.000000,17.377001,0.289000,-71,0.000000,7,8
1,19.000000,17.260000,0.350000,-71,0.000000,7,8
1,19.000000,17.552999,0.231000,-70,0.000000,7,8
1,19.000000,17.406000,0.255000,-72,0.000000,7,8
1,19.000000,17.582001,1.048000,-72,0.000000,7,8
1,19.000000,18.183001,0.917000,-73,0.000000,7,8
1,19.000000,17.396000,0.366000,-72,0.000000,7,8
1,19.000000,17.201000,0.279000,-72,0.000000,7,8
1,19.000000,17.289000,0.252000,-71,0.000000,7,8
1,19.000000,17.084000,0.281000,-71,0.000000,7,8
1,19.000000,17.416000,0.276000,-71,0.000000,7,8
1,19.000000,17.240000,0.269000,-71,0.000000,7,8
1,19.000000,17.128000,0.276000,-71,0.000000,7,8
1,19.000000,16.982000,0.268000,-70,0.000000,7,8
1,19.000000,17.025000,0.211000,-69,0.000000,7,8
1,19.000000,17.122999,0.218000,-69,0.000000,7,8
1,19.000000,17.025000,0.263000,-69,0.000000,7,8
1,19.000000,17.333000,0.193000,-70,0.000000,7,8
1,19.000000,17.318001,0.250000,-70,0.000000,7,8
1,19.000000,17.221001,0.302000,-70,0.000000,7,8
1,19.000000,16.986000,0.353000,-71,0.000000,7,8
1,19.000000,17.143000,0.255000,-71,0.000000,7,8
1,19.000000,17.240000,0.304000,-72,0.000000,7,8
1,19.000000,17.063999,0.398000,-72,0.000000,7,8
1,19.000000,17.240000,0.252000,-72,0.000000,7,8
1,19.000000,17.337999,0.334000,-72,0.000000,7,8
1,19.000000,17.221001,0.110000,-72,0.000000,7,8
1,19.000000,17.337999,0.166000,-71,0.000000,7,8
1,19.000000,17.187000,0.396000,-71,0.000000,7,8
1,19.000000,17.162001,0.256000,-71,0.000000,7,8
1,19.000000,17.625999,0.188000,-71,0.000000,7,8
1,19.000000,17.231001,0.221000,-72,0.000000,7,8
1,19.000000,17.055000,0.240000,-71,0.000000,7,8
1,19.000000,17.187000,0.159000,-71,0.000000,7,8
1,19.000000,17.245001,0.195000,-71,0.000000,7,8
1,19.000000,17.162001,0.377000,-71,0.000000,7,8
1,19.000000,17.289000,0.174000,-71,0.000000,7,8
1,19.000000,17.221001,0.272000,-71,0.000000,7,8
1,19.000000,17.006001,0.243000,-71,0.000000,7,8
1,19.000000,17.162001,0.241000,-70,0.000000,7,8
1,19.000000,17.396999,0.241000,-71,0.000000,7,8
1,19.000000,17.318001,0.163000,-71,0.000000,5,8
1,19.000000,16.966999,0.371000,-70,0.000000,7,8
1,19.000000,17.299000,0.266000,-70,0.000000,7,8
1,19.000000,17.357000,0.266000,-70,0.000000,7,8
1,19.000000,17.122999,0.172000,-69,0.000000,7,8
1,19.000000,17.377001,0.226000,-70,0.000000,7,8
1,19.000000,17.143000,0.226000,-70,0.000000,7,8
1,19.000000,17.063999,0.194000,-71,0.000000,7,8
1,19.000000,17.045000,0.213000,-71,0.000000,7,8
1,19.000000,17.142000,0.316000,-70,0.000000,7,8
1,19.000000,17.143000,0.275000,-70,0.000000,7,8
1,19.000000,17.063999,0.161000,-70,0.000000,7,8
1,19.000000,17.201000,0.280000,-71,0.000000,7,8
1,19.000000,17.572001,0.178000,-71,0.000000,7,8
1,19.000000,17.304001,0.243000,-72,0.000000,7,8
1,19.000000,17.421000,0.298000,-71,0.000000,7,8
1,19.000000,17.099001,0.244000,-70,0.000000,7,8
1,19.000000,17.240000,0.208000,-70,0.000000,7,8
1,19.000000,17.142000,0.139000,-70,0.000000,7,8
1,19.000000,17.162001,0.179000,-70,0.000000,7,8
1,19.000000,17.187000,0.104000,-70,0.000000,7,8
1,19.000000,17.103001,0.240000,-69,0.000000,7,8
1,19.000000,17.103001,0.197000,-69,0.000000,7,8
1,19.000000,17.142000,0.293000,-70,0.000000,7,8
1,19.000000,16.889000,0.339000,-70,0.000000,7,8
1,19.000000,17.221001,0.218000,-70,0.000000,7,8
1,19.000000,17.260000,0.318000,-70,0.000000,7,8
1,19.000000,17.103001,0.312000,-71,0.000000,7,8
1,19.000000,16.868999,0.424000,-71,0.000000,7,8
1,19.000000,17.299000,0.204000,-71,0.000000,7,8
1,19.000000,17.084000,0.294000,-70,0.000000,7,8
1,19.000000,17.162001,0.267000,-70,0.000000,7,8
1,19.000000,17.260000,0.172000,-70,0.000000,7,8
1,19.000000,17.274000,0.242000,-71,0.000000,7,8
1,19.000000,17.172001,0.189000,-71,0.000000,7,8
1,19.000000,17.475000,0.236000,-71,0.000000,7,8
1,19.000000,17.337999,0.246000,-72,0.000000,7,8
1,19.000000,17.475000,0.140000,-71,0.000000,7,8
1,19.000000,17.025000,0.282000,-71,0.000000,7,8
1,19.000000,17.143000,0.169000,-71,0.000000,7,8
1,19.000000,17.069000,0.189000,-72,0.000000,7,8
1,19.000000,17.278999,0.186000,-71,0.000000,7,8
1,19.000000,17.025999,0.207000,-72,0.000000,7,8
1,19.000000,17.113001,0.248000,-71,0.000000,7,8
1,19.000000,17.128000,0.247000,-71,0.000000,7,8
1,19.000000,17.181999,0.223000,-71,0.000000,7,8
1,19.000000,17.143000,0.142000,-71,0.000000,7,8
1,19.000000,16.659000,0.338000,-71,0.000000,7,8
1,19.000000,16.879000,0.325000,-71,0.000000,7,8
1,19.000000,17.122999,0.134000,-71,0.000000,7,8
1,19.000000,16.809999,0.165000,-71,0.000000,7,8
1,19.000000,17.025000,0.150000,-71,0.000000,7,8
1,19.000000,17.025000,0.235000,-71,0.000000,7,8
1,19.000000,17.099001,0.396000,-71,0.000000,7,8
1,19.000000,16.966999,0.275000,-70,0.000000,7,8
1,19.000000,17.240000,0.209000,-71,0.000000,7,8
1,19.000000,17.318001,0.395000,-71,0.000000,7,8
1,19.000000,17.143000,0.267000,-71,0.000000,7,8
1,19.000000,17.181999,0.240000,-70,0.000000,7,8
1,19.000000,17.434999,0.314000,-70,0.000000,7,8
1,19.000000,17.475000,0.290000,-69,0.000000,7,8
1,19.000000,17.274000,0.079000,-69,0.000000,7,8
1,19.000000,17.260000,0.148000,-70,0.000000,7,8
1,19.000000,17.142000,0.182000,-70,0.000000,7,8
1,19.000000,17.181000,0.278000,-70,0.000000,7,8
1,19.000000,17.240000,0.484000,-71,0.000000,7,8
1,19.000000,17.688999,0.720000,-72,0.000000,7,8
1,19.000000,17.493999,0.446000,-72,0.000000,7,8
1,19.000000,17.278999,0.190000,-71,0.000000,7,8
1,19.000000,16.868999,0.243000,-71,0.000000,7,8
1,19.000000,17.162001,0.188000,-70,0.000000,7,8
1,19.000000,17.142000,0.372000,-70,0.000000,7,8
1,19.000000,17.416000,0.220000,-71,0.000000,7,8
1,19.000000,17.377001,0.259000,-71,0.000000,7,8
1,19.000000,17.162001,0.571000,-71,0.000000,7,8
1,19.000000,17.493999,0.370000,-71,0.000000,7,8
1,19.000000,17.396000,0.404000,-71,0.000000,7,8
1,19.000000,17.221001,0.296000,-71,0.000000,7,8
1,19.000000,17.260000,0.381000,-71,0.000000,7,8
1,19.000000,17.181999,0.241000,-70,0.000000,7,8
1,19.000000,17.063999,0.247000,-70,0.000000,7,8
1,19.000000,17.045000,0.215000,-70,0.000000,7,8
1,19.000000,17.172001,0.182000,-69,0.000000,7,8
1,19.000000,17.377001,0.208000,-69,0.000000,7,8
1,19.000000,17.240000,0.181000,-69,0.000000,7,8
1,19.000000,17.611000,0.312000,-69,0.000000,7,8
1,19.000000,17.655001,0.101000,-70,0.000000,7,8
1,19.000000,17.533001,0.215000,-70,0.000000,7,8
1,19.000000,17.416000,0.219000,-70,0.000000,7,8
1,19.000000,17.465000,0.147000,-70,0.000000,7,8
1,19.000000,17.318001,0.213000,-70,0.000000,7,8
1,19.000000,17.318001,0.185000,-70,0.000000,7,8
1,19.000000,17.572001,0.273000,-71,0.000000,7,8
1,19.000000,17.509001,0.262000,-72,0.000000,7,8
1,19.000000,17.475000,0.297000,-72,0.000000,7,8
1,19.000000,17.436001,0.219000,-72,0.000000,7,8
1,19.000000,17.216000,0.190000,-71,0.000000,7,8
1,19.000000,17.436001,0.279000,-72,0.000000,7,8
1,19.000000,17.103001,0.229000,-71,0.000000,7,8
1,19.000000,17.357000,0.270000,-71,0.000000,7,8
1,19.000000,17.157000,0.231000,-71,0.000000,7,8
1,19.000000,17.274000,0.188000,-71,0.000000,7,8
1,19.000000,17.362000,0.192000,-71,0.000000,7,8
1,19.000000,17.318001,0.130000,-70,0.000000,7,8
1,19.000000,17.142000,0.166000,-70,0.000000,7,8
1,19.000000,17.122999,0.222000,-70,0.000000,7,8
1,19.000000,17.275000,0.145000,-70,0.000000,7,8
1,19.000000,17.128000,0.184000,-70,0.000000,7,8
1,19.000000,17.162001,0.171000,-70,0.000000,7,8
1,19.000000,17.045000,0.309000,-70,0.000000,7,8
1,19.000000,17.201000,0.161000,-70,0.000000,7,8
1,19.000000,17.122999,0.173000,-71,0.000000,7,8
1,19.000000,16.966999,0.174000,-71,0.000000,7,8
1,19.000000,17.069000,0.250000,-71,0.000000,7,8
1,19.000000,17.143000,0.328000,-71,0.000000,7,8
1,19.000000,17.063999,0.273000,-71,0.000000,7,8
1,19.000000,17.142000,0.248000,-71,0.000000,7,8
1,19.000000,17.084000,0.218000,-71,0.000000,7,8
1,19.000000,17.162001,0.140000,-71,0.000000,7,8
1,19.000000,17.084000,0.234000,-71,0.000000,7,8
1,19.000000,16.986000,0.276000,-71,0.000000,7,8
1,19.000000,17.221001,0.246000,-71,0.000000,7,8
1,19.000000,17.245001,0.208000,-71,0.000000,7,8
1,19.000000,17.122999,0.249000,-71,0.000000,7,8
1,19.000000,16.966999,0.144000,-71,0.000000,7,8
1,19.000000,17.025000,0.309000,-70,0.000000,7,8
1,19.000000,17.201000,0.264000,-70,0.000000,7,8
1,19.000000,17.157000,0.218000,-70,0.000000,7,8
1,19.000000,16.908001,0.306000,-70,0.000000,7,8
1,19.000000,17.278999,0.143000,-70,0.000000,7,8
1,19.000000,17.201000,0.236000,-70,0.000000,7,8
1,19.000000,17.099001,0.099000,-71,0.000000,7,8
1,19.000000,17.157000,0.286000,-71,0.000000,7,8
1,19.000000,17.333000,0.280000,-71,0.000000,7,8
1,19.000000,17.122999,0.174000,-72,0.000000,7,8
1,19.000000,17.455000,0.173000,-71,0.000000,7,8
1,19.000000,17.348000,0.132000,-71,0.000000,7,8
1,19.000000,17.348000,0.178000,-71,0.000000,7,8
1,19.000000,17.318001,0.265000,-70,0.000000,7,8
1,19.000000,17.187000,0.192000,-71,0.000000,7,8
1,19.000000,17.221001,0.279000,-70,0.000000,7,8
1,19.000000,17.025000,0.366000,-70,0.000000,7,8
1,19.000000,17.172001,0.190000,-71,0.000000,7,8
1,19.000000,17.377001,0.226000,-71,0.000000,7,8
1,19.000000,17.421000,0.297000,-71,0.000000,7,8
1,19.000000,17.421000,0.215000,-71,0.000000,7,8
1,19.000000,17.274000,0.125000,-71,0.000000,7,8
1,19.000000,17.103001,0.081000,-71,0.000000,7,8
1,19.000000,17.143000,0.215000,-72,0.000000,7,8
1,19.000000,17.157000,0.154000,-72,0.000000,7,8
1,19.000000,17.201000,0.232000,-71,0.000000,7,8
1,19.000000,17.221001,0.120000,-71,0.000000,7,8
1,19.000000,17.162001,0.197000,-71,0.000000,7,8
1,19.000000,17.377001,0.239000,-72,0.000000,7,8
1,19.000000,17.743000,0.400000,-72,0.000000,7,8
1,19.000000,17.768000,0.223000,-72,0.000000,7,8
1,19.000000,17.582001,0.130000,-71,0.000000,7,8
1,19.000000,17.465000,0.200000,-71,0.000000,7,8
1,19.000000,17.278999,0.100000,-71,0.000000,7,8
1,19.000000,17.278999,0.140000,-71,0.000000,7,8
1,19.000000,17.333000,0.188000,-71,0.000000,7,8
1,19.000000,17.493999,0.312000,-71,0.000000,7,8
1,19.000000,17.455000,0.223000,-71,0.000000,7,8
1,19.000000,17.221001,0.240000,-71,0.000000,7,8
1,19.000000,17.045000,0.368000,-71,0.000000,7,8
1,19.000000,17.143000,0.270000,-72,0.000000,7,8
1,19.000000,17.084000,0.229000,-72,0.000000,7,8
1,19.000000,17.045000,0.111000,-72,0.000000,7,8
1,19.000000,17.187000,0.144000,-71,0.000000,7,8
1,19.000000,17.063999,0.225000,-71,0.000000,7,8
1,19.000000,17.103001,0.253000,-71,0.000000,7,8
1,19.000000,17.122999,0.216000,-70,0.000000,7,8
1,19.000000,17.230000,0.353000,-70,0.000000,7,8
1,19.000000,17.299000,0.217000,-70,0.000000,7,8
1,19.000000,17.006001,0.778000,-71,0.000000,7,8
1,19.000000,17.045000,0.256000,-70,0.000000,7,8
1,19.000000,17.181000,0.261000,-71,0.000000,7,8
1,19.000000,16.849001,0.417000,-72,0.000000,7,8
1,19.000000,16.879000,0.098000,-71,0.000000,7,8
1,19.000000,16.938000,0.328000,-70,0.000000,7,8
1,19.000000,16.923000,0.296000,-71,0.000000,7,8
1,19.000000,17.143000,0.348000,-71,0.000000,7,8
1,19.000000,17.006001,0.262000,-71,0.000000,7,8
1,19.000000,17.113001,0.249000,-71,0.000000,7,8
1,19.000000,17.011000,0.255000,-71,0.000000,7,8
1,19.000000,17.143000,0.312000,-71,0.000000,7,8
1,19.000000,17.201000,0.375000,-72,0.000000,7,8
1,19.000000,17.142000,0.795000,-72,0.000000,7,8
1,19.000000,17.162001,0.451000,-72,0.000000,7,8
1,19.000000,17.396000,1.514000,-73,0.000000,7,8
1,19.000000,16.927999,1.104000,-73,0.000000,7,8
1,19.000000,17.006001,0.604000,-72,0.000000,7,8
1,19.000000,16.966999,1.536000,-73,0.000000,7,8
1,19.000000,17.122999,1.199000,-73,0.000000,7,8
1,19.000000,17.216000,0.449000,-72,0.000000,7,8
1,19.000000,16.775999,0.495000,-72,0.000000,7,8
1,19.000000,17.025000,0.466000,-71,0.000000,7,8
1,19.000000,17.040001,0.318000,-72,0.000000,7,8
1,19.000000,16.752001,0.493000,-73,0.000000,7,8
1,19.000000,17.289000,0.248000,-71,0.000000,7,8
1,19.000000,16.893999,0.183000,-72,0.000000,7,8
1,19.000000,16.982000,0.200000,-71,0.000000,7,8
1,19.000000,17.113001,0.157000,-71,0.000000,7,8
1,19.000000,17.450001,0.444000,-70,0.000000,7,8
1,19.000000,17.479000,0.175000,-69,0.000000,7,8
1,19.000000,17.172001,0.478000,-70,0.000000,7,8
1,19.000000,17.304001,0.198000,-70,0.000000,7,8
1,19.000000,17.260000,0.543000,-70,0.000000,7,8
1,19.000000,16.938000,0.381000,-71,0.000000,7,8
1,19.000000,16.986000,0.380000,-71,0.000000,7,8
1,19.000000,17.333000,0.359000,-72,0.000000,7,8
1,19.000000,17.493999,0.182000,-72,0.000000,7,8
1,19.000000,17.514000,0.263000,-70,0.000000,7,8
1,19.000000,17.260000,0.201000,-71,0.000000,7,8
1,19.000000,17.362000,0.324000,-70,0.000000,7,8
1,19.000000,17.230000,0.226000,-72,0.000000,7,8
1,19.000000,17.318001,0.230000,-71,0.000000,7,8
1,19.000000,17.318001,0.245000,-71,0.000000,7,8
1,19.000000,17.187000,0.294000,-72,0.000000,7,8
1,19.000000,17.201000,0.180000,-70,0.000000,7,8
1,19.000000,17.377001,0.244000,-70,0.000000,7,8
1,19.000000,17.025999,0.153000,-70,0.000000,7,8
1,19.000000,17.181999,0.239000,-71,0.000000,7,8
1,19.000000,17.113001,0.244000,-70,0.000000,7,8
1,19.000000,17.333000,0.143000,-69,0.000000,7,8
1,19.000000,17.260000,0.221000,-70,0.000000,7,8
1,19.000000,17.084000,0.229000,-70,0.000000,7,8
1,19.000000,17.275000,0.200000,-72,0.000000,7,8
1,19.000000,17.142000,0.350000,-70,0.000000,7,8
1,19.000000,17.143000,0.095000,-70,0.000000,7,8
1,19.000000,17.063999,0.348000,-70,0.000000,7,8
1,19.000000,17.416000,0.166000,-69,0.000000,7,8
1,19.000000,17.201000,0.243000,-69,0.000000,7,8
1,19.000000,17.523001,0.276000,-71,0.000000,7,8
1,19.000000,17.040001,0.263000,-71,0.000000,7,8
1,19.000000,17.181999,0.140000,-70,0.000000,7,8
1,19.000000,17.245001,0.208000,-69,0.000000,7,8
1,19.000000,16.966999,0.222000,-70,0.000000,7,8
1,19.000000,16.923000,0.468000,-72,0.000000,7,8
1,19.000000,17.406000,0.371000,-70,0.000000,7,8
1,19.000000,17.377001,0.165000,-70,0.000000,7,8
1,19.000000,17.162001,0.384000,-71,0.000000,7,8
1,19.000000,16.864000,0.370000,-72,0.000000,7,8
1,19.000000,17.552999,0.109000,-69,0.000000,7,8
1,19.000000,17.143000,0.453000,-70,0.000000,7,8
1,19.000000,17.538000,0.336000,-69,0.000000,7,8
1,19.000000,17.392000,0.391000,-69,0.000000,7,8
1,19.000000,17.201000,0.118000,-70,0.000000,7,8
1,19.000000,17.201000,0.292000,-69,0.000000,7,8
1,19.000000,17.099001,0.207000,-71,0.000000,7,8
1,19.000000,17.348000,0.321000,-70,0.000000,7,8
1,19.000000,17.201000,0.443000,-70,0.000000,7,8
1,19.000000,17.245001,0.326000,-70,0.000000,7,8
1,19.000000,17.040001,0.363000,-71,0.000000,7,8
1,19.000000,17.274000,0.457000,-70,0.000000,7,8
1,19.000000,17.479000,0.227000,-70,0.000000,7,8
1,19.000000,16.996000,0.556000,-69,0.000000,7,8
1,19.000000,17.406000,0.447000,-70,0.000000,7,8
1,19.000000,17.333000,0.333000,-70,0.000000,7,8
1,19.000000,17.465000,0.369000,-69,0.000000,7,8
1,19.000000,17.172001,0.211000,-70,0.000000,7,8
1,19.000000,17.172001,0.345000,-70,0.000000,7,8
1,19.000000,16.243999,0.480000,-70,0.000000,7,8
1,19.000000,17.304001,0.142000,-70,0.000000,7,8
1,19.000000,17.275000,0.228000,-70,0.000000,7,8
1,19.000000,17.377001,0.275000,-70,0.000000,7,8
1,19.000000,17.122999,0.157000,-70,0.000000,7,8
1,19.000000,17.377001,0.261000,-71,0.000000,7,8
1,19.000000,17.260000,0.207000,-70,0.000000,7,8
1,19.000000,17.278999,0.147000,-70,0.000000,7,8
1,19.000000,17.216000,0.400000,-71,0.000000,7,8
1,19.000000,17.396000,0.160000,-70,0.000000,7,8
1,19.000000,17.201000,0.198000,-70,0.000000,7,8
1,19.000000,17.143000,0.181000,-71,0.000000,7,8
1,19.000000,17.436001,0.355000,-70,0.000000,7,8
1,19.000000,17.240000,0.303000,-70,0.000000,7,8
1,19.000000,17.278999,0.272000,-70,0.000000,7,8
1,19.000000,17.201000,0.204000,-70,0.000000,7,8
1,19.000000,17.181999,0.113000,-70,0.000000,7,8
1,19.000000,17.289000,0.321000,-70,0.000000,7,8
1,19.000000,17.299000,0.184000,-70,0.000000,7,8
1,19.000000,16.889000,0.231000,-70,0.000000,7,8
1,19.000000,16.947001,0.238000,-70,0.000000,7,8
1,19.000000,17.333000,0.378000,-70,0.000000,7,8
1,19.000000,17.055000,0.286000,-70,0.000000,7,8
1,19.000000,17.275000,0.161000,-70,0.000000,7,8
1,19.000000,17.230000,0.158000,-70,0.000000,7,8
1,19.000000,17.084000,0.245000,-70,0.000000,7,8
1,19.000000,17.084000,0.114000,-70,0.000000,7,8
1,19.000000,17.348000,0.165000,-71,0.000000,7,8
1,19.000000,17.245001,0.131000,-71,0.000000,7,8
1,19.000000,17.122999,0.266000,-71,0.000000,7,8
1,19.000000,17.216000,0.197000,-70,0.000000,7,8
1,19.000000,17.201000,0.225000,-70,0.000000,7,8
1,19.000000,17.084000,0.208000,-71,0.000000,7,8
1,19.000000,17.045000,0.168000,-70,0.000000,7,8
1,19.000000,17.162001,0.259000,-70,0.000000,7,8
1,19.000000,16.986000,0.294000,-70,0.000000,7,8
1,19.000000,17.337999,0.283000,-71,0.000000,7,8
1,19.000000,17.201000,0.211000,-70,0.000000,7,8
1,19.000000,17.045000,0.257000,-70,0.000000,7,8
1,19.000000,17.201000,0.341000,-70,0.000000,7,8
1,19.000000,17.240000,0.262000,-70,0.000000,7,8
1,19.000000,17.436001,0.139000,-70,0.000000,7,8
1,19.000000,17.162001,0.147000,-70,0.000000,7,8
1,19.000000,17.406000,0.106000,-70,0.000000,7,8
1,19.000000,16.791000,0.238000,-71,0.000000,7,8
1,19.000000,17.465000,0.289000,-70,0.000000,7,8
1,19.000000,17.278999,0.294000,-70,0.000000,7,8
1,19.000000,17.201000,0.224000,-70,0.000000,7,8
1,19.000000,17.333000,0.129000,-71,0.000000,7,8
1,19.000000,17.201000,0.163000,-70,0.000000,7,8
1,19.000000,17.201000,0.235000,-70,0.000000,7,8
1,19.000000,17.416000,0.208000,-70,0.000000,7,8
1,19.000000,17.245001,0.268000,-70,0.000000,7,8
1,19.000000,17.103001,0.121000,-70,0.000000,7,8
1,19.000000,17.240000,0.250000,-70,0.000000,7,8
1,19.000000,17.304001,0.284000,-70,0.000000,7,8
1,19.000000,17.260000,0.322000,-71,0.000000,7,8
1,19.000000,17.421000,0.218000,-70,0.000000,7,8
1,19.000000,17.045000,0.273000,-70,0.000000,7,8
1,19.000000,17.450001,0.280000,-71,0.000000,7,8
1,19.000000,17.025000,0.313000,-71,0.000000,7,8
1,19.000000,16.966999,0.279000,-71,0.000000,7,8
1,19.000000,17.187000,0.231000,-70,0.000000,7,8
1,19.000000,16.888000,0.321000,-70,0.000000,7,8
1,19.000000,17.348000,0.181000,-70,0.000000,7,8
1,19.000000,17.245001,0.150000,-71,0.000000,7,8
1,19.000000,17.069000,0.278000,-70,0.000000,7,8
1,19.000000,17.045000,0.190000,-70,0.000000,7,8
1,19.000000,17.421000,0.158000,-70,0.000000,7,8
1,19.000000,17.362000,0.175000,-71,0.000000,7,8
1,19.000000,17.216000,0.174000,-70,0.000000,7,8
1,19.000000,17.099001,0.158000,-70,0.000000,7,8
1,19.000000,17.274000,0.217000,-70,0.000000,7,8
1,19.000000,17.421000,0.241000,-70,0.000000,7,8
1,19.000000,17.231001,0.380000,-70,0.000000,7,8
1,19.000000,17.230000,0.265000,-70,0.000000,7,8
1,19.000000,17.231001,0.307000,-70,0.000000,7,8
1,19.000000,17.377001,0.164000,-70,0.000000,7,8
1,19.000000,17.278999,0.317000,-71,0.000000,7,8
1,19.000000,17.377001,0.310000,-70,0.000000,7,8
1,19.000000,17.231001,0.225000,-70,0.000000,7,8
1,19.000000,17.406000,0.371000,-71,0.000000,7,8
1,19.000000,17.274000,0.228000,-71,0.000000,7,8
1,19.000000,17.333000,0.196000,-71,0.000000,7,8
1,19.000000,17.063999,0.184000,-71,0.000000,7,8
1,19.000000,17.337999,0.253000,-71,0.000000,7,8
1,19.000000,17.063999,0.237000,-71,0.000000,7,8
1,19.000000,17.362000,0.270000,-71,0.000000,7,8
1,19.000000,17.162001,0.197000,-71,0.000000,7,8
1,19.000000,17.122999,0.129000,-71,0.000000,7,8
1,19.000000,17.221001,0.264000,-71,0.000000,7,8
1,19.000000,17.025000,0.297000,-71,0.000000,7,8
1,19.000000,17.142000,0.220000,-71,0.000000,7,8
1,19.000000,17.216000,0.101000,-71,0.000000,7,8
1,19.000000,17.377001,0.144000,-71,0.000000,7,8
1,19.000000,17.304001,0.122000,-71,0.000000,7,8
1,19.000000,16.952000,0.289000,-71,0.000000,7,8
1,19.000000,17.069000,0.229000,-71,0.000000,7,8
1,19.000000,17.128000,0.175000,-71,0.000000,7,8
1,19.000000,17.011000,0.254000,-71,0.000000,7,8
1,19.000000,17.245001,0.234000,-70,0.000000,7,8
1,19.000000,16.868999,0.195000,-71,0.000000,7,8
1,19.000000,17.260000,0.181000,-71,0.000000,7,8
1,19.000000,17.333000,0.331000,-71,0.000000,7,8
1,19.000000,16.986000,0.245000,-70,0.000000,7,8
1,19.000000,17.289000,0.183000,-71,0.000000,7,8
1,19.000000,17.260000,0.222000,-71,0.000000,7,8
1,19.000000,17.084000,0.325000,-70,0.000000,7,8
1,19.000000,17.201000,0.187000,-71,0.000000,7,8
1,19.000000,17.333000,0.168000,-70,0.000000,7,8
1,19.000000,17.113001,0.144000,-70,0.000000,7,8
1,19.000000,17.274000,0.167000,-70,0.000000,7,8
1,19.000000,17.299000,0.198000,-70,0.000000,7,8
1,19.000000,17.318001,0.214000,-70,0.000000,7,8
1,19.000000,17.333000,0.227000,-70,0.000000,7,8
1,19.000000,17.278999,0.236000,-70,0.000000,7,8
1,19.000000,17.289000,0.124000,-70,0.000000,7,8
1,19.000000,17.245001,0.373000,-70,0.000000,7,8
1,19.000000,17.128000,0.414000,-70,0.000000,7,8
1,19.000000,16.927999,0.275000,-70,0.000000,7,8
1,19.000000,17.172001,0.189000,-70,0.000000,7,8
1,19.000000,17.450001,0.104000,-70,0.000000,7,8
1,19.000000,17.240000,0.209000,-70,0.000000,7,8
1,19.000000,17.172001,0.140000,-70,0.000000,7,8
1,19.000000,17.436001,0.156000,-70,0.000000,7,8
1,19.000000,17.299000,0.313000,-70,0.000000,7,8
1,19.000000,17.289000,0.244000,-70,0.000000,7,8
1,19.000000,17.221001,0.130000,-70,0.000000,7,8
1,19.000000,17.113001,0.243000,-70,0.000000,7,8
1,19.000000,17.025000,0.164000,-70,0.000000,7,8
1,19.000000,17.221001,0.154000,-70,0.000000,7,8
1,19.000000,16.889000,0.292000,-70,0.000000,7,8
1,19.000000,17.162001,0.206000,-71,0.000000,7,8
1,19.000000,17.392000,0.158000,-70,0.000000,7,8
1,19.000000,16.986000,0.128000,-70,0.000000,7,8
1,19.000000,16.986000,0.238000,-70,0.000000,7,8
1,19.000000,17.084000,0.084000,-70,0.000000,7,8
1,19.000000,17.318001,0.172000,-70,0.000000,7,8
1,19.000000,17.377001,0.196000,-71,0.000000,7,8
1,19.000000,17.304001,0.162000,-70,0.000000,7,8
1,19.000000,17.011000,0.287000,-71,0.000000,7,8
1,19.000000,17.172001,0.219000,-71,0.000000,7,8
1,19.000000,17.122999,0.245000,-71,0.000000,7,8
1,19.000000,17.274000,0.235000,-70,0.000000,7,8
1,19.000000,17.245001,0.214000,-71,0.000000,7,8
1,19.000000,17.181999,0.177000,-70,0.000000,7,8
1,19.000000,17.122999,0.233000,-70,0.000000,7,8
1,19.000000,17.006001,0.236000,-71,0.000000,7,8
1,19.000000,16.908001,0.250000,-70,0.000000,7,8
1,19.000000,17.216000,0.103000,-70,0.000000,7,8
1,19.000000,17.260000,0.197000,-70,0.000000,7,8
1,19.000000,17.240000,0.166000,-70,0.000000,7,8
1,19.000000,17.260000,0.206000,-70,0.000000,7,8
1,19.000000,17.348000,0.207000,-70,0.000000,7,8
1,19.000000,17.181999,0.128000,-70,0.000000,7,8
1,19.000000,17.201000,0.237000,-70,0.000000,7,8
1,19.000000,17.450001,0.167000,-70,0.000000,7,8
1,19.000000,17.333000,0.321000,-70,0.000000,7,8
1,19.000000,17.187000,0.154000,-70,0.000000,7,8
1,19.000000,17.084000,0.218000,-70,0.000000,7,8
1,19.000000,17.299000,0.168000,-70,0.000000,7,8
1,19.000000,17.181999,0.223000,-70,0.000000,7,8
1,19.000000,17.221001,0.129000,-70,0.000000,7,8
1,19.000000,17.162001,0.211000,-70,0.000000,7,8
1,19.000000,17.113001,0.247000,-70,0.000000,7,8
1,19.000000,17.240000,0.212000,-70,0.000000,7,8
1,19.000000,16.889000,0.331000,-70,0.000000,7,8
1,19.000000,17.319000,0.166000,-71,0.000000,7,8
1,19.000000,16.830000,0.279000,-70,0.000000,7,8
1,19.000000,16.908001,0.222000,-71,0.000000,7,8
1,19.000000,17.157000,0.247000,-70,0.000000,7,8
1,19.000000,17.221001,0.157000,-70,0.000000,7,8
1,19.000000,17.113001,0.306000,-70,0.000000,7,8
1,19.000000,17.392000,0.203000,-70,0.000000,7,8
1,19.000000,17.162001,0.251000,-71,0.000000,7,8
1,19.000000,17.221001,0.168000,-71,0.000000,7,8
1,19.000000,17.025000,0.188000,-71,0.000000,7,8
1,19.000000,17.289000,0.296000,-70,0.000000,7,8
1,19.000000,16.830000,0.331000,-71,0.000000,7,8
1,19.000000,17.181999,0.220000,-71,0.000000,7,8
1,19.000000,17.240000,0.203000,-71,0.000000,7,8
1,19.000000,16.927999,0.320000,-71,0.000000,7,8
1,19.000000,16.986000,0.163000,-71,0.000000,7,8
1,19.000000,17.045000,0.357000,-71,0.000000,7,8
1,19.000000,16.635000,0.330000,-71,0.000000,7,8
1,19.000000,16.653999,0.307000,-71,0.000000,7,8
1,19.000000,17.099001,0.247000,-70,0.000000,7,8
1,19.000000,17.142000,0.205000,-71,0.000000,7,8
1,19.000000,17.201000,0.223000,-71,0.000000,7,8
1,19.000000,16.791000,0.219000,-71,0.000000,7,8
1,19.000000,17.201000,0.193000,-70,0.000000,7,8
1,19.000000,17.240000,0.201000,-71,0.000000,7,8
1,19.000000,16.927999,0.236000,-71,0.000000,7,8
1,19.000000,17.392000,0.166000,-70,0.000000,7,8
1,19.000000,17.162001,0.215000,-71,0.000000,7,8
1,19.000000,17.006001,0.264000,-71,0.000000,7,8
1,19.000000,17.006001,0.268000,-71,0.000000,7,8
1,19.000000,17.377001,0.093000,-70,0.000000,7,8
1,19.000000,17.084000,0.201000,-71,0.000000,7,8
1,19.000000,17.318001,0.150000,-71,0.000000,7,8
1,19.000000,17.357000,0.275000,-71,0.000000,7,8
1,19.000000,17.142000,0.249000,-71,0.000000,7,8
1,19.000000,16.830000,0.309000,-71,0.000000,7,8
1,19.000000,17.216000,0.375000,-71,0.000000,7,8
1,19.000000,17.187000,0.206000,-71,0.000000,7,8
1,19.000000,17.201000,0.198000,-71,0.000000,7,8
1,19.000000,17.260000,0.143000,-71,0.000000,7,8
1,19.000000,16.849001,0.223000,-71,0.000000,7,8
1,19.000000,17.187000,0.321000,-70,0.000000,7,8
1,19.000000,17.216000,0.235000,-70,0.000000,7,8
1,19.000000,17.333000,0.148000,-71,0.000000,7,8
1,19.000000,16.966999,0.278000,-71,0.000000,7,8
1,19.000000,17.122999,0.190000,-71,0.000000,7,8
1,19.000000,17.299000,0.215000,-70,0.000000,7,8
1,19.000000,17.245001,0.276000,-71,0.000000,7,8
1,19.000000,17.274000,0.246000,-71,0.000000,7,8
1,19.000000,17.278999,0.267000,-70,0.000000,7,8
1,19.000000,17.221001,0.109000,-71,0.000000,7,8
1,19.000000,16.635000,0.524000,-71,0.000000,7,8
1,19.000000,17.289000,0.206000,-70,0.000000,7,8
1,19.000000,17.357000,0.185000,-70,0.000000,7,8
1,19.000000,17.240000,0.226000,-70,0.000000,7,8
1,19.000000,17.084000,0.093000,-71,0.000000,7,8
1,19.000000,17.143000,0.177000,-71,0.000000,7,8
1,19.000000,16.986000,0.240000,-71,0.000000,7,8
1,19.000000,16.986000,0.431000,-71,0.000000,7,8
1,19.000000,17.122999,0.294000,-70,0.000000,7,8
1,19.000000,16.947001,0.253000,-71,0.000000,7,8
1,19.000000,17.162001,0.278000,-71,0.000000,7,8
1,19.000000,17.377001,0.248000,-70,0.000000,7,8
1,19.000000,17.396000,0.135000,-70,0.000000,7,8
1,19.000000,17.299000,0.157000,-70,0.000000,7,8
1,19.000000,17.240000,0.259000,-71,0.000000,7,8
1,19.000000,17.172001,0.106000,-70,0.000000,7,8
1,19.000000,16.809999,0.401000,-71,0.000000,7,8
1,19.000000,16.888000,0.244000,-70,0.000000,7,8
1,19.000000,17.434999,0.138000,-70,0.000000,7,8
1,19.000000,17.392000,0.241000,-70,0.000000,7,8
1,19.000000,17.143000,0.227000,-70,0.000000,7,8
1,19.000000,17.333000,0.334000,-70,0.000000,7,8
1,19.000000,17.201000,0.269000,-70,0.000000,7,8
1,19.000000,17.392000,0.263000,-70,0.000000,7,8
1,19.000000,17.333000,0.356000,-70,0.000000,7,8
1,19.000000,17.122999,0.210000,-71,0.000000,7,8
1,19.000000,17.348000,0.203000,-71,0.000000,7,8
1,19.000000,16.908001,0.217000,-71,0.000000,7,8
1,19.000000,17.289000,0.352000,-70,0.000000,7,8
1,19.000000,17.143000,0.227000,-70,0.000000,7,8
1,19.000000,17.201000,0.168000,-71,0.000000,7,8
1,19.000000,17.260000,0.244000,-71,0.000000,7,8
1,19.000000,17.162001,0.178000,-70,0.000000,7,8
1,19.000000,17.304001,0.206000,-70,0.000000,7,8
1,19.000000,17.162001,0.134000,-71,0.000000,7,8
1,19.000000,17.260000,0.442000,-70,0.000000,7,8
1,19.000000,17.128000,0.225000,-71,0.000000,7,8
1,19.000000,17.084000,0.329000,-70,0.000000,7,8
1,19.000000,16.966999,0.308000,-70,0.000000,7,8
1,19.000000,17.122999,0.206000,-70,0.000000,7,8
1,19.000000,17.201000,0.179000,-70,0.000000,7,8
1,19.000000,17.201000,0.256000,-70,0.000000,7,8
1,19.000000,16.927999,0.184000,-70,0.000000,7,8
1,19.000000,16.908001,0.307000,-71,0.000000,7,8
1,19.000000,17.103001,0.131000,-70,0.000000,7,8
1,19.000000,16.809999,0.228000,-71,0.000000,7,8
1,19.000000,17.260000,0.162000,-70,0.000000,7,8
1,19.000000,16.868999,0.331000,-70,0.000000,7,8
1,19.000000,17.245001,0.198000,-70,0.000000,7,8
1,19.000000,17.318001,0.227000,-70,0.000000,7,8
1,19.000000,17.122999,0.165000,-70,0.000000,7,8
1,19.000000,17.348000,0.291000,-69,0.000000,7,8
1,19.000000,17.122999,0.196000,-70,0.000000,7,8
1,19.000000,17.045000,0.211000,-70,0.000000,7,8
1,19.000000,16.996000,0.463000,-71,0.000000,7,8
1,19.000000,17.230000,0.384000,-69,0.000000,7,8
1,19.000000,17.162001,0.237000,-71,0.000000,7,8
1,19.000000,17.122999,0.123000,-69,0.000000,7,8
1,19.000000,16.966999,0.156000,-71,0.000000,7,8
1,19.000000,17.362000,0.251000,-70,0.000000,7,8
1,19.000000,17.025000,0.429000,-70,0.000000,7,8
1,19.000000,17.157000,0.232000,-71,0.000000,7,8
1,19.000000,17.304001,0.194000,-70,0.000000,7,8
1,19.000000,17.318001,0.325000,-70,0.000000,7,8
1,19.000000,17.289000,0.209000,-69,0.000000,7,8
1,19.000000,17.142000,0.282000,-71,0.000000,7,8
1,19.000000,17.274000,0.451000,-71,0.000000,7,8
1,19.000000,16.986000,0.238000,-72,0.000000,7,8
1,19.000000,17.040001,0.301000,-72,0.000000,7,8
1,19.000000,17.084000,0.240000,-72,0.000000,7,8
1,19.000000,17.142000,0.303000,-71,0.000000,7,8
1,19.000000,17.299000,0.365000,-69,0.000000,7,8
1,19.000000,17.278999,0.224000,-69,0.000000,7,8
1,19.000000,17.299000,0.399000,-71,0.000000,7,8
1,19.000000,16.864000,0.294000,-72,0.000000,7,8
1,19.000000,17.406000,0.294000,-70,0.000000,7,8
1,19.000000,17.055000,0.192000,-70,0.000000,7,8
1,19.000000,17.025000,0.176000,-71,0.000000,7,8
1,19.000000,17.465000,0.218000,-71,0.000000,7,8
1,19.000000,17.299000,0.193000,-69,0.000000,7,8
1,19.000000,17.377001,0.229000,-69,0.000000,7,8
1,19.000000,17.157000,0.184000,-71,0.000000,7,8
1,19.000000,17.304001,0.220000,-70,0.000000,7,8
1,19.000000,17.162001,0.265000,-69,0.000000,7,8
1,19.000000,16.888000,0.308000,-71,0.000000,7,8
1,19.000000,17.045000,0.338000,-71,0.000000,7,8
1,19.000000,17.406000,0.197000,-68,0.000000,7,8
1,19.000000,17.631001,0.211000,-69,0.000000,7,8
1,19.000000,17.802000,1.002000,-72,0.000000,7,8
1,19.000000,17.260000,0.249000,-68,0.000000,7,8
1,19.000000,17.318001,0.275000,-71,0.000000,7,8
1,19.000000,17.142000,0.286000,-70,0.000000,7,8
1,19.000000,17.216000,0.285000,-71,0.000000,7,8
1,19.000000,17.299000,0.230000,-70,0.000000,7,8
1,19.000000,17.245001,0.168000,-71,0.000000,7,8
1,19.000000,17.337999,0.187000,-70,0.000000,7,8
1,19.000000,17.157000,0.244000,-72,0.000000,7,8
1,19.000000,17.113001,0.271000,-72,0.000000,7,8
1,19.000000,17.157000,0.268000,-70,0.000000,7,8
1,19.000000,17.455000,0.145000,-69,0.000000,7,8
1,19.000000,17.533001,0.112000,-71,0.000000,7,8
1,19.000000,17.728001,0.172000,-72,0.000000,7,8
1,19.000000,17.650000,0.487000,-72,0.000000,7,8
1,19.000000,16.849001,0.319000,-71,0.000000,7,8
1,19.000000,17.230000,0.092000,-69,0.000000,7,8
1,19.000000,17.875000,0.412000,-73,0.000000,7,8
1,19.000000,17.319000,0.298000,-70,0.000000,7,8
1,19.000000,17.113001,0.293000,-72,0.000000,7,8
1,19.000000,17.377001,0.361000,-70,0.000000,7,8
1,19.000000,17.245001,0.292000,-70,0.000000,7,8
1,19.000000,17.274000,0.268000,-70,0.000000,7,8
1,19.000000,17.318001,0.208000,-70,0.000000,7,8
1,19.000000,17.304001,0.112000,-70,0.000000,7,8
1,19.000000,17.278999,0.289000,-71,0.000000,7,8
1,19.000000,17.221001,0.219000,-72,0.000000,7,8
1,19.000000,16.947001,0.194000,-70,0.000000,7,8
1,19.000000,17.162001,0.319000,-69,0.000000,7,8
1,19.000000,17.221001,0.388000,-72,0.000000,7,8
1,19.000000,17.240000,0.205000,-68,0.000000,7,8
1,19.000000,17.641001,0.185000,-70,0.000000,7,8
1,19.000000,17.318001,0.145000,-70,0.000000,7,8
1,19.000000,17.260000,0.218000,-70,0.000000,7,8
1,19.000000,17.216000,0.337000,-72,0.000000,7,8
1,19.000000,17.084000,0.211000,-72,0.000000,7,8
1,19.000000,17.128000,0.232000,-71,0.000000,7,8
1,19.000000,17.128000,0.270000,-72,0.000000,7,8
1,19.000000,17.201000,0.176000,-72,0.000000,7,8
1,19.000000,16.986000,0.253000,-72,0.000000,7,8
1,19.000000,17.162001,0.115000,-72,0.000000,7,8
1,19.000000,16.966999,0.436000,-72,0.000000,7,8
1,19.000000,16.879000,0.225000,-72,0.000000,7,8
1,19.000000,17.162001,0.219000,-72,0.000000,7,8
1,19.000000,17.181999,0.238000,-72,0.000000,7,8
1,19.000000,17.069000,0.312000,-71,0.000000,7,8
1,19.000000,17.063999,0.240000,-71,0.000000,7,8
1,19.000000,17.455000,0.437000,-71,0.000000,7,8
1,19.000000,17.084000,0.366000,-70,0.000000,7,8
1,19.000000,16.732000,0.206000,-72,0.000000,7,8
1,19.000000,17.045000,0.272000,-71,0.000000,7,8
1,19.000000,16.927999,0.283000,-71,0.000000,7,8
1,19.000000,16.809999,0.276000,-72,0.000000,7,8
1,19.000000,17.337999,0.204000,-73,0.000000,7,8
1,19.000000,17.025000,0.429000,-73,0.000000,7,8
1,19.000000,16.966999,1.776000,-72,0.000000,7,8
1,19.000000,16.868999,1.748000,-73,0.000000,7,8
1,19.000000,17.162001,1.789000,-74,0.000000,7,8
1,19.000000,17.099001,0.275000,-73,0.000000,7,8
1,19.000000,17.045000,0.511000,-72,0.000000,7,8
1,19.000000,17.122999,1.237000,-73,0.000000,7,8
1,19.000000,17.201000,0.460000,-73,0.000000,7,8
1,19.000000,17.278999,0.409000,-73,0.000000,7,8
1,19.000000,17.162001,1.246000,-73,0.000000,7,8
1,19.000000,17.278999,1.392000,-74,0.000000,7,8
1,19.000000,17.318001,1.865000,-74,0.000000,7,8
1,19.000000,17.260000,0.431000,-73,0.000000,7,8
1,19.000000,17.318001,0.322000,-73,0.000000,7,8
1,19.000000,17.533001,1.202000,-73,0.000000,7,8
1,19.000000,17.181999,0.603000,-73,0.000000,7,8
1,19.000000,17.493999,0.261000,-72,0.000000,7,8
1,19.000000,17.025000,0.282000,-72,0.000000,7,8
1,19.000000,17.103001,0.212000,-72,0.000000,7,8
1,19.000000,17.128000,0.160000,-70,0.000000,7,8
1,19.000000,16.966999,0.205000,-70,0.000000,7,8
1,19.000000,17.289000,0.198000,-70,0.000000,7,8
1,19.000000,17.162001,0.163000,-70,0.000000,7,8
1,19.000000,16.947001,0.216000,-70,0.000000,7,8
1,19.000000,17.181000,0.163000,-70,0.000000,7,8
1,19.000000,17.084000,0.238000,-71,0.000000,7,8
1,19.000000,17.337999,0.238000,-70,0.000000,7,8
1,19.000000,17.260000,0.164000,-70,0.000000,7,8
1,19.000000,17.201000,0.172000,-70,0.000000,7,8
1,19.000000,17.289000,0.258000,-70,0.000000,7,8
1,19.000000,17.357000,0.240000,-70,0.000000,7,8
1,19.000000,17.245001,0.195000,-71,0.000000,7,8
1,19.000000,17.299000,0.345000,-70,0.000000,7,8
1,19.000000,17.318001,0.260000,-70,0.000000,7,8
1,19.000000,17.025000,0.287000,-71,0.000000,7,8
1,19.000000,17.142000,0.291000,-71,0.000000,7,8
1,19.000000,17.357000,0.124000,-72,0.000000,7,8
1,19.000000,16.712999,0.875000,-72,0.000000,7,8
1,19.000000,17.157000,0.320000,-72,0.000000,7,8
1,19.000000,16.791000,0.458000,-72,0.000000,7,8
1,19.000000,17.240000,0.642000,-72,0.000000,7,8
1,19.000000,17.278999,1.554000,-73,0.000000,7,8
1,19.000000,17.278999,1.471000,-73,0.000000,7,8
1,19.000000,17.221001,1.458000,-73,0.000000,7,8
1,19.000000,17.084000,0.856000,-73,0.000000,7,8
1,19.000000,17.337999,1.308000,-74,0.000000,7,8
1,19.000000,17.063999,0.308000,-74,0.000000,7,8
1,19.000000,16.809999,0.624000,-73,0.000000,7,8
1,19.000000,16.966999,0.463000,-73,0.000000,7,8
1,19.000000,16.830000,0.535000,-73,0.000000,7,8
1,19.000000,16.938000,0.361000,-72,0.000000,7,8
1,19.000000,16.747000,0.317000,-73,0.000000,7,8
1,19.000000,17.377001,0.373000,-73,0.000000,7,8
1,19.000000,17.230000,0.499000,-73,0.000000,7,8
1,19.000000,17.069000,0.419000,-74,0.000000,7,8
1,19.000000,17.025000,1.387000,-73,0.000000,7,8
1,19.000000,16.952000,0.130000,-73,0.000000,7,8
1,19.000000,17.113001,0.166000,-73,0.000000,7,8
1,19.000000,16.966999,0.389000,-73,0.000000,7,8
1,19.000000,17.063999,0.430000,-73,0.000000,7,8
1,19.000000,17.260000,0.556000,-72,0.000000,7,8
1,19.000000,16.908001,0.866000,-73,0.000000,7,8
1,19.000000,16.596001,1.386000,-72,0.000000,7,8
1,19.000000,16.518000,0.437000,-72,0.000000,7,8
1,19.000000,17.865000,1.555000,-74,0.000000,7,8
1,19.000000,16.400000,1.013000,-74,0.000000,7,8
1,19.000000,16.497999,1.848000,-74,0.000000,7,8
1,19.000000,16.576000,2.450000,-75,0.000000,7,8
1,19.000000,16.556999,2.446000,-75,0.000000,7,8
1,19.000000,16.420000,2.651000,-75,0.000000,7,8
1,19.000000,16.400999,2.660000,-75,0.000000,7,8
1,19.000000,16.791000,2.007000,-74,0.000000,7,8
1,19.000000,16.615000,2.457000,-74,0.000000,7,8
1,19.000000,16.615000,1.910000,-73,0.000000,7,8
1,19.000000,15.990000,0.415000,-71,0.000000,7,8
1,19.000000,16.205000,0.401000,-72,0.000000,7,8
1,19.000000,16.264000,0.639000,-73,0.000000,7,8
1,19.000000,16.440001,2.108000,-74,0.000000,7,8
1,19.000000,16.322001,1.936000,-74,0.000000,7,8
1,19.000000,15.775000,2.686000,-73,0.000000,7,8
1,19.000000,16.087999,2.582000,-74,0.000000,7,8
1,19.000000,16.820000,2.379000,-74,0.000000,7,8
1,19.000000,17.698999,1.927000,-73,0.000000,7,8
1,19.000000,16.771999,1.488000,-73,0.000000,7,8
1,19.000000,16.732000,1.874000,-72,0.000000,7,8
1,19.000000,16.479000,2.027000,-73,0.000000,7,8
1,19.000000,16.693001,1.283000,-72,0.000000,7,8
1,19.000000,16.556999,1.359000,-72,0.000000,7,8
1,19.000000,16.811001,1.429000,-73,0.000000,7,8
1,19.000000,16.752001,1.263000,-74,0.000000,7,8
1,19.000000,16.752001,0.718000,-71,0.000000,7,8
1,19.000000,16.653999,0.657000,-71,0.000000,7,8
1,19.000000,16.596001,0.914000,-72,0.000000,7,8
1,19.000000,16.518000,1.114000,-72,0.000000,7,8
1,19.000000,15.854000,1.837000,-72,0.000000,7,8
1,19.000000,15.756000,1.511000,-72,0.000000,7,8
1,19.000000,15.815000,2.375000,-73,0.000000,7,8
1,19.000000,15.365000,1.135000,-72,0.000000,7,8
1,19.000000,16.184999,0.807000,-72,0.000000,7,8
1,19.000000,16.732000,0.435000,-71,0.000000,7,8
1,19.000000,16.908001,0.365000,-71,0.000000,7,8
1,19.000000,16.809999,0.303000,-71,0.000000,7,8
1,19.000000,17.006001,0.234000,-70,0.000000,7,8
1,19.000000,16.986000,0.343000,-69,0.000000,7,8
1,19.000000,17.201000,0.364000,-70,0.000000,7,8
1,19.000000,16.712999,0.306000,-70,0.000000,7,8
1,19.000000,17.099001,0.390000,-71,0.000000,7,8
1,19.000000,17.143000,0.326000,-71,0.000000,7,8
1,19.000000,17.172001,0.162000,-71,0.000000,7,8
1,19.000000,16.966999,0.224000,-70,0.000000,7,8
1,19.000000,16.791000,0.297000,-71,0.000000,7,8
1,19.000000,16.879000,0.316000,-71,0.000000,7,8
1,19.000000,17.069000,0.203000,-70,0.000000,7,8
1,19.000000,17.523001,0.228000,-72,0.000000,7,8
1,19.000000,17.421000,0.287000,-72,0.000000,7,8
1,19.000000,17.221001,0.236000,-69,0.000000,7,8
1,19.000000,17.377001,0.300000,-72,0.000000,7,8
1,19.000000,17.493999,0.155000,-69,0.000000,7,8
1,19.000000,17.434999,0.184000,-69,0.000000,7,8
1,19.000000,17.230000,0.411000,-72,0.000000,7,8
1,19.000000,17.698999,0.275000,-69,0.000000,7,8
1,19.000000,17.729000,0.268000,-71,0.000000,7,8
1,19.000000,17.591999,0.235000,-70,0.000000,7,8
1,19.000000,17.450001,0.263000,-70,0.000000,7,8
1,19.000000,17.582001,0.279000,-71,0.000000,7,8
1,19.000000,17.216000,0.290000,-71,0.000000,7,8
1,19.000000,17.434999,0.223000,-68,0.000000,7,8
1,19.000000,17.572001,0.213000,-70,0.000000,7,8
1,19.000000,17.357000,0.351000,-71,0.000000,7,8
1,19.000000,17.142000,0.207000,-71,0.000000,7,8
1,19.000000,17.245001,0.258000,-71,0.000000,7,8
1,19.000000,16.893999,0.701000,-71,0.000000,7,8
1,19.000000,17.260000,0.289000,-69,0.000000,7,8
1,19.000000,16.850000,0.278000,-72,0.000000,7,8
1,19.000000,17.377001,0.164000,-70,0.000000,7,8
1,19.000000,16.517000,0.532000,-71,0.000000,7,8
1,19.000000,17.187000,0.142000,-71,0.000000,7,8
1,19.000000,17.333000,0.294000,-70,0.000000,7,8
1,19.000000,17.230000,0.253000,-70,0.000000,7,8
1,19.000000,17.103001,0.164000,-69,0.000000,7,8
1,19.000000,17.260000,0.194000,-70,0.000000,7,8
1,19.000000,17.187000,0.272000,-70,0.000000,7,8
1,19.000000,17.216000,0.289000,-70,0.000000,7,8
1,19.000000,17.103001,0.188000,-70,0.000000,7,8
1,19.000000,17.099001,0.200000,-71,0.000000,7,8
1,19.000000,17.260000,0.217000,-71,0.000000,7,8
1,19.000000,17.245001,0.146000,-70,0.000000,7,8
1,19.000000,16.908001,0.282000,-70,0.000000,7,8
1,19.000000,17.143000,0.830000,-71,0.000000,7,8
1,19.000000,17.572001,0.130000,-69,0.000000,7,8
1,19.000000,17.187000,0.315000,-70,0.000000,7,8
1,19.000000,17.304001,0.302000,-71,0.000000,7,8
1,19.000000,17.142000,0.160000,-70,0.000000,7,8
1,19.000000,16.966999,0.273000,-71,0.000000,7,8
1,19.000000,16.927999,0.227000,-70,0.000000,7,8
1,19.000000,17.230000,0.287000,-70,0.000000,7,8
1,19.000000,17.113001,0.241000,-70,0.000000,7,8
1,19.000000,17.337999,0.097000,-69,0.000000,7,8
1,19.000000,17.245001,1.118000,-70,0.000000,7,8
1,19.000000,17.230000,0.178000,-71,0.000000,7,8
1,19.000000,17.128000,0.340000,-70,0.000000,7,8
1,19.000000,17.319000,0.381000,-71,0.000000,7,8
1,19.000000,17.523001,0.161000,-71,0.000000,7,8
1,19.000000,17.260000,0.317000,-71,0.000000,7,8
1,19.000000,17.025000,0.210000,-70,0.000000,7,8
1,19.000000,17.143000,0.160000,-70,0.000000,7,8
1,19.000000,17.103001,0.243000,-70,0.000000,7,8
1,19.000000,17.103001,0.192000,-71,0.000000,7,8
1,19.000000,17.278999,0.105000,-70,0.000000,7,8
1,19.000000,17.216000,0.336000,-70,0.000000,7,8
1,19.000000,17.362000,0.146000,-70,0.000000,7,8
1,19.000000,17.245001,0.280000,-70,0.000000,7,8
1,19.000000,17.128000,0.317000,-70,0.000000,7,8
1,19.000000,17.128000,0.297000,-71,0.000000,7,8
1,19.000000,17.128000,0.477000,-70,0.000000,7,8
1,19.000000,16.908001,0.309000,-71,0.000000,7,8
1,19.000000,17.045000,0.270000,-71,0.000000,7,8
1,19.000000,17.084000,0.292000,-70,0.000000,7,8
1,19.000000,17.187000,0.176000,-70,0.000000,7,8
1,19.000000,17.245001,0.199000,-70,0.000000,7,8
1,19.000000,17.143000,0.207000,-70,0.000000,7,8
1,19.000000,17.260000,0.150000,-71,0.000000,7,8
1,19.000000,17.187000,0.233000,-70,0.000000,7,8
1,19.000000,17.216000,0.663000,-70,0.000000,7,8
1,19.000000,16.947001,0.420000,-71,0.000000,7,8
1,19.000000,17.348000,0.280000,-71,0.000000,7,8
1,19.000000,17.221001,0.235000,-71,0.000000,7,8
1,19.000000,17.084000,0.244000,-71,0.000000,7,8
1,19.000000,17.157000,0.254000,-71,0.000000,7,8
1,19.000000,17.069000,0.264000,-71,0.000000,7,8
1,19.000000,17.201000,0.120000,-71,0.000000,7,8
1,19.000000,17.245001,0.352000,-70,0.000000,7,8
1,19.000000,17.392000,0.259000,-71,0.000000,7,8
1,19.000000,17.318001,0.163000,-71,0.000000,7,8
1,19.000000,17.216000,0.318000,-70,0.000000,7,8
1,19.000000,17.230000,0.274000,-70,0.000000,7,8
1,19.000000,17.104000,0.237000,-70,0.000000,7,8
1,19.000000,17.348000,0.324000,-70,0.000000,7,8
1,19.000000,17.201000,0.254000,-70,0.000000,7,8
1,19.000000,17.122999,0.155000,-70,0.000000,7,8
1,19.000000,17.299000,0.198000,-70,0.000000,7,8
1,19.000000,17.362000,0.161000,-70,0.000000,7,8
1,19.000000,16.771000,0.244000,-71,0.000000,7,8
1,19.000000,17.221001,0.089000,-70,0.000000,7,8
1,19.000000,16.888000,0.292000,-70,0.000000,7,8
1,19.000000,17.099001,0.315000,-71,0.000000,7,8
1,19.000000,17.172001,0.298000,-70,0.000000,7,8
1,19.000000,17.299000,0.103000,-70,0.000000,7,8
1,19.000000,17.260000,0.242000,-71,0.000000,7,8
1,19.000000,17.099001,0.188000,-70,0.000000,7,8
1,19.000000,17.187000,0.136000,-70,0.000000,7,8
1,19.000000,17.103001,0.205000,-70,0.000000,7,8
1,19.000000,17.025000,0.216000,-71,0.000000,7,8
1,19.000000,17.455000,0.331000,-70,0.000000,7,8
1,19.000000,17.348000,0.247000,-70,0.000000,7,8
1,19.000000,17.113001,0.327000,-71,0.000000,7,8
1,19.000000,17.172001,0.169000,-70,0.000000,7,8
1,19.000000,17.240000,0.187000,-70,0.000000,7,8
1,19.000000,17.493999,0.373000,-71,0.000000,7,8
1,19.000000,17.055000,0.167000,-71,0.000000,7,8
1,19.000000,17.084000,0.147000,-70,0.000000,7,8
1,19.000000,17.221001,0.173000,-70,0.000000,7,8
1,19.000000,17.245001,0.322000,-71,0.000000,7,8
1,19.000000,17.063999,0.297000,-70,0.000000,7,8
1,19.000000,17.025000,0.155000,-71,0.000000,7,8
1,19.000000,17.143000,0.200000,-71,0.000000,7,8
1,19.000000,17.260000,0.198000,-70,0.000000,7,8
1,19.000000,17.201000,0.159000,-70,0.000000,7,8
1,19.000000,17.245001,0.190000,-70,0.000000,7,8
1,19.000000,17.084000,0.240000,-71,0.000000,7,8
1,19.000000,17.063999,0.175000,-70,0.000000,7,8
1,19.000000,17.142000,0.208000,-71,0.000000,7,8
1,19.000000,17.392000,0.366000,-71,0.000000,7,8
1,19.000000,17.299000,0.290000,-70,0.000000,7,8
1,19.000000,17.172001,0.220000,-71,0.000000,7,8
1,19.000000,17.025000,0.180000,-71,0.000000,7,8
1,19.000000,17.377001,0.361000,-70,0.000000,7,8
1,19.000000,17.006001,0.252000,-71,0.000000,7,8
1,19.000000,17.231001,0.184000,-70,0.000000,7,8
1,19.000000,17.143000,0.318000,-71,0.000000,7,8
1,19.000000,17.143000,0.138000,-71,0.000000,7,8
1,19.000000,17.231001,0.222000,-70,0.000000,7,8
1,19.000000,17.099001,0.205000,-71,0.000000,7,8
1,19.000000,17.099001,0.251000,-71,0.000000,7,8
1,19.000000,17.128000,0.161000,-71,0.000000,7,8
1,19.000000,17.201000,0.333000,-70,0.000000,7,8
1,19.000000,17.142000,0.180000,-71,0.000000,7,8
1,19.000000,17.377001,0.201000,-70,0.000000,7,8
1,19.000000,17.162001,0.176000,-71,0.000000,7,8
1,19.000000,17.221001,0.196000,-70,0.000000,7,8
1,19.000000,17.231001,0.138000,-71,0.000000,7,8
1,19.000000,17.289000,0.282000,-71,0.000000,7,8
1,19.000000,17.201000,0.119000,-71,0.000000,7,8
1,19.000000,17.260000,0.134000,-70,0.000000,7,8
1,19.000000,17.113001,0.254000,-71,0.000000,7,8
1,19.000000,17.113001,0.324000,-70,0.000000,7,8
1,19.000000,17.357000,0.208000,-71,0.000000,7,8
1,19.000000,17.231001,0.207000,-71,0.000000,7,8
1,19.000000,17.201000,0.142000,-70,0.000000,7,8
1,19.000000,17.113001,0.286000,-70,0.000000,7,8
1,19.000000,17.201000,0.294000,-70,0.000000,7,8
1,19.000000,17.436001,0.251000,-71,0.000000,7,8
1,19.000000,17.216000,0.141000,-71,0.000000,7,8
1,19.000000,17.274000,0.231000,-70,0.000000,7,8
1,19.000000,17.289000,0.272000,-71,0.000000,7,8
1,19.000000,17.318001,0.212000,-70,0.000000,7,8
1,19.000000,17.289000,0.155000,-70,0.000000,7,8
1,19.000000,17.240000,0.246000,-71,0.000000,7,8
1,19.000000,17.181999,0.214000,-71,0.000000,7,8
1,19.000000,17.157000,0.307000,-71,0.000000,7,8
1,19.000000,17.025000,0.141000,-71,0.000000,7,8
1,19.000000,17.377001,0.378000,-70,0.000000,7,8
1,19.000000,17.128000,0.097000,-71,0.000000,7,8
1,19.000000,17.304001,0.150000,-70,0.000000,7,8
1,19.000000,17.260000,0.192000,-71,0.000000,7,8
1,19.000000,17.245001,0.216000,-70,0.000000,7,8
1,19.000000,17.289000,0.246000,-70,0.000000,7,8
1,19.000000,17.055000,0.214000,-71,0.000000,7,8
1,19.000000,17.333000,0.212000,-71,0.000000,7,8
1,19.000000,17.333000,0.126000,-70,0.000000,7,8
1,19.000000,17.319000,0.365000,-70,0.000000,7,8
1,19.000000,17.333000,0.181000,-70,0.000000,7,8
1,19.000000,16.947001,0.194000,-71,0.000000,7,8
1,19.000000,17.181999,0.196000,-71,0.000000,7,8
1,19.000000,17.122999,0.209000,-71,0.000000,7,8
1,19.000000,17.187000,0.221000,-70,0.000000,7,8
1,19.000000,17.055000,0.237000,-70,0.000000,7,8
1,19.000000,17.231001,0.379000,-70,0.000000,7,8
1,19.000000,17.245001,0.262000,-71,0.000000,7,8
1,19.000000,17.187000,0.093000,-70,0.000000,7,8
1,19.000000,17.040001,0.144000,-71,0.000000,7,8
1,19.000000,17.122999,0.240000,-71,0.000000,7,8
1,19.000000,17.396000,0.206000,-70,0.000000,7,8
1,19.000000,17.122999,0.206000,-71,0.000000,7,8
1,19.000000,17.348000,0.151000,-70,0.000000,7,8
1,19.000000,17.289000,0.351000,-70,0.000000,7,8
1,19.000000,17.231001,0.164000,-71,0.000000,7,8
1,19.000000,17.025000,0.164000,-71,0.000000,7,8
1,19.000000,17.240000,0.235000,-70,0.000000,7,8
1,19.000000,17.231001,0.314000,-70,0.000000,7,8
1,19.000000,17.172001,0.332000,-71,0.000000,7,8
1,19.000000,17.063999,0.258000,-71,0.000000,7,8
1,19.000000,17.157000,0.226000,-71,0.000000,7,8
1,19.000000,17.230000,0.129000,-71,0.000000,7,8
1,19.000000,17.260000,0.140000,-70,0.000000,7,8
1,19.000000,16.752001,0.267000,-71,0.000000,7,8
1,19.000000,16.850000,0.226000,-71,0.000000,7,8
1,19.000000,16.908001,0.293000,-71,0.000000,7,8
1,19.000000,17.216000,0.297000,-70,0.000000,7,8
1,19.000000,17.201000,0.238000,-71,0.000000,7,8
1,19.000000,17.128000,0.366000,-70,0.000000,7,8
1,19.000000,17.392000,0.255000,-69,0.000000,7,8
1,19.000000,17.099001,0.158000,-72,0.000000,7,8
1,19.000000,17.221001,0.136000,-70,0.000000,7,8
1,19.000000,17.333000,0.177000,-70,0.000000,7,8
1,19.000000,17.011000,0.272000,-71,0.000000,7,8
1,19.000000,17.172001,0.201000,-70,0.000000,7,8
1,19.000000,17.221001,0.262000,-70,0.000000,7,8
1,19.000000,17.006001,0.309000,-71,0.000000,7,8
1,19.000000,17.172001,0.250000,-71,0.000000,7,8
1,19.000000,17.304001,0.390000,-69,0.000000,7,8
1,19.000000,17.434999,0.252000,-69,0.000000,7,8
1,19.000000,17.289000,0.185000,-70,0.000000,7,8
1,19.000000,17.201000,0.159000,-70,0.000000,7,8
1,19.000000,17.187000,0.316000,-70,0.000000,7,8
1,19.000000,16.830000,0.331000,-71,0.000000,7,8
1,19.000000,17.391001,0.156000,-69,0.000000,7,8
1,19.000000,17.216000,0.237000,-70,0.000000,7,8
1,19.000000,17.221001,0.086000,-70,0.000000,7,8
1,19.000000,17.611000,0.266000,-71,0.000000,7,8
1,19.000000,16.864000,0.678000,-71,0.000000,7,8
1,19.000000,17.216000,0.454000,-70,0.000000,7,8
1,19.000000,17.260000,0.255000,-70,0.000000,7,8
1,19.000000,17.084000,0.290000,-71,0.000000,7,8
1,19.000000,16.868999,0.210000,-71,0.000000,7,8
1,19.000000,17.157000,0.296000,-70,0.000000,7,8
1,19.000000,17.362000,0.166000,-70,0.000000,7,8
1,19.000000,17.260000,0.325000,-70,0.000000,7,8
1,19.000000,17.552999,0.632000,-69,0.000000,7,8
1,19.000000,17.421000,0.256000,-70,0.000000,7,8
1,19.000000,17.162001,0.184000,-71,0.000000,7,8
1,19.000000,17.103001,0.194000,-70,0.000000,7,8
1,19.000000,17.552999,0.211000,-69,0.000000,7,8
1,19.000000,17.333000,0.423000,-70,0.000000,7,8
1,19.000000,17.299000,0.293000,-71,0.000000,7,8
1,19.000000,16.927999,0.261000,-70,0.000000,7,8
1,19.000000,17.162001,0.179000,-71,0.000000,7,8
1,19.000000,17.274000,0.430000,-70,0.000000,7,8
1,19.000000,17.377001,0.177000,-70,0.000000,7,8
1,19.000000,17.230000,0.199000,-71,0.000000,7,8
1,19.000000,17.299000,0.183000,-70,0.000000,7,8
1,19.000000,17.318001,0.352000,-71,0.000000,7,8
1,19.000000,17.289000,0.392000,-70,0.000000,7,8
1,19.000000,17.982000,1.471000,-71,0.000000,7,8
1,19.000000,17.655001,0.381000,-72,0.000000,7,8
1,19.000000,17.143000,0.267000,-71,0.000000,7,8
1,19.000000,17.333000,0.296000,-69,0.000000,7,8
1,19.000000,16.923000,0.285000,-70,0.000000,7,8
1,19.000000,17.406000,0.302000,-69,0.000000,7,8
1,19.000000,16.923000,0.191000,-71,0.000000,7,8
1,19.000000,17.333000,0.242000,-69,0.000000,7,8
1,19.000000,17.157000,0.257000,-71,0.000000,7,8
1,19.000000,17.436001,0.393000,-70,0.000000,7,8
1,19.000000,17.377001,0.233000,-69,0.000000,7,8
1,19.000000,17.172001,0.434000,-70,0.000000,7,8
1,19.000000,17.392000,0.573000,-69,0.000000,7,8
1,19.000000,17.011000,0.458000,-71,0.000000,7,8
1,19.000000,17.055000,0.421000,-71,0.000000,7,8
1,19.000000,16.868999,0.247000,-70,0.000000,7,8
1,19.000000,17.113001,0.635000,-70,0.000000,7,8
1,19.000000,17.069000,0.372000,-71,0.000000,7,8
1,19.000000,17.084000,0.294000,-71,0.000000,7,8
1,19.000000,17.337999,0.260000,-69,0.000000,7,8
1,19.000000,17.333000,0.229000,-69,0.000000,7,8
1,19.000000,17.289000,0.281000,-70,0.000000,7,8
1,19.000000,17.162001,0.264000,-69,0.000000,7,8
1,19.000000,17.728001,0.322000,-69,0.000000,7,8
1,19.000000,17.493999,0.199000,-69,0.000000,7,8
1,19.000000,17.221001,0.241000,-70,0.000000,7,8
1,19.000000,17.362000,0.318000,-70,0.000000,7,8
1,19.000000,17.337999,0.314000,-70,0.000000,7,8
1,19.000000,17.143000,0.261000,-70,0.000000,7,8
1,19.000000,17.524000,0.140000,-72,0.000000,7,8
1,19.000000,17.450001,0.348000,-73,0.000000,7,8
1,19.000000,17.172001,0.362000,-73,0.000000,7,8
1,19.000000,16.966999,0.254000,-70,0.000000,7,8
1,19.000000,17.304001,0.391000,-70,0.000000,7,8
1,19.000000,17.538000,0.204000,-69,0.000000,7,8
1,19.000000,17.436001,0.310000,-70,0.000000,7,8
1,19.000000,17.113001,0.174000,-70,0.000000,7,8
1,19.000000,17.187000,0.369000,-70,0.000000,7,8
1,19.000000,17.113001,0.769000,-70,0.000000,7,8
1,19.000000,17.333000,0.325000,-71,0.000000,7,8
1,19.000000,17.187000,0.243000,-72,0.000000,7,8
1,19.000000,17.113001,0.254000,-72,0.000000,7,8
1,19.000000,17.172001,0.337000,-71,0.000000,7,8
1,19.000000,16.761999,0.573000,-72,0.000000,7,8
1,19.000000,17.128000,0.153000,-70,0.000000,7,8
1,19.000000,17.099001,0.414000,-71,0.000000,7,8
1,19.000000,17.055000,0.427000,-72,0.000000,7,8
1,19.000000,17.040001,0.363000,-73,0.000000,7,8
1,19.000000,17.245001,0.231000,-72,0.000000,7,8
1,19.000000,17.186001,0.250000,-72,0.000000,7,8
1,19.000000,17.055000,0.249000,-72,0.000000,7,8
1,19.000000,17.318001,0.241000,-70,0.000000,7,8
1,19.000000,17.187000,0.242000,-72,0.000000,7,8
1,19.000000,17.122999,0.238000,-70,0.000000,7,8
1,19.000000,17.552999,0.239000,-71,0.000000,7,8
1,19.000000,17.143000,0.175000,-71,0.000000,7,8
1,19.000000,17.122999,0.139000,-70,0.000000,7,8
1,19.000000,16.966999,0.231000,-70,0.000000,7,8
1,19.000000,17.278999,0.285000,-69,0.000000,7,8
1,19.000000,17.436001,0.164000,-69,0.000000,7,8
1,19.000000,17.728001,0.265000,-69,0.000000,7,8
1,19.000000,17.493999,0.215000,-71,0.000000,7,8
1,19.000000,17.392000,0.268000,-71,0.000000,7,8
1,19.000000,17.025000,0.216000,-71,0.000000,7,8
1,19.000000,17.275000,0.328000,-70,0.000000,7,8
1,19.000000,17.084000,0.258000,-70,0.000000,7,8
1,19.000000,17.084000,0.226000,-70,0.000000,7,8
1,19.000000,17.333000,0.225000,-70,0.000000,7,8
1,19.000000,17.348000,0.295000,-70,0.000000,7,8
1,19.000000,16.947001,0.382000,-71,0.000000,7,8
1,19.000000,17.142000,0.253000,-71,0.000000,7,8
1,19.000000,17.377001,0.310000,-70,0.000000,7,8
1,19.000000,17.406000,0.184000,-70,0.000000,7,8
1,19.000000,17.450001,0.269000,-71,0.000000,7,8
1,19.000000,17.143000,0.449000,-71,0.000000,7,8
1,19.000000,17.392000,0.262000,-71,0.000000,7,8
1,19.000000,17.245001,0.364000,-71,0.000000,7,8
1,19.000000,17.143000,0.370000,-71,0.000000,7,8
1,19.000000,17.434999,0.124000,-70,0.000000,7,8
1,19.000000,17.221001,0.245000,-70,0.000000,7,8
1,19.000000,17.221001,0.243000,-71,0.000000,7,8
1,19.000000,17.245001,0.363000,-71,0.000000,7,8
1,19.000000,17.245001,0.333000,-70,0.000000,7,8
1,19.000000,17.128000,0.345000,-70,0.000000,7,8
1,19.000000,17.304001,0.232000,-71,0.000000,7,8
1,19.000000,17.143000,0.329000,-71,0.000000,7,8
1,19.000000,17.025000,0.406000,-71,0.000000,7,8
1,19.000000,16.927999,0.392000,-71,0.000000,7,8
1,19.000000,17.084000,0.209000,-70,0.000000,7,8
1,19.000000,17.025000,0.257000,-70,0.000000,7,8
1,19.000000,17.045000,0.306000,-70,0.000000,7,8
1,19.000000,17.450001,0.175000,-70,0.000000,7,8
1,19.000000,17.396000,0.360000,-71,0.000000,7,8
1,19.000000,17.201000,0.169000,-71,0.000000,7,8
1,19.000000,17.299000,0.204000,-71,0.000000,7,8
1,19.000000,17.025000,0.276000,-70,0.000000,7,8
1,19.000000,16.966999,0.296000,-69,0.000000,7,8
1,19.000000,17.006001,0.243000,-70,0.000000,7,8
1,19.000000,17.063999,0.212000,-71,0.000000,7,8
1,19.000000,16.908001,0.289000,-70,0.000000,7,8
1,19.000000,17.103001,0.377000,-70,0.000000,7,8
1,19.000000,17.333000,0.360000,-70,0.000000,7,8
1,19.000000,17.187000,0.355000,-70,0.000000,7,8
1,19.000000,17.187000,0.356000,-70,0.000000,7,8
1,19.000000,16.986000,0.250000,-70,0.000000,7,8
1,19.000000,17.278999,0.247000,-70,0.000000,7,8
1,19.000000,17.274000,0.263000,-70,0.000000,7,8
1,19.000000,17.128000,0.308000,-70,0.000000,7,8
1,19.000000,17.157000,0.346000,-71,0.000000,7,8
1,19.000000,17.040001,0.542000,-70,0.000000,7,8
1,19.000000,17.128000,0.288000,-70,0.000000,7,8
1,19.000000,17.025000,0.186000,-71,0.000000,7,8
1,19.000000,17.216000,0.187000,-71,0.000000,7,8
1,19.000000,16.938000,0.178000,-71,0.000000,7,8
1,19.000000,17.084000,0.301000,-70,0.000000,7,8
1,19.000000,17.304001,0.372000,-69,0.000000,7,8
1,19.000000,17.040001,0.444000,-70,0.000000,7,8
1,19.000000,17.187000,0.305000,-71,0.000000,7,8
1,19.000000,17.045000,0.384000,-70,0.000000,7,8
1,19.000000,17.245001,0.175000,-69,0.000000,7,8
1,19.000000,17.278999,0.247000,-70,0.000000,7,8
1,19.000000,16.966999,0.333000,-70,0.000000,7,8
1,19.000000,17.274000,0.182000,-70,0.000000,7,8
1,19.000000,17.084000,0.212000,-70,0.000000,7,8
1,19.000000,17.113001,0.242000,-70,0.000000,7,8
1,19.000000,17.509001,0.160000,-69,0.000000,7,8
1,19.000000,17.377001,0.173000,-70,0.000000,7,8
1,19.000000,17.260000,0.351000,-71,0.000000,7,8
1,19.000000,17.362000,0.234000,-71,0.000000,7,8
1,19.000000,17.289000,0.205000,-70,0.000000,7,8
1,19.000000,17.289000,0.348000,-71,0.000000,7,8
1,19.000000,17.113001,0.277000,-70,0.000000,7,8
1,19.000000,16.806000,0.395000,-71,0.000000,7,8
1,19.000000,17.289000,0.228000,-70,0.000000,7,8
1,19.000000,17.304001,0.240000,-70,0.000000,7,8
1,19.000000,17.055000,0.346000,-70,0.000000,7,8
1,19.000000,17.187000,0.211000,-71,0.000000,7,8
1,19.000000,16.981001,0.375000,-71,0.000000,7,8
1,19.000000,17.201000,0.282000,-71,0.000000,7,8
1,19.000000,17.333000,0.232000,-72,0.000000,7,8
1,19.000000,17.069000,0.334000,-71,0.000000,7,8
1,19.000000,17.480000,0.146000,-71,0.000000,7,8
1,19.000000,17.025000,0.189000,-73,0.000000,7,8
1,19.000000,17.274000,0.337000,-73,0.000000,7,8
1,19.000000,17.240000,0.316000,-73,0.000000,7,8
1,19.000000,17.289000,0.222000,-72,0.000000,7,8
1,19.000000,17.416000,0.228000,-73,0.000000,7,8
1,19.000000,17.260000,0.279000,-73,0.000000,7,8
1,19.000000,17.465000,0.429000,-73,0.000000,7,8
1,19.000000,16.864000,0.550000,-71,0.000000,7,8
1,19.000000,17.289000,0.410000,-71,0.000000,7,8
1,19.000000,17.216000,0.145000,-72,0.000000,7,8
1,19.000000,17.318001,0.393000,-72,0.000000,7,8
1,19.000000,17.274000,0.251000,-70,0.000000,7,8
1,19.000000,17.128000,0.377000,-71,0.000000,7,8
1,19.000000,17.201000,0.243000,-69,0.000000,7,8
1,19.000000,17.099001,0.315000,-71,0.000000,7,8
1,19.000000,17.245001,0.179000,-69,0.000000,7,8
1,19.000000,17.128000,0.205000,-70,0.000000,7,8
1,19.000000,17.337999,0.156000,-69,0.000000,7,8
1,19.000000,16.830000,0.432000,-71,0.000000,7,8
1,19.000000,16.986000,0.329000,-70,0.000000,7,8
1,19.000000,16.927999,0.337000,-70,0.000000,7,8
1,19.000000,17.063999,0.357000,-70,0.000000,7,8
1,19.000000,17.006001,0.336000,-72,0.000000,7,8
1,19.000000,16.478001,0.655000,-71,0.000000,7,8
1,19.000000,16.966999,0.456000,-71,0.000000,7,8
1,19.000000,16.400000,2.209000,-72,0.000000,7,8
1,19.000000,16.596001,0.561000,-74,0.000000,7,8
1,19.000000,16.166000,2.159000,-73,0.000000,7,8
1,19.000000,15.834000,0.649000,-72,0.000000,7,8
1,19.000000,16.283001,0.434000,-72,0.000000,7,8
1,19.000000,16.479000,0.881000,-74,0.000000,7,8
1,19.000000,16.791000,0.712000,-74,0.000000,7,8
1,19.000000,17.475000,0.947000,-73,0.000000,7,8
1,19.000000,17.069000,0.432000,-72,0.000000,7,8
1,19.000000,17.230000,0.730000,-72,0.000000,7,8
1,19.000000,17.055000,0.487000,-72,0.000000,7,8
1,19.000000,16.952000,0.408000,-71,0.000000,7,8
1,19.000000,17.274000,0.339000,-72,0.000000,7,8
1,19.000000,17.992001,1.281000,-73,0.000000,7,8
1,19.000000,17.377001,1.463000,-73,0.000000,7,8
1,19.000000,17.396000,0.267000,-72,0.000000,7,8
1,19.000000,17.572001,0.384000,-72,0.000000,7,8
1,19.000000,17.278999,0.415000,-72,0.000000,7,8
1,19.000000,17.181999,0.401000,-71,0.000000,7,8
1,19.000000,17.337999,0.286000,-71,0.000000,7,8
1,19.000000,17.240000,0.370000,-71,0.000000,7,8
1,19.000000,17.377001,0.204000,-71,0.000000,7,8
1,19.000000,17.318001,0.285000,-71,0.000000,7,8
1,19.000000,17.162001,0.169000,-72,0.000000,7,8
1,19.000000,17.162001,0.171000,-71,0.000000,7,8
1,19.000000,17.084000,0.166000,-72,0.000000,7,8
1,19.000000,17.216000,0.225000,-71,0.000000,7,8
1,19.000000,17.319000,0.128000,-72,0.000000,7,8
1,19.000000,17.157000,0.280000,-71,0.000000,7,8
1,19.000000,17.201000,0.169000,-71,0.000000,7,8
1,19.000000,17.392000,0.262000,-71,0.000000,7,8
1,19.000000,17.181999,0.281000,-72,0.000000,7,8
1,19.000000,17.406000,0.274000,-72,0.000000,7,8
1,19.000000,17.591999,1.119000,-73,0.000000,7,8
1,19.000000,17.406000,0.414000,-73,0.000000,7,8
1,19.000000,17.455000,0.314000,-74,0.000000,7,8
1,19.000000,17.436001,0.730000,-73,0.000000,7,8
1,19.000000,17.747999,0.425000,-73,0.000000,7,8
1,19.000000,17.533001,1.170000,-72,0.000000,7,8
1,19.000000,17.806999,0.709000,-72,0.000000,7,8
1,19.000000,17.455000,0.648000,-72,0.000000,7,8
1,19.000000,17.572001,0.820000,-72,0.000000,7,8
1,19.000000,17.475000,0.661000,-72,0.000000,7,8
1,19.000000,17.396000,1.119000,-72,0.000000,7,8
1,19.000000,17.455000,0.320000,-72,0.000000,7,8
1,19.000000,17.493999,0.318000,-73,0.000000,7,8
1,19.000000,17.337999,0.210000,-73,0.000000,7,8
1,19.000000,17.416000,0.344000,-73,0.000000,7,8
1,19.000000,17.278999,0.519000,-73,0.000000,7,8
1,19.000000,17.670000,0.438000,-73,0.000000,7,8
1,19.000000,17.611000,0.412000,-73,0.000000,7,8
1,19.000000,17.337999,0.552000,-73,0.000000,7,8
1,19.000000,17.533001,0.190000,-73,0.000000,7,8
1,19.000000,17.436001,0.321000,-73,0.000000,7,8
1,19.000000,17.396000,0.350000,-73,0.000000,7,8
1,19.000000,17.455000,0.636000,-73,0.000000,7,8
1,19.000000,17.670000,0.555000,-73,0.000000,7,8
1,19.000000,17.221001,1.041000,-73,0.000000,7,8
1,19.000000,17.514000,0.230000,-73,0.000000,7,8
1,19.000000,17.552999,0.332000,-73,0.000000,7,8
1,19.000000,17.455000,0.453000,-73,0.000000,7,8
1,19.000000,17.143000,0.456000,-73,0.000000,7,8
1,19.000000,17.493999,0.410000,-73,0.000000,7,8
1,19.000000,17.475000,0.742000,-73,0.000000,7,8
1,19.000000,17.552999,0.397000,-73,0.000000,7,8
1,19.000000,17.475000,0.280000,-73,0.000000,7,8
1,19.000000,17.631001,0.459000,-73,0.000000,7,8
1,19.000000,17.552999,0.822000,-73,0.000000,7,8
1,19.000000,17.337999,0.585000,-73,0.000000,7,8
1,19.000000,17.591999,0.362000,-73,0.000000,7,8
1,19.000000,17.181000,0.604000,-73,0.000000,7,8
1,19.000000,17.299000,0.859000,-72,0.000000,7,8
1,19.000000,17.582001,0.210000,-72,0.000000,7,8
1,19.000000,17.475000,0.386000,-72,0.000000,7,8
1,19.000000,17.709000,0.267000,-72,0.000000,7,8
1,19.000000,17.688999,0.246000,-72,0.000000,7,8
1,19.000000,17.552999,0.323000,-72,0.000000,7,8
1,19.000000,17.396000,0.213000,-72,0.000000,7,8
1,19.000000,17.611000,0.358000,-73,0.000000,7,8
1,19.000000,17.396999,0.129000,-72,0.000000,7,8
1,19.000000,17.455000,0.255000,-72,0.000000,7,8
1,19.000000,17.377001,0.574000,-72,0.000000,7,8
1,19.000000,17.436001,0.734000,-72,0.000000,7,8
1,19.000000,17.493999,0.268000,-72,0.000000,7,8
1,19.000000,17.514000,0.559000,-72,0.000000,7,8
1,19.000000,17.357000,0.528000,-72,0.000000,7,8
1,19.000000,17.655001,0.181000,-72,0.000000,7,8
1,19.000000,17.318001,0.134000,-72,0.000000,7,8
1,19.000000,17.650000,0.569000,-72,0.000000,7,8
1,19.000000,17.572001,0.627000,-72,0.000000,7,8
1,19.000000,17.455000,0.264000,-72,0.000000,7,8
1,19.000000,17.299000,0.464000,-72,0.000000,7,8
1,19.000000,17.514000,0.455000,-72,0.000000,7,8
1,19.000000,17.436001,0.161000,-72,0.000000,7,8
1,19.000000,17.455000,0.450000,-72,0.000000,7,8
1,19.000000,17.181999,0.571000,-72,0.000000,7,8
1,19.000000,17.455000,0.453000,-72,0.000000,7,8
1,19.000000,17.475000,0.212000,-72,0.000000,7,8
1,19.000000,17.201000,0.831000,-72,0.000000,7,8
1,19.000000,17.299000,0.392000,-72,0.000000,7,8
1,19.000000,17.533001,0.711000,-72,0.000000,7,8
1,19.000000,17.434999,0.507000,-72,0.000000,7,8
1,19.000000,17.240000,0.348000,-72,0.000000,7,8
1,19.000000,17.299000,0.276000,-73,0.000000,7,8
1,19.000000,17.357000,0.393000,-73,0.000000,7,8
1,19.000000,17.299000,0.269000,-73,0.000000,7,8
1,19.000000,17.162001,0.345000,-73,0.000000,7,8
1,19.000000,17.221001,0.658000,-73,0.000000,7,8
1,19.000000,17.434999,0.292000,-73,0.000000,7,8
1,19.000000,17.299000,0.468000,-73,0.000000,7,8
1,19.000000,17.434999,0.345000,-73,0.000000,7,8
1,19.000000,17.493999,0.490000,-73,0.000000,7,8
1,19.000000,17.572001,0.424000,-73,0.000000,7,8
1,19.000000,17.416000,0.363000,-73,0.000000,7,8
1,19.000000,17.396000,0.193000,-73,0.000000,7,8
1,19.000000,17.611000,0.325000,-73,0.000000,7,8
1,19.000000,17.143000,0.300000,-73,0.000000,7,8
1,19.000000,17.436001,0.372000,-73,0.000000,7,8
1,19.000000,17.396000,0.552000,-73,0.000000,7,8
1,19.000000,17.103001,0.576000,-73,0.000000,7,8
1,19.000000,17.240000,0.438000,-73,0.000000,7,8
1,19.000000,17.221001,0.750000,-73,0.000000,7,8
1,19.000000,17.260000,0.480000,-73,0.000000,7,8
1,19.000000,17.475000,0.476000,-73,0.000000,7,8
1,19.000000,17.514000,0.246000,-73,0.000000,7,8
1,19.000000,17.221001,0.326000,-73,0.000000,7,8
1,19.000000,17.377001,0.544000,-73,0.000000,7,8
1,19.000000,16.966999,0.344000,-73,0.000000,7,8
1,19.000000,17.278999,1.123000,-72,0.000000,7,8
1,19.000000,17.455000,0.505000,-72,0.000000,7,8
1,19.000000,17.436001,0.256000,-73,0.000000,7,8
1,19.000000,17.572001,1.261000,-73,0.000000,7,8
1,19.000000,17.318001,0.467000,-73,0.000000,7,8
1,19.000000,17.416000,1.166000,-73,0.000000,7,8
1,19.000000,17.318001,0.290000,-73,0.000000,7,8
1,19.000000,17.337999,0.194000,-73,0.000000,7,8
1,19.000000,17.260000,0.691000,-73,0.000000,7,8
1,19.000000,17.434999,0.538000,-73,0.000000,7,8
1,19.000000,17.416000,0.402000,-73,0.000000,7,8
1,19.000000,17.650000,0.540000,-73,0.000000,7,8
1,19.000000,17.377001,0.450000,-72,0.000000,7,8
1,19.000000,17.396000,0.486000,-72,0.000000,7,8
1,19.000000,17.337999,0.266000,-72,0.000000,7,8
1,19.000000,17.278999,0.628000,-72,0.000000,7,8
1,19.000000,17.552999,0.314000,-73,0.000000,7,8
1,19.000000,17.377001,0.174000,-73,0.000000,7,8
1,19.000000,17.377001,0.305000,-72,0.000000,7,8
1,19.000000,17.416000,0.300000,-72,0.000000,7,8
1,19.000000,17.377001,0.262000,-73,0.000000,7,8
1,19.000000,17.533001,0.162000,-73,0.000000,7,8
1,19.000000,17.455000,0.849000,-72,0.000000,7,8
1,19.000000,17.455000,0.520000,-72,0.000000,7,8
1,19.000000,17.436001,0.245000,-72,0.000000,7,8
1,19.000000,17.278999,0.427000,-72,0.000000,7,8
1,19.000000,17.455000,0.234000,-72,0.000000,7,8
1,19.000000,17.201000,0.344000,-72,0.000000,7,8
1,19.000000,17.122999,0.447000,-72,0.000000,7,8
1,19.000000,17.455000,0.256000,-72,0.000000,7,8
1,19.000000,17.181999,0.537000,-72,0.000000,7,8
1,19.000000,17.260000,0.292000,-72,0.000000,7,8
1,19.000000,17.084000,0.490000,-72,0.000000,7,8
1,19.000000,17.201000,0.728000,-72,0.000000,7,8
1,19.000000,17.201000,0.321000,-72,0.000000,7,8
1,19.000000,17.357000,0.597000,-72,0.000000,7,8
1,19.000000,17.524000,0.238000,-72,0.000000,7,8
1,19.000000,17.357000,0.759000,-72,0.000000,7,8
1,19.000000,17.103001,0.773000,-72,0.000000,7,8
1,19.000000,17.436001,0.534000,-72,0.000000,7,8
1,19.000000,17.260000,0.377000,-72,0.000000,7,8
1,19.000000,17.436001,0.718000,-72,0.000000,7,8
1,19.000000,17.493999,1.165000,-72,0.000000,7,8
1,19.000000,17.533001,0.573000,-72,0.000000,7,8
1,19.000000,17.357000,1.314000,-72,0.000000,7,8
1,19.000000,17.357000,1.522000,-72,0.000000,7,8
1,19.000000,17.240000,1.076000,-72,0.000000,7,8
1,19.000000,17.162001,0.733000,-72,0.000000,7,8
1,19.000000,17.572001,1.557000,-72,0.000000,7,8
1,19.000000,17.337999,0.672000,-73,0.000000,7,8
1,19.000000,17.377001,0.461000,-72,0.000000,7,8
1,19.000000,17.162001,0.692000,-72,0.000000,7,8
1,19.000000,17.357000,0.484000,-72,0.000000,7,8
1,19.000000,17.670000,1.617000,-73,0.000000,7,8
1,19.000000,17.475000,0.598000,-73,0.000000,7,8
1,19.000000,17.475000,0.942000,-73,0.000000,7,8
1,19.000000,17.493999,1.177000,-73,0.000000,7,8
1,19.000000,17.357000,0.367000,-72,0.000000,7,8
1,19.000000,17.631001,0.432000,-73,0.000000,7,8
1,19.000000,17.025000,0.463000,-72,0.000000,7,8
1,19.000000,17.122999,0.724000,-73,0.000000,7,8
1,19.000000,17.299000,0.558000,-72,0.000000,7,8
1,19.000000,17.377001,0.345000,-72,0.000000,7,8
1,19.000000,17.591999,1.057000,-72,0.000000,7,8
1,19.000000,17.201000,1.145000,-73,0.000000,7,8
1,19.000000,17.377001,1.097000,-72,0.000000,7,8
1,19.000000,17.240000,0.378000,-72,0.000000,7,8
1,19.000000,17.572001,0.700000,-72,0.000000,7,8
1,19.000000,17.455000,0.800000,-72,0.000000,7,8
1,19.000000,17.103001,0.919000,-72,0.000000,7,8
1,19.000000,17.260000,0.598000,-72,0.000000,7,8
1,19.000000,17.396999,0.889000,-72,0.000000,7,8
1,19.000000,17.377001,0.440000,-72,0.000000,7,8
1,19.000000,16.966999,1.025000,-72,0.000000,7,8
1,19.000000,17.436001,0.388000,-72,0.000000,7,8
1,19.000000,17.396000,0.580000,-72,0.000000,7,8
1,19.000000,17.201000,0.977000,-72,0.000000,7,8
1,19.000000,17.181999,0.585000,-72,0.000000,7,8
1,19.000000,17.318001,0.934000,-72,0.000000,7,8
1,19.000000,17.514000,0.742000,-72,0.000000,7,8
1,19.000000,17.631001,0.446000,-72,0.000000,7,8
1,19.000000,17.533001,0.685000,-72,0.000000,7,8
1,19.000000,17.201000,0.957000,-72,0.000000,7,8
1,19.000000,17.357000,0.972000,-72,0.000000,7,8
1,19.000000,17.572001,0.198000,-72,0.000000,7,8
1,19.000000,17.240000,0.936000,-72,0.000000,7,8
1,19.000000,17.611000,0.765000,-72,0.000000,7,8
1,19.000000,17.221001,0.756000,-72,0.000000,7,8
1,19.000000,17.572001,1.008000,-72,0.000000,7,8
1,19.000000,17.201000,0.357000,-72,0.000000,7,8
1,19.000000,17.162001,0.553000,-72,0.000000,7,8
1,19.000000,17.455000,1.036000,-72,0.000000,7,8
1,19.000000,17.455000,0.662000,-73,0.000000,7,8
1,19.000000,17.396000,0.525000,-72,0.000000,7,8
1,19.000000,17.337999,0.907000,-73,0.000000,7,8
1,19.000000,17.299000,1.074000,-73,0.000000,7,8
1,19.000000,17.475000,0.427000,-73,0.000000,7,8
1,19.000000,17.181999,1.361000,-73,0.000000,7,8
1,19.000000,17.122999,0.781000,-73,0.000000,7,8
1,19.000000,17.572001,1.368000,-73,0.000000,7,8
1,19.000000,17.455000,0.779000,-73,0.000000,7,8
1,19.000000,17.260000,0.959000,-72,0.000000,7,8
1,19.000000,17.475000,0.675000,-72,0.000000,7,8
1,19.000000,17.670000,0.521000,-72,0.000000,7,8
1,19.000000,17.493999,0.427000,-72,0.000000,7,8
1,19.000000,17.357000,0.757000,-73,0.000000,7,8
1,19.000000,17.337999,0.673000,-72,0.000000,7,8
1,19.000000,17.260000,0.555000,-73,0.000000,7,8
1,19.000000,17.260000,0.672000,-73,0.000000,7,8
1,19.000000,17.396999,0.383000,-73,0.000000,7,8
1,19.000000,17.396000,0.578000,-72,0.000000,7,8
1,19.000000,17.416000,0.367000,-72,0.000000,7,8
1,19.000000,17.434999,0.216000,-72,0.000000,7,8
1,19.000000,17.357000,0.213000,-72,0.000000,7,8
1,19.000000,17.475000,0.728000,-72,0.000000,7,8
1,19.000000,17.240000,0.417000,-73,0.000000,7,8
1,19.000000,17.221001,0.524000,-72,0.000000,7,8
1,19.000000,17.533001,0.393000,-72,0.000000,7,8
1,19.000000,17.181999,0.890000,-72,0.000000,7,8
1,19.000000,17.514000,0.655000,-72,0.000000,7,8
1,19.000000,17.278999,0.381000,-72,0.000000,7,8
1,19.000000,17.337999,0.147000,-72,0.000000,7,8
1,19.000000,17.416000,0.415000,-72,0.000000,7,8
1,19.000000,17.377001,0.531000,-72,0.000000,7,8
1,19.000000,17.747999,0.229000,-72,0.000000,7,8
1,19.000000,17.240000,0.592000,-72,0.000000,7,8
1,19.000000,17.436001,1.414000,-72,0.000000,7,8
1,19.000000,17.318001,0.609000,-72,0.000000,7,8
1,19.000000,17.337999,1.112000,-72,0.000000,7,8
1,19.000000,17.337999,0.720000,-72,0.000000,7,8
1,19.000000,17.318001,0.763000,-72,0.000000,7,8
1,19.000000,17.493999,0.232000,-72,0.000000,7,8
1,19.000000,17.493999,0.435000,-72,0.000000,7,8
1,19.000000,17.377001,0.379000,-72,0.000000,7,8
1,19.000000,17.611000,0.562000,-72,0.000000,7,8
1,19.000000,17.611000,0.494000,-72,0.000000,7,8
1,19.000000,17.572001,0.669000,-72,0.000000,7,8
1,19.000000,17.436001,0.700000,-72,0.000000,7,8
1,19.000000,17.572001,0.381000,-72,0.000000,7,8
1,19.000000,17.475000,0.480000,-72,0.000000,7,8
1,19.000000,17.475000,0.473000,-72,0.000000,7,8
1,19.000000,17.514000,1.075000,-72,0.000000,7,8
1,19.000000,17.396000,0.275000,-72,0.000000,7,8
1,19.000000,17.333000,0.250000,-73,0.000000,7,8
1,19.000000,17.377001,0.285000,-73,0.000000,7,8
1,19.000000,17.318001,0.179000,-72,0.000000,7,8
1,19.000000,17.572001,0.284000,-72,0.000000,7,8
1,19.000000,17.216000,0.179000,-72,0.000000,7,8
1,19.000000,17.318001,0.226000,-72,0.000000,7,8
1,19.000000,17.260000,0.165000,-72,0.000000,7,8
1,19.000000,17.377001,0.235000,-72,0.000000,7,8
1,19.000000,17.045000,0.303000,-72,0.000000,7,8
1,19.000000,17.434999,0.306000,-72,0.000000,7,8
1,19.000000,17.392000,0.243000,-72,0.000000,7,8
1,19.000000,17.396000,0.411000,-72,0.000000,7,8
1,19.000000,17.216000,0.275000,-72,0.000000,7,8
1,19.000000,17.493999,0.280000,-72,0.000000,7,8
1,19.000000,17.333000,0.313000,-72,0.000000,7,8
1,19.000000,17.670000,0.245000,-72,0.000000,7,8
1,19.000000,17.289000,0.233000,-72,0.000000,7,8
1,19.000000,17.475000,0.293000,-72,0.000000,7,8
1,19.000000,17.493999,0.172000,-72,0.000000,7,8
1,19.000000,17.509001,0.208000,-72,0.000000,7,8
1,19.000000,17.455000,0.157000,-72,0.000000,7,8
1,19.000000,17.480000,0.202000,-73,0.000000,7,8
1,19.000000,17.377001,0.307000,-72,0.000000,7,8
1,19.000000,17.455000,0.289000,-73,0.000000,7,8
1,19.000000,17.230000,0.283000,-73,0.000000,7,8
1,19.000000,17.337999,0.454000,-72,0.000000,7,8
1,19.000000,17.455000,0.279000,-72,0.000000,7,8
1,19.000000,17.514000,0.290000,-72,0.000000,7,8
1,19.000000,17.299000,0.360000,-72,0.000000,7,8
1,19.000000,17.260000,0.361000,-72,0.000000,7,8
1,19.000000,17.201000,0.207000,-72,0.000000,7,8
1,19.000000,17.104000,0.320000,-72,0.000000,7,8
1,19.000000,17.240000,0.184000,-73,0.000000,7,8
1,19.000000,17.514000,0.838000,-73,0.000000,7,8
1,19.000000,17.357000,1.474000,-73,0.000000,7,8
1,19.000000,17.396000,1.289000,-73,0.000000,7,8
1,19.000000,17.299000,1.587000,-73,0.000000,7,8
1,19.000000,17.572001,1.101000,-73,0.000000,7,8
1,19.000000,17.318001,0.699000,-73,0.000000,7,8
1,19.000000,17.475000,0.545000,-73,0.000000,7,8
1,19.000000,17.728001,1.910000,-73,0.000000,7,8
1,19.000000,17.377001,0.481000,-73,0.000000,7,8
1,19.000000,17.318001,1.207000,-73,0.000000,7,8
1,19.000000,17.493999,0.861000,-73,0.000000,7,8
1,19.000000,17.631001,0.216000,-73,0.000000,7,8
1,19.000000,17.240000,0.696000,-73,0.000000,7,8
1,19.000000,17.572001,1.585000,-73,0.000000,7,8
1,19.000000,17.318001,0.684000,-73,0.000000,7,8
1,19.000000,17.396000,1.765000,-73,0.000000,7,8
1,19.000000,17.552999,0.351000,-73,0.000000,7,8
1,19.000000,17.514000,0.480000,-73,0.000000,7,8
1,19.000000,17.533001,0.238000,-73,0.000000,7,8
1,19.000000,17.591999,0.307000,-73,0.000000,7,8
1,19.000000,17.538000,0.167000,-73,0.000000,7,8
1,19.000000,17.650000,0.251000,-73,0.000000,7,8
1,19.000000,17.143000,0.343000,-73,0.000000,7,8
1,19.000000,17.493999,0.404000,-73,0.000000,7,8
1,19.000000,17.514000,0.660000,-73,0.000000,7,8
1,19.000000,17.337999,0.411000,-73,0.000000,7,8
1,19.000000,17.552999,0.182000,-74,0.000000,7,8
1,19.000000,17.299000,2.142000,-74,0.000000,7,8
1,19.000000,17.455000,0.694000,-74,0.000000,7,8
1,19.000000,17.377001,0.711000,-74,0.000000,7,8
1,19.000000,17.611000,1.607000,-74,0.000000,7,8
1,19.000000,17.728001,0.283000,-74,0.000000,7,8
1,19.000000,17.337999,1.069000,-73,0.000000,7,8
1,19.000000,17.455000,2.144000,-74,0.000000,7,8
1,19.000000,17.709000,0.498000,-73,0.000000,7,8
1,19.000000,17.533001,1.528000,-74,0.000000,7,8
1,19.000000,17.688999,0.608000,-74,0.000000,7,8
1,19.000000,17.357000,0.835000,-73,0.000000,7,8
1,19.000000,17.631001,1.458000,-73,0.000000,7,8
1,19.000000,17.747999,0.336000,-73,0.000000,7,8
1,19.000000,17.631001,0.313000,-73,0.000000,7,8
1,19.000000,17.670000,0.348000,-74,0.000000,7,8
1,19.000000,17.846001,0.490000,-74,0.000000,7,8
1,19.000000,17.514000,0.552000,-74,0.000000,7,8
1,19.000000,17.591999,0.516000,-74,0.000000,7,8
1,19.000000,17.787001,0.807000,-73,0.000000,7,8
1,19.000000,17.611000,0.622000,-73,0.000000,7,8
1,19.000000,17.688999,0.221000,-73,0.000000,7,8
1,19.000000,17.572001,0.403000,-74,0.000000,7,8
1,19.000000,17.591999,0.488000,-74,0.000000,7,8
1,19.000000,17.533001,0.358000,-74,0.000000,7,8
1,19.000000,17.552999,1.601000,-74,0.000000,7,8
1,19.000000,17.434999,0.333000,-74,0.000000,7,8
1,19.000000,17.865000,0.261000,-74,0.000000,7,8
1,19.000000,17.493999,0.495000,-74,0.000000,7,8
1,19.000000,17.670000,0.914000,-74,0.000000,7,8
1,19.000000,17.611000,0.693000,-74,0.000000,7,8
1,19.000000,17.552999,0.429000,-74,0.000000,7,8
1,19.000000,17.455000,1.641000,-74,0.000000,7,8
1,19.000000,17.396000,2.087000,-74,0.000000,7,8
1,19.000000,17.436001,0.571000,-74,0.000000,7,8
1,19.000000,17.377001,1.530000,-74,0.000000,7,8
1,19.000000,17.416000,1.222000,-74,0.000000,7,8
1,19.000000,17.611000,1.470000,-74,0.000000,7,8
1,19.000000,17.278999,1.582000,-74,0.000000,7,8
1,19.000000,17.436001,1.297000,-74,0.000000,7,8
1,19.000000,17.670000,0.878000,-74,0.000000,7,8
1,19.000000,17.650000,1.110000,-74,0.000000,7,8
1,19.000000,17.416000,0.569000,-74,0.000000,7,8
1,19.000000,17.357000,0.659000,-74,0.000000,7,8
1,19.000000,17.357000,0.753000,-74,0.000000,7,8
1,19.000000,17.337999,0.476000,-74,0.000000,7,8
1,19.000000,17.475000,0.369000,-74,0.000000,7,8
1,19.000000,17.455000,0.375000,-74,0.000000,7,8
1,19.000000,17.299000,0.574000,-74,0.000000,7,8
1,19.000000,17.552999,0.323000,-74,0.000000,7,8
1,19.000000,17.377001,0.422000,-73,0.000000,7,8
1,19.000000,17.709000,0.251000,-73,0.000000,7,8
1,19.000000,17.475000,0.354000,-73,0.000000,7,8
1,19.000000,17.337999,0.334000,-73,0.000000,7,8
1,19.000000,17.655001,0.134000,-73,0.000000,7,8
1,19.000000,17.475000,0.251000,-73,0.000000,7,8
1,19.000000,17.377001,0.164000,-73,0.000000,7,8
1,19.000000,17.493999,0.274000,-73,0.000000,7,8
1,19.000000,17.591999,0.331000,-73,0.000000,7,8
1,19.000000,17.396999,0.324000,-72,0.000000,7,8
1,19.000000,17.650000,0.107000,-72,0.000000,7,8
1,19.000000,17.299000,0.243000,-71,0.000000,7,8
1,19.000000,17.337999,0.266000,-71,0.000000,7,8
1,19.000000,17.221001,0.461000,-70,0.000000,7,8
1,19.000000,17.318001,0.378000,-71,0.000000,7,8
1,19.000000,17.523001,0.274000,-71,0.000000,7,8
1,19.000000,17.260000,0.260000,-70,0.000000,7,8
1,19.000000,17.162001,0.207000,-70,0.000000,7,8
1,19.000000,17.240000,0.213000,-70,0.000000,7,8
1,19.000000,17.240000,0.317000,-71,0.000000,7,8
1,19.000000,17.552999,0.148000,-71,0.000000,7,8
1,19.000000,17.025000,0.306000,-71,0.000000,7,8
1,19.000000,16.908001,0.388000,-72,0.000000,7,8
1,19.000000,16.806000,0.223000,-72,0.000000,7,8
1,19.000000,17.181000,0.339000,-73,0.000000,7,8
1,19.000000,17.318001,0.542000,-73,0.000000,7,8
1,19.000000,17.767000,0.455000,-73,0.000000,7,8
1,19.000000,17.650000,0.546000,-72,0.000000,7,8
1,19.000000,17.421000,0.707000,-73,0.000000,7,8
1,19.000000,17.260000,0.381000,-73,0.000000,7,8
1,19.000000,17.396000,0.479000,-72,0.000000,7,8
1,19.000000,16.927999,0.455000,-72,0.000000,7,8
1,19.000000,17.162001,0.410000,-72,0.000000,7,8
1,19.000000,16.576000,0.553000,-72,0.000000,7,8
1,19.000000,17.143000,0.435000,-72,0.000000,7,8
1,19.000000,17.162001,0.318000,-73,0.000000,7,8
1,19.000000,16.830000,0.241000,-72,0.000000,7,8
1,19.000000,17.221001,0.190000,-72,0.000000,7,8
1,19.000000,17.162001,0.646000,-72,0.000000,7,8
1,19.000000,17.377001,0.486000,-73,0.000000,7,8
1,19.000000,17.767000,0.760000,-72,0.000000,7,8
1,19.000000,17.181999,1.099000,-72,0.000000,7,8
1,19.000000,16.888000,1.619000,-72,0.000000,7,8
1,19.000000,17.260000,1.679000,-72,0.000000,7,8
1,19.000000,17.025000,0.499000,-72,0.000000,7,8
1,19.000000,17.063999,2.025000,-72,0.000000,7,8
1,19.000000,17.122999,0.361000,-72,0.000000,7,8
1,19.000000,17.084000,0.197000,-72,0.000000,7,8
1,19.000000,16.889000,0.448000,-72,0.000000,7,8
1,19.000000,16.947001,0.989000,-73,0.000000,7,8
1,19.000000,16.849001,1.132000,-72,0.000000,7,8
1,19.000000,17.396000,1.063000,-72,0.000000,7,8
1,19.000000,17.591999,0.925000,-72,0.000000,7,8
1,19.000000,17.631001,1.416000,-72,0.000000,7,8
1,19.000000,17.591999,1.440000,-72,0.000000,7,8
1,19.000000,17.113001,0.283000,-73,0.000000,7,8
1,19.000000,17.122999,1.658000,-73,0.000000,7,8
1,19.000000,17.045000,0.331000,-72,0.000000,7,8
1,19.000000,17.455000,1.263000,-72,0.000000,7,8
1,19.000000,17.181999,1.732000,-72,0.000000,7,8
1,19.000000,16.966999,1.586000,-72,0.000000,7,8
1,19.000000,17.162001,1.114000,-72,0.000000,7,8
1,19.000000,17.103001,0.397000,-72,0.000000,7,8
1,19.000000,16.615000,1.809000,-73,0.000000,7,8
1,19.000000,17.063999,0.382000,-73,0.000000,7,8
1,19.000000,17.143000,1.453000,-73,0.000000,7,8
1,19.000000,16.712999,0.694000,-72,0.000000,7,8
1,19.000000,17.065001,0.787000,-73,0.000000,7,8
1,19.000000,17.299000,1.314000,-73,0.000000,7,8
1,19.000000,17.006001,1.892000,-73,0.000000,7,8
1,19.000000,16.302999,1.412000,-74,0.000000,7,8
1,19.000000,16.556999,2.316000,-73,0.000000,7,8
1,19.000000,16.732000,0.453000,-73,0.000000,7,8
1,19.000000,16.205000,1.405000,-72,0.000000,7,8
1,19.000000,16.438999,0.776000,-72,0.000000,7,8
1,19.000000,16.576000,1.945000,-73,0.000000,7,8
1,19.000000,16.400000,0.732000,-72,0.000000,7,8
1,19.000000,16.225000,2.340000,-72,0.000000,7,8
1,19.000000,16.341999,2.060000,-73,0.000000,7,8
1,19.000000,16.146000,2.276000,-73,0.000000,7,8
1,19.000000,16.966999,1.027000,-71,0.000000,7,8
1,19.000000,16.225000,1.027000,-71,0.000000,7,8
1,19.000000,16.010000,0.507000,-72,0.000000,7,8
1,19.000000,15.990000,2.541000,-72,0.000000,7,8
1,19.000000,16.410000,2.687000,-74,0.000000,7,8
1,19.000000,16.674000,2.123000,-73,0.000000,7,8
1,19.000000,16.068001,2.908000,-73,0.000000,7,8
1,19.000000,16.361000,1.975000,-73,0.000000,7,8
1,19.000000,16.225000,0.628000,-73,0.000000,7,8
1,19.000000,16.381001,0.359000,-72,0.000000,7,8
1,19.000000,16.010000,0.645000,-71,0.000000,7,8
1,19.000000,16.186001,0.865000,-72,0.000000,7,8
1,19.000000,16.361000,0.699000,-72,0.000000,7,8
1,19.000000,16.127001,1.354000,-72,0.000000,7,8
1,19.000000,16.146999,1.946000,-72,0.000000,7,8
1,19.000000,16.497999,0.439000,-72,0.000000,7,8
1,19.000000,16.225000,0.549000,-72,0.000000,7,8
1,19.000000,16.341999,0.820000,-71,0.000000,7,8
1,19.000000,16.146000,0.555000,-72,0.000000,7,8
1,19.000000,16.420000,0.538000,-72,0.000000,7,8
1,19.000000,16.927999,0.558000,-71,0.000000,7,8
1,19.000000,17.304001,0.291000,-71,0.000000,7,8
1,19.000000,17.084000,0.370000,-71,0.000000,7,8
1,19.000000,17.436001,0.342000,-72,0.000000,7,8
1,19.000000,17.566999,0.296000,-72,0.000000,7,8
1,19.000000,16.518000,0.561000,-72,0.000000,7,8
1,19.000000,17.245001,0.378000,-72,0.000000,7,8
1,19.000000,17.187000,0.449000,-73,0.000000,7,8
1,19.000000,17.729000,0.402000,-72,0.000000,7,8
1,19.000000,17.221001,0.230000,-72,0.000000,7,8
1,19.000000,17.084000,0.372000,-72,0.000000,7,8
1,19.000000,17.392000,0.495000,-72,0.000000,7,8
1,19.000000,17.162001,0.232000,-73,0.000000,7,8
1,19.000000,17.348000,0.517000,-72,0.000000,7,8
1,19.000000,17.216000,0.249000,-72,0.000000,7,8
1,19.000000,17.319000,0.296000,-72,0.000000,7,8
1,19.000000,17.278999,0.165000,-72,0.000000,7,8
1,19.000000,16.791000,0.482000,-73,0.000000,7,8
1,19.000000,16.947001,0.364000,-72,0.000000,7,8
1,19.000000,17.103001,0.169000,-72,0.000000,7,8
1,19.000000,17.103001,0.483000,-73,0.000000,7,8
1,19.000000,17.084000,0.298000,-73,0.000000,7,8
1,19.000000,17.318001,0.244000,-72,0.000000,7,8
1,19.000000,17.318001,0.347000,-72,0.000000,7,8
1,19.000000,17.436001,1.024000,-73,0.000000,7,8
1,19.000000,17.455000,1.335000,-74,0.000000,7,8
1,19.000000,17.084000,1.534000,-74,0.000000,7,8
1,19.000000,17.650000,1.945000,-74,0.000000,7,8
1,19.000000,17.396000,1.607000,-74,0.000000,7,8
1,19.000000,16.966999,0.274000,-72,0.000000,7,8
1,19.000000,17.337999,2.535000,-74,0.000000,7,8
1,19.000000,16.596001,0.377000,-73,0.000000,7,8
1,19.000000,16.809999,0.673000,-73,0.000000,7,8
1,19.000000,16.947001,0.455000,-73,0.000000,7,8
1,19.000000,16.830000,0.364000,-73,0.000000,7,8
1,19.000000,16.889000,0.211000,-73,0.000000,7,8
1,19.000000,16.732000,0.362000,-73,0.000000,7,8
1,19.000000,17.128000,0.259000,-73,0.000000,7,8
1,19.000000,16.947001,0.320000,-73,0.000000,7,8
1,19.000000,17.142000,0.502000,-73,0.000000,7,8
1,19.000000,16.947001,0.287000,-73,0.000000,7,8
1,19.000000,16.908001,0.284000,-72,0.000000,7,8
1,19.000000,16.888000,0.258000,-72,0.000000,7,8
1,19.000000,16.966999,0.270000,-72,0.000000,7,8
1,19.000000,17.103001,0.478000,-73,0.000000,7,8
1,19.000000,16.752001,0.666000,-73,0.000000,7,8
1,19.000000,17.025000,0.000000,-74,0.000000,1,8
1,19.000000,17.006001,1.147000,-73,0.000000,7,8
1,19.000000,16.596001,1.969000,-73,0.000000,7,8
1,19.000000,16.438999,1.245000,-73,0.000000,7,8
1,19.000000,16.986000,1.231000,-74,0.000000,7,8
1,19.000000,16.596001,2.006000,-74,0.000000,7,8
1,19.000000,16.537001,2.121000,-74,0.000000,7,8
1,19.000000,16.732000,1.705000,-74,0.000000,7,8
1,19.000000,17.201000,1.283000,-74,0.000000,7,8
1,19.000000,17.455000,0.697000,-73,0.000000,7,8
1,19.000000,17.709000,0.627000,-72,0.000000,7,8
1,19.000000,16.908001,0.462000,-72,0.000000,7,8
1,19.000000,16.889000,0.465000,-72,0.000000,7,8
1,19.000000,17.221001,0.262000,-73,0.000000,7,8
1,19.000000,16.923000,0.213000,-72,0.000000,7,8
1,19.000000,16.966999,0.172000,-71,0.000000,7,8
1,19.000000,16.830000,0.309000,-72,0.000000,7,8
1,19.000000,16.674000,0.857000,-73,0.000000,7,8
1,19.000000,16.791000,0.520000,-73,0.000000,7,8
1,19.000000,16.868999,2.491000,-73,0.000000,7,8
