1,23.000000,21.156000,2.065000,-67,0.000000,7,8
1,23.000000,21.288000,2.039000,-67,0.000000,7,8
1,23.000000,21.288000,1.966000,-66,0.000000,7,8
1,23.000000,21.186001,1.973000,-66,0.000000,7,8
1,23.000000,21.405001,1.838000,-67,0.000000,7,8
1,23.000000,21.580999,1.647000,-67,0.000000,7,8
1,23.000000,21.521999,1.421000,-67,0.000000,7,8
1,23.000000,21.552000,1.600000,-67,0.000000,7,8
1,23.000000,21.389999,1.478000,-67,0.000000,7,8
1,23.000000,21.493000,1.252000,-68,0.000000,7,8
1,23.000000,21.288000,1.152000,-68,0.000000,7,8
1,23.000000,21.375999,1.803000,-67,0.000000,7,8
1,23.000000,21.493000,1.514000,-67,0.000000,7,8
1,23.000000,21.332001,1.423000,-69,0.000000,7,8
1,23.000000,21.184999,1.704000,-68,0.000000,7,8
1,23.000000,21.361000,1.430000,-67,0.000000,7,8
1,23.000000,21.184999,1.755000,-67,0.000000,7,8
1,23.000000,21.391001,2.123000,-66,0.000000,7,8
1,23.000000,21.537001,1.052000,-66,0.000000,7,8
1,23.000000,21.215000,1.853000,-67,0.000000,7,8
1,23.000000,21.171000,1.584000,-69,0.000000,7,8
1,23.000000,21.596001,0.995000,-67,0.000000,7,8
1,23.000000,21.947001,0.916000,-66,0.000000,7,8
1,23.000000,21.639999,0.424000,-65,0.000000,7,8
1,23.000000,21.889000,0.578000,-64,0.000000,7,8
1,23.000000,21.653999,0.267000,-65,0.000000,7,8
1,23.000000,21.874001,1.213000,-68,0.000000,7,8
1,23.000000,21.493000,2.119000,-69,0.000000,7,8
1,23.000000,21.316999,1.344000,-67,0.000000,7,8
1,23.000000,21.087999,0.612000,-67,0.000000,7,8
1,23.000000,21.405001,1.622000,-66,0.000000,7,8
1,23.000000,20.541000,0.378000,-64,0.000000,7,8
1,23.000000,21.302999,0.308000,-63,0.000000,7,8
1,23.000000,21.273001,0.614000,-63,0.000000,7,8
1,23.000000,21.434000,0.205000,-63,0.000000,7,8
1,23.000000,21.375999,0.298000,-64,0.000000,7,8
1,23.000000,21.405001,0.450000,-64,0.000000,7,8
1,23.000000,21.302999,0.298000,-65,0.000000,7,8
1,23.000000,21.332001,1.173000,-66,0.000000,7,8
1,23.000000,21.332001,1.294000,-66,0.000000,7,8
1,23.000000,21.243999,1.326000,-66,0.000000,7,8
1,23.000000,21.097000,1.310000,-66,0.000000,7,8
1,23.000000,21.259001,0.985000,-66,0.000000,7,8
1,23.000000,21.215000,0.984000,-66,0.000000,7,8
1,23.000000,21.316999,0.759000,-65,0.000000,7,8
1,23.000000,21.273001,0.685000,-65,0.000000,7,8
1,23.000000,21.389999,0.283000,-65,0.000000,7,8
1,23.000000,21.273001,0.827000,-65,0.000000,7,8
1,23.000000,21.434000,0.549000,-65,0.000000,7,8
1,23.000000,21.229000,0.433000,-65,0.000000,7,8
1,23.000000,21.215000,0.353000,-66,0.000000,7,8
1,23.000000,21.273001,0.185000,-66,0.000000,7,8
1,23.000000,21.097000,0.906000,-66,0.000000,7,8
1,23.000000,21.039000,0.611000,-66,0.000000,7,8
1,23.000000,21.229000,0.206000,-66,0.000000,7,8
1,23.000000,21.273001,0.339000,-65,0.000000,7,8
1,23.000000,21.361000,0.265000,-66,0.000000,7,8
1,23.000000,21.097000,0.686000,-66,0.000000,7,8
1,23.000000,21.332001,0.648000,-66,0.000000,7,8
1,23.000000,21.273001,0.685000,-66,0.000000,7,8
1,23.000000,21.039000,0.768000,-67,0.000000,7,8
1,23.000000,20.995001,1.183000,-66,0.000000,7,8
1,23.000000,21.259001,1.118000,-65,0.000000,7,8
1,23.000000,21.229000,0.919000,-65,0.000000,7,8
1,23.000000,21.346001,0.904000,-65,0.000000,7,8
1,23.000000,21.087999,0.466000,-65,0.000000,7,8
1,23.000000,21.097000,0.533000,-65,0.000000,7,8
1,23.000000,20.805000,1.099000,-68,0.000000,7,8
1,23.000000,21.156000,1.446000,-66,0.000000,7,8
1,23.000000,21.010000,0.486000,-66,0.000000,7,8
1,23.000000,20.951000,0.190000,-66,0.000000,7,8
1,23.000000,21.405001,0.610000,-70,0.000000,7,8
1,23.000000,21.273001,1.787000,-70,0.000000,7,8
1,23.000000,21.552000,1.083000,-68,0.000000,7,8
1,23.000000,21.375999,0.478000,-68,0.000000,7,8
1,23.000000,21.361000,0.433000,-65,0.000000,7,8
1,23.000000,21.448999,0.453000,-65,0.000000,7,8
1,23.000000,21.156000,1.047000,-65,0.000000,7,8
1,23.000000,21.243999,0.994000,-67,0.000000,7,8
1,23.000000,21.302999,0.896000,-68,0.000000,7,8
1,23.000000,21.347000,0.763000,-69,0.000000,7,8
1,23.000000,21.127001,1.382000,-67,0.000000,7,8
1,23.000000,21.316999,1.277000,-69,0.000000,7,8
1,23.000000,21.302999,0.481000,-68,0.000000,7,8
1,23.000000,21.332001,0.942000,-66,0.000000,7,8
1,23.000000,21.273001,1.053000,-65,0.000000,7,8
1,23.000000,20.995001,1.149000,-68,0.000000,7,8
1,23.000000,21.653999,1.412000,-67,0.000000,7,8
1,23.000000,21.039000,1.398000,-67,0.000000,7,8
1,23.000000,21.273001,0.987000,-68,0.000000,7,8
1,23.000000,21.346001,1.391000,-68,0.000000,7,8
1,23.000000,20.966000,1.584000,-68,0.000000,7,8
1,23.000000,21.420000,1.283000,-68,0.000000,7,8
1,23.000000,21.259001,1.342000,-68,0.000000,7,8
1,23.000000,21.434000,1.367000,-69,0.000000,7,8
1,23.000000,21.171000,1.646000,-67,0.000000,7,8
1,23.000000,21.229000,1.495000,-67,0.000000,7,8
1,23.000000,21.347000,1.073000,-67,0.000000,7,8
1,23.000000,20.980000,1.110000,-69,0.000000,7,8
1,23.000000,21.215000,1.131000,-69,0.000000,7,8
1,23.000000,21.127001,1.237000,-69,0.000000,7,8
1,23.000000,21.184999,0.800000,-70,0.000000,7,8
1,23.000000,21.010000,0.989000,-71,0.000000,7,8
1,23.000000,21.478001,0.645000,-67,0.000000,7,8
1,23.000000,21.361000,0.702000,-65,0.000000,7,8
1,23.000000,21.142000,1.260000,-67,0.000000,7,8
1,23.000000,21.184999,1.091000,-68,0.000000,7,8
1,23.000000,21.127001,0.886000,-69,0.000000,7,8
1,23.000000,21.127001,1.097000,-68,0.000000,7,8
1,23.000000,21.156000,1.112000,-69,0.000000,7,8
1,23.000000,21.391001,0.818000,-69,0.000000,7,8
1,23.000000,21.083000,0.760000,-70,0.000000,7,8
1,23.000000,21.215000,1.149000,-68,0.000000,7,8
1,23.000000,21.375999,1.017000,-67,0.000000,7,8
1,23.000000,21.098000,1.236000,-67,0.000000,7,8
1,23.000000,21.171000,1.236000,-68,0.000000,7,8
1,23.000000,21.171000,1.234000,-68,0.000000,7,8
1,23.000000,21.171000,1.085000,-68,0.000000,7,8
1,23.000000,21.142000,1.194000,-68,0.000000,7,8
1,23.000000,21.215000,0.985000,-68,0.000000,7,8
1,23.000000,21.229000,0.900000,-68,0.000000,7,8
1,23.000000,21.361000,0.712000,-67,0.000000,7,8
1,23.000000,21.083000,1.023000,-68,0.000000,7,8
1,23.000000,21.229000,0.901000,-68,0.000000,7,8
1,23.000000,21.200001,0.878000,-68,0.000000,7,8
1,23.000000,21.200001,1.000000,-67,0.000000,7,8
1,23.000000,21.243999,0.847000,-67,0.000000,7,8
1,23.000000,21.332001,0.830000,-68,0.000000,7,8
1,23.000000,21.259001,0.692000,-67,0.000000,7,8
1,23.000000,21.375999,0.869000,-68,0.000000,7,8
1,23.000000,21.083000,1.115000,-68,0.000000,7,8
1,23.000000,21.186001,1.107000,-69,0.000000,7,8
1,23.000000,21.375999,0.768000,-68,0.000000,7,8
1,23.000000,21.112000,0.972000,-68,0.000000,7,8
1,23.000000,21.215000,0.857000,-68,0.000000,7,8
1,23.000000,21.375999,0.868000,-68,0.000000,7,8
1,23.000000,21.243999,0.934000,-68,0.000000,7,8
1,23.000000,21.259001,1.139000,-67,0.000000,7,8
1,23.000000,21.273001,0.775000,-68,0.000000,7,8
1,23.000000,21.302999,0.769000,-68,0.000000,7,8
1,23.000000,21.273001,0.731000,-68,0.000000,7,8
1,23.000000,21.156000,0.812000,-67,0.000000,7,8
1,23.000000,21.186001,0.887000,-68,0.000000,7,8
1,23.000000,21.068001,1.016000,-67,0.000000,7,8
1,23.000000,21.200001,1.115000,-67,0.000000,7,8
1,23.000000,21.156000,1.021000,-68,0.000000,7,8
1,23.000000,21.259001,1.101000,-69,0.000000,7,8
1,23.000000,21.302999,0.874000,-67,0.000000,7,8
1,23.000000,21.288000,0.910000,-67,0.000000,7,8
1,23.000000,21.347000,1.185000,-68,0.000000,7,8
1,23.000000,21.229000,0.933000,-68,0.000000,7,8
1,23.000000,21.316999,1.191000,-68,0.000000,7,8
1,23.000000,21.302999,0.812000,-68,0.000000,7,8
1,23.000000,21.361000,0.962000,-69,0.000000,7,8
1,23.000000,21.259001,0.708000,-68,0.000000,7,8
1,23.000000,21.405001,0.958000,-67,0.000000,7,8
1,23.000000,21.521999,1.058000,-67,0.000000,7,8
1,23.000000,21.448999,1.035000,-67,0.000000,7,8
1,23.000000,21.243999,1.009000,-68,0.000000,7,8
1,23.000000,21.302999,0.777000,-68,0.000000,7,8
1,23.000000,21.332001,0.871000,-67,0.000000,7,8
1,23.000000,21.316999,1.215000,-68,0.000000,7,8
1,23.000000,21.142000,0.848000,-69,0.000000,7,8
1,23.000000,21.156000,1.015000,-68,0.000000,7,8
1,23.000000,21.375999,0.780000,-68,0.000000,7,8
1,23.000000,21.405001,0.970000,-67,0.000000,7,8
1,23.000000,21.405001,0.939000,-68,0.000000,7,8
1,23.000000,21.200001,1.129000,-68,0.000000,7,8
1,23.000000,21.200001,1.153000,-67,0.000000,7,8
1,23.000000,21.405001,1.339000,-67,0.000000,7,8
1,23.000000,21.273001,1.202000,-67,0.000000,7,8
1,23.000000,21.420000,0.891000,-67,0.000000,7,8
1,23.000000,21.156000,1.109000,-68,0.000000,7,8
1,23.000000,21.288000,0.907000,-68,0.000000,7,8
1,23.000000,21.186001,1.201000,-68,0.000000,7,8
1,23.000000,21.200001,1.342000,-68,0.000000,7,8
1,23.000000,21.273001,1.041000,-68,0.000000,7,8
1,23.000000,21.259001,1.167000,-68,0.000000,7,8
1,23.000000,21.361000,1.099000,-67,0.000000,7,8
1,23.000000,21.184999,1.013000,-68,0.000000,7,8
1,23.000000,21.448999,0.691000,-68,0.000000,7,8
1,23.000000,21.229000,1.126000,-68,0.000000,7,8
1,23.000000,21.302999,0.949000,-68,0.000000,7,8
1,23.000000,21.200001,1.177000,-68,0.000000,7,8
1,23.000000,21.434999,1.055000,-67,0.000000,7,8
1,23.000000,21.361000,1.057000,-67,0.000000,7,8
1,23.000000,21.288000,0.941000,-68,0.000000,7,8
1,23.000000,21.215000,1.464000,-68,0.000000,7,8
1,23.000000,21.375999,1.145000,-68,0.000000,7,8
1,23.000000,21.229000,1.402000,-68,0.000000,7,8
1,23.000000,21.434000,0.990000,-68,0.000000,7,8
1,23.000000,21.302999,1.308000,-68,0.000000,7,8
1,23.000000,21.420000,0.812000,-68,0.000000,7,8
1,23.000000,21.464001,0.976000,-68,0.000000,7,8
1,23.000000,21.420000,1.020000,-68,0.000000,7,8
1,23.000000,21.391001,0.973000,-68,0.000000,7,8
1,23.000000,21.288000,1.257000,-68,0.000000,7,8
1,23.000000,21.420000,1.367000,-67,0.000000,7,8
1,23.000000,21.184999,1.061000,-67,0.000000,7,8
1,23.000000,21.243999,1.208000,-67,0.000000,7,8
1,23.000000,21.316999,0.887000,-67,0.000000,7,8
1,23.000000,21.273001,0.949000,-67,0.000000,7,8
1,23.000000,21.361000,1.090000,-67,0.000000,7,8
1,23.000000,21.273001,1.091000,-67,0.000000,7,8
1,23.000000,21.391001,1.150000,-67,0.000000,7,8
1,23.000000,21.288000,1.038000,-67,0.000000,7,8
1,23.000000,21.288000,1.044000,-67,0.000000,7,8
1,23.000000,21.405001,1.049000,-67,0.000000,7,8
1,23.000000,21.273001,1.103000,-67,0.000000,7,8
1,23.000000,21.243999,1.374000,-67,0.000000,7,8
1,23.000000,21.478001,1.112000,-67,0.000000,7,8
1,23.000000,21.171000,1.201000,-67,0.000000,7,8
1,23.000000,21.259001,1.147000,-67,0.000000,7,8
1,23.000000,21.171000,1.090000,-67,0.000000,7,8
1,23.000000,21.405001,1.346000,-67,0.000000,7,8
1,23.000000,21.434999,0.841000,-68,0.000000,7,8
1,23.000000,21.259001,1.147000,-67,0.000000,7,8
1,23.000000,21.273001,1.297000,-67,0.000000,7,8
1,23.000000,21.347000,1.174000,-67,0.000000,7,8
1,23.000000,21.361000,1.100000,-67,0.000000,7,8
1,23.000000,21.361000,1.090000,-68,0.000000,7,8
1,23.000000,21.288000,0.888000,-68,0.000000,7,8
1,23.000000,21.316999,1.197000,-67,0.000000,7,8
1,23.000000,21.389999,0.897000,-67,0.000000,7,8
1,23.000000,21.391001,0.931000,-68,0.000000,7,8
1,23.000000,21.243999,1.024000,-68,0.000000,7,8
1,23.000000,21.332001,1.087000,-67,0.000000,7,8
1,23.000000,21.288000,1.169000,-67,0.000000,7,8
1,23.000000,21.316999,1.081000,-67,0.000000,7,8
1,23.000000,21.405001,1.080000,-67,0.000000,7,8
1,23.000000,21.259001,1.312000,-67,0.000000,7,8
1,23.000000,21.507999,0.860000,-67,0.000000,7,8
1,23.000000,21.332001,1.263000,-67,0.000000,7,8
1,23.000000,21.316999,1.089000,-68,0.000000,7,8
1,23.000000,21.273001,1.345000,-67,0.000000,7,8
1,23.000000,21.229000,1.289000,-67,0.000000,7,8
1,23.000000,21.434000,1.066000,-67,0.000000,7,8
1,23.000000,21.156000,1.168000,-67,0.000000,7,8
1,23.000000,21.243999,1.092000,-67,0.000000,7,8
1,23.000000,21.375999,1.268000,-67,0.000000,7,8
1,23.000000,21.184999,1.095000,-67,0.000000,7,8
1,23.000000,21.302999,1.353000,-67,0.000000,7,8
1,23.000000,21.288000,1.900000,-67,0.000000,7,8
1,23.000000,21.273001,1.185000,-67,0.000000,7,8
1,23.000000,21.332001,1.083000,-67,0.000000,7,8
1,23.000000,21.273001,1.183000,-68,0.000000,7,8
1,23.000000,21.273001,1.044000,-67,0.000000,7,8
1,23.000000,21.405001,0.813000,-67,0.000000,7,8
1,23.000000,21.215000,1.282000,-68,0.000000,7,8
1,23.000000,21.259001,1.377000,-67,0.000000,7,8
1,23.000000,21.332001,1.239000,-67,0.000000,7,8
1,23.000000,21.243999,1.317000,-67,0.000000,7,8
1,23.000000,21.375999,1.135000,-67,0.000000,7,8
1,23.000000,21.405001,1.169000,-67,0.000000,7,8
1,23.000000,21.405001,1.180000,-67,0.000000,7,8
1,23.000000,21.361000,1.133000,-67,0.000000,7,8
1,23.000000,21.243999,0.907000,-67,0.000000,7,8
1,23.000000,21.273001,1.231000,-67,0.000000,7,8
1,23.000000,21.316999,1.326000,-67,0.000000,7,8
1,23.000000,21.448999,1.089000,-67,0.000000,7,8
1,23.000000,21.302999,1.110000,-67,0.000000,7,8
1,23.000000,21.215000,1.339000,-67,0.000000,7,8
1,23.000000,21.346001,1.132000,-67,0.000000,7,8
1,23.000000,21.200001,1.272000,-67,0.000000,7,8
1,23.000000,21.288000,1.239000,-67,0.000000,7,8
1,23.000000,21.259001,1.063000,-68,0.000000,7,8
1,23.000000,21.361000,0.971000,-67,0.000000,7,8
1,23.000000,21.639999,1.187000,-67,0.000000,7,8
1,23.000000,21.361000,1.059000,-67,0.000000,7,8
1,23.000000,21.229000,1.223000,-67,0.000000,7,8
1,23.000000,21.302999,1.329000,-67,0.000000,7,8
1,23.000000,21.186001,1.164000,-67,0.000000,7,8
1,23.000000,21.332001,1.142000,-67,0.000000,7,8
1,23.000000,21.215000,1.043000,-67,0.000000,7,8
1,23.000000,21.389999,1.176000,-67,0.000000,7,8
1,23.000000,21.243999,1.121000,-67,0.000000,7,8
1,23.000000,21.259001,1.056000,-67,0.000000,7,8
1,23.000000,21.288000,1.045000,-67,0.000000,7,8
1,23.000000,21.332001,1.319000,-67,0.000000,7,8
1,23.000000,21.200001,1.364000,-67,0.000000,7,8
1,23.000000,21.302999,1.142000,-67,0.000000,7,8
1,23.000000,21.288000,0.914000,-67,0.000000,7,8
1,23.000000,21.243999,1.102000,-68,0.000000,7,8
1,23.000000,21.332001,1.062000,-68,0.000000,7,8
1,23.000000,21.215000,1.211000,-67,0.000000,7,8
1,23.000000,21.420000,1.183000,-67,0.000000,7,8
1,23.000000,21.302999,1.229000,-67,0.000000,7,8
1,23.000000,21.229000,1.050000,-68,0.000000,7,8
1,23.000000,21.259001,0.904000,-68,0.000000,7,8
1,23.000000,21.259001,1.147000,-67,0.000000,7,8
1,23.000000,21.391001,1.090000,-67,0.000000,7,8
1,23.000000,21.361000,0.855000,-67,0.000000,7,8
1,23.000000,21.332001,0.888000,-67,0.000000,7,8
1,23.000000,21.478001,0.960000,-67,0.000000,7,8
1,23.000000,21.273001,1.053000,-67,0.000000,7,8
1,23.000000,21.316999,1.063000,-68,0.000000,7,8
1,23.000000,21.507999,0.916000,-67,0.000000,7,8
1,23.000000,21.215000,1.199000,-67,0.000000,7,8
1,23.000000,21.316999,1.116000,-67,0.000000,7,8
1,23.000000,21.229000,0.983000,-67,0.000000,7,8
1,23.000000,21.215000,1.164000,-67,0.000000,7,8
1,23.000000,21.273001,1.164000,-67,0.000000,7,8
1,23.000000,21.420000,0.946000,-67,0.000000,7,8
1,23.000000,21.434999,1.072000,-67,0.000000,7,8
1,23.000000,21.316999,1.141000,-67,0.000000,7,8
1,23.000000,21.346001,1.084000,-67,0.000000,7,8
1,23.000000,21.316999,0.976000,-67,0.000000,7,8
1,23.000000,21.316999,0.779000,-67,0.000000,7,8
1,23.000000,21.420000,1.049000,-67,0.000000,7,8
1,23.000000,21.243999,1.226000,-67,0.000000,7,8
1,23.000000,21.434000,1.031000,-67,0.000000,7,8
1,23.000000,21.346001,1.147000,-67,0.000000,7,8
1,23.000000,21.259001,1.182000,-67,0.000000,7,8
1,23.000000,21.156000,1.247000,-67,0.000000,7,8
1,23.000000,21.332001,1.214000,-67,0.000000,7,8
1,23.000000,21.391001,0.891000,-67,0.000000,7,8
1,23.000000,21.200001,1.066000,-67,0.000000,7,8
1,23.000000,21.243999,1.023000,-67,0.000000,7,8
1,23.000000,21.302999,1.300000,-67,0.000000,7,8
1,23.000000,21.332001,0.954000,-67,0.000000,7,8
1,23.000000,21.391001,1.035000,-67,0.000000,7,8
1,23.000000,21.288000,1.239000,-67,0.000000,7,8
1,23.000000,21.243999,1.167000,-67,0.000000,7,8
1,23.000000,21.316999,1.469000,-67,0.000000,7,8
1,23.000000,21.375999,0.976000,-67,0.000000,7,8
1,23.000000,21.332001,1.060000,-67,0.000000,7,8
1,23.000000,21.405001,0.955000,-67,0.000000,7,8
1,23.000000,21.316999,1.144000,-68,0.000000,7,8
1,23.000000,21.316999,0.988000,-67,0.000000,7,8
1,23.000000,21.420000,0.959000,-67,0.000000,7,8
1,23.000000,21.302999,1.024000,-68,0.000000,7,8
1,23.000000,21.507999,1.043000,-67,0.000000,7,8
1,23.000000,21.288000,1.193000,-67,0.000000,7,8
1,23.000000,21.259001,0.870000,-67,0.000000,7,8
1,23.000000,21.229000,1.122000,-67,0.000000,7,8
1,23.000000,21.332001,1.036000,-67,0.000000,7,8
1,23.000000,21.184999,1.378000,-67,0.000000,7,8
1,23.000000,21.420000,0.892000,-67,0.000000,7,8
1,23.000000,21.171000,1.051000,-67,0.000000,7,8
1,23.000000,21.332001,1.107000,-67,0.000000,7,8
1,23.000000,21.375999,0.918000,-67,0.000000,7,8
1,23.000000,21.346001,1.162000,-67,0.000000,7,8
1,23.000000,21.259001,1.153000,-68,0.000000,7,8
1,23.000000,21.288000,0.893000,-67,0.000000,7,8
1,23.000000,21.361000,1.067000,-67,0.000000,7,8
1,23.000000,21.375999,1.118000,-67,0.000000,7,8
1,23.000000,21.288000,1.221000,-67,0.000000,7,8
1,23.000000,21.259001,1.077000,-67,0.000000,7,8
1,23.000000,21.405001,0.921000,-67,0.000000,7,8
1,23.000000,21.302999,1.208000,-67,0.000000,7,8
1,23.000000,21.273001,1.383000,-67,0.000000,7,8
1,23.000000,21.332001,0.843000,-67,0.000000,7,8
1,23.000000,21.521999,0.931000,-67,0.000000,7,8
1,23.000000,21.391001,1.164000,-67,0.000000,7,8
1,23.000000,21.346001,0.906000,-67,0.000000,7,8
1,23.000000,21.448999,1.275000,-67,0.000000,7,8
1,23.000000,21.273001,1.257000,-67,0.000000,7,8
1,23.000000,21.361000,1.189000,-67,0.000000,7,8
1,23.000000,21.332001,1.187000,-67,0.000000,7,8
1,23.000000,21.391001,1.160000,-67,0.000000,7,8
1,23.000000,21.507999,0.917000,-67,0.000000,7,8
1,23.000000,21.434000,0.978000,-67,0.000000,7,8
1,23.000000,21.361000,1.158000,-67,0.000000,7,8
1,23.000000,21.215000,1.074000,-67,0.000000,7,8
1,23.000000,21.361000,1.084000,-67,0.000000,7,8
1,23.000000,21.316999,1.115000,-67,0.000000,7,8
1,23.000000,21.347000,1.164000,-68,0.000000,7,8
1,23.000000,21.347000,1.039000,-67,0.000000,7,8
1,23.000000,21.347000,0.787000,-68,0.000000,7,8
1,23.000000,21.434000,1.031000,-68,0.000000,7,8
1,23.000000,21.288000,1.091000,-68,0.000000,7,8
1,23.000000,21.127001,1.139000,-68,0.000000,7,8
1,23.000000,21.142000,0.975000,-68,0.000000,7,8
1,23.000000,21.229000,0.766000,-68,0.000000,7,8
1,23.000000,21.229000,1.033000,-67,0.000000,7,8
1,23.000000,21.229000,1.404000,-67,0.000000,7,8
1,23.000000,21.521999,0.750000,-67,0.000000,7,8
1,23.000000,21.302999,1.072000,-67,0.000000,7,8
1,23.000000,21.389999,1.085000,-67,0.000000,7,8
1,23.000000,21.448999,1.262000,-67,0.000000,7,8
1,23.000000,21.521999,1.067000,-67,0.000000,7,8
1,23.000000,21.229000,1.150000,-67,0.000000,7,8
1,23.000000,21.184999,1.174000,-67,0.000000,7,8
1,23.000000,21.434999,1.139000,-67,0.000000,7,8
1,23.000000,21.288000,0.861000,-67,0.000000,7,8
1,23.000000,21.273001,1.071000,-67,0.000000,7,8
1,23.000000,21.464001,1.006000,-67,0.000000,7,8
1,23.000000,21.434999,1.049000,-67,0.000000,7,8
1,23.000000,21.273001,1.113000,-67,0.000000,7,8
1,23.000000,21.346001,0.998000,-67,0.000000,7,8
1,23.000000,21.478001,1.063000,-67,0.000000,7,8
1,23.000000,21.361000,1.375000,-67,0.000000,7,8
1,23.000000,21.302999,1.044000,-67,0.000000,7,8
1,23.000000,21.273001,1.117000,-67,0.000000,7,8
1,23.000000,21.259001,0.805000,-67,0.000000,7,8
1,23.000000,21.316999,1.002000,-67,0.000000,7,8
1,23.000000,21.273001,1.092000,-67,0.000000,7,8
1,23.000000,21.391001,1.165000,-67,0.000000,7,8
1,23.000000,21.347000,1.186000,-67,0.000000,7,8
1,23.000000,21.243999,1.135000,-68,0.000000,7,8
1,23.000000,21.332001,0.897000,-67,0.000000,7,8
1,23.000000,21.229000,1.115000,-68,0.000000,7,8
1,23.000000,21.332001,1.215000,-68,0.000000,7,8
1,23.000000,21.243999,1.257000,-68,0.000000,7,8
1,23.000000,21.302999,1.343000,-68,0.000000,7,8
1,23.000000,21.112000,1.507000,-68,0.000000,7,8
1,23.000000,21.171000,1.196000,-68,0.000000,7,8
1,23.000000,21.229000,0.829000,-68,0.000000,7,8
1,23.000000,21.273001,1.096000,-68,0.000000,7,8
1,23.000000,21.083000,1.356000,-68,0.000000,7,8
1,23.000000,21.478001,0.721000,-67,0.000000,7,8
1,23.000000,21.405001,0.867000,-68,0.000000,7,8
1,23.000000,21.420000,1.055000,-68,0.000000,7,8
1,23.000000,21.243999,0.963000,-68,0.000000,7,8
1,23.000000,21.302999,1.344000,-67,0.000000,7,8
1,23.000000,21.302999,1.464000,-68,0.000000,7,8
1,23.000000,21.507999,1.254000,-68,0.000000,7,8
1,23.000000,21.361000,1.055000,-68,0.000000,7,8
1,23.000000,21.389999,1.273000,-68,0.000000,7,8
1,23.000000,21.375999,1.097000,-67,0.000000,7,8
1,23.000000,21.259001,1.357000,-67,0.000000,7,8
1,23.000000,21.171000,1.375000,-67,0.000000,7,8
1,23.000000,21.332001,1.256000,-67,0.000000,7,8
1,23.000000,21.316999,1.156000,-67,0.000000,7,8
1,23.000000,21.288000,0.945000,-67,0.000000,7,8
1,23.000000,21.347000,1.299000,-67,0.000000,7,8
1,23.000000,21.273001,1.341000,-68,0.000000,7,8
1,23.000000,21.361000,1.267000,-68,0.000000,7,8
1,23.000000,21.347000,1.249000,-68,0.000000,7,8
1,23.000000,21.215000,1.012000,-68,0.000000,7,8
1,23.000000,21.347000,1.253000,-67,0.000000,7,8
1,23.000000,21.171000,1.235000,-67,0.000000,7,8
1,23.000000,21.141001,1.228000,-68,0.000000,7,8
1,23.000000,21.243999,1.087000,-68,0.000000,7,8
1,23.000000,21.229000,1.175000,-68,0.000000,7,8
1,23.000000,21.229000,1.183000,-68,0.000000,7,8
1,23.000000,21.361000,1.208000,-67,0.000000,7,8
1,23.000000,21.243999,1.045000,-68,0.000000,7,8
1,23.000000,21.243999,0.969000,-68,0.000000,7,8
1,23.000000,21.098000,1.370000,-68,0.000000,7,8
1,23.000000,21.361000,0.966000,-68,0.000000,7,8
1,23.000000,21.361000,1.236000,-68,0.000000,7,8
1,23.000000,21.259001,1.372000,-67,0.000000,7,8
1,23.000000,21.420000,1.362000,-67,0.000000,7,8
1,23.000000,21.259001,1.044000,-67,0.000000,7,8
1,23.000000,21.405001,1.045000,-67,0.000000,7,8
1,23.000000,21.346001,1.203000,-67,0.000000,7,8
1,23.000000,21.316999,1.319000,-68,0.000000,7,8
1,23.000000,21.243999,0.979000,-67,0.000000,7,8
1,23.000000,21.316999,0.906000,-68,0.000000,7,8
1,23.000000,21.215000,1.300000,-68,0.000000,7,8
1,23.000000,21.259001,0.815000,-68,0.000000,7,8
1,23.000000,21.361000,1.099000,-67,0.000000,7,8
1,23.000000,21.434999,0.862000,-67,0.000000,7,8
1,23.000000,21.361000,0.948000,-67,0.000000,7,8
1,23.000000,21.361000,0.982000,-68,0.000000,7,8
1,23.000000,21.478001,0.953000,-68,0.000000,7,8
1,23.000000,21.184999,1.299000,-68,0.000000,7,8
1,23.000000,21.229000,1.110000,-67,0.000000,7,8
1,23.000000,21.229000,1.214000,-67,0.000000,7,8
1,23.000000,21.302999,1.150000,-68,0.000000,7,8
1,23.000000,21.332001,0.895000,-68,0.000000,7,8
1,23.000000,21.332001,1.121000,-68,0.000000,7,8
1,23.000000,21.302999,1.066000,-67,0.000000,7,8
1,23.000000,21.346001,1.134000,-67,0.000000,7,8
1,23.000000,21.229000,0.921000,-68,0.000000,7,8
1,23.000000,21.243999,1.007000,-68,0.000000,7,8
1,23.000000,21.184999,1.410000,-67,0.000000,7,8
1,23.000000,21.420000,1.255000,-67,0.000000,7,8
1,23.000000,21.200001,1.250000,-67,0.000000,7,8
1,23.000000,21.243999,1.486000,-68,0.000000,7,8
1,23.000000,21.302999,0.960000,-67,0.000000,7,8
1,23.000000,21.215000,1.281000,-68,0.000000,7,8
1,23.000000,21.229000,1.193000,-68,0.000000,7,8
1,23.000000,21.184999,1.269000,-68,0.000000,7,8
1,23.000000,21.302999,1.015000,-68,0.000000,7,8
1,23.000000,21.347000,1.083000,-68,0.000000,7,8
1,23.000000,21.405001,1.191000,-68,0.000000,7,8
1,23.000000,21.316999,1.069000,-68,0.000000,7,8
1,23.000000,21.332001,0.835000,-68,0.000000,7,8
1,23.000000,21.273001,0.996000,-68,0.000000,7,8
1,23.000000,21.405001,1.230000,-68,0.000000,7,8
1,23.000000,21.332001,1.112000,-68,0.000000,7,8
1,23.000000,21.127001,1.321000,-68,0.000000,7,8
1,23.000000,21.142000,1.046000,-68,0.000000,7,8
1,23.000000,21.361000,1.149000,-68,0.000000,7,8
1,23.000000,21.215000,1.068000,-68,0.000000,7,8
1,23.000000,21.493000,0.851000,-68,0.000000,7,8
1,23.000000,21.259001,1.046000,-68,0.000000,7,8
1,23.000000,21.420000,1.038000,-68,0.000000,7,8
1,23.000000,21.200001,1.303000,-68,0.000000,7,8
1,23.000000,21.215000,1.021000,-67,0.000000,7,8
1,23.000000,21.259001,1.182000,-68,0.000000,7,8
1,23.000000,21.302999,1.011000,-67,0.000000,7,8
1,23.000000,21.200001,0.862000,-68,0.000000,7,8
1,23.000000,21.200001,1.176000,-68,0.000000,7,8
1,23.000000,21.259001,0.872000,-67,0.000000,7,8
1,23.000000,21.229000,1.248000,-68,0.000000,7,8
1,23.000000,21.332001,1.228000,-68,0.000000,7,8
1,23.000000,21.200001,1.195000,-68,0.000000,7,8
1,23.000000,21.229000,1.206000,-68,0.000000,7,8
1,23.000000,21.171000,1.276000,-68,0.000000,7,8
1,23.000000,21.302999,0.971000,-68,0.000000,7,8
1,23.000000,21.332001,1.242000,-68,0.000000,7,8
1,23.000000,21.097000,1.090000,-68,0.000000,7,8
1,23.000000,21.184999,0.996000,-68,0.000000,7,8
1,23.000000,21.347000,1.269000,-68,0.000000,7,8
1,23.000000,21.215000,1.130000,-68,0.000000,7,8
1,23.000000,21.097000,1.383000,-68,0.000000,7,8
1,23.000000,21.229000,1.206000,-68,0.000000,7,8
1,23.000000,21.346001,1.161000,-68,0.000000,7,8
1,23.000000,21.171000,1.223000,-68,0.000000,7,8
1,23.000000,21.302999,1.059000,-68,0.000000,7,8
1,23.000000,21.302999,0.927000,-68,0.000000,7,8
1,23.000000,21.200001,1.388000,-68,0.000000,7,8
1,23.000000,21.243999,1.143000,-68,0.000000,7,8
1,23.000000,21.112000,1.308000,-68,0.000000,7,8
1,23.000000,21.332001,1.258000,-68,0.000000,7,8
1,23.000000,21.302999,0.999000,-68,0.000000,7,8
1,23.000000,21.171000,1.140000,-68,0.000000,7,8
1,23.000000,21.112000,1.301000,-68,0.000000,7,8
1,23.000000,21.375999,0.981000,-68,0.000000,7,8
1,23.000000,21.229000,1.186000,-68,0.000000,7,8
1,23.000000,21.243999,0.986000,-68,0.000000,7,8
1,23.000000,21.332001,1.527000,-68,0.000000,7,8
1,23.000000,21.068001,1.260000,-68,0.000000,7,8
1,23.000000,21.142000,1.218000,-68,0.000000,7,8
1,23.000000,21.171000,1.209000,-68,0.000000,7,8
1,23.000000,21.332001,1.252000,-68,0.000000,7,8
1,23.000000,21.346001,1.254000,-68,0.000000,7,8
1,23.000000,21.229000,1.013000,-68,0.000000,7,8
1,23.000000,21.302999,1.068000,-68,0.000000,7,8
1,23.000000,21.316999,1.159000,-67,0.000000,7,8
1,23.000000,21.273001,1.265000,-67,0.000000,7,8
1,23.000000,21.302999,1.206000,-68,0.000000,7,8
1,23.000000,21.273001,1.421000,-68,0.000000,7,8
1,23.000000,21.332001,1.257000,-67,0.000000,7,8
1,23.000000,21.316999,1.354000,-68,0.000000,7,8
1,23.000000,21.229000,1.348000,-67,0.000000,7,8
1,23.000000,21.552000,0.960000,-67,0.000000,7,8
1,23.000000,21.273001,1.336000,-67,0.000000,7,8
1,23.000000,21.273001,1.147000,-68,0.000000,7,8
1,23.000000,21.478001,0.907000,-68,0.000000,7,8
1,23.000000,21.273001,1.184000,-68,0.000000,7,8
1,23.000000,21.302999,1.199000,-68,0.000000,7,8
1,23.000000,21.200001,0.943000,-67,0.000000,7,8
1,23.000000,21.171000,1.248000,-67,0.000000,7,8
1,23.000000,21.243999,0.956000,-68,0.000000,7,8
1,23.000000,21.259001,1.049000,-68,0.000000,7,8
1,23.000000,21.346001,1.234000,-68,0.000000,7,8
1,23.000000,21.332001,1.151000,-68,0.000000,7,8
1,23.000000,21.332001,1.209000,-67,0.000000,7,8
1,23.000000,21.302999,1.277000,-67,0.000000,7,8
1,23.000000,21.243999,1.038000,-68,0.000000,7,8
1,23.000000,21.141001,1.088000,-68,0.000000,7,8
1,23.000000,21.273001,1.282000,-67,0.000000,7,8
1,23.000000,21.434999,1.262000,-67,0.000000,7,8
1,23.000000,21.243999,1.207000,-67,0.000000,7,8
1,23.000000,21.127001,1.418000,-67,0.000000,7,8
1,23.000000,21.200001,1.460000,-67,0.000000,7,8
1,23.000000,21.346001,1.240000,-67,0.000000,7,8
1,23.000000,21.288000,0.887000,-67,0.000000,7,8
1,23.000000,21.288000,0.908000,-67,0.000000,7,8
1,23.000000,21.259001,1.328000,-67,0.000000,7,8
1,23.000000,21.347000,1.000000,-68,0.000000,7,8
1,23.000000,21.259001,1.270000,-68,0.000000,7,8
1,23.000000,21.405001,1.057000,-68,0.000000,7,8
1,23.000000,21.273001,1.178000,-67,0.000000,7,8
1,23.000000,21.302999,1.251000,-67,0.000000,7,8
1,23.000000,21.273001,1.240000,-67,0.000000,7,8
1,23.000000,21.361000,1.005000,-67,0.000000,7,8
1,23.000000,21.229000,1.140000,-68,0.000000,7,8
1,23.000000,21.493000,1.021000,-68,0.000000,7,8
1,23.000000,21.316999,1.118000,-68,0.000000,7,8
1,23.000000,21.389999,1.337000,-68,0.000000,7,8
1,23.000000,21.243999,1.036000,-67,0.000000,7,8
1,23.000000,21.215000,1.242000,-67,0.000000,7,8
1,23.000000,21.156000,1.391000,-68,0.000000,7,8
1,23.000000,21.171000,1.035000,-68,0.000000,7,8
1,23.000000,21.288000,1.127000,-68,0.000000,7,8
1,23.000000,21.215000,0.933000,-68,0.000000,7,8
1,23.000000,21.259001,1.238000,-68,0.000000,7,8
1,23.000000,21.332001,1.374000,-67,0.000000,7,8
1,23.000000,21.405001,1.234000,-68,0.000000,7,8
1,23.000000,21.288000,1.155000,-68,0.000000,7,8
1,23.000000,21.184999,1.050000,-68,0.000000,7,8
1,23.000000,21.259001,1.170000,-68,0.000000,7,8
1,23.000000,21.273001,1.083000,-68,0.000000,7,8
1,23.000000,21.259001,1.308000,-67,0.000000,7,8
1,23.000000,21.259001,1.317000,-68,0.000000,7,8
1,23.000000,21.316999,1.142000,-68,0.000000,7,8
1,23.000000,21.302999,1.101000,-68,0.000000,7,8
1,23.000000,21.361000,0.804000,-68,0.000000,7,8
1,23.000000,21.184999,1.113000,-68,0.000000,7,8
1,23.000000,21.302999,1.323000,-68,0.000000,7,8
1,23.000000,21.259001,1.280000,-68,0.000000,7,8
1,23.000000,21.302999,1.018000,-68,0.000000,7,8
1,23.000000,21.229000,1.042000,-68,0.000000,7,8
1,23.000000,21.112000,1.389000,-68,0.000000,7,8
1,23.000000,21.112000,1.236000,-68,0.000000,7,8
1,23.000000,21.302999,1.144000,-68,0.000000,7,8
1,23.000000,21.273001,1.333000,-68,0.000000,7,8
1,23.000000,21.302999,1.043000,-67,0.000000,7,8
1,23.000000,21.332001,1.090000,-68,0.000000,7,8
1,23.000000,21.288000,1.036000,-68,0.000000,7,8
1,23.000000,21.288000,1.248000,-68,0.000000,7,8
1,23.000000,21.273001,1.364000,-68,0.000000,7,8
1,23.000000,21.112000,1.392000,-67,0.000000,7,8
1,23.000000,21.302999,1.109000,-68,0.000000,7,8
1,23.000000,21.229000,1.151000,-68,0.000000,7,8
1,23.000000,21.215000,1.323000,-68,0.000000,7,8
1,23.000000,21.243999,1.300000,-67,0.000000,7,8
1,23.000000,21.273001,1.369000,-67,0.000000,7,8
1,23.000000,21.184999,0.962000,-67,0.000000,7,8
1,23.000000,21.361000,1.032000,-67,0.000000,7,8
1,23.000000,21.316999,1.249000,-67,0.000000,7,8
1,23.000000,21.332001,1.037000,-68,0.000000,7,8
1,23.000000,21.259001,1.217000,-67,0.000000,7,8
1,23.000000,21.215000,1.179000,-67,0.000000,7,8
1,23.000000,21.302999,1.206000,-67,0.000000,7,8
1,23.000000,21.347000,0.923000,-68,0.000000,7,8
1,23.000000,21.141001,1.124000,-68,0.000000,7,8
1,23.000000,21.259001,1.255000,-67,0.000000,7,8
1,23.000000,21.375999,1.311000,-67,0.000000,7,8
1,23.000000,21.391001,1.196000,-67,0.000000,7,8
1,23.000000,21.316999,1.108000,-67,0.000000,7,8
1,23.000000,21.332001,1.236000,-67,0.000000,7,8
1,23.000000,21.316999,1.008000,-67,0.000000,7,8
1,23.000000,21.243999,1.181000,-68,0.000000,7,8
1,23.000000,21.347000,1.264000,-67,0.000000,7,8
1,23.000000,21.316999,1.200000,-67,0.000000,7,8
1,23.000000,21.229000,1.345000,-67,0.000000,7,8
1,23.000000,21.405001,1.193000,-67,0.000000,7,8
1,23.000000,21.316999,1.180000,-68,0.000000,7,8
1,23.000000,21.273001,1.060000,-68,0.000000,7,8
1,23.000000,21.478001,0.814000,-67,0.000000,7,8
1,23.000000,21.259001,1.169000,-67,0.000000,7,8
1,23.000000,21.347000,0.994000,-67,0.000000,7,8
1,23.000000,21.507999,1.046000,-67,0.000000,7,8
1,23.000000,21.332001,1.189000,-67,0.000000,7,8
1,23.000000,21.361000,1.062000,-68,0.000000,7,8
1,23.000000,21.229000,1.092000,-68,0.000000,7,8
1,23.000000,21.259001,1.313000,-68,0.000000,7,8
1,23.000000,21.259001,1.448000,-68,0.000000,7,8
1,23.000000,21.316999,1.162000,-68,0.000000,7,8
1,23.000000,21.215000,1.078000,-68,0.000000,7,8
1,23.000000,21.215000,1.122000,-68,0.000000,7,8
1,23.000000,21.346001,1.436000,-68,0.000000,7,8
1,23.000000,21.273001,1.368000,-68,0.000000,7,8
1,23.000000,21.391001,1.266000,-67,0.000000,7,8
1,23.000000,21.273001,1.196000,-67,0.000000,7,8
1,23.000000,21.375999,1.065000,-68,0.000000,7,8
1,23.000000,21.273001,1.330000,-67,0.000000,7,8
1,23.000000,21.332001,1.342000,-68,0.000000,7,8
1,23.000000,21.405001,0.868000,-68,0.000000,7,8
1,23.000000,21.259001,1.228000,-68,0.000000,7,8
1,23.000000,21.316999,1.003000,-67,0.000000,7,8
1,23.000000,21.464001,1.038000,-67,0.000000,7,8
1,23.000000,21.259001,1.227000,-67,0.000000,7,8
1,23.000000,21.200001,1.139000,-68,0.000000,7,8
1,23.000000,21.302999,1.088000,-68,0.000000,7,8
1,23.000000,21.464001,0.983000,-68,0.000000,7,8
1,23.000000,21.332001,1.136000,-67,0.000000,7,8
1,23.000000,21.521999,1.303000,-67,0.000000,7,8
1,23.000000,21.420000,1.161000,-67,0.000000,7,8
1,23.000000,21.375999,1.076000,-68,0.000000,7,8
1,23.000000,21.229000,1.077000,-68,0.000000,7,8
1,23.000000,21.316999,0.851000,-68,0.000000,7,8
1,23.000000,21.316999,1.094000,-68,0.000000,7,8
1,23.000000,21.405001,1.137000,-68,0.000000,7,8
1,23.000000,21.200001,1.321000,-67,0.000000,7,8
1,23.000000,21.302999,1.330000,-68,0.000000,7,8
1,23.000000,21.229000,0.971000,-68,0.000000,7,8
1,23.000000,21.259001,1.161000,-68,0.000000,7,8
1,23.000000,21.186001,1.167000,-68,0.000000,7,8
1,23.000000,21.259001,1.039000,-68,0.000000,7,8
1,23.000000,21.215000,1.419000,-67,0.000000,7,8
1,23.000000,21.375999,0.988000,-68,0.000000,7,8
1,23.000000,21.229000,1.446000,-67,0.000000,7,8
1,23.000000,21.273001,1.002000,-68,0.000000,7,8
1,23.000000,21.243999,1.325000,-68,0.000000,7,8
1,23.000000,21.332001,1.199000,-68,0.000000,7,8
1,23.000000,21.288000,1.122000,-67,0.000000,7,8
1,23.000000,21.405001,0.910000,-68,0.000000,7,8
1,23.000000,21.083000,1.140000,-68,0.000000,7,8
1,23.000000,21.316999,1.194000,-67,0.000000,7,8
1,23.000000,21.243999,1.190000,-68,0.000000,7,8
1,23.000000,21.302999,1.284000,-67,0.000000,7,8
1,23.000000,21.302999,1.063000,-67,0.000000,7,8
1,23.000000,21.375999,1.074000,-68,0.000000,7,8
1,23.000000,21.273001,1.279000,-68,0.000000,7,8
1,23.000000,21.259001,1.105000,-68,0.000000,7,8
1,23.000000,21.389999,1.057000,-67,0.000000,7,8
1,23.000000,21.288000,1.196000,-68,0.000000,7,8
1,23.000000,21.215000,1.042000,-67,0.000000,7,8
1,23.000000,21.332001,1.064000,-68,0.000000,7,8
1,23.000000,21.302999,1.227000,-67,0.000000,7,8
1,23.000000,21.507999,1.175000,-67,0.000000,7,8
1,23.000000,21.478001,1.012000,-67,0.000000,7,8
1,23.000000,21.375999,1.184000,-68,0.000000,7,8
1,23.000000,21.347000,1.070000,-68,0.000000,7,8
1,23.000000,21.375999,1.088000,-67,0.000000,7,8
1,23.000000,21.229000,0.994000,-67,0.000000,7,8
1,23.000000,21.448999,1.201000,-67,0.000000,7,8
1,23.000000,21.521999,0.844000,-67,0.000000,7,8
1,23.000000,21.420000,0.941000,-68,0.000000,7,8
1,23.000000,21.347000,1.097000,-68,0.000000,7,8
1,23.000000,21.156000,1.187000,-68,0.000000,7,8
1,23.000000,21.375999,1.169000,-67,0.000000,7,8
1,23.000000,21.302999,1.090000,-67,0.000000,7,8
1,23.000000,21.405001,1.015000,-68,0.000000,7,8
1,23.000000,21.259001,0.765000,-68,0.000000,7,8
1,23.000000,21.347000,0.845000,-68,0.000000,7,8
1,23.000000,21.375999,1.119000,-67,0.000000,7,8
1,23.000000,21.391001,1.147000,-67,0.000000,7,8
1,23.000000,21.332001,1.084000,-68,0.000000,7,8
1,23.000000,21.316999,0.986000,-68,0.000000,7,8
1,23.000000,21.229000,0.944000,-68,0.000000,7,8
1,23.000000,21.141001,1.098000,-68,0.000000,7,8
1,23.000000,21.332001,0.860000,-68,0.000000,7,8
1,23.000000,21.316999,1.013000,-68,0.000000,7,8
1,23.000000,21.332001,1.045000,-68,0.000000,7,8
1,23.000000,21.448999,1.017000,-68,0.000000,7,8
1,23.000000,21.200001,1.129000,-68,0.000000,7,8
1,23.000000,21.405001,1.300000,-68,0.000000,7,8
1,23.000000,21.434000,1.096000,-68,0.000000,7,8
1,23.000000,21.127001,1.128000,-67,0.000000,7,8
1,23.000000,21.273001,1.279000,-68,0.000000,7,8
1,23.000000,21.375999,1.278000,-68,0.000000,7,8
1,23.000000,21.420000,1.140000,-68,0.000000,7,8
1,23.000000,21.434000,1.249000,-67,0.000000,7,8
1,23.000000,21.288000,1.252000,-67,0.000000,7,8
1,23.000000,21.566000,0.958000,-67,0.000000,7,8
1,23.000000,21.259001,1.416000,-68,0.000000,7,8
1,23.000000,21.434999,1.140000,-67,0.000000,7,8
1,23.000000,21.302999,1.233000,-67,0.000000,7,8
1,23.000000,21.288000,1.093000,-67,0.000000,7,8
1,23.000000,21.361000,1.169000,-67,0.000000,7,8
1,23.000000,21.171000,1.173000,-68,0.000000,7,8
1,23.000000,21.259001,1.031000,-67,0.000000,7,8
1,23.000000,21.316999,0.947000,-68,0.000000,7,8
1,23.000000,21.229000,1.047000,-67,0.000000,7,8
1,23.000000,21.112000,1.314000,-68,0.000000,7,8
1,23.000000,21.186001,1.266000,-68,0.000000,7,8
1,23.000000,21.141001,1.248000,-68,0.000000,7,8
1,23.000000,21.259001,1.087000,-68,0.000000,7,8
1,23.000000,21.215000,1.060000,-68,0.000000,7,8
1,23.000000,21.316999,0.885000,-68,0.000000,7,8
1,23.000000,21.243999,1.337000,-67,0.000000,7,8
1,23.000000,21.215000,1.108000,-68,0.000000,7,8
1,23.000000,21.243999,1.137000,-67,0.000000,7,8
1,23.000000,21.273001,1.012000,-68,0.000000,7,8
1,23.000000,21.302999,1.288000,-67,0.000000,7,8
1,23.000000,21.361000,1.155000,-67,0.000000,7,8
1,23.000000,21.405001,1.267000,-68,0.000000,7,8
1,23.000000,21.156000,1.018000,-68,0.000000,7,8
1,23.000000,21.420000,1.140000,-68,0.000000,7,8
1,23.000000,21.184999,1.039000,-67,0.000000,7,8
1,23.000000,21.273001,1.271000,-68,0.000000,7,8
1,23.000000,21.434000,1.139000,-68,0.000000,7,8
1,23.000000,21.316999,1.270000,-68,0.000000,7,8
1,23.000000,21.448999,1.084000,-67,0.000000,7,8
1,23.000000,21.229000,1.122000,-68,0.000000,7,8
1,23.000000,21.142000,1.199000,-67,0.000000,7,8
1,23.000000,21.434999,1.006000,-68,0.000000,7,8
1,23.000000,21.316999,1.124000,-67,0.000000,7,8
1,23.000000,21.156000,1.116000,-68,0.000000,7,8
1,23.000000,21.332001,1.119000,-68,0.000000,7,8
1,23.000000,21.215000,1.223000,-68,0.000000,7,8
1,23.000000,21.273001,1.155000,-68,0.000000,7,8
1,23.000000,21.273001,1.335000,-68,0.000000,7,8
1,23.000000,21.420000,1.015000,-68,0.000000,7,8
1,23.000000,21.405001,1.012000,-67,0.000000,7,8
1,23.000000,21.215000,1.024000,-68,0.000000,7,8
1,23.000000,21.259001,1.122000,-67,0.000000,7,8
1,23.000000,21.347000,1.143000,-68,0.000000,7,8
1,23.000000,21.259001,1.117000,-68,0.000000,7,8
1,23.000000,21.259001,0.897000,-67,0.000000,7,8
1,23.000000,21.229000,1.308000,-67,0.000000,7,8
1,23.000000,21.243999,1.018000,-67,0.000000,7,8
1,23.000000,21.302999,0.805000,-68,0.000000,7,8
1,23.000000,21.316999,1.191000,-67,0.000000,7,8
1,23.000000,21.316999,1.086000,-68,0.000000,7,8
1,23.000000,21.448999,0.859000,-67,0.000000,7,8
1,23.000000,21.259001,1.232000,-67,0.000000,7,8
1,23.000000,21.405001,1.037000,-67,0.000000,7,8
1,23.000000,21.507999,0.888000,-67,0.000000,7,8
1,23.000000,21.316999,1.069000,-67,0.000000,7,8
1,23.000000,21.405001,1.242000,-67,0.000000,7,8
1,23.000000,21.347000,0.873000,-67,0.000000,7,8
1,23.000000,21.156000,1.128000,-68,0.000000,7,8
1,23.000000,21.229000,1.040000,-68,0.000000,7,8
1,23.000000,21.186001,1.317000,-68,0.000000,7,8
1,23.000000,21.448999,0.900000,-67,0.000000,7,8
1,23.000000,21.316999,0.999000,-68,0.000000,7,8
1,23.000000,21.375999,1.336000,-67,0.000000,7,8
1,23.000000,21.200001,0.946000,-67,0.000000,7,8
1,23.000000,21.405001,1.087000,-68,0.000000,7,8
1,23.000000,21.420000,1.152000,-67,0.000000,7,8
1,23.000000,21.316999,1.197000,-67,0.000000,7,8
1,23.000000,21.273001,0.884000,-67,0.000000,7,8
1,23.000000,21.288000,1.156000,-67,0.000000,7,8
1,23.000000,21.347000,1.143000,-67,0.000000,7,8
1,23.000000,21.405001,1.344000,-67,0.000000,7,8
1,23.000000,21.346001,1.152000,-67,0.000000,7,8
1,23.000000,21.259001,1.296000,-67,0.000000,7,8
1,23.000000,21.259001,1.101000,-67,0.000000,7,8
1,23.000000,21.346001,1.065000,-67,0.000000,7,8
1,23.000000,21.316999,1.045000,-67,0.000000,7,8
1,23.000000,21.243999,1.224000,-68,0.000000,7,8
1,23.000000,21.288000,1.258000,-67,0.000000,7,8
1,23.000000,21.273001,1.266000,-67,0.000000,7,8
1,23.000000,21.537001,1.349000,-67,0.000000,7,8
1,23.000000,21.347000,1.156000,-67,0.000000,7,8
1,23.000000,21.288000,1.156000,-68,0.000000,7,8
1,23.000000,21.361000,1.034000,-68,0.000000,7,8
1,23.000000,21.273001,1.205000,-67,0.000000,7,8
1,23.000000,21.229000,1.151000,-68,0.000000,7,8
1,23.000000,21.389999,1.297000,-67,0.000000,7,8
1,23.000000,21.200001,1.348000,-67,0.000000,7,8
1,23.000000,21.434999,1.034000,-67,0.000000,7,8
1,23.000000,21.405001,1.123000,-68,0.000000,7,8
1,23.000000,21.507999,0.947000,-67,0.000000,7,8
1,23.000000,21.347000,1.395000,-68,0.000000,7,8
1,23.000000,21.273001,1.219000,-67,0.000000,7,8
1,23.000000,21.316999,1.093000,-67,0.000000,7,8
1,23.000000,21.420000,1.235000,-68,0.000000,7,8
1,23.000000,21.375999,1.131000,-67,0.000000,7,8
1,23.000000,21.259001,1.331000,-68,0.000000,7,8
1,23.000000,21.448999,0.976000,-67,0.000000,7,8
1,23.000000,21.273001,1.103000,-68,0.000000,7,8
1,23.000000,21.375999,1.045000,-68,0.000000,7,8
1,23.000000,21.375999,1.119000,-67,0.000000,7,8
1,23.000000,21.346001,1.001000,-68,0.000000,7,8
1,23.000000,21.186001,1.305000,-67,0.000000,7,8
1,23.000000,21.288000,1.288000,-67,0.000000,7,8
1,23.000000,21.184999,1.389000,-68,0.000000,7,8
1,23.000000,21.420000,0.938000,-68,0.000000,7,8
1,23.000000,21.316999,1.233000,-68,0.000000,7,8
1,23.000000,21.389999,1.133000,-67,0.000000,7,8
1,23.000000,21.259001,1.242000,-67,0.000000,7,8
1,23.000000,21.316999,1.074000,-67,0.000000,7,8
1,23.000000,21.243999,1.071000,-68,0.000000,7,8
1,23.000000,21.391001,0.979000,-67,0.000000,7,8
1,23.000000,21.302999,1.149000,-67,0.000000,7,8
1,23.000000,21.273001,1.131000,-67,0.000000,7,8
1,23.000000,21.302999,1.114000,-68,0.000000,7,8
1,23.000000,21.405001,1.253000,-68,0.000000,7,8
1,23.000000,21.405001,1.399000,-67,0.000000,7,8
1,23.000000,21.259001,1.433000,-67,0.000000,7,8
1,23.000000,21.229000,1.088000,-68,0.000000,7,8
1,23.000000,21.054001,1.296000,-68,0.000000,7,8
1,23.000000,21.229000,1.030000,-68,0.000000,7,8
1,23.000000,21.273001,0.855000,-68,0.000000,7,8
1,23.000000,21.243999,1.175000,-68,0.000000,7,8
1,23.000000,21.200001,1.192000,-68,0.000000,7,8
1,23.000000,21.229000,0.828000,-68,0.000000,7,8
1,23.000000,21.171000,1.112000,-68,0.000000,7,8
1,23.000000,21.375999,0.748000,-68,0.000000,7,8
1,23.000000,21.288000,0.974000,-68,0.000000,7,8
1,23.000000,21.332001,0.901000,-68,0.000000,7,8
1,23.000000,21.347000,0.934000,-68,0.000000,7,8
1,23.000000,21.141001,1.145000,-67,0.000000,7,8
1,23.000000,21.288000,1.016000,-68,0.000000,7,8
1,23.000000,21.259001,1.027000,-68,0.000000,7,8
1,23.000000,21.186001,1.255000,-67,0.000000,7,8
1,23.000000,21.229000,0.942000,-68,0.000000,7,8
1,23.000000,21.405001,1.160000,-67,0.000000,7,8
1,23.000000,21.420000,1.045000,-68,0.000000,7,8
1,23.000000,21.361000,1.341000,-68,0.000000,7,8
1,23.000000,21.259001,1.066000,-67,0.000000,7,8
1,23.000000,21.391001,0.960000,-68,0.000000,7,8
1,23.000000,21.316999,1.095000,-68,0.000000,7,8
1,23.000000,21.346001,0.945000,-67,0.000000,7,8
1,23.000000,21.332001,1.094000,-67,0.000000,7,8
1,23.000000,21.184999,0.943000,-67,0.000000,7,8
1,23.000000,21.361000,1.124000,-68,0.000000,7,8
1,23.000000,21.127001,1.252000,-68,0.000000,7,8
1,23.000000,21.302999,0.996000,-68,0.000000,7,8
1,23.000000,21.156000,1.184000,-68,0.000000,7,8
1,23.000000,21.171000,0.994000,-68,0.000000,7,8
1,23.000000,21.200001,0.923000,-68,0.000000,7,8
1,23.000000,21.316999,0.779000,-68,0.000000,7,8
1,23.000000,21.186001,0.913000,-68,0.000000,7,8
1,23.000000,21.243999,1.212000,-68,0.000000,7,8
1,23.000000,21.288000,1.177000,-68,0.000000,7,8
1,23.000000,21.243999,1.062000,-68,0.000000,7,8
1,23.000000,21.347000,0.955000,-68,0.000000,7,8
1,23.000000,21.389999,1.127000,-68,0.000000,7,8
1,23.000000,21.361000,0.941000,-68,0.000000,7,8
1,23.000000,21.273001,1.053000,-67,0.000000,7,8
1,23.000000,21.288000,1.172000,-68,0.000000,7,8
1,23.000000,21.521999,0.980000,-67,0.000000,7,8
1,23.000000,21.316999,0.869000,-68,0.000000,7,8
1,23.000000,21.273001,1.092000,-67,0.000000,7,8
1,23.000000,21.332001,1.230000,-67,0.000000,7,8
1,23.000000,21.243999,1.098000,-67,0.000000,7,8
1,23.000000,21.434000,1.179000,-68,0.000000,7,8
1,23.000000,21.316999,0.886000,-68,0.000000,7,8
1,23.000000,21.302999,0.806000,-68,0.000000,7,8
1,23.000000,21.215000,1.134000,-67,0.000000,7,8
1,23.000000,21.493000,1.037000,-67,0.000000,7,8
1,23.000000,21.302999,1.381000,-67,0.000000,7,8
1,23.000000,21.288000,0.981000,-67,0.000000,7,8
1,23.000000,21.332001,1.100000,-67,0.000000,7,8
1,23.000000,21.434999,0.889000,-67,0.000000,7,8
1,23.000000,21.259001,1.098000,-67,0.000000,7,8
1,23.000000,21.361000,1.221000,-67,0.000000,7,8
1,23.000000,21.361000,1.221000,-67,0.000000,7,8
1,23.000000,21.332001,1.050000,-67,0.000000,7,8
1,23.000000,21.112000,1.070000,-68,0.000000,7,8
1,23.000000,21.316999,0.987000,-68,0.000000,7,8
1,23.000000,21.243999,1.017000,-67,0.000000,7,8
1,23.000000,21.405001,0.937000,-68,0.000000,7,8
1,23.000000,21.302999,0.966000,-67,0.000000,7,8
1,23.000000,21.259001,0.987000,-67,0.000000,7,8
1,23.000000,21.259001,0.978000,-67,0.000000,7,8
1,23.000000,21.302999,0.816000,-68,0.000000,7,8
1,23.000000,21.288000,1.014000,-68,0.000000,7,8
1,23.000000,21.156000,1.192000,-68,0.000000,7,8
1,23.000000,21.259001,1.010000,-68,0.000000,7,8
1,23.000000,21.391001,0.963000,-67,0.000000,7,8
1,23.000000,21.332001,0.948000,-67,0.000000,7,8
1,23.000000,21.259001,1.059000,-68,0.000000,7,8
1,23.000000,21.259001,1.204000,-67,0.000000,7,8
1,23.000000,21.302999,0.951000,-67,0.000000,7,8
1,23.000000,21.127001,1.126000,-68,0.000000,7,8
1,23.000000,21.478001,0.982000,-67,0.000000,7,8
1,23.000000,21.405001,1.155000,-68,0.000000,7,8
1,23.000000,21.288000,1.082000,-67,0.000000,7,8
1,23.000000,21.389999,0.776000,-68,0.000000,7,8
1,23.000000,21.288000,1.244000,-68,0.000000,7,8
1,23.000000,21.273001,0.959000,-68,0.000000,7,8
1,23.000000,21.243999,1.178000,-68,0.000000,7,8
1,23.000000,21.215000,1.041000,-67,0.000000,7,8
1,23.000000,21.127001,1.244000,-68,0.000000,7,8
1,23.000000,21.361000,0.764000,-68,0.000000,7,8
1,23.000000,21.389999,0.899000,-68,0.000000,7,8
1,23.000000,21.259001,0.906000,-68,0.000000,7,8
1,23.000000,21.316999,0.801000,-68,0.000000,7,8
1,23.000000,21.316999,0.998000,-68,0.000000,7,8
1,23.000000,21.332001,0.718000,-68,0.000000,7,8
1,23.000000,21.273001,1.170000,-68,0.000000,7,8
1,23.000000,21.171000,1.128000,-68,0.000000,7,8
1,23.000000,21.229000,1.390000,-67,0.000000,7,8
1,23.000000,21.332001,1.196000,-67,0.000000,7,8
1,23.000000,21.316999,0.852000,-67,0.000000,7,8
1,23.000000,21.375999,1.014000,-68,0.000000,7,8
1,23.000000,21.507999,0.981000,-67,0.000000,7,8
1,23.000000,21.434999,1.143000,-67,0.000000,7,8
1,23.000000,21.171000,1.140000,-68,0.000000,7,8
1,23.000000,21.464001,0.859000,-67,0.000000,7,8
1,23.000000,21.156000,1.268000,-67,0.000000,7,8
1,23.000000,21.332001,0.954000,-67,0.000000,7,8
1,23.000000,21.200001,0.895000,-68,0.000000,7,8
1,23.000000,21.273001,1.323000,-67,0.000000,7,8
1,23.000000,21.391001,1.101000,-68,0.000000,7,8
1,23.000000,21.171000,1.070000,-68,0.000000,7,8
1,23.000000,21.259001,1.059000,-68,0.000000,7,8
1,23.000000,21.316999,0.926000,-68,0.000000,7,8
1,23.000000,21.229000,0.875000,-68,0.000000,7,8
1,23.000000,21.288000,1.178000,-68,0.000000,7,8
1,23.000000,21.200001,1.144000,-67,0.000000,7,8
1,23.000000,21.375999,0.938000,-68,0.000000,7,8
1,23.000000,21.259001,1.075000,-68,0.000000,7,8
1,23.000000,21.332001,0.937000,-68,0.000000,7,8
1,23.000000,21.302999,1.284000,-68,0.000000,7,8
1,23.000000,21.346001,1.181000,-68,0.000000,7,8
1,23.000000,21.420000,0.835000,-68,0.000000,7,8
1,23.000000,21.302999,0.865000,-68,0.000000,7,8
1,23.000000,21.316999,1.018000,-68,0.000000,7,8
1,23.000000,21.316999,1.009000,-68,0.000000,7,8
1,23.000000,21.405001,0.972000,-67,0.000000,7,8
1,23.000000,21.273001,1.198000,-67,0.000000,7,8
1,23.000000,21.375999,0.834000,-67,0.000000,7,8
1,23.000000,21.243999,1.215000,-67,0.000000,7,8
1,23.000000,21.215000,1.172000,-68,0.000000,7,8
1,23.000000,21.316999,0.977000,-67,0.000000,7,8
1,23.000000,21.375999,1.048000,-67,0.000000,7,8
1,23.000000,21.316999,0.913000,-67,0.000000,7,8
1,23.000000,21.215000,1.046000,-67,0.000000,7,8
1,23.000000,21.332001,0.828000,-67,0.000000,7,8
1,23.000000,21.361000,0.964000,-67,0.000000,7,8
1,23.000000,21.156000,1.140000,-67,0.000000,7,8
1,23.000000,21.493000,0.912000,-68,0.000000,7,8
1,23.000000,21.302999,0.972000,-67,0.000000,7,8
1,23.000000,21.273001,1.109000,-68,0.000000,7,8
1,23.000000,21.478001,1.201000,-68,0.000000,7,8
1,23.000000,21.347000,1.043000,-67,0.000000,7,8
1,23.000000,21.332001,1.190000,-68,0.000000,7,8
1,23.000000,21.316999,1.000000,-67,0.000000,7,8
1,23.000000,21.332001,1.002000,-67,0.000000,7,8
1,23.000000,21.302999,1.057000,-67,0.000000,7,8
1,23.000000,21.243999,1.288000,-67,0.000000,7,8
1,23.000000,21.434999,0.880000,-67,0.000000,7,8
1,23.000000,21.420000,0.992000,-67,0.000000,7,8
1,23.000000,21.347000,1.062000,-67,0.000000,7,8
1,23.000000,21.332001,0.954000,-67,0.000000,7,8
1,23.000000,21.316999,1.137000,-67,0.000000,7,8
1,23.000000,21.273001,1.071000,-67,0.000000,7,8
1,23.000000,21.243999,1.109000,-67,0.000000,7,8
1,23.000000,21.302999,0.920000,-68,0.000000,7,8
1,23.000000,21.288000,1.053000,-68,0.000000,7,8
1,23.000000,21.420000,1.087000,-68,0.000000,7,8
1,23.000000,21.302999,1.254000,-67,0.000000,7,8
1,23.000000,21.405001,0.781000,-68,0.000000,7,8
1,23.000000,21.229000,1.170000,-68,0.000000,7,8
1,23.000000,21.273001,1.162000,-68,0.000000,7,8
1,23.000000,21.478001,0.931000,-67,0.000000,7,8
1,23.000000,21.200001,1.461000,-67,0.000000,7,8
1,23.000000,21.332001,1.023000,-67,0.000000,7,8
1,23.000000,21.243999,0.996000,-68,0.000000,7,8
1,23.000000,21.361000,0.876000,-68,0.000000,7,8
1,23.000000,21.288000,1.028000,-67,0.000000,7,8
1,23.000000,21.243999,1.144000,-67,0.000000,7,8
1,23.000000,21.127001,1.394000,-67,0.000000,7,8
1,23.000000,21.288000,1.067000,-68,0.000000,7,8
1,23.000000,21.215000,1.080000,-68,0.000000,7,8
1,23.000000,21.302999,1.290000,-68,0.000000,7,8
1,23.000000,21.229000,1.139000,-68,0.000000,7,8
1,23.000000,21.302999,1.080000,-68,0.000000,7,8
1,23.000000,21.288000,1.057000,-68,0.000000,7,8
1,23.000000,21.347000,1.049000,-68,0.000000,7,8
1,23.000000,21.200001,1.028000,-68,0.000000,7,8
1,23.000000,21.405001,1.071000,-68,0.000000,7,8
1,23.000000,21.346001,0.971000,-68,0.000000,7,8
1,23.000000,21.391001,0.891000,-68,0.000000,7,8
1,23.000000,21.184999,1.057000,-68,0.000000,7,8
1,23.000000,21.288000,1.251000,-67,0.000000,7,8
1,23.000000,21.361000,0.960000,-67,0.000000,7,8
1,23.000000,21.243999,1.109000,-67,0.000000,7,8
1,23.000000,21.316999,0.973000,-68,0.000000,7,8
1,23.000000,21.288000,1.235000,-68,0.000000,7,8
1,23.000000,21.273001,0.895000,-68,0.000000,7,8
1,23.000000,21.259001,1.118000,-68,0.000000,7,8
1,23.000000,21.171000,0.899000,-68,0.000000,7,8
1,23.000000,21.434999,1.099000,-68,0.000000,7,8
1,23.000000,21.347000,1.239000,-68,0.000000,7,8
1,23.000000,21.288000,1.173000,-68,0.000000,7,8
1,23.000000,21.332001,1.049000,-67,0.000000,7,8
1,23.000000,21.493000,1.025000,-67,0.000000,7,8
1,23.000000,21.405001,1.058000,-68,0.000000,7,8
1,23.000000,21.273001,1.018000,-68,0.000000,7,8
1,23.000000,21.259001,0.771000,-68,0.000000,7,8
1,23.000000,21.112000,1.087000,-68,0.000000,7,8
1,23.000000,21.302999,1.166000,-68,0.000000,7,8
1,23.000000,21.361000,1.027000,-67,0.000000,7,8
1,23.000000,21.361000,1.408000,-67,0.000000,7,8
1,23.000000,21.200001,1.126000,-68,0.000000,7,8
1,23.000000,21.375999,0.995000,-68,0.000000,7,8
1,23.000000,21.448999,0.855000,-67,0.000000,7,8
1,23.000000,21.288000,0.952000,-68,0.000000,7,8
1,23.000000,21.375999,1.065000,-67,0.000000,7,8
1,23.000000,21.288000,1.150000,-67,0.000000,7,8
1,23.000000,21.273001,0.948000,-67,0.000000,7,8
1,23.000000,21.361000,1.180000,-68,0.000000,7,8
1,23.000000,21.243999,1.140000,-67,0.000000,7,8
1,23.000000,21.259001,1.034000,-67,0.000000,7,8
1,23.000000,21.171000,0.933000,-67,0.000000,7,8
1,23.000000,21.332001,1.018000,-67,0.000000,7,8
1,23.000000,21.273001,1.163000,-67,0.000000,7,8
1,23.000000,21.375999,1.119000,-67,0.000000,7,8
1,23.000000,21.316999,1.065000,-67,0.000000,7,8
1,23.000000,21.259001,0.939000,-68,0.000000,7,8
1,23.000000,21.302999,1.224000,-67,0.000000,7,8
1,23.000000,21.361000,1.078000,-67,0.000000,7,8
1,23.000000,21.259001,1.103000,-67,0.000000,7,8
1,23.000000,21.391001,1.117000,-67,0.000000,7,8
1,23.000000,21.332001,1.095000,-67,0.000000,7,8
1,23.000000,21.347000,0.802000,-67,0.000000,7,8
1,23.000000,21.332001,1.160000,-68,0.000000,7,8
1,23.000000,21.068001,1.276000,-68,0.000000,7,8
1,23.000000,21.259001,1.058000,-68,0.000000,7,8
1,23.000000,21.097000,1.348000,-67,0.000000,7,8
1,23.000000,21.464001,1.041000,-67,0.000000,7,8
1,23.000000,21.493000,1.182000,-67,0.000000,7,8
1,23.000000,21.215000,1.045000,-67,0.000000,7,8
1,23.000000,21.229000,1.020000,-68,0.000000,7,8
1,23.000000,21.361000,1.079000,-67,0.000000,7,8
1,23.000000,21.288000,0.970000,-68,0.000000,7,8
1,23.000000,21.229000,1.374000,-67,0.000000,7,8
1,23.000000,21.273001,1.066000,-67,0.000000,7,8
1,23.000000,21.332001,1.031000,-67,0.000000,7,8
1,23.000000,21.332001,1.044000,-68,0.000000,7,8
1,23.000000,21.316999,1.156000,-67,0.000000,7,8
1,23.000000,21.229000,1.105000,-68,0.000000,7,8
1,23.000000,21.259001,1.368000,-67,0.000000,7,8
1,23.000000,21.389999,0.958000,-67,0.000000,7,8
1,23.000000,21.273001,1.184000,-68,0.000000,7,8
1,23.000000,21.347000,1.046000,-67,0.000000,7,8
1,23.000000,21.302999,1.053000,-67,0.000000,7,8
1,23.000000,21.361000,1.173000,-67,0.000000,7,8
1,23.000000,21.243999,1.055000,-68,0.000000,7,8
1,23.000000,21.273001,1.163000,-68,0.000000,7,8
1,23.000000,21.391001,1.246000,-67,0.000000,7,8
1,23.000000,21.375999,1.021000,-67,0.000000,7,8
1,23.000000,21.302999,1.039000,-68,0.000000,7,8
1,23.000000,21.391001,1.177000,-68,0.000000,7,8
1,23.000000,21.184999,1.084000,-68,0.000000,7,8
1,23.000000,21.332001,1.225000,-68,0.000000,7,8
1,23.000000,21.302999,1.212000,-67,0.000000,7,8
1,23.000000,21.273001,1.006000,-67,0.000000,7,8
1,23.000000,21.347000,1.015000,-67,0.000000,7,8
1,23.000000,21.259001,1.049000,-67,0.000000,7,8
1,23.000000,21.243999,0.967000,-67,0.000000,7,8
1,23.000000,21.184999,1.438000,-67,0.000000,7,8
1,23.000000,21.389999,1.050000,-68,0.000000,7,8
1,23.000000,21.405001,1.080000,-67,0.000000,7,8
1,23.000000,21.420000,1.111000,-68,0.000000,7,8
1,23.000000,21.405001,1.190000,-67,0.000000,7,8
1,23.000000,21.302999,0.990000,-67,0.000000,7,8
1,23.000000,21.332001,0.822000,-68,0.000000,7,8
1,23.000000,21.302999,1.021000,-68,0.000000,7,8
1,23.000000,21.215000,1.098000,-68,0.000000,7,8
1,23.000000,21.288000,1.055000,-67,0.000000,7,8
1,23.000000,21.316999,0.854000,-68,0.000000,7,8
1,23.000000,21.521999,0.781000,-68,0.000000,7,8
1,23.000000,21.316999,0.944000,-68,0.000000,7,8
1,23.000000,21.405001,0.972000,-68,0.000000,7,8
1,23.000000,21.361000,1.088000,-68,0.000000,7,8
1,23.000000,21.332001,1.039000,-68,0.000000,7,8
1,23.000000,21.346001,1.095000,-68,0.000000,7,8
1,23.000000,21.259001,1.239000,-68,0.000000,7,8
1,23.000000,21.288000,1.128000,-68,0.000000,7,8
1,23.000000,21.200001,1.110000,-68,0.000000,7,8
1,23.000000,21.346001,0.931000,-67,0.000000,7,8
1,23.000000,21.464001,1.214000,-67,0.000000,7,8
1,23.000000,21.361000,1.022000,-67,0.000000,7,8
1,23.000000,21.302999,1.072000,-67,0.000000,7,8
1,23.000000,21.332001,0.896000,-68,0.000000,7,8
1,23.000000,21.273001,1.031000,-68,0.000000,7,8
1,23.000000,21.288000,1.059000,-67,0.000000,7,8
1,23.000000,21.332001,1.235000,-68,0.000000,7,8
1,23.000000,21.215000,1.344000,-67,0.000000,7,8
1,23.000000,21.259001,1.204000,-68,0.000000,7,8
1,23.000000,21.259001,1.271000,-68,0.000000,7,8
1,23.000000,21.273001,1.037000,-68,0.000000,7,8
1,23.000000,21.302999,1.189000,-68,0.000000,7,8
1,23.000000,21.186001,1.256000,-68,0.000000,7,8
1,23.000000,21.200001,1.061000,-68,0.000000,7,8
1,23.000000,21.316999,1.077000,-68,0.000000,7,8
1,23.000000,21.302999,1.016000,-67,0.000000,7,8
1,23.000000,21.288000,1.301000,-68,0.000000,7,8
1,23.000000,21.391001,1.048000,-68,0.000000,7,8
1,23.000000,21.346001,1.159000,-67,0.000000,7,8
1,23.000000,21.434000,0.980000,-68,0.000000,7,8
1,23.000000,21.273001,1.163000,-68,0.000000,7,8
1,23.000000,21.243999,1.022000,-68,0.000000,7,8
1,23.000000,21.332001,0.921000,-68,0.000000,7,8
1,23.000000,21.273001,1.309000,-67,0.000000,7,8
1,23.000000,21.302999,1.222000,-67,0.000000,7,8
1,23.000000,21.448999,1.030000,-67,0.000000,7,8
1,23.000000,21.229000,0.965000,-67,0.000000,7,8
1,23.000000,21.361000,1.162000,-68,0.000000,7,8
1,23.000000,21.389999,0.916000,-68,0.000000,7,8
1,23.000000,21.229000,0.969000,-67,0.000000,7,8
1,23.000000,21.361000,1.122000,-68,0.000000,7,8
1,23.000000,21.332001,1.232000,-67,0.000000,7,8
1,23.000000,21.332001,1.021000,-67,0.000000,7,8
1,23.000000,21.288000,1.263000,-67,0.000000,7,8
1,23.000000,21.347000,1.250000,-68,0.000000,7,8
1,23.000000,21.361000,1.092000,-68,0.000000,7,8
1,23.000000,21.375999,1.094000,-68,0.000000,7,8
1,23.000000,21.405001,1.054000,-67,0.000000,7,8
1,23.000000,21.405001,1.279000,-68,0.000000,7,8
1,23.000000,21.420000,1.160000,-67,0.000000,7,8
1,23.000000,21.229000,1.026000,-67,0.000000,7,8
1,23.000000,21.405001,0.934000,-68,0.000000,7,8
1,23.000000,21.215000,1.164000,-67,0.000000,7,8
1,23.000000,21.302999,1.132000,-67,0.000000,7,8
1,23.000000,21.273001,1.196000,-67,0.000000,7,8
1,23.000000,21.448999,0.830000,-67,0.000000,7,8
1,23.000000,21.273001,0.881000,-68,0.000000,7,8
1,23.000000,21.420000,1.275000,-67,0.000000,7,8
1,23.000000,21.346001,1.113000,-67,0.000000,7,8
1,23.000000,21.375999,0.912000,-67,0.000000,7,8
1,23.000000,21.361000,0.959000,-67,0.000000,7,8
1,23.000000,21.375999,1.107000,-67,0.000000,7,8
1,23.000000,21.171000,1.194000,-68,0.000000,7,8
1,23.000000,21.347000,1.322000,-67,0.000000,7,8
1,23.000000,21.316999,1.058000,-67,0.000000,7,8
1,23.000000,21.375999,1.120000,-67,0.000000,7,8
1,23.000000,21.302999,1.045000,-67,0.000000,7,8
1,23.000000,21.405001,0.966000,-68,0.000000,7,8
1,23.000000,21.375999,1.108000,-67,0.000000,7,8
1,23.000000,21.405001,1.172000,-68,0.000000,7,8
1,23.000000,21.316999,1.070000,-68,0.000000,7,8
1,23.000000,21.464001,0.804000,-67,0.000000,7,8
1,23.000000,21.347000,0.872000,-67,0.000000,7,8
1,23.000000,21.243999,1.144000,-67,0.000000,7,8
1,23.000000,21.186001,1.342000,-68,0.000000,7,8
1,23.000000,21.361000,0.963000,-67,0.000000,7,8
1,23.000000,21.361000,0.977000,-68,0.000000,7,8
1,23.000000,21.273001,1.212000,-68,0.000000,7,8
1,23.000000,21.405001,1.186000,-68,0.000000,7,8
1,23.000000,21.288000,1.196000,-67,0.000000,7,8
1,23.000000,21.184999,1.161000,-67,0.000000,7,8
1,23.000000,21.288000,1.202000,-68,0.000000,7,8
1,23.000000,21.184999,1.146000,-67,0.000000,7,8
1,23.000000,21.259001,1.017000,-67,0.000000,7,8
1,23.000000,21.229000,1.178000,-68,0.000000,7,8
1,23.000000,21.243999,1.343000,-67,0.000000,7,8
1,23.000000,21.361000,1.206000,-67,0.000000,7,8
1,23.000000,21.361000,1.293000,-67,0.000000,7,8
1,23.000000,21.405001,1.054000,-67,0.000000,7,8
1,23.000000,21.434000,0.948000,-67,0.000000,7,8
1,23.000000,21.420000,1.106000,-68,0.000000,7,8
1,23.000000,21.478001,0.907000,-68,0.000000,7,8
1,23.000000,21.405001,1.056000,-67,0.000000,7,8
1,23.000000,21.259001,1.231000,-67,0.000000,7,8
1,23.000000,21.347000,0.956000,-68,0.000000,7,8
1,23.000000,21.273001,1.117000,-68,0.000000,7,8
1,23.000000,21.346001,1.147000,-68,0.000000,7,8
1,23.000000,21.434000,1.110000,-67,0.000000,7,8
1,23.000000,21.273001,1.050000,-67,0.000000,7,8
1,23.000000,21.347000,1.348000,-68,0.000000,7,8
1,23.000000,21.316999,1.104000,-67,0.000000,7,8
1,23.000000,21.332001,0.969000,-68,0.000000,7,8
1,23.000000,21.259001,1.266000,-68,0.000000,7,8
1,23.000000,21.389999,1.307000,-68,0.000000,7,8
1,23.000000,21.243999,1.026000,-67,0.000000,7,8
1,23.000000,21.316999,1.007000,-67,0.000000,7,8
1,23.000000,21.347000,1.034000,-68,0.000000,7,8
1,23.000000,21.215000,0.971000,-68,0.000000,7,8
1,23.000000,21.273001,1.189000,-67,0.000000,7,8
1,23.000000,21.375999,1.035000,-68,0.000000,7,8
1,23.000000,21.302999,1.284000,-67,0.000000,7,8
1,23.000000,21.552000,0.795000,-68,0.000000,7,8
1,23.000000,21.259001,1.137000,-67,0.000000,7,8
1,23.000000,21.141001,1.208000,-67,0.000000,7,8
1,23.000000,21.288000,0.947000,-67,0.000000,7,8
1,23.000000,21.361000,1.256000,-68,0.000000,7,8
1,23.000000,21.184999,1.147000,-68,0.000000,7,8
1,23.000000,21.273001,1.061000,-67,0.000000,7,8
1,23.000000,21.405001,1.162000,-68,0.000000,7,8
1,23.000000,21.347000,1.471000,-68,0.000000,7,8
1,23.000000,21.405001,1.058000,-67,0.000000,7,8
1,23.000000,21.127001,1.021000,-67,0.000000,7,8
1,23.000000,21.347000,1.058000,-68,0.000000,7,8
1,23.000000,21.361000,1.259000,-68,0.000000,7,8
1,23.000000,21.389999,1.128000,-67,0.000000,7,8
1,23.000000,21.316999,1.170000,-67,0.000000,7,8
1,23.000000,21.405001,1.185000,-67,0.000000,7,8
1,23.000000,21.171000,1.207000,-68,0.000000,7,8
1,23.000000,21.302999,1.014000,-68,0.000000,7,8
1,23.000000,21.361000,1.168000,-68,0.000000,7,8
1,23.000000,21.375999,0.988000,-68,0.000000,7,8
1,23.000000,21.288000,1.134000,-68,0.000000,7,8
1,23.000000,21.243999,1.004000,-68,0.000000,7,8
1,23.000000,21.302999,1.008000,-68,0.000000,7,8
1,23.000000,21.375999,0.870000,-68,0.000000,7,8
1,23.000000,21.243999,1.044000,-68,0.000000,7,8
1,23.000000,21.493000,1.039000,-68,0.000000,7,8
1,23.000000,21.243999,0.950000,-68,0.000000,7,8
1,23.000000,21.478001,1.144000,-68,0.000000,7,8
1,23.000000,21.375999,1.093000,-68,0.000000,7,8
1,23.000000,21.346001,1.238000,-67,0.000000,7,8
1,23.000000,21.243999,1.206000,-67,0.000000,7,8
1,23.000000,21.346001,0.778000,-67,0.000000,7,8
1,23.000000,21.127001,1.285000,-67,0.000000,7,8
1,23.000000,21.200001,1.036000,-67,0.000000,7,8
1,23.000000,21.302999,0.968000,-67,0.000000,7,8
1,23.000000,21.389999,0.977000,-68,0.000000,7,8
1,23.000000,21.302999,0.959000,-67,0.000000,7,8
1,23.000000,21.375999,0.869000,-67,0.000000,7,8
1,23.000000,21.302999,0.961000,-68,0.000000,7,8
1,23.000000,21.229000,1.089000,-68,0.000000,7,8
1,23.000000,21.288000,0.965000,-68,0.000000,7,8
1,23.000000,21.288000,1.088000,-68,0.000000,7,8
1,23.000000,21.273001,1.237000,-67,0.000000,7,8
1,23.000000,21.375999,0.908000,-67,0.000000,7,8
1,23.000000,21.361000,0.952000,-68,0.000000,7,8
1,23.000000,21.302999,1.184000,-68,0.000000,7,8
1,23.000000,21.316999,0.947000,-67,0.000000,7,8
1,23.000000,21.346001,0.958000,-68,0.000000,7,8
1,23.000000,21.243999,1.207000,-68,0.000000,7,8
1,23.000000,21.288000,1.136000,-68,0.000000,7,8
1,23.000000,21.229000,1.172000,-67,0.000000,7,8
1,23.000000,21.316999,1.225000,-68,0.000000,7,8
1,23.000000,21.156000,1.262000,-67,0.000000,7,8
1,23.000000,21.347000,1.299000,-68,0.000000,7,8
1,23.000000,21.316999,1.092000,-68,0.000000,7,8
1,23.000000,21.259001,0.911000,-68,0.000000,7,8
1,23.000000,21.215000,1.188000,-67,0.000000,7,8
1,23.000000,21.215000,1.000000,-68,0.000000,7,8
1,23.000000,21.259001,0.971000,-68,0.000000,7,8
1,23.000000,21.229000,1.029000,-67,0.000000,7,8
1,23.000000,21.273001,1.024000,-67,0.000000,7,8
1,23.000000,21.332001,1.062000,-68,0.000000,7,8
1,23.000000,21.288000,1.141000,-68,0.000000,7,8
1,23.000000,21.243999,0.981000,-68,0.000000,7,8
1,23.000000,21.229000,1.436000,-68,0.000000,7,8
1,23.000000,21.141001,0.950000,-69,0.000000,7,8
1,23.000000,21.156000,0.982000,-69,0.000000,7,8
1,23.000000,21.243999,1.062000,-68,0.000000,7,8
1,23.000000,21.215000,1.032000,-68,0.000000,7,8
1,23.000000,21.184999,1.150000,-68,0.000000,7,8
1,23.000000,21.273001,1.048000,-68,0.000000,7,8
1,23.000000,21.375999,0.984000,-68,0.000000,7,8
1,23.000000,21.405001,0.841000,-68,0.000000,7,8
1,23.000000,21.347000,0.915000,-68,0.000000,7,8
1,23.000000,21.215000,1.008000,-68,0.000000,7,8
1,23.000000,21.200001,1.156000,-68,0.000000,7,8
1,23.000000,21.361000,0.988000,-68,0.000000,7,8
1,23.000000,21.229000,1.086000,-68,0.000000,7,8
1,23.000000,21.302999,0.937000,-68,0.000000,7,8
1,23.000000,21.448999,1.017000,-68,0.000000,7,8
1,23.000000,21.243999,1.245000,-68,0.000000,7,8
1,23.000000,21.464001,0.843000,-67,0.000000,7,8
1,23.000000,21.448999,1.088000,-68,0.000000,7,8
1,23.000000,21.171000,1.134000,-68,0.000000,7,8
1,23.000000,21.243999,1.158000,-68,0.000000,7,8
1,23.000000,21.273001,1.134000,-68,0.000000,7,8
1,23.000000,21.302999,1.231000,-68,0.000000,7,8
1,23.000000,21.200001,1.306000,-67,0.000000,7,8
1,23.000000,21.391001,1.125000,-67,0.000000,7,8
1,23.000000,21.478001,1.101000,-67,0.000000,7,8
1,23.000000,21.288000,1.275000,-67,0.000000,7,8
1,23.000000,21.273001,0.988000,-67,0.000000,7,8
1,23.000000,21.288000,1.273000,-68,0.000000,7,8
1,23.000000,21.389999,1.093000,-67,0.000000,7,8
1,23.000000,21.434999,1.208000,-67,0.000000,7,8
1,23.000000,21.215000,1.053000,-68,0.000000,7,8
1,23.000000,21.389999,1.126000,-68,0.000000,7,8
1,23.000000,21.361000,0.990000,-68,0.000000,7,8
1,23.000000,21.420000,1.033000,-67,0.000000,7,8
1,23.000000,21.302999,1.288000,-67,0.000000,7,8
1,23.000000,21.464001,1.102000,-68,0.000000,7,8
1,23.000000,21.346001,1.132000,-67,0.000000,7,8
1,23.000000,21.361000,1.212000,-67,0.000000,7,8
1,23.000000,21.200001,1.050000,-68,0.000000,7,8
1,23.000000,21.302999,1.029000,-68,0.000000,7,8
1,23.000000,21.243999,1.127000,-68,0.000000,7,8
1,23.000000,21.332001,1.397000,-67,0.000000,7,8
1,23.000000,21.316999,1.270000,-67,0.000000,7,8
1,23.000000,21.448999,1.019000,-67,0.000000,7,8
1,23.000000,21.361000,1.141000,-68,0.000000,7,8
1,23.000000,21.347000,1.249000,-67,0.000000,7,8
1,23.000000,21.302999,1.289000,-67,0.000000,7,8
1,23.000000,21.156000,1.102000,-67,0.000000,7,8
1,23.000000,21.259001,0.960000,-68,0.000000,7,8
1,23.000000,21.288000,1.273000,-68,0.000000,7,8
1,23.000000,21.215000,1.296000,-68,0.000000,7,8
1,23.000000,21.316999,0.897000,-67,0.000000,7,8
1,23.000000,21.288000,1.134000,-67,0.000000,7,8
1,23.000000,21.332001,1.282000,-67,0.000000,7,8
1,23.000000,21.346001,1.274000,-67,0.000000,7,8
1,23.000000,21.302999,1.185000,-67,0.000000,7,8
1,23.000000,21.361000,0.927000,-68,0.000000,7,8
1,23.000000,21.332001,1.195000,-68,0.000000,7,8
1,23.000000,21.243999,1.126000,-68,0.000000,7,8
1,23.000000,21.215000,1.272000,-68,0.000000,7,8
1,23.000000,21.346001,1.061000,-68,0.000000,7,8
1,23.000000,21.200001,0.999000,-68,0.000000,7,8
1,23.000000,21.316999,1.041000,-67,0.000000,7,8
1,23.000000,21.229000,1.165000,-68,0.000000,7,8
1,23.000000,21.200001,1.334000,-67,0.000000,7,8
1,23.000000,21.464001,1.056000,-67,0.000000,7,8
1,23.000000,21.288000,0.896000,-68,0.000000,7,8
1,23.000000,21.375999,1.123000,-67,0.000000,7,8
1,23.000000,21.448999,0.902000,-68,0.000000,7,8
1,23.000000,21.375999,0.856000,-68,0.000000,7,8
1,23.000000,21.288000,1.213000,-67,0.000000,7,8
1,23.000000,21.259001,1.089000,-67,0.000000,7,8
1,23.000000,21.273001,1.082000,-68,0.000000,7,8
1,23.000000,21.288000,0.938000,-68,0.000000,7,8
1,23.000000,21.302999,1.061000,-67,0.000000,7,8
1,23.000000,21.448999,1.134000,-67,0.000000,7,8
1,23.000000,21.302999,1.272000,-68,0.000000,7,8
1,23.000000,21.288000,1.053000,-67,0.000000,7,8
1,23.000000,21.259001,1.178000,-67,0.000000,7,8
1,23.000000,21.405001,0.837000,-67,0.000000,7,8
1,23.000000,21.229000,1.008000,-68,0.000000,7,8
1,23.000000,21.332001,1.277000,-67,0.000000,7,8
1,23.000000,21.141001,1.268000,-67,0.000000,7,8
1,23.000000,21.229000,1.095000,-67,0.000000,7,8
1,23.000000,21.229000,1.073000,-68,0.000000,7,8
1,23.000000,21.316999,1.222000,-67,0.000000,7,8
1,23.000000,21.316999,1.109000,-67,0.000000,7,8
1,23.000000,21.347000,1.267000,-67,0.000000,7,8
1,23.000000,21.243999,0.975000,-68,0.000000,7,8
1,23.000000,21.448999,0.921000,-68,0.000000,7,8
1,23.000000,21.273001,1.056000,-68,0.000000,7,8
1,23.000000,21.332001,1.121000,-67,0.000000,7,8
1,23.000000,21.332001,1.019000,-67,0.000000,7,8
1,23.000000,21.288000,1.038000,-67,0.000000,7,8
1,23.000000,21.375999,1.135000,-68,0.000000,7,8
1,23.000000,21.186001,1.061000,-68,0.000000,7,8
1,23.000000,21.171000,1.199000,-68,0.000000,7,8
1,23.000000,21.537001,0.901000,-68,0.000000,7,8
1,23.000000,21.332001,1.171000,-67,0.000000,7,8
1,23.000000,21.229000,1.353000,-68,0.000000,7,8
1,23.000000,21.273001,1.073000,-67,0.000000,7,8
1,23.000000,21.288000,1.077000,-68,0.000000,7,8
1,23.000000,21.259001,1.133000,-68,0.000000,7,8
1,23.000000,21.389999,1.243000,-68,0.000000,7,8
1,23.000000,21.142000,0.931000,-67,0.000000,7,8
1,23.000000,21.361000,0.897000,-68,0.000000,7,8
1,23.000000,21.420000,0.850000,-67,0.000000,7,8
1,23.000000,21.302999,1.240000,-67,0.000000,7,8
1,23.000000,21.215000,1.258000,-67,0.000000,7,8
1,23.000000,21.316999,1.100000,-67,0.000000,7,8
1,23.000000,21.448999,0.857000,-68,0.000000,7,8
1,23.000000,21.405001,0.921000,-68,0.000000,7,8
1,23.000000,21.156000,1.032000,-68,0.000000,7,8
1,23.000000,21.288000,0.924000,-67,0.000000,7,8
1,23.000000,21.552000,0.815000,-68,0.000000,7,8
1,23.000000,21.259001,1.148000,-67,0.000000,7,8
1,23.000000,21.243999,1.176000,-68,0.000000,7,8
1,23.000000,21.243999,1.268000,-67,0.000000,7,8
1,23.000000,21.316999,0.962000,-68,0.000000,7,8
1,23.000000,21.594999,0.866000,-67,0.000000,7,8
1,23.000000,21.273001,1.094000,-67,0.000000,7,8
1,23.000000,21.200001,1.428000,-67,0.000000,7,8
1,23.000000,21.464001,0.906000,-67,0.000000,7,8
1,23.000000,21.273001,1.043000,-67,0.000000,7,8
1,23.000000,21.273001,1.010000,-67,0.000000,7,8
1,23.000000,21.288000,0.978000,-68,0.000000,7,8
1,23.000000,21.332001,0.939000,-68,0.000000,7,8
1,23.000000,21.273001,1.071000,-67,0.000000,7,8
1,23.000000,21.391001,1.123000,-68,0.000000,7,8
1,23.000000,21.184999,1.290000,-68,0.000000,7,8
1,23.000000,21.273001,0.902000,-68,0.000000,7,8
1,23.000000,21.273001,0.964000,-68,0.000000,7,8
1,23.000000,21.243999,0.906000,-68,0.000000,7,8
1,23.000000,21.448999,0.817000,-68,0.000000,7,8
1,23.000000,21.259001,1.004000,-68,0.000000,7,8
1,23.000000,21.405001,0.937000,-68,0.000000,7,8
1,23.000000,21.243999,1.177000,-68,0.000000,7,8
1,23.000000,21.347000,1.029000,-68,0.000000,7,8
1,23.000000,21.288000,1.108000,-68,0.000000,7,8
1,23.000000,21.243999,1.181000,-68,0.000000,7,8
1,23.000000,21.273001,0.943000,-67,0.000000,7,8
1,23.000000,21.273001,0.985000,-68,0.000000,7,8
1,23.000000,21.127001,1.092000,-68,0.000000,7,8
1,23.000000,21.171000,0.804000,-68,0.000000,7,8
1,23.000000,21.186001,1.198000,-68,0.000000,7,8
1,23.000000,21.273001,1.042000,-68,0.000000,7,8
1,23.000000,21.288000,0.962000,-68,0.000000,7,8
1,23.000000,21.405001,1.184000,-68,0.000000,7,8
1,23.000000,21.215000,1.076000,-67,0.000000,7,8
1,23.000000,21.332001,1.026000,-68,0.000000,7,8
1,23.000000,21.420000,0.997000,-68,0.000000,7,8
1,23.000000,21.391001,0.917000,-68,0.000000,7,8
1,23.000000,21.243999,0.998000,-68,0.000000,7,8
1,23.000000,21.346001,1.058000,-68,0.000000,7,8
1,23.000000,21.434000,0.977000,-68,0.000000,7,8
1,23.000000,21.375999,1.040000,-68,0.000000,7,8
1,23.000000,21.229000,1.208000,-68,0.000000,7,8
1,23.000000,21.184999,1.186000,-68,0.000000,7,8
1,23.000000,21.288000,0.936000,-68,0.000000,7,8
1,23.000000,21.316999,1.124000,-68,0.000000,7,8
1,23.000000,21.347000,0.793000,-68,0.000000,7,8
1,23.000000,21.375999,1.022000,-68,0.000000,7,8
1,23.000000,21.259001,1.046000,-68,0.000000,7,8
1,23.000000,21.215000,1.218000,-68,0.000000,7,8
1,23.000000,21.171000,1.318000,-68,0.000000,7,8
1,23.000000,21.361000,0.981000,-68,0.000000,7,8
1,23.000000,21.127001,1.229000,-68,0.000000,7,8
1,23.000000,21.259001,1.108000,-68,0.000000,7,8
1,23.000000,21.243999,0.978000,-68,0.000000,7,8
1,23.000000,21.273001,1.010000,-68,0.000000,7,8
1,23.000000,21.171000,1.122000,-68,0.000000,7,8
1,23.000000,21.259001,1.145000,-68,0.000000,7,8
1,23.000000,21.405001,1.048000,-68,0.000000,7,8
1,23.000000,21.259001,1.033000,-68,0.000000,7,8
1,23.000000,21.186001,1.065000,-68,0.000000,7,8
1,23.000000,21.316999,1.098000,-68,0.000000,7,8
1,23.000000,21.361000,0.678000,-67,0.000000,7,8
1,23.000000,21.332001,1.122000,-68,0.000000,7,8
1,23.000000,21.259001,1.068000,-68,0.000000,7,8
1,23.000000,21.405001,0.986000,-67,0.000000,7,8
1,23.000000,21.215000,0.839000,-68,0.000000,7,8
1,23.000000,21.243999,1.066000,-68,0.000000,7,8
1,23.000000,21.288000,1.074000,-67,0.000000,7,8
1,23.000000,21.420000,0.919000,-68,0.000000,7,8
1,23.000000,21.288000,1.048000,-67,0.000000,7,8
1,23.000000,21.171000,1.109000,-68,0.000000,7,8
1,23.000000,21.243999,1.166000,-67,0.000000,7,8
1,23.000000,21.302999,1.222000,-67,0.000000,7,8
1,23.000000,21.243999,1.218000,-68,0.000000,7,8
1,23.000000,21.361000,1.006000,-68,0.000000,7,8
1,23.000000,21.346001,0.945000,-68,0.000000,7,8
1,23.000000,21.375999,0.990000,-67,0.000000,7,8
1,23.000000,21.200001,0.933000,-68,0.000000,7,8
1,23.000000,21.171000,1.198000,-67,0.000000,7,8
1,23.000000,21.141001,1.221000,-67,0.000000,7,8
1,23.000000,21.420000,0.990000,-68,0.000000,7,8
1,23.000000,21.184999,1.270000,-68,0.000000,7,8
1,23.000000,21.347000,0.943000,-67,0.000000,7,8
1,23.000000,21.361000,1.063000,-68,0.000000,7,8
1,23.000000,21.391001,0.923000,-67,0.000000,7,8
1,23.000000,21.215000,1.031000,-68,0.000000,7,8
1,23.000000,21.273001,1.006000,-68,0.000000,7,8
1,23.000000,21.259001,1.192000,-68,0.000000,7,8
1,23.000000,21.229000,1.044000,-68,0.000000,7,8
1,23.000000,21.141001,1.276000,-68,0.000000,7,8
1,23.000000,21.288000,1.118000,-68,0.000000,7,8
1,23.000000,21.156000,1.106000,-67,0.000000,7,8
1,23.000000,21.171000,1.101000,-68,0.000000,7,8
1,23.000000,21.288000,0.884000,-68,0.000000,7,8
1,23.000000,21.156000,1.213000,-68,0.000000,7,8
1,23.000000,21.097000,1.102000,-68,0.000000,7,8
1,23.000000,21.229000,0.854000,-67,0.000000,7,8
1,23.000000,21.215000,1.145000,-68,0.000000,7,8
1,23.000000,21.259001,1.107000,-67,0.000000,7,8
1,23.000000,21.229000,0.912000,-68,0.000000,7,8
1,23.000000,21.361000,1.013000,-67,0.000000,7,8
1,23.000000,21.346001,1.002000,-68,0.000000,7,8
1,23.000000,21.302999,1.141000,-67,0.000000,7,8
1,23.000000,21.273001,0.871000,-67,0.000000,7,8
1,23.000000,21.391001,0.754000,-67,0.000000,7,8
1,23.000000,21.200001,1.333000,-67,0.000000,7,8
1,23.000000,21.391001,1.053000,-67,0.000000,7,8
1,23.000000,21.347000,1.054000,-67,0.000000,7,8
1,23.000000,21.288000,0.994000,-67,0.000000,7,8
1,23.000000,21.316999,1.175000,-67,0.000000,7,8
1,23.000000,21.332001,1.285000,-67,0.000000,7,8
1,23.000000,21.186001,1.191000,-67,0.000000,7,8
1,23.000000,21.347000,1.005000,-67,0.000000,7,8
1,23.000000,21.493000,0.952000,-67,0.000000,7,8
1,23.000000,21.347000,0.774000,-67,0.000000,7,8
1,23.000000,21.346001,0.996000,-67,0.000000,7,8
1,23.000000,21.215000,1.002000,-67,0.000000,7,8
1,23.000000,21.478001,0.932000,-67,0.000000,7,8
1,23.000000,21.478001,0.935000,-67,0.000000,7,8
1,23.000000,21.302999,1.234000,-68,0.000000,7,8
1,23.000000,21.434999,1.133000,-68,0.000000,7,8
1,23.000000,21.420000,1.126000,-68,0.000000,7,8
1,23.000000,21.448999,0.874000,-67,0.000000,7,8
1,23.000000,21.405001,0.942000,-68,0.000000,7,8
1,23.000000,21.391001,1.007000,-67,0.000000,7,8
1,23.000000,21.420000,0.822000,-67,0.000000,7,8
1,23.000000,21.434000,0.944000,-67,0.000000,7,8
1,23.000000,21.478001,0.843000,-67,0.000000,7,8
1,23.000000,21.434000,0.901000,-67,0.000000,7,8
1,23.000000,21.405001,0.881000,-67,0.000000,7,8
1,23.000000,21.273001,1.110000,-67,0.000000,7,8
1,23.000000,21.288000,0.945000,-67,0.000000,7,8
1,23.000000,21.448999,0.859000,-67,0.000000,7,8
1,23.000000,21.478001,0.826000,-67,0.000000,7,8
1,23.000000,21.215000,0.814000,-68,0.000000,7,8
1,23.000000,21.288000,1.081000,-67,0.000000,7,8
1,23.000000,21.434999,1.117000,-67,0.000000,7,8
1,23.000000,21.302999,1.010000,-67,0.000000,7,8
1,23.000000,21.361000,0.941000,-67,0.000000,7,8
1,23.000000,21.464001,1.215000,-67,0.000000,7,8
1,23.000000,21.434999,1.026000,-67,0.000000,7,8
1,23.000000,21.405001,0.905000,-67,0.000000,7,8
1,23.000000,21.375999,1.321000,-67,0.000000,7,8
1,23.000000,21.448999,0.946000,-67,0.000000,7,8
1,23.000000,21.229000,1.219000,-67,0.000000,7,8
1,23.000000,21.332001,0.967000,-67,0.000000,7,8
1,23.000000,21.273001,0.848000,-67,0.000000,7,8
1,23.000000,21.347000,1.205000,-67,0.000000,7,8
1,23.000000,21.347000,1.091000,-67,0.000000,7,8
1,23.000000,21.259001,1.088000,-67,0.000000,7,8
1,23.000000,21.288000,0.964000,-67,0.000000,7,8
1,23.000000,21.332001,1.074000,-67,0.000000,7,8
1,23.000000,21.243999,1.017000,-67,0.000000,7,8
1,23.000000,21.316999,0.995000,-67,0.000000,7,8
1,23.000000,21.346001,0.939000,-67,0.000000,7,8
1,23.000000,21.184999,1.145000,-67,0.000000,7,8
1,23.000000,21.361000,0.987000,-67,0.000000,7,8
1,23.000000,21.434000,1.009000,-67,0.000000,7,8
1,23.000000,21.347000,0.957000,-67,0.000000,7,8
1,23.000000,21.420000,1.137000,-67,0.000000,7,8
1,23.000000,21.405001,0.865000,-67,0.000000,7,8
1,23.000000,21.420000,1.082000,-67,0.000000,7,8
1,23.000000,21.316999,1.128000,-68,0.000000,7,8
1,23.000000,21.566000,0.745000,-67,0.000000,7,8
1,23.000000,21.302999,1.177000,-67,0.000000,7,8
1,23.000000,21.448999,0.982000,-67,0.000000,7,8
1,23.000000,21.229000,0.810000,-68,0.000000,7,8
1,23.000000,21.405001,0.811000,-68,0.000000,7,8
1,23.000000,21.316999,1.121000,-67,0.000000,7,8
1,23.000000,21.259001,1.161000,-67,0.000000,7,8
1,23.000000,21.259001,0.919000,-67,0.000000,7,8
1,23.000000,21.405001,0.922000,-67,0.000000,7,8
1,23.000000,21.184999,1.123000,-67,0.000000,7,8
1,23.000000,21.316999,0.966000,-67,0.000000,7,8
1,23.000000,21.347000,1.058000,-67,0.000000,7,8
1,23.000000,21.302999,1.088000,-67,0.000000,7,8
1,23.000000,21.200001,0.798000,-68,0.000000,7,8
1,23.000000,21.215000,0.832000,-68,0.000000,7,8
1,23.000000,21.347000,1.021000,-68,0.000000,7,8
1,23.000000,21.361000,0.893000,-68,0.000000,7,8
1,23.000000,21.347000,1.173000,-67,0.000000,7,8
1,23.000000,21.229000,0.954000,-67,0.000000,7,8
1,23.000000,21.375999,0.989000,-67,0.000000,7,8
1,23.000000,21.302999,0.939000,-68,0.000000,7,8
1,23.000000,21.302999,1.188000,-67,0.000000,7,8
1,23.000000,21.420000,0.849000,-67,0.000000,7,8
1,23.000000,21.478001,0.587000,-67,0.000000,7,8
1,23.000000,21.347000,0.816000,-68,0.000000,7,8
1,23.000000,21.302999,1.004000,-67,0.000000,7,8
1,23.000000,21.375999,0.802000,-67,0.000000,7,8
1,23.000000,21.332001,0.757000,-67,0.000000,7,8
1,23.000000,21.391001,0.918000,-67,0.000000,7,8
1,23.000000,21.186001,0.883000,-67,0.000000,7,8
1,23.000000,21.273001,0.750000,-67,0.000000,7,8
1,23.000000,21.420000,0.871000,-67,0.000000,7,8
1,23.000000,21.259001,0.958000,-67,0.000000,7,8
1,23.000000,21.361000,1.041000,-67,0.000000,7,8
1,23.000000,21.391001,0.915000,-67,0.000000,7,8
1,23.000000,21.229000,1.078000,-68,0.000000,7,8
1,23.000000,21.273001,0.897000,-67,0.000000,7,8
1,23.000000,21.200001,1.003000,-67,0.000000,7,8
1,23.000000,21.361000,0.969000,-67,0.000000,7,8
1,23.000000,21.273001,0.884000,-67,0.000000,7,8
1,23.000000,21.302999,1.388000,-67,0.000000,7,8
1,23.000000,21.200001,1.108000,-68,0.000000,7,8
1,23.000000,21.332001,0.827000,-68,0.000000,7,8
1,23.000000,21.493000,1.083000,-67,0.000000,7,8
1,23.000000,21.273001,0.961000,-67,0.000000,7,8
1,23.000000,21.288000,1.078000,-67,0.000000,7,8
1,23.000000,21.332001,0.950000,-67,0.000000,7,8
1,23.000000,21.464001,0.759000,-67,0.000000,7,8
1,23.000000,21.375999,0.900000,-68,0.000000,7,8
1,23.000000,21.448999,0.860000,-67,0.000000,7,8
1,23.000000,21.316999,1.068000,-67,0.000000,7,8
1,23.000000,21.215000,0.998000,-67,0.000000,7,8
1,23.000000,21.346001,0.903000,-67,0.000000,7,8
1,23.000000,21.229000,0.870000,-67,0.000000,7,8
1,23.000000,21.229000,0.916000,-68,0.000000,7,8
1,23.000000,21.332001,0.880000,-67,0.000000,7,8
1,23.000000,21.361000,0.838000,-67,0.000000,7,8
1,23.000000,21.259001,0.661000,-67,0.000000,7,8
1,23.000000,21.200001,1.306000,-67,0.000000,7,8
1,23.000000,21.347000,1.055000,-67,0.000000,7,8
1,23.000000,21.405001,0.804000,-67,0.000000,7,8
1,23.000000,21.229000,0.871000,-67,0.000000,7,8
1,23.000000,21.200001,1.090000,-68,0.000000,7,8
1,23.000000,21.389999,1.051000,-68,0.000000,7,8
1,23.000000,21.186001,0.957000,-68,0.000000,7,8
1,23.000000,21.112000,0.910000,-68,0.000000,7,8
1,23.000000,21.184999,0.813000,-68,0.000000,7,8
1,23.000000,21.142000,0.949000,-68,0.000000,7,8
1,23.000000,21.127001,1.094000,-68,0.000000,7,8
1,23.000000,21.243999,0.997000,-68,0.000000,7,8
1,23.000000,21.288000,1.087000,-68,0.000000,7,8
1,23.000000,21.243999,1.157000,-68,0.000000,7,8
1,23.000000,21.171000,0.936000,-68,0.000000,7,8
1,23.000000,21.302999,0.836000,-68,0.000000,7,8
1,23.000000,21.229000,1.307000,-68,0.000000,7,8
1,23.000000,21.200001,0.978000,-68,0.000000,7,8
1,23.000000,21.347000,0.865000,-68,0.000000,7,8
1,23.000000,21.229000,1.302000,-68,0.000000,7,8
1,23.000000,21.273001,0.894000,-68,0.000000,7,8
1,23.000000,21.302999,1.157000,-68,0.000000,7,8
1,23.000000,21.273001,0.957000,-67,0.000000,7,8
1,23.000000,21.229000,1.006000,-68,0.000000,7,8
1,23.000000,21.375999,0.852000,-68,0.000000,7,8
1,23.000000,21.215000,1.338000,-67,0.000000,7,8
1,23.000000,21.552000,1.165000,-68,0.000000,7,8
1,23.000000,21.375999,1.069000,-68,0.000000,7,8
1,23.000000,21.361000,0.926000,-67,0.000000,7,8
1,23.000000,21.215000,0.985000,-68,0.000000,7,8
1,23.000000,21.302999,1.201000,-68,0.000000,7,8
1,23.000000,21.243999,1.280000,-68,0.000000,7,8
1,23.000000,21.493000,0.973000,-68,0.000000,7,8
1,23.000000,21.448999,1.221000,-68,0.000000,7,8
1,23.000000,21.243999,1.174000,-68,0.000000,7,8
1,23.000000,21.156000,1.455000,-68,0.000000,7,8
1,23.000000,21.302999,1.188000,-68,0.000000,7,8
1,23.000000,21.243999,1.271000,-68,0.000000,7,8
1,23.000000,21.273001,1.403000,-68,0.000000,7,8
1,23.000000,21.375999,1.348000,-67,0.000000,7,8
1,23.000000,21.361000,0.910000,-68,0.000000,7,8
1,23.000000,21.171000,1.149000,-68,0.000000,7,8
1,23.000000,21.347000,1.192000,-67,0.000000,7,8
1,23.000000,21.332001,1.136000,-68,0.000000,7,8
1,23.000000,21.332001,1.213000,-67,0.000000,7,8
1,23.000000,21.288000,1.147000,-67,0.000000,7,8
1,23.000000,21.259001,1.270000,-67,0.000000,7,8
1,23.000000,21.316999,1.351000,-67,0.000000,7,8
1,23.000000,21.229000,1.169000,-67,0.000000,7,8
1,23.000000,21.259001,1.022000,-68,0.000000,7,8
1,23.000000,21.434000,1.030000,-67,0.000000,7,8
1,23.000000,21.302999,0.932000,-68,0.000000,7,8
1,23.000000,21.347000,1.344000,-67,0.000000,7,8
1,23.000000,21.316999,1.288000,-67,0.000000,7,8
1,23.000000,21.332001,1.040000,-67,0.000000,7,8
1,23.000000,21.316999,1.125000,-67,0.000000,7,8
1,23.000000,21.405001,1.180000,-68,0.000000,7,8
1,23.000000,21.288000,1.159000,-67,0.000000,7,8
1,23.000000,21.229000,1.114000,-67,0.000000,7,8
1,23.000000,21.316999,1.199000,-67,0.000000,7,8
1,23.000000,21.391001,1.200000,-67,0.000000,7,8
1,23.000000,21.405001,0.914000,-67,0.000000,7,8
1,23.000000,21.316999,1.287000,-67,0.000000,7,8
1,23.000000,21.215000,1.107000,-67,0.000000,7,8
1,23.000000,21.288000,1.179000,-68,0.000000,7,8
1,23.000000,21.288000,1.335000,-67,0.000000,7,8
1,23.000000,21.391001,1.411000,-67,0.000000,7,8
1,23.000000,21.259001,1.272000,-67,0.000000,7,8
1,23.000000,21.288000,1.081000,-67,0.000000,7,8
1,23.000000,21.156000,1.314000,-67,0.000000,7,8
1,23.000000,21.259001,1.115000,-67,0.000000,7,8
1,23.000000,21.405001,1.095000,-67,0.000000,7,8
1,23.000000,21.347000,1.018000,-68,0.000000,7,8
1,23.000000,21.361000,1.103000,-68,0.000000,7,8
1,23.000000,21.259001,1.419000,-67,0.000000,7,8
1,23.000000,21.229000,1.106000,-67,0.000000,7,8
1,23.000000,21.361000,1.269000,-68,0.000000,7,8
1,23.000000,21.288000,1.042000,-68,0.000000,7,8
1,23.000000,21.347000,0.894000,-68,0.000000,7,8
1,23.000000,21.273001,1.164000,-68,0.000000,7,8
1,23.000000,21.347000,1.098000,-67,0.000000,7,8
1,23.000000,21.156000,1.329000,-68,0.000000,7,8
1,23.000000,21.302999,1.293000,-68,0.000000,7,8
1,23.000000,21.229000,1.418000,-68,0.000000,7,8
1,23.000000,21.288000,0.910000,-68,0.000000,7,8
1,23.000000,21.243999,1.194000,-68,0.000000,7,8
1,23.000000,21.347000,0.982000,-68,0.000000,7,8
1,23.000000,21.215000,1.167000,-68,0.000000,7,8
1,23.000000,21.302999,1.075000,-68,0.000000,7,8
1,23.000000,21.288000,1.135000,-68,0.000000,7,8
1,23.000000,21.243999,1.096000,-68,0.000000,7,8
1,23.000000,21.127001,1.261000,-68,0.000000,7,8
1,23.000000,21.391001,1.265000,-68,0.000000,7,8
1,23.000000,21.316999,1.022000,-67,0.000000,7,8
1,23.000000,21.347000,1.119000,-68,0.000000,7,8
1,23.000000,21.347000,1.077000,-67,0.000000,7,8
1,23.000000,21.332001,1.454000,-67,0.000000,7,8
1,23.000000,21.332001,1.249000,-67,0.000000,7,8
1,23.000000,21.332001,1.082000,-68,0.000000,7,8
1,23.000000,21.229000,0.886000,-68,0.000000,7,8
1,23.000000,21.171000,1.388000,-67,0.000000,7,8
1,23.000000,21.259001,1.275000,-67,0.000000,7,8
1,23.000000,21.389999,0.953000,-68,0.000000,7,8
1,23.000000,21.200001,1.167000,-68,0.000000,7,8
1,23.000000,21.361000,1.155000,-68,0.000000,7,8
1,23.000000,21.389999,1.223000,-68,0.000000,7,8
1,23.000000,21.302999,0.843000,-68,0.000000,7,8
1,23.000000,21.273001,1.242000,-68,0.000000,7,8
1,23.000000,21.347000,1.338000,-68,0.000000,7,8
1,23.000000,21.302999,1.233000,-68,0.000000,7,8
1,23.000000,21.316999,1.038000,-68,0.000000,7,8
1,23.000000,21.332001,1.137000,-68,0.000000,7,8
1,23.000000,21.215000,1.333000,-68,0.000000,7,8
1,23.000000,21.316999,1.355000,-68,0.000000,7,8
1,23.000000,21.302999,1.166000,-68,0.000000,7,8
1,23.000000,21.332001,1.053000,-68,0.000000,7,8
1,23.000000,21.243999,1.441000,-68,0.000000,7,8
1,23.000000,21.200001,1.070000,-68,0.000000,7,8
1,23.000000,21.332001,1.238000,-67,0.000000,7,8
1,23.000000,21.288000,1.507000,-68,0.000000,7,8
1,23.000000,21.552000,1.349000,-68,0.000000,7,8
1,23.000000,21.346001,1.091000,-67,0.000000,7,8
1,23.000000,21.375999,1.161000,-67,0.000000,7,8
1,23.000000,21.142000,1.398000,-67,0.000000,7,8
1,23.000000,21.302999,1.238000,-68,0.000000,7,8
1,23.000000,21.273001,1.316000,-67,0.000000,7,8
1,23.000000,21.259001,1.150000,-67,0.000000,7,8
1,23.000000,21.302999,1.437000,-67,0.000000,7,8
1,23.000000,21.316999,1.138000,-67,0.000000,7,8
1,23.000000,21.316999,1.266000,-67,0.000000,7,8
1,23.000000,21.259001,1.302000,-67,0.000000,7,8
1,23.000000,21.405001,1.051000,-67,0.000000,7,8
1,23.000000,21.464001,0.796000,-68,0.000000,7,8
1,23.000000,21.347000,1.269000,-67,0.000000,7,8
1,23.000000,21.389999,0.883000,-68,0.000000,7,8
1,23.000000,21.273001,1.147000,-68,0.000000,7,8
1,23.000000,21.200001,1.155000,-67,0.000000,7,8
1,23.000000,21.347000,1.159000,-67,0.000000,7,8
1,23.000000,21.243999,1.420000,-68,0.000000,7,8
1,23.000000,21.288000,1.283000,-68,0.000000,7,8
1,23.000000,21.361000,1.338000,-68,0.000000,7,8
1,23.000000,21.302999,1.224000,-68,0.000000,7,8
1,23.000000,21.288000,0.994000,-68,0.000000,7,8
1,23.000000,21.184999,1.049000,-68,0.000000,7,8
1,23.000000,21.302999,1.112000,-68,0.000000,7,8
1,23.000000,21.259001,1.189000,-68,0.000000,7,8
1,23.000000,21.434000,1.084000,-68,0.000000,7,8
1,23.000000,21.273001,1.065000,-67,0.000000,7,8
1,23.000000,21.448999,0.986000,-68,0.000000,7,8
1,23.000000,21.243999,1.181000,-67,0.000000,7,8
1,23.000000,21.288000,1.263000,-67,0.000000,7,8
1,23.000000,21.346001,1.139000,-67,0.000000,7,8
1,23.000000,21.552000,0.982000,-67,0.000000,7,8
1,23.000000,21.405001,1.268000,-67,0.000000,7,8
1,23.000000,21.420000,1.126000,-67,0.000000,7,8
1,23.000000,21.171000,1.295000,-67,0.000000,7,8
1,23.000000,21.375999,1.396000,-67,0.000000,7,8
1,23.000000,21.273001,1.238000,-67,0.000000,7,8
1,23.000000,21.361000,1.272000,-67,0.000000,7,8
1,23.000000,21.171000,1.386000,-67,0.000000,7,8
1,23.000000,21.259001,1.288000,-67,0.000000,7,8
1,23.000000,21.478001,0.986000,-68,0.000000,7,8
1,23.000000,21.361000,1.320000,-67,0.000000,7,8
1,23.000000,21.243999,1.426000,-67,0.000000,7,8
1,23.000000,21.448999,1.009000,-67,0.000000,7,8
1,23.000000,21.405001,1.119000,-67,0.000000,7,8
1,23.000000,21.243999,1.459000,-67,0.000000,7,8
1,23.000000,21.316999,1.028000,-67,0.000000,7,8
1,23.000000,21.420000,1.252000,-68,0.000000,7,8
1,23.000000,21.346001,1.026000,-67,0.000000,7,8
1,23.000000,21.273001,1.341000,-67,0.000000,7,8
1,23.000000,21.420000,1.163000,-67,0.000000,7,8
1,23.000000,21.288000,1.270000,-67,0.000000,7,8
1,23.000000,21.332001,1.055000,-67,0.000000,7,8
1,23.000000,21.448999,1.363000,-67,0.000000,7,8
1,23.000000,21.229000,1.101000,-67,0.000000,7,8
1,23.000000,21.288000,1.386000,-67,0.000000,7,8
1,23.000000,21.273001,1.223000,-67,0.000000,7,8
1,23.000000,21.243999,1.198000,-67,0.000000,7,8
1,23.000000,21.200001,1.412000,-67,0.000000,7,8
1,23.000000,21.316999,1.153000,-67,0.000000,7,8
1,23.000000,21.420000,1.039000,-67,0.000000,7,8
1,23.000000,21.478001,1.343000,-67,0.000000,7,8
1,23.000000,21.259001,1.549000,-67,0.000000,7,8
1,23.000000,21.347000,1.008000,-67,0.000000,7,8
1,23.000000,21.405001,1.038000,-67,0.000000,7,8
1,23.000000,21.346001,1.267000,-67,0.000000,7,8
1,23.000000,21.361000,1.274000,-67,0.000000,7,8
1,23.000000,21.229000,1.051000,-68,0.000000,7,8
1,23.000000,21.243999,0.962000,-68,0.000000,7,8
1,23.000000,21.332001,1.171000,-68,0.000000,7,8
1,23.000000,21.171000,1.152000,-68,0.000000,7,8
1,23.000000,21.171000,1.068000,-68,0.000000,7,8
1,23.000000,21.156000,1.366000,-69,0.000000,7,8
1,23.000000,21.243999,0.864000,-68,0.000000,7,8
1,23.000000,21.389999,0.873000,-68,0.000000,7,8
1,23.000000,21.347000,0.869000,-68,0.000000,7,8
1,23.000000,21.171000,1.023000,-68,0.000000,7,8
1,23.000000,21.288000,1.125000,-69,0.000000,7,8
1,23.000000,21.142000,1.078000,-68,0.000000,7,8
1,23.000000,21.375999,1.010000,-68,0.000000,7,8
1,23.000000,21.186001,1.108000,-68,0.000000,7,8
1,23.000000,21.112000,0.870000,-68,0.000000,7,8
1,23.000000,21.097000,0.597000,-68,0.000000,7,8
1,23.000000,21.302999,0.737000,-69,0.000000,7,8
1,23.000000,21.332001,1.050000,-69,0.000000,7,8
1,23.000000,20.936001,1.859000,-69,0.000000,7,8
1,23.000000,21.098000,0.884000,-68,0.000000,7,8
1,23.000000,21.186001,0.973000,-68,0.000000,7,8
1,23.000000,21.273001,0.536000,-67,0.000000,7,8
1,23.000000,21.288000,0.771000,-67,0.000000,7,8
1,23.000000,21.243999,0.675000,-67,0.000000,7,8
1,23.000000,21.375999,0.361000,-67,0.000000,7,8
1,23.000000,21.405001,1.134000,-68,0.000000,7,8
1,23.000000,21.302999,0.517000,-67,0.000000,7,8
1,23.000000,21.405001,0.361000,-67,0.000000,7,8
1,23.000000,21.259001,0.340000,-68,0.000000,7,8
1,23.000000,21.273001,0.726000,-68,0.000000,7,8
1,23.000000,21.215000,0.985000,-67,0.000000,7,8
1,23.000000,21.156000,1.152000,-69,0.000000,7,8
1,23.000000,21.302999,0.870000,-67,0.000000,7,8
1,23.000000,21.302999,0.838000,-68,0.000000,7,8
1,23.000000,21.229000,0.786000,-68,0.000000,7,8
1,23.000000,21.273001,0.778000,-67,0.000000,7,8
1,23.000000,21.302999,0.863000,-67,0.000000,7,8
1,23.000000,21.097000,1.127000,-69,0.000000,7,8
1,23.000000,21.171000,0.951000,-67,0.000000,7,8
1,23.000000,21.127001,0.851000,-67,0.000000,7,8
1,23.000000,21.302999,0.636000,-68,0.000000,7,8
1,23.000000,21.405001,0.919000,-67,0.000000,7,8
1,23.000000,21.288000,0.716000,-68,0.000000,7,8
1,23.000000,21.127001,0.994000,-68,0.000000,7,8
1,23.000000,21.273001,0.926000,-68,0.000000,7,8
1,23.000000,21.375999,1.135000,-68,0.000000,7,8
1,23.000000,21.273001,0.771000,-67,0.000000,7,8
1,23.000000,21.171000,1.502000,-67,0.000000,7,8
1,23.000000,21.316999,0.435000,-67,0.000000,7,8
1,23.000000,21.434999,0.436000,-66,0.000000,7,8
1,23.000000,21.464001,0.427000,-66,0.000000,7,8
1,23.000000,21.580999,0.563000,-66,0.000000,7,8
1,23.000000,21.448999,0.476000,-66,0.000000,7,8
1,23.000000,21.361000,0.564000,-66,0.000000,7,8
1,23.000000,21.391001,0.477000,-66,0.000000,7,8
1,23.000000,21.361000,0.516000,-66,0.000000,7,8
1,23.000000,21.389999,0.482000,-66,0.000000,7,8
1,23.000000,21.434999,0.365000,-66,0.000000,7,8
1,23.000000,21.302999,0.404000,-66,0.000000,7,8
1,23.000000,21.302999,0.571000,-66,0.000000,7,8
1,23.000000,21.493000,0.736000,-66,0.000000,7,8
1,23.000000,21.375999,0.431000,-66,0.000000,7,8
1,23.000000,21.405001,0.461000,-66,0.000000,7,8
1,23.000000,21.361000,0.730000,-66,0.000000,7,8
1,23.000000,21.332001,0.881000,-66,0.000000,7,8
1,23.000000,21.259001,0.655000,-66,0.000000,7,8
1,23.000000,21.316999,0.513000,-67,0.000000,7,8
1,23.000000,21.375999,0.552000,-67,0.000000,7,8
1,23.000000,21.610001,0.300000,-67,0.000000,7,8
1,23.000000,21.273001,0.541000,-67,0.000000,7,8
1,23.000000,21.434999,0.704000,-67,0.000000,7,8
1,23.000000,21.316999,0.417000,-67,0.000000,7,8
1,23.000000,21.332001,0.489000,-68,0.000000,7,8
1,23.000000,21.375999,0.898000,-68,0.000000,7,8
1,23.000000,21.243999,0.529000,-67,0.000000,7,8
1,23.000000,21.273001,0.718000,-68,0.000000,7,8
1,23.000000,21.316999,0.924000,-67,0.000000,7,8
1,23.000000,21.521999,0.655000,-67,0.000000,7,8
1,23.000000,21.200001,0.960000,-69,0.000000,7,8
1,23.000000,21.127001,1.272000,-70,0.000000,7,8
1,23.000000,21.142000,1.048000,-70,0.000000,7,8
1,23.000000,21.156000,1.226000,-70,0.000000,7,8
1,23.000000,21.229000,1.220000,-70,0.000000,7,8
1,23.000000,21.215000,0.878000,-68,0.000000,7,8
1,23.000000,21.112000,0.991000,-68,0.000000,7,8
1,23.000000,21.171000,0.866000,-68,0.000000,7,8
1,23.000000,21.361000,0.864000,-68,0.000000,7,8
1,23.000000,21.127001,0.822000,-68,0.000000,7,8
1,23.000000,21.200001,0.785000,-67,0.000000,7,8
1,23.000000,21.215000,0.568000,-67,0.000000,7,8
1,23.000000,21.171000,0.908000,-68,0.000000,7,8
1,23.000000,21.215000,0.809000,-68,0.000000,7,8
1,23.000000,21.273001,0.750000,-68,0.000000,7,8
1,23.000000,21.259001,0.674000,-68,0.000000,7,8
1,23.000000,21.273001,0.741000,-67,0.000000,7,8
1,23.000000,21.259001,0.734000,-67,0.000000,7,8
1,23.000000,21.347000,0.660000,-67,0.000000,7,8
1,23.000000,21.316999,0.494000,-66,0.000000,7,8
1,23.000000,21.215000,0.952000,-67,0.000000,7,8
1,23.000000,21.200001,1.147000,-70,0.000000,7,8
1,23.000000,21.142000,1.189000,-69,0.000000,7,8
1,23.000000,21.273001,0.540000,-68,0.000000,7,8
1,23.000000,21.083000,1.183000,-67,0.000000,7,8
1,23.000000,20.819000,1.475000,-70,0.000000,7,8
1,23.000000,21.010000,1.221000,-69,0.000000,7,8
1,23.000000,21.478001,0.998000,-68,0.000000,7,8
1,23.000000,21.010000,0.884000,-68,0.000000,7,8
1,23.000000,21.332001,1.142000,-69,0.000000,7,8
1,23.000000,21.184999,0.872000,-69,0.000000,7,8
1,23.000000,21.243999,0.866000,-69,0.000000,7,8
1,23.000000,21.332001,0.967000,-68,0.000000,7,8
1,23.000000,21.068001,0.783000,-68,0.000000,7,8
1,23.000000,21.127001,0.633000,-68,0.000000,7,8
1,23.000000,21.200001,0.607000,-69,0.000000,7,8
1,23.000000,21.112000,0.687000,-68,0.000000,7,8
1,23.000000,21.141001,0.849000,-68,0.000000,7,8
1,23.000000,21.068001,0.845000,-68,0.000000,7,8
1,23.000000,21.229000,0.768000,-69,0.000000,7,8
1,23.000000,21.112000,0.588000,-68,0.000000,7,8
1,23.000000,21.054001,0.624000,-68,0.000000,7,8
1,23.000000,20.995001,0.790000,-69,0.000000,7,8
1,23.000000,21.142000,0.657000,-68,0.000000,7,8
1,23.000000,21.361000,0.645000,-68,0.000000,7,8
1,23.000000,21.302999,0.766000,-69,0.000000,7,8
1,23.000000,21.156000,1.093000,-69,0.000000,7,8
1,23.000000,21.259001,0.951000,-68,0.000000,7,8
1,23.000000,21.024000,0.931000,-68,0.000000,7,8
1,23.000000,21.215000,0.541000,-66,0.000000,7,8
1,23.000000,21.229000,1.076000,-70,0.000000,7,8
1,23.000000,21.054001,1.395000,-72,0.000000,7,8
1,23.000000,21.127001,1.709000,-70,0.000000,7,8
1,23.000000,21.405001,1.235000,-66,0.000000,7,8
1,23.000000,21.464001,0.860000,-65,0.000000,7,8
1,23.000000,21.361000,0.473000,-65,0.000000,7,8
1,23.000000,21.273001,0.519000,-65,0.000000,7,8
1,23.000000,21.288000,0.516000,-65,0.000000,7,8
1,23.000000,21.434000,0.596000,-65,0.000000,7,8
1,23.000000,21.448999,0.988000,-65,0.000000,7,8
1,23.000000,21.434999,0.771000,-64,0.000000,7,8
1,23.000000,21.375999,0.663000,-65,0.000000,7,8
1,23.000000,21.434000,0.476000,-65,0.000000,7,8
1,23.000000,21.639999,0.439000,-65,0.000000,7,8
1,23.000000,21.448999,0.540000,-66,0.000000,7,8
1,23.000000,21.361000,0.364000,-66,0.000000,7,8
1,23.000000,21.521999,0.312000,-66,0.000000,7,8
1,23.000000,21.316999,0.670000,-66,0.000000,7,8
1,23.000000,21.243999,1.267000,-66,0.000000,7,8
1,23.000000,21.288000,1.314000,-66,0.000000,7,8
1,23.000000,21.347000,0.856000,-66,0.000000,7,8
1,23.000000,21.273001,0.630000,-65,0.000000,7,8
1,23.000000,21.010000,0.249000,-66,0.000000,7,8
1,23.000000,21.361000,0.526000,-66,0.000000,7,8
1,23.000000,21.361000,0.326000,-65,0.000000,7,8
1,23.000000,21.391001,0.416000,-65,0.000000,7,8
1,23.000000,21.375999,0.451000,-65,0.000000,7,8
1,23.000000,21.288000,0.630000,-66,0.000000,7,8
1,23.000000,21.405001,0.504000,-65,0.000000,7,8
1,23.000000,21.507999,0.296000,-64,0.000000,7,8
1,23.000000,21.566000,0.306000,-64,0.000000,7,8
1,23.000000,21.537001,0.294000,-64,0.000000,7,8
1,23.000000,21.375999,0.399000,-65,0.000000,7,8
1,23.000000,21.478001,0.570000,-65,0.000000,7,8
1,23.000000,21.361000,0.680000,-65,0.000000,7,8
1,23.000000,21.448999,0.602000,-65,0.000000,7,8
1,23.000000,21.361000,0.735000,-65,0.000000,7,8
1,23.000000,21.332001,0.689000,-65,0.000000,7,8
1,23.000000,21.712999,0.208000,-65,0.000000,7,8
1,23.000000,21.273001,0.493000,-65,0.000000,7,8
1,23.000000,21.448999,0.677000,-64,0.000000,7,8
1,23.000000,21.273001,0.673000,-65,0.000000,7,8
1,23.000000,21.068001,0.753000,-65,0.000000,7,8
1,23.000000,21.215000,0.748000,-65,0.000000,7,8
1,23.000000,21.434000,0.485000,-65,0.000000,7,8
1,23.000000,21.420000,0.541000,-65,0.000000,7,8
1,23.000000,21.405001,0.611000,-65,0.000000,7,8
1,23.000000,21.375999,0.517000,-65,0.000000,7,8
1,23.000000,21.493000,0.267000,-65,0.000000,7,8
1,23.000000,21.464001,0.248000,-65,0.000000,7,8
1,23.000000,21.698000,0.279000,-65,0.000000,7,8
1,23.000000,21.507999,0.134000,-64,0.000000,7,8
1,23.000000,21.464001,0.760000,-64,0.000000,7,8
1,23.000000,21.566000,0.561000,-65,0.000000,7,8
1,23.000000,21.243999,0.547000,-66,0.000000,7,8
1,23.000000,21.156000,0.986000,-67,0.000000,7,8
