1,12.000000,17.952999,0.450000,-57,0.000000,7,8
1,12.000000,16.862000,0.630000,-57,0.000000,7,8
1,12.000000,16.862000,0.590000,-57,0.000000,7,8
1,12.000000,17.709000,0.466000,-57,0.000000,7,8
1,12.000000,17.259001,0.776000,-57,0.000000,7,8
1,12.000000,17.006001,0.644000,-57,0.000000,7,8
1,12.000000,15.600000,0.445000,-57,0.000000,7,8
1,12.000000,17.962000,0.413000,-57,0.000000,7,8
1,12.000000,17.025000,0.385000,-57,0.000000,7,8
1,12.000000,17.487000,0.499000,-57,0.000000,7,8
1,12.000000,18.065001,0.599000,-58,0.000000,7,8
1,12.000000,17.174999,0.396000,-58,0.000000,7,8
1,12.000000,17.014999,0.844000,-59,0.000000,7,8
1,12.000000,17.337000,0.954000,-59,0.000000,7,8
1,12.000000,18.431000,0.425000,-61,0.000000,7,8
1,12.000000,19.003000,0.634000,-62,0.000000,7,8
1,12.000000,18.065001,1.348000,-61,0.000000,7,8
1,12.000000,17.799000,3.477000,-63,0.000000,7,8
1,12.000000,18.187000,0.551000,-60,0.000000,5,8
1,12.000000,18.112000,0.329000,-59,0.000000,7,8
1,12.000000,16.781000,0.335000,-60,0.000000,7,8
1,12.000000,17.362000,0.810000,-59,0.000000,7,8
1,12.000000,17.475000,0.217000,-59,0.000000,7,8
1,12.000000,17.325001,0.903000,-61,0.000000,7,8
1,12.000000,17.162001,1.064000,-62,0.000000,7,8
1,12.000000,17.948999,0.343000,-60,0.000000,7,8
1,12.000000,16.903000,1.026000,-58,0.000000,7,8
1,12.000000,17.174999,0.680000,-57,0.000000,7,8
1,12.000000,17.787001,0.532000,-58,0.000000,7,8
1,12.000000,17.011999,0.939000,-58,0.000000,7,8
1,12.000000,17.718000,0.560000,-58,0.000000,7,8
1,12.000000,16.386999,1.116000,-57,0.000000,7,8
1,12.000000,16.386999,1.046000,-58,0.000000,7,8
1,12.000000,17.475000,0.233000,-58,0.000000,5,8
1,12.000000,16.237000,1.150000,-57,0.000000,7,8
1,12.000000,17.487000,0.327000,-58,0.000000,7,8
1,12.000000,16.712000,0.650000,-58,0.000000,7,8
1,12.000000,18.274000,0.481000,-57,0.000000,7,8
1,12.000000,17.487000,0.845000,-57,0.000000,7,8
1,12.000000,17.718000,0.599000,-57,0.000000,7,8
1,12.000000,17.025000,0.466000,-57,0.000000,7,8
1,12.000000,17.943001,0.468000,-58,0.000000,7,8
1,12.000000,17.596001,0.737000,-57,0.000000,7,8
1,12.000000,16.849001,0.639000,-58,0.000000,7,8
1,12.000000,17.011999,0.692000,-58,0.000000,7,8
1,12.000000,17.362000,0.727000,-58,0.000000,7,8
1,12.000000,16.862000,0.586000,-58,0.000000,7,8
1,12.000000,17.240000,0.639000,-58,0.000000,7,8
1,12.000000,17.636999,0.524000,-58,0.000000,7,8
1,12.000000,16.849001,0.635000,-58,0.000000,7,8
1,12.000000,17.325001,0.787000,-58,0.000000,7,8
1,12.000000,17.174999,0.558000,-58,0.000000,7,8
1,12.000000,17.649000,0.607000,-57,0.000000,7,8
1,12.000000,17.487000,1.052000,-57,0.000000,7,8
1,12.000000,16.549000,0.598000,-58,0.000000,7,8
1,12.000000,17.487000,0.706000,-58,0.000000,7,8
1,12.000000,17.799000,0.657000,-57,0.000000,7,8
1,12.000000,17.487000,0.760000,-57,0.000000,7,8
1,12.000000,16.386999,0.785000,-58,0.000000,7,8
1,12.000000,17.948999,0.551000,-58,0.000000,7,8
1,12.000000,16.781000,0.800000,-57,0.000000,7,8
1,12.000000,17.493000,0.581000,-57,0.000000,7,8
1,12.000000,17.962000,0.351000,-57,0.000000,7,8
1,12.000000,16.712000,0.391000,-58,0.000000,7,8
1,12.000000,18.065001,0.477000,-58,0.000000,7,8
1,12.000000,17.475000,0.551000,-57,0.000000,7,8
1,12.000000,16.862000,0.664000,-57,0.000000,7,8
1,12.000000,16.386999,0.616000,-57,0.000000,7,8
1,12.000000,17.475000,0.700000,-58,0.000000,7,8
1,12.000000,17.948999,0.489000,-57,0.000000,7,8
1,12.000000,17.475000,0.624000,-27,0.000000,7,8
1,12.000000,17.962000,0.328000,-57,0.000000,7,8
1,12.000000,17.787001,0.649000,-57,0.000000,7,8
1,12.000000,17.948999,0.535000,-57,0.000000,7,8
1,12.000000,16.698999,1.068000,-57,0.000000,7,8
1,12.000000,17.596001,0.534000,-58,0.000000,7,8
1,12.000000,17.325001,0.635000,-58,0.000000,7,8
1,12.000000,16.698999,0.903000,-58,0.000000,7,8
1,12.000000,17.799000,0.645000,-58,0.000000,7,8
1,12.000000,17.799000,0.415000,-57,0.000000,7,8
1,12.000000,17.799000,0.489000,-57,0.000000,7,8
1,12.000000,16.862000,0.781000,-58,0.000000,7,8
1,12.000000,17.962000,0.000000,-59,0.000000,1,8
1,12.000000,17.325001,0.759000,-58,0.000000,7,8
1,12.000000,16.862000,1.070000,-57,0.000000,7,8
1,12.000000,17.962000,0.351000,-57,0.000000,7,8
1,12.000000,17.011999,0.862000,-57,0.000000,7,8
1,12.000000,17.487000,0.801000,-57,0.000000,7,8
1,12.000000,16.893000,0.972000,-57,0.000000,7,8
1,12.000000,16.849001,1.143000,-57,0.000000,7,8
1,12.000000,17.162001,1.028000,-57,0.000000,7,8
1,12.000000,17.487000,0.898000,-57,0.000000,7,8
1,12.000000,17.799000,0.745000,-58,0.000000,7,8
1,12.000000,16.659000,0.974000,-58,0.000000,7,8
1,12.000000,16.549000,1.436000,-58,0.000000,7,8
1,12.000000,16.698999,0.998000,-57,0.000000,7,8
1,12.000000,16.862000,1.093000,-57,0.000000,7,8
1,12.000000,16.790001,0.948000,-57,0.000000,7,8
1,12.000000,18.261999,0.447000,-57,0.000000,7,8
1,12.000000,18.412001,0.233000,-57,0.000000,7,8
1,12.000000,17.174999,0.752000,-57,0.000000,7,8
1,12.000000,17.337000,0.492000,-57,0.000000,7,8
1,12.000000,17.250000,0.697000,-57,0.000000,7,8
1,12.000000,17.011999,0.735000,-58,0.000000,7,8
1,12.000000,17.493000,0.390000,-57,0.000000,7,8
1,12.000000,17.174999,0.962000,-56,0.000000,7,8
1,12.000000,16.549000,0.938000,-57,0.000000,7,8
1,12.000000,17.952999,0.549000,-57,0.000000,7,8
1,12.000000,17.962000,0.434000,-59,0.000000,7,8
1,12.000000,16.549000,0.954000,-57,0.000000,7,8
1,12.000000,18.412001,0.243000,-56,0.000000,7,8
1,12.000000,17.948999,0.420000,-57,0.000000,7,8
1,12.000000,16.698999,0.742000,-56,0.000000,7,8
1,12.000000,17.250000,0.941000,-55,0.000000,7,8
1,12.000000,17.014999,0.901000,-56,0.000000,7,8
1,12.000000,17.006001,1.003000,-56,0.000000,7,8
1,12.000000,17.011999,0.939000,-56,0.000000,7,8
1,12.000000,17.962000,0.514000,-56,0.000000,7,8
1,12.000000,17.962000,0.607000,-56,0.000000,7,8
1,12.000000,18.112000,0.395000,-56,0.000000,7,8
1,12.000000,17.362000,0.301000,-56,0.000000,7,8
1,12.000000,17.337000,0.660000,-56,0.000000,7,8
1,12.000000,17.011999,0.536000,-56,0.000000,7,8
1,12.000000,17.475000,0.595000,-56,0.000000,7,8
1,12.000000,18.412001,0.550000,-56,0.000000,7,8
1,12.000000,17.325001,0.357000,-57,0.000000,7,8
1,12.000000,18.587000,0.391000,-57,0.000000,7,8
1,12.000000,17.475000,0.783000,-57,0.000000,7,8
1,12.000000,17.025000,0.736000,-58,0.000000,7,8
1,12.000000,17.325001,0.544000,-59,0.000000,7,8
1,12.000000,17.011999,0.872000,-56,0.000000,7,8
1,12.000000,17.799000,0.745000,-57,0.000000,7,8
1,12.000000,16.549000,1.142000,-59,0.000000,7,8
1,12.000000,17.636999,0.781000,-58,0.000000,7,8
1,12.000000,17.962000,0.444000,-57,0.000000,7,8
1,12.000000,17.325001,0.666000,-57,0.000000,7,8
1,12.000000,17.371000,0.743000,-57,0.000000,7,8
1,12.000000,16.781000,0.888000,-59,0.000000,7,8
1,12.000000,16.386999,1.056000,-58,0.000000,7,8
1,12.000000,16.698999,0.808000,-56,0.000000,7,8
1,12.000000,16.386999,0.964000,-58,0.000000,7,8
1,12.000000,16.862000,0.862000,-57,0.000000,7,8
1,12.000000,17.596001,0.809000,-57,0.000000,7,8
1,12.000000,17.162001,0.703000,-59,0.000000,7,8
1,12.000000,17.636999,0.817000,-56,0.000000,7,8
1,12.000000,17.487000,1.033000,-58,0.000000,7,8
1,12.000000,16.537001,0.839000,-59,0.000000,7,8
1,12.000000,17.649000,0.684000,-60,0.000000,7,8
1,12.000000,16.237000,1.040000,-59,0.000000,7,8
1,12.000000,17.596001,0.753000,-59,0.000000,7,8
1,12.000000,16.087000,1.164000,-59,0.000000,7,8
1,12.000000,17.962000,0.540000,-58,0.000000,7,8
1,12.000000,17.606001,0.650000,-59,0.000000,7,8
1,12.000000,17.962000,1.023000,-59,0.000000,7,8
1,12.000000,17.962000,0.444000,-59,0.000000,5,8
1,12.000000,16.537001,1.113000,-59,0.000000,7,8
1,12.000000,16.087000,1.164000,-59,0.000000,7,8
1,12.000000,16.312000,0.840000,-59,0.000000,7,8
1,12.000000,16.237000,1.155000,-58,0.000000,7,8
1,12.000000,16.698999,0.700000,-58,0.000000,7,8
1,12.000000,16.698999,0.998000,-58,0.000000,7,8
1,12.000000,16.781000,1.110000,-57,0.000000,7,8
1,12.000000,17.948999,0.548000,-57,0.000000,7,8
1,12.000000,18.309000,0.535000,-58,0.000000,7,8
1,12.000000,17.962000,0.703000,-57,0.000000,7,8
1,12.000000,16.698999,1.076000,-57,0.000000,7,8
1,12.000000,18.424000,0.475000,-58,0.000000,7,8
1,12.000000,16.537001,1.213000,-58,0.000000,7,8
1,12.000000,16.712000,1.236000,-58,0.000000,7,8
1,12.000000,17.493000,0.445000,-58,0.000000,7,8
1,12.000000,16.549000,0.692000,-58,0.000000,7,8
1,12.000000,17.799000,0.328000,-58,0.000000,7,8
1,12.000000,17.718000,0.499000,-58,0.000000,7,8
1,12.000000,17.475000,0.810000,-58,0.000000,7,8
1,12.000000,16.549000,0.861000,-59,0.000000,7,8
1,12.000000,16.386999,0.949000,-58,0.000000,7,8
1,12.000000,17.948999,0.489000,-57,0.000000,7,8
1,12.000000,17.011999,0.944000,-57,0.000000,7,8
1,12.000000,17.636999,0.608000,-57,0.000000,7,8
1,12.000000,17.948999,0.608000,-57,0.000000,7,8
1,12.000000,17.636999,0.635000,-57,0.000000,7,8
1,12.000000,17.948999,0.450000,-57,0.000000,7,8
1,12.000000,17.487000,0.928000,-57,0.000000,7,8
1,12.000000,16.862000,1.047000,-57,0.000000,7,8
1,12.000000,17.636999,0.358000,-57,0.000000,7,8
1,12.000000,18.261999,0.444000,-57,0.000000,7,8
1,12.000000,18.099001,0.574000,-56,0.000000,7,8
1,12.000000,18.309000,0.434000,-56,0.000000,7,8
1,12.000000,18.187000,0.444000,-57,0.000000,7,8
1,12.000000,17.799000,0.707000,-57,0.000000,7,8
1,12.000000,17.011999,0.784000,-56,0.000000,7,8
1,12.000000,17.025000,0.827000,-56,0.000000,7,8
1,12.000000,17.006001,0.702000,-56,0.000000,7,8
1,12.000000,18.187000,0.357000,-56,0.000000,7,8
1,12.000000,16.849001,0.850000,-57,0.000000,7,8
1,12.000000,17.962000,0.459000,-57,0.000000,7,8
1,12.000000,18.112000,0.492000,-56,0.000000,7,8
1,12.000000,17.943001,0.463000,-57,0.000000,7,8
1,12.000000,17.011999,0.784000,-57,0.000000,7,8
1,12.000000,17.014999,0.644000,-58,0.000000,7,8
1,12.000000,16.386999,0.969000,-58,0.000000,7,8
1,12.000000,16.781000,1.005000,-59,0.000000,7,8
1,12.000000,16.698999,0.903000,-59,0.000000,7,8
1,12.000000,17.011999,0.751000,-58,0.000000,7,8
1,12.000000,16.862000,0.843000,-58,0.000000,7,8
1,12.000000,17.636999,0.441000,-58,0.000000,7,8
1,12.000000,17.636999,0.732000,-58,0.000000,7,8
1,12.000000,17.709000,0.491000,-57,0.000000,7,8
1,12.000000,17.487000,0.873000,-57,0.000000,7,8
1,12.000000,18.099001,0.610000,-57,0.000000,7,8
1,12.000000,16.386999,1.203000,-58,0.000000,7,8
1,12.000000,16.399000,1.167000,-57,0.000000,7,8
1,12.000000,17.840000,0.464000,-58,0.000000,7,8
1,12.000000,16.399000,1.072000,-58,0.000000,7,8
1,12.000000,17.025000,0.763000,-58,0.000000,7,8
1,12.000000,16.312000,0.348000,-58,0.000000,7,8
1,12.000000,18.075001,0.413000,-58,0.000000,7,8
1,12.000000,17.636999,0.564000,-58,0.000000,7,8
1,12.000000,16.849001,0.783000,-58,0.000000,7,8
1,12.000000,17.799000,0.583000,-58,0.000000,7,8
1,12.000000,17.952999,0.777000,-59,0.000000,7,8
1,12.000000,16.386999,1.037000,-59,0.000000,7,8
1,12.000000,17.325001,0.585000,-59,0.000000,7,8
1,12.000000,16.386999,1.046000,-58,0.000000,7,8
1,12.000000,17.606001,1.027000,-58,0.000000,7,8
1,12.000000,17.649000,0.607000,-58,0.000000,7,8
1,12.000000,16.849001,0.834000,-58,0.000000,7,8
1,12.000000,17.011999,0.924000,-59,0.000000,7,8
1,12.000000,16.549000,0.982000,-59,0.000000,7,8
1,12.000000,16.549000,1.001000,-59,0.000000,7,8
1,12.000000,16.549000,1.077000,-59,0.000000,7,8
1,12.000000,16.549000,0.697000,-59,0.000000,7,8
1,12.000000,16.849001,0.896000,-59,0.000000,7,8
1,12.000000,16.698999,0.850000,-59,0.000000,7,8
1,12.000000,17.475000,0.608000,-58,0.000000,7,8
1,12.000000,17.799000,0.583000,-58,0.000000,7,8
1,12.000000,16.698999,0.970000,-58,0.000000,7,8
1,12.000000,17.011999,0.965000,-58,0.000000,7,8
1,12.000000,16.862000,0.700000,-58,0.000000,7,8
1,12.000000,17.011999,0.993000,-58,0.000000,7,8
1,12.000000,16.537001,0.889000,-58,0.000000,7,8
1,12.000000,16.537001,0.769000,-58,0.000000,7,8
1,12.000000,17.649000,0.726000,-58,0.000000,7,8
1,12.000000,16.312000,1.309000,-59,0.000000,7,8
1,12.000000,18.261999,0.414000,-59,0.000000,7,8
1,12.000000,16.386999,1.023000,-59,0.000000,7,8
1,12.000000,17.636999,0.495000,-59,0.000000,7,8
1,12.000000,16.698999,0.704000,-59,0.000000,7,8
1,12.000000,18.261999,0.333000,-59,0.000000,7,8
1,12.000000,17.799000,0.551000,-59,0.000000,7,8
1,12.000000,17.295000,0.591000,-59,0.000000,7,8
1,12.000000,17.799000,0.429000,-59,0.000000,7,8
1,12.000000,17.636999,0.810000,-58,0.000000,5,8
1,12.000000,16.537001,0.918000,-58,0.000000,7,8
1,12.000000,18.261999,0.966000,-58,0.000000,5,8
1,12.000000,18.112000,0.396000,-58,0.000000,7,8
1,12.000000,17.799000,0.581000,-58,0.000000,7,8
1,12.000000,17.799000,0.488000,-58,0.000000,7,8
1,12.000000,16.549000,1.211000,-58,0.000000,7,8
1,12.000000,17.362000,0.624000,-58,0.000000,7,8
1,12.000000,17.174999,0.834000,-58,0.000000,7,8
1,12.000000,16.698999,0.743000,-58,0.000000,7,8
1,12.000000,17.636999,0.700000,-58,0.000000,7,8
1,12.000000,17.962000,0.700000,-58,0.000000,7,8
1,12.000000,18.112000,0.615000,-58,0.000000,7,8
1,12.000000,17.174999,0.576000,-58,0.000000,7,8
1,12.000000,17.128000,0.751000,-58,0.000000,7,8
1,12.000000,16.549000,0.938000,-58,0.000000,7,8
1,12.000000,16.698999,0.862000,-58,0.000000,7,8
1,12.000000,17.011999,0.601000,-58,0.000000,7,8
1,12.000000,16.237000,0.967000,-58,0.000000,7,8
1,12.000000,16.549000,0.888000,-57,0.000000,7,8
1,12.000000,17.025000,0.580000,-58,0.000000,7,8
1,12.000000,17.799000,0.535000,-58,0.000000,7,8
1,12.000000,17.952999,0.390000,-58,0.000000,7,8
1,12.000000,18.412001,0.000000,-58,0.000000,7,8
1,12.000000,17.371000,0.526000,-58,0.000000,7,8
1,12.000000,16.849001,1.019000,-58,0.000000,7,8
1,12.000000,17.025000,0.779000,-58,0.000000,7,8
1,12.000000,16.698999,0.879000,-58,0.000000,7,8
1,12.000000,17.162001,0.857000,-58,0.000000,7,8
1,12.000000,17.596001,0.595000,-58,0.000000,7,8
1,12.000000,18.112000,0.693000,-58,0.000000,7,8
1,12.000000,18.261999,0.470000,-58,0.000000,7,8
1,12.000000,17.948999,0.338000,-58,0.000000,7,8
1,12.000000,16.386999,0.603000,-58,0.000000,7,8
1,12.000000,17.948999,0.585000,-58,0.000000,7,8
1,12.000000,17.325001,0.658000,-58,0.000000,7,8
1,12.000000,17.240000,0.834000,-58,0.000000,7,8
1,12.000000,16.862000,0.615000,-58,0.000000,7,8
1,12.000000,17.487000,0.601000,-58,0.000000,7,8
1,12.000000,17.011999,0.669000,-58,0.000000,7,8
1,12.000000,17.250000,0.557000,-58,0.000000,7,8
1,12.000000,16.537001,0.924000,-58,0.000000,7,8
1,12.000000,17.325001,0.794000,-58,0.000000,7,8
1,12.000000,16.556000,1.023000,-59,0.000000,7,8
1,12.000000,17.325001,0.827000,-58,0.000000,7,8
1,12.000000,17.475000,0.795000,-58,0.000000,7,8
1,12.000000,16.659000,0.899000,-58,0.000000,7,8
1,12.000000,17.011999,0.585000,-58,0.000000,7,8
1,12.000000,17.636999,0.696000,-58,0.000000,7,8
1,12.000000,17.250000,1.149000,-58,0.000000,7,8
1,12.000000,16.549000,0.820000,-58,0.000000,7,8
1,12.000000,17.011999,0.585000,-58,0.000000,7,8
1,12.000000,17.636999,0.539000,-58,0.000000,7,8
1,12.000000,16.849001,0.868000,-58,0.000000,7,8
1,12.000000,16.549000,0.992000,-58,0.000000,7,8
1,12.000000,16.386999,0.860000,-58,0.000000,7,8
1,12.000000,17.799000,0.489000,-58,0.000000,7,8
1,12.000000,17.162001,0.933000,-58,0.000000,7,8
1,12.000000,17.487000,0.888000,-58,0.000000,7,8
1,12.000000,16.386999,0.723000,-58,0.000000,7,8
1,12.000000,17.948999,0.424000,-58,0.000000,7,8
1,12.000000,18.065001,0.338000,-58,0.000000,7,8
1,12.000000,16.549000,0.954000,-58,0.000000,7,8
1,12.000000,16.537001,0.852000,-58,0.000000,7,8
1,12.000000,16.862000,0.763000,-58,0.000000,7,8
1,12.000000,16.549000,1.051000,-58,0.000000,7,8
1,12.000000,17.025000,1.093000,-58,0.000000,7,8
1,12.000000,18.112000,0.460000,-58,0.000000,7,8
1,12.000000,17.325001,0.897000,-58,0.000000,7,8
1,12.000000,17.952999,0.328000,-58,0.000000,7,8
1,12.000000,17.011999,0.896000,-58,0.000000,7,8
1,12.000000,16.698999,0.770000,-58,0.000000,7,8
1,12.000000,16.549000,1.046000,-58,0.000000,7,8
1,12.000000,17.487000,0.790000,-58,0.000000,7,8
1,12.000000,17.325001,0.851000,-58,0.000000,7,8
1,12.000000,17.948999,0.468000,-57,0.000000,7,8
1,12.000000,17.799000,0.880000,-57,0.000000,7,8
1,12.000000,17.475000,0.637000,-58,0.000000,7,8
1,12.000000,17.948999,0.338000,-58,0.000000,7,8
1,12.000000,16.862000,1.001000,-57,0.000000,7,8
1,12.000000,16.781000,0.981000,-58,0.000000,7,8
1,12.000000,17.011999,0.702000,-57,0.000000,7,8
1,12.000000,17.487000,0.752000,-59,0.000000,7,8
1,12.000000,16.781000,0.909000,-58,0.000000,5,8
1,12.000000,17.011999,0.701000,-58,0.000000,7,8
1,12.000000,17.948999,0.390000,-57,0.000000,7,8
1,12.000000,16.237000,1.207000,-57,0.000000,7,8
1,12.000000,18.274000,0.357000,-59,0.000000,7,8
1,12.000000,17.483999,0.918000,-59,0.000000,7,8
1,12.000000,16.073999,1.057000,-59,0.000000,7,8
1,12.000000,16.537001,0.867000,-59,0.000000,7,8
1,12.000000,17.948999,0.488000,-59,0.000000,7,8
1,12.000000,17.128000,1.002000,-57,0.000000,7,8
1,12.000000,18.900000,0.000000,-58,0.000000,7,8
1,12.000000,16.698999,0.768000,-58,0.000000,7,8
1,12.000000,16.386999,0.794000,-59,0.000000,7,8
1,12.000000,16.537001,0.937000,-57,0.000000,7,8
1,12.000000,17.487000,0.650000,-58,0.000000,7,8
1,12.000000,16.237000,1.223000,-58,0.000000,7,8
1,12.000000,17.962000,0.395000,-58,0.000000,7,8
1,12.000000,16.698999,0.836000,-58,0.000000,7,8
1,12.000000,17.952999,0.328000,-58,0.000000,7,8
1,12.000000,17.952999,0.787000,-58,0.000000,7,8
1,12.000000,17.487000,0.778000,-57,0.000000,7,8
1,12.000000,18.421000,0.357000,-57,0.000000,7,8
1,12.000000,17.371000,0.551000,-58,0.000000,7,8
1,12.000000,17.483999,0.893000,-58,0.000000,7,8
1,12.000000,17.325001,0.349000,-57,0.000000,7,8
1,12.000000,17.962000,0.457000,-59,0.000000,7,8
1,12.000000,17.596001,0.491000,-56,0.000000,7,8
1,12.000000,17.475000,0.637000,-58,0.000000,7,8
1,12.000000,17.011999,0.472000,-60,0.000000,7,8
1,12.000000,18.187000,0.212000,-58,0.000000,7,8
1,12.000000,17.475000,0.815000,-57,0.000000,7,8
1,12.000000,16.549000,0.794000,-59,0.000000,7,8
1,12.000000,18.112000,0.432000,-58,0.000000,7,8
1,12.000000,18.065001,0.429000,-56,0.000000,7,8
1,12.000000,16.790001,0.737000,-57,0.000000,7,8
1,12.000000,17.799000,0.495000,-57,0.000000,7,8
1,12.000000,18.112000,0.338000,-57,0.000000,7,8
1,12.000000,16.862000,0.754000,-58,0.000000,7,8
1,12.000000,17.487000,0.800000,-57,0.000000,7,8
1,12.000000,17.952999,0.851000,-58,0.000000,7,8
1,12.000000,18.431000,0.421000,-57,0.000000,7,8
1,12.000000,16.781000,0.481000,-59,0.000000,7,8
1,12.000000,17.799000,0.550000,-58,0.000000,7,8
1,12.000000,17.162001,0.815000,-56,0.000000,7,8
1,12.000000,18.099001,0.508000,-56,0.000000,7,8
1,12.000000,17.325001,0.560000,-57,0.000000,7,8
1,12.000000,17.718000,0.335000,-58,0.000000,7,8
1,12.000000,16.537001,0.712000,-57,0.000000,7,8
1,12.000000,16.862000,2.812000,-63,0.000000,7,8
1,12.000000,16.386999,1.951000,-64,0.000000,7,8
1,12.000000,17.718000,1.416000,-63,0.000000,7,8
1,12.000000,17.250000,0.793000,-60,0.000000,7,8
1,12.000000,17.787001,0.529000,-60,0.000000,7,8
1,12.000000,16.862000,1.052000,-60,0.000000,7,8
1,12.000000,17.475000,0.821000,-64,0.000000,7,8
1,12.000000,16.862000,1.001000,-62,0.000000,7,8
1,12.000000,17.487000,1.253000,-60,0.000000,7,8
1,12.000000,18.112000,0.649000,-61,0.000000,7,8
1,12.000000,17.487000,0.704000,-59,0.000000,7,8
1,12.000000,17.948999,0.615000,-59,0.000000,7,8
1,12.000000,16.862000,0.957000,-60,0.000000,7,8
1,12.000000,17.649000,0.857000,-60,0.000000,7,8
1,12.000000,17.174999,0.460000,-60,0.000000,7,8
1,12.000000,17.799000,0.498000,-59,0.000000,7,8
1,12.000000,18.099001,0.397000,-58,0.000000,7,8
1,12.000000,16.698999,0.754000,-59,0.000000,7,8
1,12.000000,17.962000,0.395000,-59,0.000000,7,8
1,12.000000,17.948999,0.444000,-59,0.000000,7,8
1,12.000000,17.787001,0.787000,-59,0.000000,7,8
1,12.000000,17.011999,1.214000,-59,0.000000,7,8
1,12.000000,16.312000,1.424000,-60,0.000000,7,8
1,12.000000,16.903000,1.356000,-61,0.000000,7,8
1,12.000000,16.849001,1.569000,-62,0.000000,7,8
1,12.000000,15.600000,1.142000,-63,0.000000,7,8
1,12.000000,17.174999,0.790000,-62,0.000000,7,8
1,12.000000,16.862000,1.014000,-59,0.000000,7,8
1,12.000000,17.483999,0.540000,-58,0.000000,7,8
1,12.000000,17.943001,0.528000,-59,0.000000,7,8
1,12.000000,17.962000,0.390000,-59,0.000000,7,8
1,12.000000,17.162001,0.754000,-59,0.000000,7,8
1,12.000000,17.011999,0.863000,-57,0.000000,7,8
1,12.000000,16.537001,1.181000,-58,0.000000,7,8
1,12.000000,18.112000,0.298000,-59,0.000000,7,8
1,12.000000,17.325001,0.658000,-58,0.000000,7,8
1,12.000000,17.649000,0.508000,-58,0.000000,7,8
1,12.000000,17.337000,0.713000,-58,0.000000,7,8
1,12.000000,17.799000,0.429000,-59,0.000000,7,8
1,12.000000,17.799000,0.583000,-59,0.000000,7,8
1,12.000000,16.849001,0.669000,-58,0.000000,7,8
1,12.000000,17.011999,0.810000,-59,0.000000,7,8
1,12.000000,16.698999,0.903000,-59,0.000000,7,8
1,12.000000,17.475000,0.413000,-59,0.000000,7,8
1,12.000000,16.549000,0.912000,-59,0.000000,7,8
1,12.000000,16.386999,0.949000,-59,0.000000,7,8
1,12.000000,16.549000,0.745000,-59,0.000000,7,8
1,12.000000,16.549000,1.088000,-59,0.000000,7,8
1,12.000000,17.487000,0.667000,-59,0.000000,7,8
1,12.000000,17.475000,0.643000,-59,0.000000,7,8
1,12.000000,16.386999,1.084000,-60,0.000000,7,8
1,12.000000,17.649000,0.831000,-60,0.000000,7,8
1,12.000000,17.787001,0.757000,-60,0.000000,7,8
1,12.000000,17.011999,0.751000,-60,0.000000,7,8
1,12.000000,17.799000,0.615000,-59,0.000000,7,8
1,12.000000,17.799000,0.387000,-59,0.000000,7,8
1,12.000000,17.011999,0.338000,-58,0.000000,7,8
1,12.000000,17.943001,0.335000,-58,0.000000,5,8
1,12.000000,16.386999,1.046000,-59,0.000000,7,8
1,12.000000,17.250000,0.742000,-59,0.000000,7,8
1,12.000000,17.948999,0.420000,-58,0.000000,7,8
1,12.000000,17.948999,0.468000,-59,0.000000,7,8
1,12.000000,17.025000,0.819000,-59,0.000000,7,8
1,12.000000,16.849001,0.729000,-59,0.000000,7,8
1,12.000000,17.799000,0.522000,-60,0.000000,7,8
1,12.000000,17.799000,0.606000,-60,0.000000,7,8
1,12.000000,16.698999,0.903000,-60,0.000000,7,8
1,12.000000,18.112000,0.329000,-59,0.000000,7,8
1,12.000000,16.849001,0.992000,-60,0.000000,7,8
1,12.000000,17.250000,0.850000,-60,0.000000,7,8
1,12.000000,17.948999,0.532000,-59,0.000000,7,8
1,12.000000,17.325001,0.601000,-59,0.000000,7,8
1,12.000000,18.112000,0.498000,-59,0.000000,7,8
1,12.000000,17.325001,0.714000,-58,0.000000,7,8
1,12.000000,16.386999,0.524000,-58,0.000000,7,8
1,12.000000,17.799000,0.736000,-59,0.000000,7,8
1,12.000000,17.962000,0.329000,-59,0.000000,7,8
1,12.000000,16.073999,1.057000,-59,0.000000,7,8
1,12.000000,17.487000,0.781000,-57,0.000000,7,8
1,12.000000,17.362000,0.714000,-58,0.000000,7,8
1,12.000000,17.952999,0.512000,-58,0.000000,7,8
1,12.000000,16.849001,0.653000,-58,0.000000,7,8
1,12.000000,17.011999,0.886000,-59,0.000000,7,8
1,12.000000,17.025000,1.093000,-60,0.000000,7,8
1,12.000000,16.399000,0.891000,-60,0.000000,7,8
1,12.000000,17.948999,0.602000,-61,0.000000,7,8
1,12.000000,16.781000,1.197000,-61,0.000000,7,8
1,12.000000,17.011999,1.140000,-62,0.000000,7,8
1,12.000000,17.325001,0.635000,-63,0.000000,7,8
1,12.000000,17.011999,1.143000,-62,0.000000,7,8
1,12.000000,16.862000,1.402000,-61,0.000000,7,8
1,12.000000,16.237000,1.638000,-62,0.000000,7,8
1,12.000000,16.399000,1.617000,-62,0.000000,7,8
1,12.000000,17.371000,1.430000,-61,0.000000,7,8
1,12.000000,16.862000,1.059000,-62,0.000000,7,8
1,12.000000,16.224001,0.872000,-60,0.000000,7,8
1,12.000000,16.556000,1.038000,-60,0.000000,7,8
1,12.000000,17.649000,0.460000,-58,0.000000,7,8
1,12.000000,16.862000,1.038000,-58,0.000000,7,8
1,12.000000,17.337000,0.815000,-60,0.000000,7,8
1,12.000000,18.412001,0.444000,-62,0.000000,7,8
1,12.000000,17.014999,0.477000,-66,0.000000,7,8
1,12.000000,15.774000,0.924000,-63,0.000000,7,8
1,12.000000,16.073999,0.253000,-60,0.000000,7,8
1,12.000000,16.549000,0.692000,-58,0.000000,7,8
1,12.000000,17.636999,0.742000,-59,0.000000,7,8
1,12.000000,17.011999,1.001000,-61,0.000000,7,8
1,12.000000,17.475000,0.955000,-61,0.000000,7,8
1,12.000000,18.187000,0.744000,-61,0.000000,7,8
1,12.000000,17.487000,0.954000,-60,0.000000,7,8
1,12.000000,17.011999,0.658000,-57,0.000000,7,8
1,12.000000,16.698999,0.935000,-57,0.000000,7,8
1,12.000000,16.849001,0.688000,-59,0.000000,7,8
1,12.000000,17.162001,0.649000,-59,0.000000,7,8
1,12.000000,16.698999,0.787000,-58,0.000000,7,8
1,12.000000,18.431000,0.468000,-59,0.000000,2,8
1,12.000000,16.712000,0.646000,-57,0.000000,7,8
1,12.000000,17.636999,0.358000,-57,0.000000,7,8
1,12.000000,17.483999,0.709000,-57,0.000000,7,8
1,12.000000,17.174999,0.656000,-56,0.000000,7,8
1,12.000000,16.386999,0.826000,-56,0.000000,7,8
1,12.000000,17.948999,0.349000,-56,0.000000,7,8
1,12.000000,16.862000,0.680000,-57,0.000000,7,8
1,12.000000,17.709000,0.491000,-58,0.000000,7,8
1,12.000000,16.781000,0.681000,-57,0.000000,7,8
1,12.000000,18.075001,0.338000,-58,0.000000,7,8
1,12.000000,17.948999,0.304000,-58,0.000000,7,8
1,12.000000,16.781000,0.475000,-58,0.000000,7,8
1,12.000000,17.636999,0.547000,-58,0.000000,7,8
1,12.000000,17.240000,0.760000,-58,0.000000,7,8
1,12.000000,17.596001,0.701000,-58,0.000000,7,8
1,12.000000,16.862000,0.499000,-58,0.000000,7,8
1,12.000000,16.903000,0.681000,-57,0.000000,7,8
1,12.000000,17.174999,0.351000,-57,0.000000,7,8
1,12.000000,17.250000,0.385000,-57,0.000000,7,8
1,12.000000,16.781000,0.585000,-57,0.000000,7,8
1,12.000000,17.475000,0.530000,-57,0.000000,7,8
1,12.000000,17.718000,0.243000,-57,0.000000,7,8
1,12.000000,17.636999,0.556000,-57,0.000000,7,8
1,12.000000,17.371000,0.749000,-57,0.000000,7,8
1,12.000000,16.862000,0.454000,-56,0.000000,7,8
1,12.000000,17.840000,0.397000,-56,0.000000,7,8
1,12.000000,16.862000,0.746000,-56,0.000000,7,8
1,12.000000,17.636999,0.645000,-57,0.000000,7,8
1,12.000000,18.065001,0.416000,-57,0.000000,7,8
1,12.000000,17.136999,0.576000,-57,0.000000,7,8
1,12.000000,16.659000,0.347000,-57,0.000000,7,8
1,12.000000,17.011999,0.604000,-57,0.000000,7,8
1,12.000000,16.862000,0.304000,-57,0.000000,7,8
1,12.000000,17.128000,0.583000,-58,0.000000,7,8
1,12.000000,16.862000,0.180000,-57,0.000000,7,8
1,12.000000,17.362000,0.849000,-57,0.000000,7,8
1,12.000000,16.862000,0.785000,-57,0.000000,7,8
1,12.000000,17.325001,0.658000,-57,0.000000,7,8
1,12.000000,17.840000,0.752000,-57,0.000000,7,8
1,12.000000,17.011999,0.358000,-57,0.000000,7,8
1,12.000000,18.075001,0.342000,-58,0.000000,7,8
1,12.000000,16.862000,0.603000,-57,0.000000,7,8
1,12.000000,17.025000,0.617000,-57,0.000000,7,8
1,12.000000,18.261999,0.298000,-57,0.000000,7,8
1,12.000000,16.549000,0.844000,-58,0.000000,7,8
1,12.000000,17.025000,0.538000,-57,0.000000,7,8
1,12.000000,17.362000,0.821000,-57,0.000000,7,8
1,12.000000,17.371000,0.595000,-57,0.000000,7,8
1,12.000000,17.948999,0.604000,-57,0.000000,7,8
1,12.000000,17.006001,0.358000,-57,0.000000,7,8
1,12.000000,18.112000,0.560000,-57,0.000000,7,8
1,12.000000,17.128000,0.659000,-57,0.000000,7,8
1,12.000000,17.606001,0.601000,-57,0.000000,7,8
1,12.000000,17.636999,0.601000,-57,0.000000,7,8
1,12.000000,17.025000,0.000000,-58,0.000000,1,8
1,12.000000,17.636999,0.616000,-57,0.000000,7,8
1,12.000000,17.799000,0.418000,-57,0.000000,7,8
1,12.000000,17.011999,0.499000,-57,0.000000,7,8
1,12.000000,17.952999,0.304000,-57,0.000000,7,8
1,12.000000,17.259001,0.649000,-57,0.000000,7,8
1,12.000000,17.011999,0.560000,-57,0.000000,7,8
1,12.000000,18.274000,0.390000,-57,0.000000,7,8
1,12.000000,18.112000,0.426000,-57,0.000000,7,8
1,12.000000,17.250000,0.894000,-57,0.000000,7,8
1,12.000000,17.371000,0.481000,-57,0.000000,7,8
1,12.000000,17.840000,0.681000,-57,0.000000,7,8
1,12.000000,17.718000,0.243000,-57,0.000000,7,8
1,12.000000,16.546000,0.460000,-57,0.000000,7,8
1,12.000000,17.952999,0.304000,-57,0.000000,7,8
1,12.000000,17.948999,0.692000,-57,0.000000,7,8
1,12.000000,17.011999,0.640000,-57,0.000000,7,8
1,12.000000,17.487000,0.441000,-57,0.000000,7,8
1,12.000000,17.487000,0.603000,-57,0.000000,7,8
1,12.000000,16.781000,0.322000,-57,0.000000,7,8
1,12.000000,17.025000,0.205000,-57,0.000000,7,8
1,12.000000,17.962000,0.212000,-57,0.000000,7,8
1,12.000000,17.174999,0.615000,-57,0.000000,7,8
1,12.000000,17.011999,0.563000,-57,0.000000,7,8
1,12.000000,17.840000,0.541000,-57,0.000000,7,8
1,12.000000,18.075001,0.793000,-57,0.000000,7,8
1,12.000000,17.325001,0.714000,-57,0.000000,7,8
1,12.000000,17.948999,0.415000,-57,0.000000,7,8
1,12.000000,17.799000,0.495000,-57,0.000000,7,8
1,12.000000,17.174999,0.770000,-56,0.000000,7,8
1,12.000000,17.483999,0.481000,-56,0.000000,7,8
1,12.000000,17.948999,0.508000,-56,0.000000,7,8
1,12.000000,18.112000,0.525000,-56,0.000000,7,8
1,12.000000,17.718000,0.779000,-56,0.000000,7,8
1,12.000000,17.250000,0.740000,-57,0.000000,7,8
1,12.000000,17.718000,0.749000,-58,0.000000,7,8
1,12.000000,17.011999,0.850000,-58,0.000000,7,8
1,12.000000,17.728001,0.350000,-58,0.000000,7,8
1,12.000000,17.670000,0.560000,-57,0.000000,7,8
1,12.000000,18.112000,0.351000,-58,0.000000,7,8
1,12.000000,17.325001,0.787000,-58,0.000000,7,8
1,12.000000,17.787001,0.616000,-58,0.000000,7,8
1,12.000000,17.011999,0.784000,-57,0.000000,7,8
1,12.000000,16.399000,0.858000,-58,0.000000,7,8
1,12.000000,17.799000,0.550000,-59,0.000000,7,8
1,12.000000,16.537001,0.855000,-58,0.000000,7,8
1,12.000000,17.718000,0.656000,-58,0.000000,7,8
1,12.000000,17.475000,0.658000,-58,0.000000,7,8
1,12.000000,17.325001,0.834000,-57,0.000000,7,8
1,12.000000,18.274000,0.434000,-58,0.000000,7,8
1,12.000000,17.011999,1.006000,-57,0.000000,7,8
1,12.000000,18.309000,0.508000,-57,0.000000,7,8
1,12.000000,17.948999,0.489000,-57,0.000000,7,8
1,12.000000,17.948999,0.583000,-57,0.000000,7,8
1,12.000000,16.903000,0.856000,-57,0.000000,7,8
1,12.000000,18.261999,0.470000,-57,0.000000,7,8
1,12.000000,16.849001,0.834000,-57,0.000000,7,8
1,12.000000,16.862000,0.825000,-57,0.000000,7,8
1,12.000000,16.862000,0.560000,-57,0.000000,7,8
1,12.000000,17.962000,0.541000,-57,0.000000,7,8
1,12.000000,16.862000,0.583000,-57,0.000000,7,8
1,12.000000,16.549000,0.820000,-57,0.000000,7,8
1,12.000000,17.962000,0.354000,-57,0.000000,7,8
1,12.000000,18.112000,0.373000,-57,0.000000,7,8
1,12.000000,18.112000,0.357000,-57,0.000000,7,8
1,12.000000,17.718000,0.387000,-57,0.000000,7,8
1,12.000000,17.025000,0.828000,-58,0.000000,7,8
1,12.000000,17.011999,0.925000,-58,0.000000,7,8
1,12.000000,18.065001,0.529000,-59,0.000000,7,8
1,12.000000,16.237000,0.898000,-59,0.000000,7,8
1,12.000000,16.549000,0.938000,-59,0.000000,7,8
1,12.000000,16.237000,1.040000,-59,0.000000,7,8
1,12.000000,16.537001,0.836000,-58,0.000000,7,8
1,12.000000,17.128000,0.891000,-58,0.000000,7,8
1,12.000000,17.006001,0.848000,-58,0.000000,7,8
1,12.000000,18.112000,0.298000,-58,0.000000,7,8
1,12.000000,17.952999,0.462000,-58,0.000000,7,8
1,12.000000,17.596001,0.703000,-58,0.000000,7,8
1,12.000000,17.011999,0.335000,-58,0.000000,7,8
1,12.000000,17.799000,0.429000,-58,0.000000,7,8
1,12.000000,17.948999,0.730000,-58,0.000000,7,8
1,12.000000,17.840000,0.429000,-58,0.000000,7,8
1,12.000000,16.781000,0.630000,-58,0.000000,7,8
1,12.000000,16.386999,0.931000,-58,0.000000,7,8
1,12.000000,16.549000,0.688000,-58,0.000000,7,8
1,12.000000,17.718000,0.749000,-58,0.000000,7,8
1,12.000000,17.483999,0.833000,-58,0.000000,7,8
1,12.000000,16.849001,0.532000,-58,0.000000,7,8
1,12.000000,16.849001,0.754000,-58,0.000000,7,8
1,12.000000,17.962000,0.444000,-58,0.000000,7,8
1,12.000000,16.386999,0.741000,-58,0.000000,7,8
1,12.000000,17.025000,0.726000,-58,0.000000,7,8
1,12.000000,18.112000,0.348000,-59,0.000000,7,8
1,12.000000,17.325001,0.678000,-59,0.000000,7,8
1,12.000000,17.011999,0.658000,-59,0.000000,7,8
1,12.000000,18.187000,0.338000,-59,0.000000,7,8
1,12.000000,17.006001,0.509000,-58,0.000000,7,8
1,12.000000,17.636999,0.688000,-58,0.000000,7,8
1,12.000000,17.840000,0.909000,-59,0.000000,7,8
1,12.000000,16.903000,0.697000,-58,0.000000,7,8
1,12.000000,17.371000,0.649000,-58,0.000000,7,8
1,12.000000,17.325001,0.603000,-58,0.000000,7,8
1,12.000000,18.421000,0.508000,-58,0.000000,7,8
1,12.000000,17.337000,0.526000,-59,0.000000,7,8
1,12.000000,16.771000,0.534000,-59,0.000000,7,8
1,12.000000,17.014999,0.657000,-58,0.000000,7,8
1,12.000000,17.475000,0.650000,-58,0.000000,7,8
1,12.000000,17.136999,0.812000,-58,0.000000,7,8
1,12.000000,17.250000,0.929000,-58,0.000000,7,8
1,12.000000,17.011999,0.745000,-58,0.000000,7,8
1,12.000000,16.712000,0.429000,-58,0.000000,7,8
1,12.000000,18.187000,0.619000,-58,0.000000,7,8
1,12.000000,18.112000,0.422000,-58,0.000000,7,8
1,12.000000,16.549000,0.745000,-58,0.000000,7,8
1,12.000000,16.862000,0.599000,-58,0.000000,7,8
1,12.000000,17.487000,0.413000,-58,0.000000,7,8
1,12.000000,17.799000,0.296000,-59,0.000000,7,8
1,12.000000,17.325001,0.550000,-59,0.000000,7,8
1,12.000000,17.174999,0.651000,-58,0.000000,7,8
1,12.000000,17.325001,0.554000,-59,0.000000,7,8
1,12.000000,17.475000,0.610000,-59,0.000000,7,8
1,12.000000,17.799000,0.680000,-58,0.000000,7,8
1,12.000000,17.943001,0.751000,-58,0.000000,7,8
1,12.000000,16.862000,0.594000,-58,0.000000,7,8
1,12.000000,17.174999,0.478000,-58,0.000000,7,8
1,12.000000,17.162001,0.463000,-57,0.000000,7,8
1,12.000000,17.606001,0.961000,-57,0.000000,7,8
1,12.000000,17.787001,0.616000,-57,0.000000,7,8
1,12.000000,16.549000,0.745000,-57,0.000000,7,8
1,12.000000,16.386999,0.826000,-58,0.000000,7,8
1,12.000000,17.011999,0.658000,-58,0.000000,7,8
1,12.000000,17.799000,0.541000,-58,0.000000,7,8
1,12.000000,18.075001,0.604000,-58,0.000000,7,8
1,12.000000,17.636999,0.730000,-58,0.000000,7,8
1,12.000000,17.136999,0.896000,-58,0.000000,7,8
1,12.000000,17.128000,0.426000,-58,0.000000,7,8
1,12.000000,17.325001,0.524000,-58,0.000000,7,8
1,12.000000,18.112000,0.426000,-58,0.000000,7,8
1,12.000000,17.250000,0.963000,-58,0.000000,7,8
1,12.000000,16.712000,0.838000,-58,0.000000,7,8
1,12.000000,17.718000,0.475000,-58,0.000000,7,8
1,12.000000,17.830999,0.393000,-58,0.000000,7,8
1,12.000000,17.948999,0.390000,-58,0.000000,7,8
1,12.000000,17.487000,0.599000,-59,0.000000,7,8
1,12.000000,17.487000,0.548000,-59,0.000000,7,8
1,12.000000,18.187000,0.468000,-59,0.000000,7,8
1,12.000000,16.386999,0.996000,-59,0.000000,7,8
1,12.000000,16.549000,0.483000,-58,0.000000,7,8
1,12.000000,18.099001,0.358000,-58,0.000000,7,8
1,12.000000,18.261999,0.301000,-58,0.000000,7,8
1,12.000000,17.014999,0.821000,-58,0.000000,7,8
1,12.000000,16.849001,0.783000,-58,0.000000,7,8
1,12.000000,17.325001,0.540000,-58,0.000000,7,8
1,12.000000,17.011999,0.536000,-58,0.000000,7,8
1,12.000000,17.011999,0.650000,-58,0.000000,7,8
1,12.000000,17.475000,0.714000,-58,0.000000,7,8
1,12.000000,16.386999,0.826000,-58,0.000000,7,8
1,12.000000,17.162001,0.610000,-58,0.000000,7,8
1,12.000000,17.596001,0.787000,-58,0.000000,7,8
1,12.000000,16.073999,0.850000,-58,0.000000,7,8
1,12.000000,17.006001,0.702000,-58,0.000000,7,8
1,12.000000,16.790001,0.429000,-58,0.000000,7,8
1,12.000000,18.112000,0.226000,-58,0.000000,7,8
1,12.000000,17.371000,0.498000,-58,0.000000,7,8
1,12.000000,18.299999,0.468000,-58,0.000000,7,8
1,12.000000,18.424000,0.419000,-58,0.000000,7,8
1,12.000000,16.849001,0.558000,-58,0.000000,7,8
1,12.000000,17.011999,0.787000,-58,0.000000,7,8
1,12.000000,17.487000,0.532000,-58,0.000000,7,8
1,12.000000,16.698999,0.358000,-58,0.000000,7,8
1,12.000000,17.948999,0.429000,-59,0.000000,7,8
1,12.000000,17.487000,0.623000,-59,0.000000,7,8
1,12.000000,17.136999,1.022000,-59,0.000000,7,8
1,12.000000,17.483999,0.491000,-58,0.000000,7,8
1,12.000000,16.659000,0.821000,-58,0.000000,7,8
1,12.000000,17.006001,0.390000,-58,0.000000,7,8
1,12.000000,17.011999,0.585000,-59,0.000000,7,8
1,12.000000,16.556000,0.514000,-59,0.000000,7,8
1,12.000000,17.162001,0.669000,-59,0.000000,7,8
1,12.000000,16.781000,0.632000,-59,0.000000,7,8
1,12.000000,18.187000,0.351000,-59,0.000000,7,8
1,12.000000,17.250000,0.872000,-59,0.000000,7,8
1,12.000000,16.781000,0.835000,-59,0.000000,7,8
1,12.000000,17.325001,0.603000,-59,0.000000,7,8
1,12.000000,17.025000,0.690000,-59,0.000000,7,8
1,12.000000,17.250000,0.783000,-59,0.000000,7,8
1,12.000000,17.636999,0.687000,-59,0.000000,7,8
1,12.000000,17.948999,0.328000,-58,0.000000,7,8
1,12.000000,17.962000,0.463000,-58,0.000000,7,8
1,12.000000,16.399000,0.421000,-59,0.000000,7,8
1,12.000000,16.712000,0.681000,-59,0.000000,7,8
1,12.000000,16.698999,0.598000,-58,0.000000,7,8
1,12.000000,17.948999,0.416000,-58,0.000000,7,8
1,12.000000,16.903000,0.687000,-58,0.000000,7,8
1,12.000000,17.136999,0.535000,-58,0.000000,7,8
1,12.000000,17.250000,0.787000,-58,0.000000,7,8
1,12.000000,16.862000,0.551000,-58,0.000000,7,8
1,12.000000,18.412001,0.000000,-58,0.000000,7,8
1,12.000000,17.799000,0.415000,-58,0.000000,7,8
1,12.000000,16.862000,0.599000,-59,0.000000,7,8
1,12.000000,17.487000,0.650000,-58,0.000000,7,8
1,12.000000,17.325001,0.491000,-58,0.000000,7,8
1,12.000000,16.849001,0.729000,-58,0.000000,7,8
1,12.000000,17.799000,0.429000,-58,0.000000,7,8
1,12.000000,18.112000,0.338000,-59,0.000000,7,8
1,12.000000,17.475000,0.701000,-58,0.000000,6,8
1,12.000000,17.948999,0.338000,-58,0.000000,7,8
1,12.000000,18.075001,0.607000,-58,0.000000,7,8
1,12.000000,17.371000,0.733000,-58,0.000000,7,8
1,12.000000,18.261999,0.478000,-58,0.000000,7,8
1,12.000000,17.948999,0.741000,-58,0.000000,7,8
1,12.000000,17.006001,0.868000,-58,0.000000,7,8
1,12.000000,17.325001,0.658000,-58,0.000000,7,8
1,12.000000,17.011999,0.551000,-58,0.000000,7,8
1,12.000000,17.174999,0.495000,-58,0.000000,7,8
1,12.000000,17.636999,0.499000,-58,0.000000,7,8
1,12.000000,17.952999,0.253000,-58,0.000000,7,8
1,12.000000,16.537001,0.237000,-58,0.000000,7,8
1,12.000000,16.862000,0.253000,-58,0.000000,7,8
1,12.000000,17.475000,0.560000,-58,0.000000,7,8
1,12.000000,18.112000,0.348000,-58,0.000000,7,8
1,12.000000,17.174999,0.632000,-58,0.000000,7,8
1,12.000000,17.952999,0.415000,-58,0.000000,7,8
1,12.000000,17.250000,0.615000,-58,0.000000,7,8
1,12.000000,17.728001,0.329000,-58,0.000000,7,8
1,12.000000,16.849001,0.524000,-58,0.000000,7,8
1,12.000000,16.862000,0.472000,-58,0.000000,7,8
1,12.000000,17.006001,0.750000,-58,0.000000,7,8
1,12.000000,17.948999,0.296000,-58,0.000000,7,8
1,12.000000,16.698999,0.893000,-58,0.000000,7,8
1,12.000000,17.325001,0.585000,-58,0.000000,7,8
1,12.000000,16.712000,0.492000,-58,0.000000,7,8
1,12.000000,17.718000,0.460000,-58,0.000000,7,8
1,12.000000,17.174999,0.610000,-58,0.000000,7,8
1,12.000000,17.718000,0.499000,-58,0.000000,7,8
1,12.000000,16.224001,0.516000,-58,0.000000,7,8
1,12.000000,17.596001,0.744000,-59,0.000000,7,8
1,12.000000,17.011999,0.845000,-59,0.000000,7,8
1,12.000000,17.025000,0.212000,-58,0.000000,7,8
1,12.000000,17.325001,0.703000,-58,0.000000,7,8
1,12.000000,17.596001,0.737000,-59,0.000000,7,8
1,12.000000,16.549000,0.707000,-59,0.000000,7,8
1,12.000000,16.386999,0.276000,-59,0.000000,7,8
1,12.000000,16.537001,0.508000,-59,0.000000,7,8
1,12.000000,17.649000,0.413000,-59,0.000000,7,8
1,12.000000,16.903000,0.660000,-59,0.000000,7,8
1,12.000000,17.483999,0.301000,-59,0.000000,7,8
1,12.000000,17.250000,0.535000,-59,0.000000,7,8
1,12.000000,17.487000,0.423000,-59,0.000000,7,8
1,12.000000,16.237000,0.428000,-59,0.000000,7,8
1,12.000000,16.386999,0.213000,-59,0.000000,7,8
1,12.000000,16.434000,0.498000,-59,0.000000,7,8
1,12.000000,16.549000,0.687000,-59,0.000000,7,8
1,12.000000,17.487000,0.483000,-59,0.000000,7,8
1,12.000000,16.712000,0.423000,-60,0.000000,7,8
1,12.000000,16.862000,0.413000,-60,0.000000,7,8
1,12.000000,16.537001,0.463000,-60,0.000000,7,8
1,12.000000,16.546000,0.713000,-59,0.000000,7,8
1,12.000000,16.893000,0.860000,-59,0.000000,7,8
1,12.000000,17.636999,0.250000,-59,0.000000,7,8
1,12.000000,17.799000,0.460000,-59,0.000000,7,8
1,12.000000,17.025000,0.390000,-59,0.000000,7,8
1,12.000000,16.424999,0.636000,-59,0.000000,7,8
1,12.000000,17.011999,0.598000,-59,0.000000,7,8
1,12.000000,17.799000,0.464000,-59,0.000000,7,8
1,12.000000,16.893000,0.559000,-59,0.000000,7,8
1,12.000000,17.006001,0.812000,-59,0.000000,7,8
1,12.000000,17.649000,0.650000,-59,0.000000,7,8
1,12.000000,16.224001,0.999000,-59,0.000000,7,8
1,12.000000,16.537001,0.594000,-60,0.000000,7,8
1,12.000000,16.781000,0.483000,-60,0.000000,7,8
1,12.000000,17.948999,0.866000,-59,0.000000,7,8
1,12.000000,17.943001,0.635000,-60,0.000000,7,8
1,12.000000,17.483999,0.481000,-60,0.000000,7,8
1,12.000000,17.787001,0.690000,-60,0.000000,5,8
1,12.000000,17.162001,0.591000,-60,0.000000,7,8
1,12.000000,16.549000,0.550000,-60,0.000000,7,8
1,12.000000,17.830999,0.534000,-59,0.000000,7,8
1,12.000000,17.636999,0.637000,-59,0.000000,7,8
1,12.000000,17.799000,0.413000,-59,0.000000,7,8
1,12.000000,16.549000,0.301000,-60,0.000000,7,8
1,12.000000,16.549000,0.688000,-59,0.000000,7,8
1,12.000000,17.475000,0.585000,-59,0.000000,7,8
1,12.000000,16.862000,0.703000,-59,0.000000,7,8
1,12.000000,16.549000,0.327000,-59,0.000000,7,8
1,12.000000,16.549000,0.611000,-59,0.000000,7,8
1,12.000000,16.849001,0.841000,-59,0.000000,7,8
1,12.000000,17.325001,0.631000,-59,0.000000,7,8
1,12.000000,16.862000,0.784000,-59,0.000000,7,8
1,12.000000,18.112000,0.338000,-59,0.000000,7,8
1,12.000000,17.362000,0.650000,-59,0.000000,7,8
1,12.000000,17.014999,0.750000,-59,0.000000,7,8
1,12.000000,17.250000,0.298000,-59,0.000000,7,8
1,12.000000,17.493000,0.396000,-59,0.000000,7,8
1,12.000000,17.606001,0.349000,-59,0.000000,7,8
1,12.000000,17.483999,0.556000,-59,0.000000,7,8
1,12.000000,17.483999,0.784000,-59,0.000000,7,8
1,12.000000,17.011999,0.563000,-59,0.000000,7,8
1,12.000000,17.174999,0.488000,-59,0.000000,7,8
1,12.000000,17.259001,0.663000,-59,0.000000,7,8
1,12.000000,17.799000,0.429000,-59,0.000000,7,8
1,12.000000,16.849001,0.413000,-59,0.000000,7,8
1,12.000000,16.667999,0.764000,-59,0.000000,7,8
1,12.000000,17.636999,0.589000,-59,0.000000,7,8
1,12.000000,17.128000,0.768000,-59,0.000000,7,8
1,12.000000,17.011999,0.558000,-59,0.000000,7,8
1,12.000000,16.667999,0.660000,-59,0.000000,7,8
1,12.000000,17.487000,0.333000,-59,0.000000,7,8
1,12.000000,16.698999,0.524000,-59,0.000000,7,8
1,12.000000,17.014999,0.822000,-59,0.000000,7,8
1,12.000000,17.011999,0.687000,-59,0.000000,7,8
1,12.000000,16.537001,0.800000,-59,0.000000,7,8
1,12.000000,16.224001,0.815000,-59,0.000000,7,8
1,12.000000,18.656000,0.243000,-59,0.000000,7,8
1,12.000000,17.337000,0.736000,-59,0.000000,7,8
1,12.000000,18.099001,0.349000,-59,0.000000,7,8
1,12.000000,17.162001,0.687000,-59,0.000000,7,8
1,12.000000,17.487000,0.428000,-59,0.000000,7,8
1,12.000000,17.011999,0.845000,-59,0.000000,7,8
1,12.000000,16.546000,0.491000,-60,0.000000,7,8
1,12.000000,17.128000,0.558000,-59,0.000000,7,8
1,12.000000,16.312000,0.583000,-59,0.000000,5,8
1,12.000000,16.087000,0.000000,-59,0.000000,2,8
1,12.000000,17.025000,0.525000,-59,0.000000,7,8
1,12.000000,17.325001,0.658000,-58,0.000000,7,8
1,12.000000,16.698999,0.491000,-58,0.000000,7,8
1,12.000000,17.136999,0.924000,-58,0.000000,7,8
1,12.000000,17.128000,0.669000,-59,0.000000,7,8
1,12.000000,17.011999,0.698000,-58,0.000000,7,8
1,12.000000,17.799000,0.460000,-58,0.000000,7,8
1,12.000000,16.537001,0.549000,-58,0.000000,7,8
1,12.000000,16.399000,0.783000,-58,0.000000,7,8
1,12.000000,17.962000,0.639000,-58,0.000000,7,8
1,12.000000,17.325001,0.583000,-59,0.000000,6,0
1,12.000000,16.399000,0.891000,-59,0.000000,7,8
1,12.000000,17.325001,0.502000,-59,0.000000,7,8
1,12.000000,16.399000,0.595000,-59,0.000000,7,8
1,12.000000,17.240000,0.527000,-59,0.000000,7,8
1,12.000000,17.325001,0.746000,-59,0.000000,7,8
1,12.000000,16.386999,0.893000,-59,0.000000,7,8
1,12.000000,17.636999,0.604000,-59,0.000000,7,8
1,12.000000,16.698999,0.635000,-59,0.000000,7,8
1,12.000000,17.709000,0.337000,-59,0.000000,7,8
1,12.000000,17.011999,0.662000,-59,0.000000,7,8
1,12.000000,16.862000,0.704000,-58,0.000000,7,8
1,12.000000,16.386999,0.794000,-58,0.000000,7,8
1,12.000000,16.537001,0.791000,-58,0.000000,7,8
1,12.000000,17.649000,0.429000,-59,0.000000,7,8
1,12.000000,16.549000,0.745000,-58,0.000000,7,8
1,12.000000,16.862000,0.494000,-58,0.000000,7,8
1,12.000000,17.799000,0.304000,-58,0.000000,7,8
1,12.000000,17.487000,0.551000,-58,0.000000,7,8
1,12.000000,16.781000,0.387000,-58,0.000000,7,8
1,12.000000,17.483999,0.784000,-58,0.000000,7,8
1,12.000000,17.596001,0.608000,-59,0.000000,7,8
1,12.000000,17.025000,0.000000,-58,0.000000,6,8
1,12.000000,16.537001,0.730000,-58,0.000000,7,8
1,12.000000,17.240000,0.419000,-58,0.000000,7,8
1,12.000000,17.174999,0.748000,-58,0.000000,7,8
1,12.000000,16.556000,0.541000,-58,0.000000,7,8
1,12.000000,17.128000,0.563000,-58,0.000000,7,8
1,12.000000,17.709000,0.637000,-58,0.000000,7,8
1,12.000000,16.903000,0.429000,-58,0.000000,7,8
1,12.000000,17.006001,0.745000,-58,0.000000,7,8
1,12.000000,17.025000,0.579000,-59,0.000000,4,8
1,12.000000,16.893000,0.725000,-58,0.000000,7,8
1,12.000000,17.174999,0.872000,-58,0.000000,7,8
1,12.000000,17.325001,0.527000,-58,0.000000,7,8
1,12.000000,17.475000,0.610000,-58,0.000000,7,8
1,12.000000,16.698999,0.687000,-58,0.000000,7,8
1,12.000000,18.112000,0.338000,-58,0.000000,7,8
1,12.000000,17.948999,0.488000,-58,0.000000,7,8
1,12.000000,17.649000,0.561000,-58,0.000000,7,8
1,12.000000,18.112000,0.395000,-58,0.000000,7,8
1,12.000000,16.698999,0.472000,-58,0.000000,7,8
1,12.000000,17.952999,0.532000,-58,0.000000,7,8
1,12.000000,17.011999,0.390000,-58,0.000000,7,8
1,12.000000,17.943001,0.704000,-58,0.000000,7,8
1,12.000000,17.596001,0.556000,-58,0.000000,7,8
1,12.000000,17.025000,0.000000,-58,0.000000,2,8
1,12.000000,17.174999,0.615000,-58,0.000000,7,8
1,12.000000,16.781000,0.714000,-58,0.000000,7,8
1,12.000000,17.362000,0.585000,-58,0.000000,7,8
1,12.000000,18.112000,0.220000,-58,0.000000,7,8
1,12.000000,18.274000,0.434000,-58,0.000000,7,8
1,12.000000,17.011999,0.390000,-58,0.000000,7,8
1,12.000000,17.325001,0.658000,-58,0.000000,7,8
1,12.000000,17.475000,0.836000,-59,0.000000,7,8
1,12.000000,17.136999,0.599000,-58,0.000000,7,8
1,12.000000,16.546000,0.743000,-58,0.000000,7,8
1,12.000000,17.830999,0.390000,-58,0.000000,7,8
1,12.000000,16.659000,0.414000,-58,0.000000,7,8
1,12.000000,17.948999,0.489000,-58,0.000000,7,8
1,12.000000,16.862000,0.706000,-58,0.000000,7,8
1,12.000000,18.112000,0.396000,-58,0.000000,7,8
1,12.000000,16.781000,0.659000,-58,0.000000,7,8
1,12.000000,18.112000,0.214000,-58,0.000000,7,8
1,12.000000,16.712000,0.447000,-58,0.000000,7,8
1,12.000000,17.475000,1.093000,-58,0.000000,7,8
1,12.000000,17.371000,0.710000,-58,0.000000,7,8
1,12.000000,16.549000,0.745000,-58,0.000000,7,8
1,12.000000,16.312000,0.519000,-58,0.000000,7,8
1,12.000000,17.962000,0.205000,-58,0.000000,7,8
1,12.000000,16.537001,0.493000,-58,0.000000,7,8
1,12.000000,17.325001,1.074000,-58,0.000000,7,8
1,12.000000,17.636999,0.595000,-58,0.000000,7,8
1,12.000000,16.549000,0.692000,-58,0.000000,7,8
1,12.000000,17.337000,0.583000,-58,0.000000,7,8
1,12.000000,17.014999,0.390000,-58,0.000000,7,8
1,12.000000,16.698999,0.499000,-58,0.000000,7,8
1,12.000000,16.549000,0.650000,-58,0.000000,7,8
1,12.000000,16.659000,0.635000,-58,0.000000,7,8
1,12.000000,17.011999,0.328000,-58,0.000000,7,8
1,12.000000,17.115000,0.650000,-58,0.000000,7,8
1,12.000000,17.787001,0.649000,-58,0.000000,7,8
1,12.000000,16.903000,0.660000,-58,0.000000,7,8
1,12.000000,17.636999,0.499000,-58,0.000000,7,8
1,12.000000,17.174999,0.574000,-58,0.000000,7,8
1,12.000000,16.386999,0.556000,-58,0.000000,7,8
1,12.000000,17.840000,0.680000,-58,0.000000,7,8
1,12.000000,17.830999,0.387000,-58,0.000000,7,8
1,12.000000,17.948999,0.787000,-58,0.000000,7,8
1,12.000000,17.952999,0.415000,-58,0.000000,7,8
1,12.000000,18.412001,0.000000,-59,0.000000,1,8
1,12.000000,17.962000,0.000000,-59,0.000000,1,8
1,12.000000,18.309000,0.385000,-58,0.000000,7,8
1,12.000000,17.011999,0.583000,-57,0.000000,7,8
1,12.000000,17.943001,0.373000,-57,0.000000,7,8
1,12.000000,18.112000,0.338000,-58,0.000000,7,8
1,12.000000,18.187000,0.468000,-57,0.000000,7,8
1,12.000000,17.718000,0.547000,-58,0.000000,7,8
1,12.000000,17.799000,0.424000,-58,0.000000,7,8
1,12.000000,16.698999,0.850000,-58,0.000000,7,8
1,12.000000,17.962000,0.385000,-58,0.000000,7,8
1,12.000000,17.948999,0.338000,-58,0.000000,7,8
1,12.000000,17.136999,0.727000,-58,0.000000,7,8
1,12.000000,17.948999,0.763000,-58,0.000000,7,8
1,12.000000,17.952999,0.586000,-58,0.000000,7,8
1,12.000000,17.840000,0.638000,-58,0.000000,7,8
1,12.000000,17.250000,0.335000,-58,0.000000,7,8
1,12.000000,18.274000,0.329000,-58,0.000000,7,8
1,12.000000,18.187000,0.489000,-58,0.000000,7,8
1,12.000000,17.487000,0.961000,-58,0.000000,7,8
1,12.000000,17.025000,0.649000,-58,0.000000,7,8
1,12.000000,17.606001,0.556000,-58,0.000000,7,8
1,12.000000,17.162001,0.563000,-58,0.000000,7,8
1,12.000000,16.781000,0.856000,-57,0.000000,7,8
1,12.000000,17.830999,0.730000,-58,0.000000,7,8
1,12.000000,18.309000,0.638000,-57,0.000000,7,8
1,12.000000,18.187000,0.549000,-57,0.000000,7,8
1,12.000000,17.948999,0.468000,-57,0.000000,7,8
1,12.000000,18.075001,0.205000,-57,0.000000,7,8
1,12.000000,17.362000,0.563000,-57,0.000000,7,8
1,12.000000,17.325001,0.680000,-58,0.000000,7,8
1,12.000000,17.636999,0.599000,-58,0.000000,7,8
1,12.000000,18.112000,0.811000,-58,0.000000,7,8
1,12.000000,17.493000,0.352000,-58,0.000000,7,8
1,12.000000,18.309000,0.385000,-58,0.000000,7,8
1,12.000000,17.840000,0.734000,-58,0.000000,7,8
1,12.000000,18.656000,0.243000,-58,0.000000,7,8
1,12.000000,17.962000,0.338000,-58,0.000000,7,8
1,12.000000,17.325001,0.830000,-57,0.000000,7,8
1,12.000000,17.475000,0.375000,-58,0.000000,7,8
1,12.000000,16.849001,0.821000,-57,0.000000,7,8
1,12.000000,17.948999,0.522000,-57,0.000000,7,8
1,12.000000,17.718000,0.347000,-57,0.000000,7,8
1,12.000000,17.787001,0.498000,-57,0.000000,7,8
1,12.000000,16.849001,0.604000,-57,0.000000,7,8
1,12.000000,18.274000,0.540000,-57,0.000000,7,8
1,12.000000,17.948999,0.390000,-57,0.000000,7,8
1,12.000000,17.250000,0.329000,-57,0.000000,7,8
1,12.000000,17.487000,0.428000,-57,0.000000,7,8
1,12.000000,17.830999,0.558000,-57,0.000000,7,8
1,12.000000,18.187000,0.495000,-57,0.000000,7,8
1,12.000000,18.587000,0.428000,-57,0.000000,7,8
1,12.000000,18.112000,0.329000,-57,0.000000,7,8
1,12.000000,18.099001,0.489000,-57,0.000000,7,8
1,12.000000,18.065001,0.554000,-57,0.000000,7,8
1,12.000000,17.025000,0.820000,-57,0.000000,7,8
1,12.000000,17.011999,0.322000,-57,0.000000,7,8
1,12.000000,17.250000,0.918000,-57,0.000000,7,8
1,12.000000,17.487000,0.539000,-58,0.000000,7,8
1,12.000000,17.718000,0.744000,-57,0.000000,7,8
1,12.000000,17.011999,0.946000,-57,0.000000,7,8
1,12.000000,17.475000,0.560000,-58,0.000000,7,8
1,12.000000,17.799000,0.713000,-57,0.000000,7,8
1,12.000000,16.862000,0.253000,-57,0.000000,7,8
1,12.000000,17.830999,0.488000,-57,0.000000,7,8
1,12.000000,17.325001,0.329000,-57,0.000000,7,8
1,12.000000,17.250000,0.653000,-57,0.000000,7,8
1,12.000000,17.483999,0.301000,-57,0.000000,7,8
1,12.000000,18.112000,0.395000,-57,0.000000,7,8
1,12.000000,17.011999,0.358000,-57,0.000000,7,8
1,12.000000,18.099001,0.420000,-57,0.000000,7,8
1,12.000000,17.250000,1.004000,-57,0.000000,7,8
1,12.000000,18.274000,0.298000,-57,0.000000,7,8
1,12.000000,17.483999,0.735000,-57,0.000000,7,8
1,12.000000,18.309000,0.395000,-57,0.000000,7,8
1,12.000000,17.475000,0.666000,-57,0.000000,7,8
1,12.000000,17.799000,0.499000,-57,0.000000,7,8
1,12.000000,17.799000,0.784000,-57,0.000000,7,8
1,12.000000,18.261999,0.420000,-57,0.000000,7,8
1,12.000000,17.011999,0.444000,-58,0.000000,7,8
1,12.000000,18.187000,0.489000,-58,0.000000,7,8
1,12.000000,18.112000,0.489000,-58,0.000000,7,8
1,12.000000,18.187000,0.329000,-57,0.000000,7,8
1,12.000000,17.787001,0.352000,-57,0.000000,7,8
1,12.000000,18.412001,0.444000,-57,0.000000,7,8
1,12.000000,17.787001,0.483000,-57,0.000000,7,8
1,12.000000,17.962000,0.650000,-57,0.000000,7,8
1,12.000000,18.261999,0.325000,-57,0.000000,6,8
1,12.000000,17.487000,0.593000,-57,0.000000,7,8
1,12.000000,17.259001,0.427000,-57,0.000000,7,8
1,12.000000,18.112000,0.329000,-57,0.000000,7,8
1,12.000000,17.606001,0.499000,-57,0.000000,7,8
1,12.000000,18.112000,0.329000,-57,0.000000,7,8
1,12.000000,17.371000,0.583000,-57,0.000000,7,8
1,12.000000,17.136999,0.599000,-57,0.000000,7,8
1,12.000000,17.487000,0.475000,-57,0.000000,7,8
1,12.000000,17.487000,0.603000,-57,0.000000,7,8
1,12.000000,17.952999,0.429000,-57,0.000000,7,8
1,12.000000,17.596001,0.725000,-57,0.000000,7,8
1,12.000000,17.362000,0.566000,-57,0.000000,7,8
1,12.000000,17.006001,0.478000,-57,0.000000,7,8
1,12.000000,17.799000,0.426000,-57,0.000000,7,8
1,12.000000,17.011999,0.599000,-57,0.000000,7,8
1,12.000000,18.099001,0.495000,-57,0.000000,7,8
1,12.000000,16.537001,0.387000,-57,0.000000,7,8
1,12.000000,17.962000,0.650000,-57,0.000000,7,8
1,12.000000,17.325001,0.301000,-57,0.000000,7,8
1,12.000000,17.250000,0.444000,-57,0.000000,7,8
1,12.000000,17.337000,0.481000,-57,0.000000,7,8
1,12.000000,17.325001,0.301000,-57,0.000000,7,8
1,12.000000,17.857000,0.787000,-57,0.000000,7,8
1,12.000000,17.636999,0.447000,-57,0.000000,7,8
1,12.000000,18.573999,0.428000,-57,0.000000,7,8
1,12.000000,17.483999,0.414000,-57,0.000000,7,8
1,12.000000,17.011999,0.426000,-57,0.000000,7,8
1,12.000000,17.840000,0.660000,-57,0.000000,7,8
1,12.000000,18.274000,0.467000,-57,0.000000,7,8
1,12.000000,18.187000,0.495000,-57,0.000000,7,8
1,12.000000,17.325001,0.491000,-57,0.000000,7,8
1,12.000000,17.325001,0.650000,-57,0.000000,7,8
1,12.000000,18.309000,0.395000,-57,0.000000,7,8
1,12.000000,18.309000,0.395000,-57,0.000000,7,8
1,12.000000,17.487000,0.483000,-57,0.000000,7,8
1,12.000000,18.421000,0.357000,-57,0.000000,7,8
1,12.000000,17.475000,0.864000,-57,0.000000,7,8
1,12.000000,18.099001,0.420000,-57,0.000000,7,8
1,12.000000,18.065001,0.444000,-57,0.000000,7,8
1,12.000000,18.261999,0.329000,-57,0.000000,7,8
1,12.000000,17.250000,0.441000,-57,0.000000,7,8
1,12.000000,17.718000,0.936000,-57,0.000000,7,8
1,12.000000,18.309000,0.325000,-57,0.000000,7,8
1,12.000000,17.487000,0.499000,-57,0.000000,7,8
1,12.000000,18.261999,0.754000,-57,0.000000,7,8
1,12.000000,17.250000,0.478000,-57,0.000000,7,8
1,12.000000,17.337000,0.526000,-57,0.000000,7,8
1,12.000000,18.261999,0.214000,-57,0.000000,7,8
1,12.000000,18.309000,0.615000,-57,0.000000,7,8
1,12.000000,17.487000,0.636000,-57,0.000000,7,8
1,12.000000,18.412001,0.243000,-57,0.000000,7,8
1,12.000000,17.174999,0.576000,-57,0.000000,7,8
1,12.000000,17.952999,0.477000,-57,0.000000,7,8
1,12.000000,17.337000,0.385000,-57,0.000000,7,8
1,12.000000,18.177999,0.397000,-57,0.000000,7,8
1,12.000000,17.475000,0.634000,-57,0.000000,7,8
1,12.000000,18.412001,0.000000,-57,0.000000,4,8
1,12.000000,17.840000,0.460000,-57,0.000000,7,8
1,12.000000,17.025000,0.304000,-57,0.000000,7,8
1,12.000000,17.475000,0.174000,-57,0.000000,7,8
1,12.000000,18.177999,0.397000,-57,0.000000,7,8
1,12.000000,18.065001,0.549000,-57,0.000000,7,8
1,12.000000,17.025000,0.225000,-57,0.000000,7,8
1,12.000000,17.487000,0.483000,-57,0.000000,7,8
1,12.000000,18.187000,0.599000,-57,0.000000,7,8
1,12.000000,17.025000,0.602000,-57,0.000000,7,8
1,12.000000,17.799000,0.477000,-57,0.000000,7,8
1,12.000000,17.636999,0.603000,-57,0.000000,7,8
1,12.000000,17.025000,0.538000,-57,0.000000,7,8
1,12.000000,18.065001,0.338000,-57,0.000000,7,8
1,12.000000,18.187000,0.348000,-57,0.000000,7,8
1,12.000000,17.250000,0.519000,-57,0.000000,7,8
1,12.000000,17.475000,0.000000,-57,0.000000,7,8
1,12.000000,17.475000,0.243000,-57,0.000000,7,8
1,12.000000,17.475000,0.468000,-57,0.000000,7,8
1,12.000000,17.025000,0.693000,-57,0.000000,7,8
1,12.000000,18.274000,0.325000,-57,0.000000,7,8
1,12.000000,17.250000,0.325000,-57,0.000000,7,8
1,12.000000,17.649000,0.492000,-57,0.000000,7,8
1,12.000000,18.274000,0.395000,-57,0.000000,7,8
1,12.000000,17.830999,0.549000,-57,0.000000,7,8
1,12.000000,17.952999,0.631000,-57,0.000000,7,8
1,12.000000,18.261999,0.329000,-57,0.000000,7,8
1,12.000000,17.718000,0.991000,-57,0.000000,7,8
1,12.000000,18.112000,0.329000,-57,0.000000,7,8
1,12.000000,18.542999,0.602000,-57,0.000000,7,8
1,12.000000,18.099001,0.495000,-57,0.000000,7,8
1,12.000000,18.187000,0.296000,-57,0.000000,7,8
1,12.000000,17.952999,0.650000,-57,0.000000,7,8
1,12.000000,16.862000,0.599000,-57,0.000000,7,8
1,12.000000,17.483999,0.357000,-57,0.000000,7,8
1,12.000000,17.475000,0.258000,-57,0.000000,7,8
1,12.000000,17.475000,0.514000,-57,0.000000,7,8
1,12.000000,18.187000,0.558000,-57,0.000000,7,8
1,12.000000,17.709000,0.685000,-57,0.000000,7,8
1,12.000000,17.636999,0.697000,-57,0.000000,7,8
1,12.000000,17.025000,0.823000,-57,0.000000,7,8
1,12.000000,17.636999,0.595000,-57,0.000000,7,8
1,12.000000,18.587000,0.375000,-57,0.000000,7,8
1,12.000000,17.250000,0.736000,-57,0.000000,7,8
1,12.000000,17.174999,0.497000,-57,0.000000,7,8
1,12.000000,17.475000,0.534000,-57,0.000000,7,8
1,12.000000,18.412001,0.301000,-57,0.000000,7,8
1,12.000000,17.250000,0.699000,-57,0.000000,7,8
1,12.000000,18.261999,0.327000,-57,0.000000,7,8
1,12.000000,17.325001,0.551000,-57,0.000000,7,8
1,12.000000,18.542999,0.333000,-57,0.000000,7,8
1,12.000000,17.325001,0.632000,-57,0.000000,7,8
1,12.000000,17.799000,0.540000,-57,0.000000,7,8
1,12.000000,17.475000,0.612000,-57,0.000000,7,8
1,12.000000,17.948999,0.585000,-57,0.000000,7,8
1,12.000000,17.174999,0.481000,-57,0.000000,7,8
1,12.000000,17.962000,0.468000,-57,0.000000,7,8
1,12.000000,18.099001,0.791000,-57,0.000000,7,8
1,12.000000,17.948999,0.499000,-57,0.000000,7,8
1,12.000000,17.636999,0.636000,-57,0.000000,7,8
1,12.000000,17.799000,0.650000,-57,0.000000,7,8
1,12.000000,18.424000,0.349000,-57,0.000000,7,8
1,12.000000,17.162001,0.550000,-57,0.000000,7,8
1,12.000000,18.534000,0.348000,-57,0.000000,7,8
1,12.000000,17.487000,0.681000,-57,0.000000,7,8
1,12.000000,17.025000,0.604000,-57,0.000000,7,8
1,12.000000,17.325001,0.491000,-57,0.000000,7,8
1,12.000000,17.718000,0.736000,-57,0.000000,7,8
1,12.000000,18.112000,0.298000,-57,0.000000,7,8
1,12.000000,18.421000,0.385000,-56,0.000000,7,8
1,12.000000,17.799000,0.660000,-57,0.000000,7,8
1,12.000000,17.606001,0.481000,-57,0.000000,7,8
1,12.000000,18.112000,0.231000,-57,0.000000,7,8
1,12.000000,17.636999,0.559000,-56,0.000000,7,8
1,12.000000,18.309000,0.664000,-57,0.000000,7,8
1,12.000000,17.718000,0.547000,-57,0.000000,7,8
1,12.000000,18.412001,0.000000,-57,0.000000,5,8
1,12.000000,17.475000,0.937000,-57,0.000000,7,8
1,12.000000,18.421000,0.335000,-57,0.000000,7,8
1,12.000000,17.174999,0.694000,-57,0.000000,7,8
1,12.000000,17.840000,0.616000,-57,0.000000,7,8
1,12.000000,18.309000,0.396000,-57,0.000000,7,8
1,12.000000,18.656000,0.243000,-57,0.000000,7,8
1,12.000000,18.542999,0.333000,-57,0.000000,7,8
1,12.000000,17.487000,0.481000,-57,0.000000,7,8
1,12.000000,17.325001,0.858000,-57,0.000000,7,8
1,12.000000,18.424000,0.396000,-56,0.000000,7,8
1,12.000000,17.250000,0.475000,-57,0.000000,7,8
1,12.000000,18.274000,0.638000,-57,0.000000,7,8
1,12.000000,16.862000,0.733000,-57,0.000000,7,8
1,12.000000,18.187000,0.591000,-57,0.000000,7,8
1,12.000000,18.534000,0.250000,-57,0.000000,7,8
1,12.000000,17.948999,0.730000,-57,0.000000,7,8
1,12.000000,18.187000,0.700000,-57,0.000000,7,8
1,12.000000,17.174999,0.638000,-57,0.000000,7,8
1,12.000000,17.325001,0.491000,-57,0.000000,7,8
1,12.000000,17.011999,0.784000,-57,0.000000,7,8
1,12.000000,17.952999,0.752000,-57,0.000000,7,8
1,12.000000,18.112000,0.826000,-57,0.000000,7,8
1,12.000000,18.299999,0.164000,-57,0.000000,7,8
1,12.000000,18.424000,0.352000,-57,0.000000,7,8
1,12.000000,18.112000,0.395000,-57,0.000000,7,8
1,12.000000,17.174999,0.526000,-57,0.000000,7,8
1,12.000000,17.952999,0.599000,-57,0.000000,7,8
1,12.000000,17.799000,0.541000,-57,0.000000,7,8
1,12.000000,17.799000,0.499000,-57,0.000000,7,8
1,12.000000,17.948999,0.468000,-57,0.000000,7,8
1,12.000000,17.830999,0.903000,-57,0.000000,7,8
1,12.000000,18.112000,0.498000,-57,0.000000,7,8
1,12.000000,17.636999,0.522000,-57,0.000000,7,8
1,12.000000,18.112000,0.395000,-58,0.000000,7,8
1,12.000000,18.431000,0.396000,-58,0.000000,7,8
1,12.000000,17.006001,0.701000,-58,0.000000,7,8
1,12.000000,18.299999,0.516000,-58,0.000000,7,8
1,12.000000,18.112000,0.498000,-58,0.000000,7,8
1,12.000000,17.948999,0.635000,-58,0.000000,7,8
1,12.000000,17.718000,0.508000,-59,0.000000,6,8
1,12.000000,17.487000,0.522000,-59,0.000000,7,8
1,12.000000,17.325001,0.809000,-58,0.000000,7,8
1,12.000000,17.962000,0.351000,-59,0.000000,7,8
1,12.000000,17.962000,0.419000,-59,0.000000,7,8
1,12.000000,18.112000,0.615000,-59,0.000000,7,8
1,12.000000,16.862000,0.806000,-59,0.000000,7,8
1,12.000000,17.475000,0.820000,-59,0.000000,7,8
1,12.000000,16.537001,0.966000,-59,0.000000,7,8
1,12.000000,18.412001,0.000000,-59,0.000000,2,8
1,12.000000,18.112000,0.396000,-59,0.000000,7,8
1,12.000000,17.025000,0.742000,-58,0.000000,7,8
1,12.000000,17.799000,0.608000,-58,0.000000,7,8
1,12.000000,17.799000,0.489000,-58,0.000000,7,8
1,12.000000,16.549000,1.056000,-58,0.000000,7,8
1,12.000000,17.948999,0.549000,-58,0.000000,7,8
1,12.000000,16.862000,0.727000,-58,0.000000,7,8
1,12.000000,18.261999,0.444000,-58,0.000000,7,8
1,12.000000,18.261999,0.444000,-58,0.000000,7,8
1,12.000000,17.174999,0.576000,-58,0.000000,7,8
1,12.000000,16.849001,0.789000,-58,0.000000,7,8
1,12.000000,17.948999,0.535000,-58,0.000000,7,8
1,12.000000,17.174999,0.636000,-58,0.000000,7,8
1,12.000000,17.799000,0.690000,-57,0.000000,7,8
1,12.000000,17.362000,0.751000,-57,0.000000,7,8
1,12.000000,18.424000,0.414000,-57,0.000000,7,8
1,12.000000,18.075001,0.860000,-57,0.000000,7,8
1,12.000000,18.099001,0.425000,-57,0.000000,7,8
1,12.000000,17.962000,0.390000,-57,0.000000,7,8
1,12.000000,18.261999,0.298000,-58,0.000000,7,8
1,12.000000,17.174999,0.535000,-57,0.000000,7,8
1,12.000000,17.636999,0.499000,-57,0.000000,7,8
1,12.000000,18.274000,0.395000,-57,0.000000,7,8
1,12.000000,17.487000,0.460000,-57,0.000000,7,8
1,12.000000,17.840000,0.415000,-57,0.000000,7,8
1,12.000000,18.187000,0.373000,-57,0.000000,7,8
1,12.000000,17.799000,0.489000,-57,0.000000,7,8
1,12.000000,17.025000,0.556000,-58,0.000000,7,8
1,12.000000,18.187000,0.591000,-58,0.000000,7,8
1,12.000000,17.636999,0.606000,-57,0.000000,7,8
1,12.000000,17.493000,0.881000,-57,0.000000,7,8
1,12.000000,18.424000,0.365000,-57,0.000000,7,8
1,12.000000,18.421000,0.357000,-57,0.000000,7,8
1,12.000000,16.698999,0.470000,-57,0.000000,7,8
1,12.000000,17.962000,0.419000,-57,0.000000,7,8
1,12.000000,17.948999,0.616000,-57,0.000000,7,8
1,12.000000,18.112000,0.434000,-57,0.000000,7,8
1,12.000000,18.112000,0.434000,-58,0.000000,7,8
1,12.000000,17.483999,0.784000,-57,0.000000,7,8
1,12.000000,17.718000,0.481000,-58,0.000000,7,8
1,12.000000,17.596001,0.608000,-57,0.000000,7,8
1,12.000000,18.112000,0.615000,-57,0.000000,7,8
1,12.000000,18.065001,0.699000,-58,0.000000,7,8
1,12.000000,17.025000,0.706000,-58,0.000000,7,8
1,12.000000,17.718000,0.514000,-57,0.000000,7,8
1,12.000000,16.893000,0.686000,-57,0.000000,7,8
1,12.000000,17.325001,0.524000,-57,0.000000,7,8
1,12.000000,18.187000,0.506000,-58,0.000000,7,8
1,12.000000,17.174999,0.638000,-58,0.000000,7,8
1,12.000000,17.325001,0.771000,-58,0.000000,7,8
1,12.000000,18.112000,0.351000,-58,0.000000,7,8
1,12.000000,17.337000,0.968000,-58,0.000000,7,8
1,12.000000,18.099001,0.343000,-58,0.000000,7,8
1,12.000000,17.799000,0.489000,-58,0.000000,7,8
1,12.000000,16.087000,1.338000,-58,0.000000,7,8
1,12.000000,17.799000,0.499000,-58,0.000000,7,8
1,12.000000,18.424000,0.419000,-57,0.000000,7,8
1,12.000000,18.412001,0.233000,-58,0.000000,7,8
1,12.000000,17.250000,0.475000,-57,0.000000,7,8
1,12.000000,17.250000,0.721000,-57,0.000000,7,8
1,12.000000,16.862000,0.599000,-57,0.000000,7,8
1,12.000000,17.337000,0.645000,-57,0.000000,7,8
1,12.000000,17.136999,0.726000,-58,0.000000,7,8
1,12.000000,17.487000,0.662000,-57,0.000000,7,8
1,12.000000,16.537001,0.687000,-58,0.000000,7,8
1,12.000000,17.799000,0.495000,-58,0.000000,7,8
1,12.000000,17.948999,0.603000,-58,0.000000,7,8
1,12.000000,17.718000,0.522000,-58,0.000000,7,8
1,12.000000,16.386999,0.860000,-57,0.000000,7,8
1,12.000000,18.112000,0.351000,-57,0.000000,7,8
1,12.000000,17.325001,0.615000,-58,0.000000,7,8
1,12.000000,18.112000,0.298000,-58,0.000000,7,8
1,12.000000,17.948999,0.444000,-57,0.000000,7,8
1,12.000000,18.195999,0.658000,-57,0.000000,7,8
1,12.000000,17.128000,0.686000,-57,0.000000,7,8
1,12.000000,17.493000,0.735000,-57,0.000000,7,8
1,12.000000,16.781000,0.745000,-57,0.000000,7,8
1,12.000000,16.849001,0.700000,-57,0.000000,7,8
1,12.000000,17.718000,0.237000,-58,0.000000,3,8
1,12.000000,17.011999,1.057000,-57,0.000000,7,8
1,12.000000,17.174999,0.820000,-58,0.000000,7,8
1,12.000000,17.948999,0.420000,-58,0.000000,7,8
1,12.000000,16.667999,0.828000,-58,0.000000,7,8
1,12.000000,17.718000,0.274000,-58,0.000000,7,8
1,12.000000,16.781000,0.829000,-58,0.000000,7,8
1,12.000000,18.421000,0.357000,-57,0.000000,7,8
1,12.000000,18.099001,0.358000,-58,0.000000,7,8
1,12.000000,17.948999,0.586000,-58,0.000000,7,8
1,12.000000,17.799000,0.429000,-59,0.000000,7,8
1,12.000000,17.482000,0.701000,-59,0.000000,7,8
1,12.000000,17.174999,0.833000,-59,0.000000,7,8
1,12.000000,17.487000,0.783000,-58,0.000000,7,8
1,12.000000,16.781000,0.659000,-59,0.000000,7,8
1,12.000000,17.325001,0.603000,-59,0.000000,7,8
1,12.000000,17.174999,0.656000,-58,0.000000,7,8
1,12.000000,17.128000,0.523000,-58,0.000000,7,8
1,12.000000,17.487000,0.709000,-58,0.000000,7,8
1,12.000000,17.174999,0.434000,-58,0.000000,7,8
1,12.000000,18.261999,0.357000,-58,0.000000,7,8
1,12.000000,17.799000,0.489000,-57,0.000000,7,8
1,12.000000,17.325001,0.777000,-57,0.000000,7,8
1,12.000000,17.596001,0.730000,-57,0.000000,7,8
1,12.000000,18.099001,0.732000,-57,0.000000,7,8
1,12.000000,17.962000,0.466000,-57,0.000000,7,8
1,12.000000,18.112000,0.481000,-57,0.000000,7,8
1,12.000000,16.862000,1.300000,-57,0.000000,7,8
1,12.000000,16.073999,1.582000,-60,0.000000,7,8
1,12.000000,16.698999,1.390000,-60,0.000000,7,8
1,12.000000,16.312000,1.581000,-59,0.000000,7,8
1,12.000000,17.162001,1.458000,-59,0.000000,7,8
1,12.000000,17.162001,1.105000,-59,0.000000,7,8
1,12.000000,17.649000,0.850000,-59,0.000000,7,8
1,12.000000,17.948999,0.615000,-59,0.000000,7,8
1,12.000000,17.011999,0.863000,-59,0.000000,7,8
1,12.000000,16.537001,0.591000,-59,0.000000,7,8
1,12.000000,17.240000,0.599000,-57,0.000000,7,8
1,12.000000,16.237000,0.763000,-59,0.000000,7,8
1,12.000000,15.924000,0.450000,-62,0.000000,7,8
1,12.000000,16.200001,0.204000,-60,0.000000,7,8
1,12.000000,16.386999,0.414000,-59,0.000000,7,8
1,12.000000,16.312000,0.558000,-60,0.000000,7,8
1,12.000000,16.712000,0.464000,-59,0.000000,7,8
1,12.000000,17.011999,0.851000,-58,0.000000,7,8
1,12.000000,16.537001,0.362000,-58,0.000000,7,8
1,12.000000,17.606001,0.349000,-58,0.000000,7,8
1,12.000000,16.424999,0.639000,-58,0.000000,7,8
1,12.000000,16.312000,0.540000,-58,0.000000,7,8
1,12.000000,17.011999,0.747000,-58,0.000000,7,8
1,12.000000,17.709000,0.610000,-58,0.000000,7,8
1,12.000000,16.549000,0.747000,-59,0.000000,7,8
1,12.000000,17.325001,0.441000,-59,0.000000,7,8
1,12.000000,16.386999,0.163000,-58,0.000000,7,8
1,12.000000,16.781000,0.585000,-59,0.000000,7,8
1,12.000000,16.862000,0.751000,-58,0.000000,7,8
1,12.000000,18.112000,0.444000,-58,0.000000,7,8
1,12.000000,16.312000,0.468000,-58,0.000000,7,8
1,12.000000,16.190001,0.687000,-58,0.000000,7,8
1,12.000000,16.546000,0.667000,-58,0.000000,7,8
1,12.000000,16.781000,0.690000,-58,0.000000,7,8
1,12.000000,16.312000,0.995000,-58,0.000000,7,8
1,12.000000,16.386999,0.420000,-58,0.000000,7,8
1,12.000000,17.128000,0.468000,-58,0.000000,7,8
1,12.000000,16.386999,0.468000,-59,0.000000,7,8
1,12.000000,17.011999,0.889000,-59,0.000000,7,8
1,12.000000,16.087000,0.000000,-59,0.000000,1,8
1,12.000000,17.493000,0.493000,-59,0.000000,7,8
1,12.000000,16.386999,0.521000,-59,0.000000,7,8
1,12.000000,17.250000,0.506000,-59,0.000000,7,8
1,12.000000,17.830999,0.714000,-58,0.000000,7,8
1,12.000000,16.386999,0.714000,-58,0.000000,7,8
1,12.000000,16.712000,0.604000,-58,0.000000,7,8
1,12.000000,17.840000,0.581000,-58,0.000000,7,8
1,12.000000,17.799000,0.462000,-58,0.000000,7,8
1,12.000000,16.781000,0.886000,-58,0.000000,7,8
1,12.000000,16.893000,0.538000,-59,0.000000,7,8
1,12.000000,17.606001,0.547000,-59,0.000000,7,8
1,12.000000,17.371000,0.536000,-59,0.000000,7,8
1,12.000000,16.434000,0.481000,-59,0.000000,7,8
1,12.000000,17.371000,0.536000,-58,0.000000,7,8
1,12.000000,17.371000,0.396000,-58,0.000000,7,8
1,12.000000,17.799000,0.483000,-58,0.000000,7,8
1,12.000000,17.025000,0.000000,-59,0.000000,4,8
1,12.000000,16.537001,0.387000,-59,0.000000,7,8
1,12.000000,16.386999,0.559000,-59,0.000000,7,8
1,12.000000,17.250000,0.680000,-59,0.000000,7,8
1,12.000000,16.312000,0.519000,-59,0.000000,7,8
1,12.000000,17.487000,0.413000,-59,0.000000,7,8
1,12.000000,16.190001,0.338000,-59,0.000000,7,8
1,12.000000,16.537001,0.520000,-59,0.000000,7,8
1,12.000000,16.237000,0.357000,-59,0.000000,7,8
1,12.000000,17.649000,0.492000,-60,0.000000,7,8
1,12.000000,16.549000,0.878000,-59,0.000000,7,8
1,12.000000,17.787001,0.467000,-59,0.000000,7,8
1,12.000000,17.337000,0.787000,-59,0.000000,7,8
1,12.000000,17.487000,0.547000,-59,0.000000,7,8
1,12.000000,17.952999,0.462000,-59,0.000000,7,8
1,12.000000,17.014999,0.426000,-59,0.000000,7,8
1,12.000000,16.537001,0.459000,-59,0.000000,7,8
1,12.000000,16.698999,0.666000,-59,0.000000,7,8
1,12.000000,17.325001,0.581000,-59,0.000000,7,8
1,12.000000,16.237000,0.793000,-59,0.000000,7,8
1,12.000000,17.128000,0.704000,-59,0.000000,7,8
1,12.000000,16.712000,0.348000,-59,0.000000,7,8
1,12.000000,16.237000,0.478000,-59,0.000000,7,8
1,12.000000,16.903000,0.461000,-59,0.000000,7,8
1,12.000000,16.224001,0.444000,-59,0.000000,7,8
1,12.000000,17.136999,0.727000,-59,0.000000,7,8
1,12.000000,16.073999,0.358000,-59,0.000000,7,8
1,12.000000,16.200001,0.695000,-59,0.000000,7,8
1,12.000000,16.386999,0.276000,-59,0.000000,7,8
1,12.000000,16.087000,0.690000,-59,0.000000,7,8
1,12.000000,16.068001,0.591000,-59,0.000000,7,8
1,12.000000,16.087000,0.736000,-58,0.000000,7,8
1,12.000000,16.659000,0.559000,-59,0.000000,7,8
1,12.000000,16.073999,0.993000,-59,0.000000,7,8
1,12.000000,15.924000,0.896000,-59,0.000000,7,8
1,12.000000,15.721000,0.393000,-59,0.000000,7,8
1,12.000000,15.843000,0.472000,-59,0.000000,7,8
1,12.000000,16.712000,0.697000,-58,0.000000,7,8
1,12.000000,16.386999,0.703000,-59,0.000000,7,8
1,12.000000,16.424999,0.559000,-59,0.000000,7,8
1,12.000000,16.712000,0.561000,-59,0.000000,7,8
1,12.000000,16.893000,0.549000,-59,0.000000,7,8
1,12.000000,16.546000,0.460000,-59,0.000000,7,8
1,12.000000,17.136999,0.434000,-59,0.000000,7,8
1,12.000000,17.006001,0.390000,-59,0.000000,7,8
1,12.000000,16.312000,0.497000,-59,0.000000,7,8
1,12.000000,17.483999,0.498000,-59,0.000000,7,8
1,12.000000,15.965000,0.253000,-59,0.000000,7,8
1,12.000000,16.200001,0.706000,-59,0.000000,7,8
1,12.000000,16.190001,0.419000,-59,0.000000,7,8
1,12.000000,16.087000,0.891000,-59,0.000000,7,8
1,12.000000,17.006001,0.498000,-59,0.000000,7,8
1,12.000000,16.659000,0.636000,-59,0.000000,7,8
1,12.000000,17.174999,0.536000,-58,0.000000,7,8
1,12.000000,16.537001,0.445000,-59,0.000000,7,8
1,12.000000,16.862000,0.460000,-59,0.000000,7,8
1,12.000000,15.721000,0.787000,-59,0.000000,7,8
1,12.000000,16.200001,0.615000,-59,0.000000,7,8
1,12.000000,16.190001,0.426000,-59,0.000000,7,8
1,12.000000,16.537001,0.335000,-59,0.000000,7,8
1,12.000000,16.659000,0.616000,-59,0.000000,7,8
1,12.000000,17.636999,0.706000,-59,0.000000,7,8
1,12.000000,17.718000,0.337000,-58,0.000000,7,8
1,12.000000,16.771000,0.771000,-59,0.000000,7,8
1,12.000000,16.781000,0.643000,-58,0.000000,7,8
1,12.000000,17.606001,0.350000,-58,0.000000,7,8
1,12.000000,17.014999,0.793000,-59,0.000000,7,8
1,12.000000,16.537001,0.616000,-58,0.000000,7,8
1,12.000000,17.014999,0.428000,-58,0.000000,7,8
1,12.000000,17.259001,0.685000,-59,0.000000,7,8
1,12.000000,16.893000,0.750000,-59,0.000000,7,8
1,12.000000,17.011999,0.601000,-58,0.000000,7,8
1,12.000000,17.011999,0.607000,-58,0.000000,7,8
1,12.000000,16.190001,0.527000,-59,0.000000,7,8
1,12.000000,16.224001,0.563000,-58,0.000000,7,8
1,12.000000,17.362000,0.470000,-58,0.000000,7,8
1,12.000000,16.903000,0.925000,-58,0.000000,7,8
1,12.000000,15.774000,0.454000,-58,0.000000,7,8
1,12.000000,16.073999,0.358000,-58,0.000000,7,8
1,12.000000,16.862000,0.700000,-58,0.000000,7,8
1,12.000000,16.424999,0.789000,-58,0.000000,7,8
1,12.000000,16.237000,0.478000,-59,0.000000,7,8
1,12.000000,16.659000,0.751000,-59,0.000000,7,8
1,12.000000,16.237000,0.426000,-59,0.000000,7,8
1,12.000000,16.386999,0.301000,-58,0.000000,7,8
1,12.000000,17.337000,0.459000,-59,0.000000,7,8
1,12.000000,17.011999,0.843000,-58,0.000000,7,8
1,12.000000,17.250000,0.535000,-58,0.000000,7,8
1,12.000000,16.087000,0.212000,-59,0.000000,7,8
1,12.000000,17.718000,0.423000,-58,0.000000,7,8
1,12.000000,16.237000,0.213000,-59,0.000000,7,8
1,12.000000,16.556000,0.352000,-59,0.000000,7,8
1,12.000000,17.014999,0.583000,-59,0.000000,7,8
1,12.000000,17.250000,0.694000,-59,0.000000,7,8
1,12.000000,16.659000,0.645000,-58,0.000000,7,8
1,12.000000,16.546000,0.556000,-59,0.000000,7,8
1,12.000000,16.190001,0.468000,-59,0.000000,7,8
1,12.000000,16.667999,0.764000,-58,0.000000,7,8
1,12.000000,16.237000,0.694000,-59,0.000000,7,8
1,12.000000,16.546000,0.687000,-58,0.000000,7,8
1,12.000000,16.302999,0.343000,-58,0.000000,7,8
1,12.000000,15.843000,0.348000,-58,0.000000,7,8
1,12.000000,16.712000,0.736000,-58,0.000000,7,8
1,12.000000,17.162001,0.573000,-58,0.000000,7,8
1,12.000000,16.781000,0.866000,-59,0.000000,7,8
1,12.000000,16.312000,0.394000,-59,0.000000,7,8
1,12.000000,17.136999,0.706000,-58,0.000000,7,8
1,12.000000,17.250000,0.687000,-58,0.000000,7,8
1,12.000000,14.049000,3.877000,-58,0.000000,7,8
1,12.000000,16.312000,0.220000,-59,0.000000,7,8
1,12.000000,16.771000,0.657000,-59,0.000000,7,8
1,12.000000,16.312000,0.351000,-59,0.000000,7,8
1,12.000000,16.200001,0.678000,-59,0.000000,7,8
1,12.000000,16.546000,0.784000,-59,0.000000,7,8
1,12.000000,17.250000,0.692000,-59,0.000000,7,8
1,12.000000,16.893000,0.754000,-58,0.000000,7,8
1,12.000000,16.549000,0.601000,-59,0.000000,7,8
1,12.000000,16.312000,0.329000,-59,0.000000,7,8
1,12.000000,16.424999,0.995000,-59,0.000000,7,8
1,12.000000,16.849001,0.852000,-59,0.000000,7,8
1,12.000000,16.434000,0.481000,-59,0.000000,7,8
1,12.000000,16.790001,0.602000,-59,0.000000,7,8
1,12.000000,16.862000,0.823000,-59,0.000000,7,8
1,12.000000,16.698999,0.336000,-59,0.000000,7,8
1,12.000000,17.006001,0.553000,-59,0.000000,7,8
1,12.000000,16.667999,0.787000,-59,0.000000,7,8
1,12.000000,16.667999,0.656000,-59,0.000000,7,8
1,12.000000,16.862000,0.706000,-59,0.000000,7,8
1,12.000000,16.549000,0.680000,-58,0.000000,7,8
1,12.000000,17.014999,0.723000,-58,0.000000,7,8
1,12.000000,16.667999,0.427000,-58,0.000000,7,8
1,12.000000,17.014999,0.692000,-58,0.000000,7,8
1,12.000000,17.487000,0.475000,-58,0.000000,7,8
1,12.000000,17.011999,0.723000,-58,0.000000,7,8
1,12.000000,16.434000,0.918000,-58,0.000000,7,8
1,12.000000,16.712000,0.408000,-58,0.000000,7,8
1,12.000000,17.250000,0.665000,-58,0.000000,7,8
1,12.000000,17.128000,0.563000,-59,0.000000,7,8
1,12.000000,16.399000,0.750000,-58,0.000000,7,8
1,12.000000,17.174999,0.396000,-59,0.000000,7,8
1,12.000000,17.136999,0.612000,-59,0.000000,7,8
1,12.000000,16.312000,0.338000,-58,0.000000,7,8
1,12.000000,16.781000,0.721000,-58,0.000000,7,8
1,12.000000,16.893000,0.635000,-58,0.000000,7,8
1,12.000000,18.075001,0.541000,-58,0.000000,7,8
1,12.000000,17.483999,0.601000,-58,0.000000,7,8
1,12.000000,16.077999,0.686000,-58,0.000000,7,8
1,12.000000,16.549000,0.585000,-58,0.000000,7,8
1,12.000000,16.312000,0.615000,-58,0.000000,7,8
1,12.000000,17.011999,0.688000,-58,0.000000,7,8
1,12.000000,16.667999,0.352000,-58,0.000000,7,8
1,12.000000,16.537001,0.000000,-58,0.000000,7,8
1,12.000000,17.006001,0.927000,-58,0.000000,7,8
1,12.000000,17.362000,0.827000,-58,0.000000,7,8
1,12.000000,16.312000,0.563000,-58,0.000000,7,8
1,12.000000,16.712000,0.566000,-58,0.000000,7,8
1,12.000000,16.698999,0.700000,-58,0.000000,7,8
1,12.000000,16.537001,0.750000,-58,0.000000,5,8
1,12.000000,17.011999,0.645000,-58,0.000000,7,8
1,12.000000,16.312000,0.694000,-58,0.000000,7,8
1,12.000000,16.386999,0.213000,-59,0.000000,7,8
1,12.000000,16.399000,0.998000,-58,0.000000,7,8
1,12.000000,17.006001,0.729000,-58,0.000000,7,8
1,12.000000,16.781000,0.541000,-58,0.000000,7,8
1,12.000000,17.162001,0.704000,-59,0.000000,7,8
1,12.000000,16.386999,0.357000,-58,0.000000,7,8
1,12.000000,15.924000,0.645000,-58,0.000000,7,8
1,12.000000,17.240000,0.419000,-58,0.000000,7,8
1,12.000000,17.174999,0.329000,-58,0.000000,7,8
1,12.000000,17.475000,0.852000,-58,0.000000,7,8
1,12.000000,17.718000,0.616000,-58,0.000000,7,8
1,12.000000,16.903000,0.854000,-58,0.000000,7,8
1,12.000000,17.250000,0.528000,-58,0.000000,7,8
1,12.000000,16.903000,0.667000,-58,0.000000,7,8
1,12.000000,17.718000,0.443000,-58,0.000000,7,8
1,12.000000,16.537001,0.549000,-58,0.000000,7,8
1,12.000000,17.250000,0.468000,-58,0.000000,7,8
1,12.000000,16.667999,0.427000,-59,0.000000,7,8
1,12.000000,16.698999,0.636000,-58,0.000000,7,8
1,12.000000,17.636999,0.447000,-58,0.000000,7,8
1,12.000000,17.718000,0.499000,-58,0.000000,7,8
1,12.000000,16.698999,0.616000,-58,0.000000,7,8
1,12.000000,16.087000,0.212000,-58,0.000000,7,8
1,12.000000,17.011999,0.348000,-58,0.000000,7,8
1,12.000000,17.787001,0.616000,-58,0.000000,7,8
1,12.000000,17.649000,0.493000,-58,0.000000,7,8
1,12.000000,17.487000,0.557000,-58,0.000000,7,8
1,12.000000,17.014999,0.686000,-58,0.000000,7,8
1,12.000000,17.483999,0.656000,-59,0.000000,7,8
1,12.000000,17.606001,0.413000,-58,0.000000,7,8
1,12.000000,17.483999,0.658000,-59,0.000000,7,8
1,12.000000,17.128000,0.883000,-58,0.000000,7,8
1,12.000000,16.546000,0.556000,-59,0.000000,7,8
1,12.000000,17.483999,0.327000,-58,0.000000,7,8
1,12.000000,16.893000,0.794000,-58,0.000000,7,8
1,12.000000,16.862000,0.476000,-59,0.000000,7,8
1,12.000000,16.068001,0.520000,-59,0.000000,7,8
1,12.000000,17.493000,0.475000,-58,0.000000,7,8
1,12.000000,16.667999,0.549000,-59,0.000000,7,8
1,12.000000,16.862000,0.581000,-59,0.000000,7,8
1,12.000000,16.781000,0.450000,-59,0.000000,7,8
1,12.000000,17.325001,0.468000,-59,0.000000,7,8
1,12.000000,16.893000,0.723000,-59,0.000000,7,8
1,12.000000,17.025000,0.602000,-59,0.000000,7,8
1,12.000000,16.237000,0.866000,-59,0.000000,7,8
1,12.000000,16.087000,0.541000,-59,0.000000,7,8
1,12.000000,17.174999,0.617000,-59,0.000000,7,8
1,12.000000,17.006001,0.387000,-58,0.000000,7,8
1,12.000000,18.075001,0.231000,-58,0.000000,7,8
1,12.000000,17.596001,0.337000,-59,0.000000,7,8
1,12.000000,16.667999,0.754000,-58,0.000000,7,8
1,12.000000,17.483999,0.423000,-59,0.000000,7,8
1,12.000000,17.325001,0.470000,-58,0.000000,7,8
1,12.000000,17.493000,0.468000,-59,0.000000,7,8
1,12.000000,17.128000,0.328000,-59,0.000000,7,8
1,12.000000,17.325001,0.585000,-59,0.000000,7,8
1,12.000000,17.718000,0.242000,-59,0.000000,7,8
1,12.000000,17.483999,0.481000,-59,0.000000,7,8
1,12.000000,17.718000,0.337000,-59,0.000000,7,8
1,12.000000,17.475000,0.550000,-59,0.000000,7,8
1,12.000000,16.862000,0.598000,-59,0.000000,7,8
1,12.000000,16.698999,0.665000,-59,0.000000,7,8
1,12.000000,16.312000,0.497000,-35,0.000000,7,8
1,12.000000,16.424999,0.298000,-58,0.000000,7,8
1,12.000000,16.386999,0.808000,-59,0.000000,7,8
1,12.000000,16.312000,0.384000,-59,0.000000,7,8
1,12.000000,16.781000,0.561000,-59,0.000000,7,8
1,12.000000,16.893000,0.700000,-59,0.000000,7,8
1,12.000000,17.475000,0.592000,-59,0.000000,7,8
1,12.000000,17.840000,0.532000,-59,0.000000,7,8
1,12.000000,17.006001,0.639000,-58,0.000000,7,8
1,12.000000,17.606001,0.413000,-58,0.000000,7,8
1,12.000000,16.667999,0.423000,-59,0.000000,7,8
1,12.000000,17.011999,0.644000,-59,0.000000,7,8
1,12.000000,17.250000,0.576000,-58,0.000000,7,8
1,12.000000,16.386999,0.329000,-59,0.000000,7,8
1,12.000000,16.302999,0.343000,-59,0.000000,7,8
1,12.000000,17.295000,0.700000,-59,0.000000,7,8
1,12.000000,16.549000,0.395000,-59,0.000000,7,8
1,12.000000,17.483999,0.333000,-59,0.000000,7,8
1,12.000000,16.537001,0.700000,-59,0.000000,7,8
1,12.000000,17.483999,0.502000,-59,0.000000,7,8
1,12.000000,17.718000,0.443000,-59,0.000000,7,8
1,12.000000,16.386999,0.414000,-59,0.000000,7,8
1,12.000000,16.862000,0.488000,-59,0.000000,7,8
1,12.000000,16.434000,0.395000,-58,0.000000,7,8
1,12.000000,17.483999,0.709000,-59,0.000000,7,8
1,12.000000,17.487000,0.376000,-58,0.000000,7,8
1,12.000000,17.596001,0.423000,-58,0.000000,7,8
1,12.000000,16.537001,0.591000,-59,0.000000,7,8
1,12.000000,17.493000,0.396000,-58,0.000000,7,8
1,12.000000,16.549000,0.491000,-59,0.000000,7,8
1,12.000000,16.698999,0.579000,-58,0.000000,7,8
1,12.000000,17.011999,0.304000,-59,0.000000,7,8
1,12.000000,17.606001,0.349000,-59,0.000000,7,8
1,12.000000,17.325001,0.631000,-58,0.000000,7,8
1,12.000000,17.174999,0.595000,-58,0.000000,7,8
1,12.000000,14.906000,3.600000,-58,0.000000,7,8
1,12.000000,16.556000,0.806000,-58,0.000000,7,8
1,12.000000,17.487000,0.352000,-59,0.000000,7,8
1,12.000000,17.718000,0.514000,-58,0.000000,7,8
1,12.000000,17.011999,0.665000,-58,0.000000,7,8
1,12.000000,16.659000,0.737000,-58,0.000000,7,8
1,12.000000,16.698999,0.242000,-58,0.000000,7,8
1,12.000000,17.136999,0.444000,-58,0.000000,7,8
1,12.000000,16.698999,0.585000,-58,0.000000,7,8
1,12.000000,17.325001,0.419000,-58,0.000000,7,8
1,12.000000,17.475000,0.624000,-58,0.000000,7,8
1,12.000000,17.174999,0.704000,-58,0.000000,7,8
1,12.000000,16.893000,0.488000,-58,0.000000,7,8
1,12.000000,16.781000,0.506000,-59,0.000000,7,8
1,12.000000,16.659000,0.730000,-59,0.000000,7,8
1,12.000000,15.762000,0.387000,-59,0.000000,7,8
1,12.000000,16.237000,0.325000,-59,0.000000,7,8
1,12.000000,16.073999,0.419000,-59,0.000000,7,8
1,12.000000,16.237000,0.632000,-58,0.000000,7,8
1,12.000000,16.302999,0.527000,-58,0.000000,7,8
1,12.000000,17.250000,0.536000,-58,0.000000,7,8
1,12.000000,16.667999,0.427000,-58,0.000000,7,8
1,12.000000,16.903000,0.650000,-59,0.000000,7,8
1,12.000000,17.728001,0.710000,-59,0.000000,7,8
1,12.000000,16.386999,0.329000,-58,0.000000,7,8
1,12.000000,17.174999,0.565000,-58,0.000000,7,8
1,12.000000,16.190001,0.338000,-59,0.000000,7,8
1,12.000000,15.965000,0.811000,-59,0.000000,7,8
1,12.000000,17.493000,0.376000,-59,0.000000,5,8
1,12.000000,16.424999,0.913000,-58,0.000000,7,8
1,12.000000,16.781000,0.609000,-59,0.000000,7,8
1,12.000000,16.698999,0.534000,-59,0.000000,7,8
1,12.000000,16.790001,0.656000,-59,0.000000,7,8
1,12.000000,16.659000,0.658000,-59,0.000000,7,8
1,12.000000,16.781000,0.891000,-59,0.000000,7,8
1,12.000000,17.325001,0.727000,-59,0.000000,7,8
1,12.000000,16.077999,0.428000,-59,0.000000,7,8
1,12.000000,16.698999,0.702000,-59,0.000000,7,8
1,12.000000,16.781000,0.743000,-59,0.000000,7,8
1,12.000000,16.659000,0.489000,-59,0.000000,7,8
1,12.000000,16.312000,0.296000,-59,0.000000,7,8
1,12.000000,16.073999,0.328000,-59,0.000000,7,8
1,12.000000,16.434000,0.742000,-59,0.000000,7,8
1,12.000000,17.011999,0.551000,-59,0.000000,7,8
1,12.000000,16.893000,0.791000,-59,0.000000,7,8
1,12.000000,17.250000,0.481000,-59,0.000000,7,8
1,12.000000,16.537001,0.408000,-59,0.000000,7,8
1,12.000000,16.893000,0.740000,-59,0.000000,7,8
1,12.000000,16.320999,0.338000,-59,0.000000,7,8
1,12.000000,16.659000,0.483000,-59,0.000000,7,8
1,12.000000,16.546000,0.688000,-59,0.000000,7,8
1,12.000000,16.893000,0.488000,-59,0.000000,7,8
1,12.000000,15.924000,0.842000,-59,0.000000,7,8
1,12.000000,15.721000,0.393000,-59,0.000000,7,8
1,12.000000,16.190001,0.495000,-59,0.000000,7,8
1,12.000000,17.493000,0.459000,-59,0.000000,7,8
1,12.000000,16.903000,0.737000,-59,0.000000,7,8
1,12.000000,16.781000,0.358000,-58,0.000000,7,8
1,12.000000,16.546000,0.771000,-59,0.000000,7,8
1,12.000000,16.237000,0.384000,-59,0.000000,7,8
1,12.000000,16.200001,0.230000,-58,0.000000,7,8
1,12.000000,17.487000,0.413000,-59,0.000000,7,8
1,12.000000,15.956000,0.558000,-58,0.000000,7,8
1,12.000000,16.893000,0.564000,-59,0.000000,7,8
1,12.000000,16.556000,0.660000,-59,0.000000,7,8
1,12.000000,16.190001,0.328000,-59,0.000000,7,8
1,12.000000,16.667999,0.815000,-59,0.000000,7,8
1,12.000000,16.667999,0.333000,-58,0.000000,7,8
1,12.000000,16.077999,0.328000,-59,0.000000,7,8
1,12.000000,16.549000,0.421000,-58,0.000000,7,8
1,12.000000,16.068001,0.444000,-59,0.000000,7,8
1,12.000000,16.537001,0.607000,-58,0.000000,7,8
1,12.000000,16.667999,0.540000,-58,0.000000,7,8
1,12.000000,17.162001,0.970000,-58,0.000000,7,8
1,12.000000,17.014999,0.450000,-58,0.000000,7,8
1,12.000000,16.537001,0.000000,-59,0.000000,1,8
1,12.000000,16.549000,0.541000,-59,0.000000,7,8
1,12.000000,17.011999,0.591000,-59,0.000000,7,8
1,12.000000,16.862000,0.581000,-59,0.000000,7,8
1,12.000000,16.712000,0.843000,-58,0.000000,7,8
1,12.000000,16.190001,0.426000,-59,0.000000,7,8
1,12.000000,16.698999,0.525000,-59,0.000000,7,8
1,12.000000,16.312000,0.779000,-58,0.000000,7,8
1,12.000000,16.073999,0.468000,-59,0.000000,7,8
1,12.000000,16.546000,0.395000,-59,0.000000,7,8
1,12.000000,16.556000,0.702000,-59,0.000000,7,8
1,12.000000,16.200001,0.495000,-59,0.000000,7,8
1,12.000000,17.952999,0.506000,-59,0.000000,7,8
1,12.000000,16.698999,0.238000,-59,0.000000,7,8
1,12.000000,17.483999,0.727000,-59,0.000000,7,8
1,12.000000,17.259001,0.862000,-59,0.000000,7,8
1,12.000000,16.781000,0.692000,-58,0.000000,7,8
1,12.000000,17.475000,0.530000,-58,0.000000,7,8
1,12.000000,16.386999,0.329000,-58,0.000000,7,8
1,12.000000,17.174999,0.390000,-59,0.000000,7,8
1,12.000000,17.483999,0.349000,-58,0.000000,7,8
1,12.000000,16.434000,0.713000,-59,0.000000,7,8
1,12.000000,16.537001,0.000000,-59,0.000000,1,8
1,12.000000,17.174999,0.631000,-58,0.000000,6,8
1,12.000000,17.011999,0.304000,-59,0.000000,7,8
1,12.000000,16.698999,0.336000,-58,0.000000,7,8
1,12.000000,17.006001,0.551000,-59,0.000000,7,8
1,12.000000,16.712000,0.375000,-59,0.000000,5,8
1,12.000000,17.250000,0.390000,-59,0.000000,7,8
1,12.000000,16.903000,0.771000,-59,0.000000,7,8
1,12.000000,17.362000,0.468000,-59,0.000000,7,8
1,12.000000,16.386999,0.549000,-59,0.000000,7,8
1,12.000000,17.174999,0.508000,-59,0.000000,7,8
1,12.000000,17.475000,0.634000,-59,0.000000,7,8
1,12.000000,16.893000,0.635000,-59,0.000000,7,8
1,12.000000,16.698999,0.510000,-59,0.000000,7,8
1,12.000000,17.636999,0.591000,-59,0.000000,7,8
1,12.000000,17.162001,0.563000,-59,0.000000,7,8
1,12.000000,16.549000,0.603000,-59,0.000000,7,8
1,12.000000,16.237000,0.897000,-59,0.000000,7,8
1,12.000000,16.224001,0.820000,-59,0.000000,7,8
1,12.000000,16.549000,0.460000,-59,0.000000,7,8
1,12.000000,17.718000,0.491000,-59,0.000000,7,8
1,12.000000,16.549000,0.460000,-59,0.000000,7,8
1,12.000000,16.698999,0.514000,-58,0.000000,7,8
1,12.000000,17.718000,0.337000,-59,0.000000,7,8
1,12.000000,17.948999,0.472000,-59,0.000000,7,8
1,12.000000,16.659000,0.609000,-59,0.000000,7,8
1,12.000000,16.698999,0.508000,-59,0.000000,7,8
1,12.000000,17.011999,0.787000,-59,0.000000,7,8
1,12.000000,16.862000,0.763000,-59,0.000000,7,8
1,12.000000,17.636999,0.560000,-59,0.000000,7,8
1,12.000000,16.537001,0.800000,-59,0.000000,7,8
1,12.000000,16.549000,0.483000,-59,0.000000,7,8
1,12.000000,17.718000,0.460000,-59,0.000000,7,8
1,12.000000,16.698999,0.616000,-59,0.000000,7,8
1,12.000000,16.237000,0.696000,-59,0.000000,7,8
1,12.000000,17.174999,0.508000,-59,0.000000,7,8
1,12.000000,16.549000,0.443000,-59,0.000000,7,8
1,12.000000,16.849001,0.390000,-59,0.000000,7,8
1,12.000000,17.006001,0.523000,-59,0.000000,7,8
1,12.000000,16.237000,0.601000,-59,0.000000,7,8
1,12.000000,17.337000,0.781000,-59,0.000000,7,8
1,12.000000,17.025000,0.891000,-58,0.000000,7,8
1,12.000000,16.781000,0.243000,-59,0.000000,2,8
1,12.000000,16.087000,0.000000,-59,0.000000,1,8
1,12.000000,17.025000,0.000000,-59,0.000000,7,8
1,12.000000,17.250000,0.390000,-59,0.000000,7,8
1,12.000000,17.649000,0.492000,-59,0.000000,7,8
1,12.000000,16.237000,0.550000,-58,0.000000,7,8
1,12.000000,16.546000,0.427000,-59,0.000000,7,8
1,12.000000,16.386999,0.603000,-59,0.000000,7,8
1,12.000000,17.011999,0.700000,-59,0.000000,7,8
1,12.000000,17.174999,0.631000,-58,0.000000,7,8
1,12.000000,16.698999,0.586000,-58,0.000000,7,8
1,12.000000,17.799000,0.483000,-58,0.000000,7,8
1,12.000000,16.386999,0.585000,-59,0.000000,7,8
1,12.000000,16.790001,0.681000,-59,0.000000,7,8
1,12.000000,17.014999,0.699000,-59,0.000000,7,8
1,12.000000,17.962000,0.000000,-59,0.000000,2,8
1,12.000000,16.781000,0.699000,-59,0.000000,7,8
1,12.000000,17.325001,0.508000,-58,0.000000,7,8
1,12.000000,17.174999,0.460000,-58,0.000000,7,8
1,12.000000,17.014999,0.659000,-58,0.000000,7,8
1,12.000000,16.667999,0.547000,-58,0.000000,7,8
1,12.000000,16.903000,0.499000,-59,0.000000,7,8
1,12.000000,16.556000,0.443000,-59,0.000000,7,8
1,12.000000,16.537001,0.521000,-59,0.000000,7,8
1,12.000000,17.174999,0.508000,-59,0.000000,6,8
1,12.000000,17.174999,0.926000,-59,0.000000,7,8
1,12.000000,17.487000,0.396000,-58,0.000000,7,8
1,12.000000,17.014999,0.787000,-59,0.000000,7,8
1,12.000000,16.386999,0.559000,-59,0.000000,7,8
1,12.000000,16.771000,0.362000,-59,0.000000,7,8
1,12.000000,16.386999,0.944000,-59,0.000000,7,8
1,12.000000,17.136999,0.565000,-59,0.000000,7,8
1,12.000000,16.386999,0.635000,-58,0.000000,7,8
1,12.000000,16.549000,0.413000,-58,0.000000,7,8
1,12.000000,17.325001,0.861000,-59,0.000000,7,8
1,12.000000,17.709000,0.337000,-58,0.000000,7,8
1,12.000000,17.136999,0.650000,-58,0.000000,7,8
1,12.000000,16.862000,0.616000,-58,0.000000,7,8
1,12.000000,17.250000,0.639000,-59,0.000000,7,8
1,12.000000,16.549000,0.590000,-59,0.000000,7,8
1,12.000000,17.025000,0.468000,-59,0.000000,7,8
1,12.000000,16.903000,0.604000,-58,0.000000,7,8
1,12.000000,16.424999,0.810000,-59,0.000000,7,8
1,12.000000,16.549000,0.497000,-59,0.000000,7,8
1,12.000000,17.371000,0.727000,-58,0.000000,7,8
1,12.000000,17.362000,0.468000,-58,0.000000,7,8
1,12.000000,16.237000,0.329000,-59,0.000000,7,8
1,12.000000,16.549000,0.390000,-59,0.000000,7,8
1,12.000000,17.718000,0.460000,-59,0.000000,7,8
1,12.000000,17.250000,0.762000,-59,0.000000,7,8
1,12.000000,16.903000,0.499000,-59,0.000000,7,8
1,12.000000,17.025000,0.702000,-59,0.000000,7,8
1,12.000000,17.011999,0.771000,-58,0.000000,7,8
1,12.000000,17.014999,0.520000,-58,0.000000,7,8
1,12.000000,17.493000,0.445000,-59,0.000000,3,8
1,12.000000,17.014999,0.688000,-59,0.000000,7,8
1,12.000000,16.549000,0.585000,-59,0.000000,7,8
1,12.000000,16.386999,0.276000,-59,0.000000,7,8
1,12.000000,16.556000,0.646000,-59,0.000000,7,8
1,12.000000,17.259001,0.434000,-59,0.000000,7,8
1,12.000000,16.781000,0.810000,-59,0.000000,7,8
1,12.000000,16.546000,0.583000,-58,0.000000,7,8
1,12.000000,16.224001,0.478000,-59,0.000000,6,8
1,12.000000,16.302999,0.843000,-59,0.000000,7,8
1,12.000000,16.224001,0.444000,-59,0.000000,7,8
1,12.000000,16.434000,0.357000,-59,0.000000,7,8
1,12.000000,16.546000,0.549000,-59,0.000000,7,8
1,12.000000,16.237000,0.426000,-59,0.000000,7,8
1,12.000000,16.537001,0.643000,-59,0.000000,7,8
1,12.000000,16.781000,0.586000,-59,0.000000,7,8
1,12.000000,16.077999,0.495000,-59,0.000000,7,8
1,12.000000,16.312000,0.783000,-59,0.000000,7,8
1,12.000000,16.386999,0.213000,-59,0.000000,7,8
1,12.000000,16.537001,0.927000,-59,0.000000,7,8
1,12.000000,16.549000,0.763000,-59,0.000000,7,8
1,12.000000,16.312000,0.585000,-59,0.000000,7,8
1,12.000000,16.537001,0.376000,-58,0.000000,7,8
1,12.000000,16.365000,0.789000,-59,0.000000,7,8
1,12.000000,16.424999,0.775000,-59,0.000000,7,8
1,12.000000,17.483999,0.497000,-59,0.000000,7,8
1,12.000000,17.596001,0.744000,-59,0.000000,7,8
1,12.000000,16.698999,0.508000,-58,0.000000,7,8
1,12.000000,17.136999,0.549000,-58,0.000000,7,8
1,12.000000,17.487000,0.390000,-59,0.000000,5,8
1,12.000000,16.659000,0.725000,-59,0.000000,7,8
1,12.000000,16.903000,0.586000,-59,0.000000,7,8
1,12.000000,16.386999,0.527000,-58,0.000000,7,8
1,12.000000,17.483999,0.447000,-59,0.000000,7,8
1,12.000000,16.903000,0.854000,-58,0.000000,7,8
1,12.000000,17.362000,0.560000,-59,0.000000,7,8
1,12.000000,16.200001,0.338000,-59,0.000000,7,8
1,12.000000,16.903000,0.763000,-59,0.000000,7,8
1,12.000000,17.475000,0.390000,-58,0.000000,7,8
1,12.000000,17.136999,0.811000,-58,0.000000,7,8
1,12.000000,16.434000,1.041000,-59,0.000000,7,8
1,12.000000,16.546000,0.656000,-58,0.000000,7,8
1,12.000000,15.450000,1.468000,-59,0.000000,7,8
1,12.000000,16.781000,0.745000,-60,0.000000,7,8
1,12.000000,16.781000,0.520000,-60,0.000000,7,8
1,12.000000,16.068001,1.183000,-60,0.000000,7,8
1,12.000000,16.698999,0.826000,-60,0.000000,7,8
1,12.000000,17.962000,0.409000,-60,0.000000,7,8
1,12.000000,16.862000,0.678000,-59,0.000000,7,8
1,12.000000,17.128000,0.551000,-59,0.000000,7,8
1,12.000000,17.174999,0.933000,-60,0.000000,7,8
1,12.000000,16.549000,0.616000,-59,0.000000,7,8
1,12.000000,16.077999,0.754000,-59,0.000000,7,8
1,12.000000,17.962000,0.205000,-58,0.000000,7,8
1,12.000000,17.487000,0.560000,-59,0.000000,7,8
1,12.000000,17.136999,0.342000,-59,0.000000,7,8
1,12.000000,16.698999,0.806000,-59,0.000000,7,8
1,12.000000,17.250000,0.544000,-60,0.000000,7,8
1,12.000000,15.956000,0.487000,-60,0.000000,7,8
1,12.000000,17.250000,0.468000,-61,0.000000,7,8
1,12.000000,16.659000,0.559000,-59,0.000000,7,8
1,12.000000,15.496000,0.895000,-58,0.000000,7,8
1,12.000000,17.259001,0.467000,-60,0.000000,7,8
1,12.000000,15.956000,0.607000,-59,0.000000,7,8
1,12.000000,16.386999,0.837000,-60,0.000000,7,8
1,12.000000,16.556000,0.863000,-60,0.000000,7,8
1,12.000000,16.386999,0.763000,-60,0.000000,7,8
1,12.000000,17.014999,0.551000,-59,0.000000,7,8
1,12.000000,16.790001,0.532000,-58,0.000000,7,8
1,12.000000,16.424999,0.301000,-58,0.000000,7,8
1,12.000000,16.434000,0.849000,-57,0.000000,7,8
1,12.000000,17.606001,0.350000,-57,0.000000,7,8
1,12.000000,16.424999,0.549000,-57,0.000000,7,8
1,12.000000,16.386999,0.329000,-58,0.000000,7,8
1,12.000000,17.128000,0.669000,-59,0.000000,7,8
1,12.000000,16.386999,0.257000,-59,0.000000,7,8
1,12.000000,16.549000,0.491000,-59,0.000000,7,8
1,12.000000,17.606001,0.532000,-58,0.000000,7,8
1,12.000000,17.128000,0.808000,-59,0.000000,7,8
1,12.000000,16.849001,0.523000,-59,0.000000,7,8
1,12.000000,16.781000,0.699000,-58,0.000000,7,8
1,12.000000,17.128000,0.669000,-58,0.000000,7,8
1,12.000000,16.546000,0.301000,-59,0.000000,7,8
1,12.000000,17.483999,0.556000,-59,0.000000,7,8
1,12.000000,16.698999,0.750000,-59,0.000000,7,8
1,12.000000,15.924000,0.733000,-59,0.000000,7,8
1,12.000000,15.843000,0.612000,-59,0.000000,7,8
1,12.000000,15.618000,1.087000,-59,0.000000,7,8
1,12.000000,16.659000,0.699000,-59,0.000000,7,8
1,12.000000,16.893000,0.488000,-59,0.000000,7,8
1,12.000000,16.698999,0.700000,-58,0.000000,7,8
1,12.000000,16.077999,0.495000,-58,0.000000,7,8
1,12.000000,16.386999,0.521000,-58,0.000000,7,8
1,12.000000,17.014999,0.740000,-58,0.000000,7,8
1,12.000000,16.781000,0.754000,-59,0.000000,7,8
1,12.000000,17.325001,0.808000,-59,0.000000,7,8
1,12.000000,16.073999,0.358000,-59,0.000000,7,8
1,12.000000,16.893000,0.747000,-58,0.000000,7,8
1,12.000000,16.434000,0.965000,-58,0.000000,7,8
1,12.000000,16.434000,0.434000,-58,0.000000,7,8
1,12.000000,17.014999,0.872000,-58,0.000000,7,8
1,12.000000,17.025000,0.780000,-58,0.000000,7,8
1,12.000000,15.843000,0.917000,-58,0.000000,7,8
1,12.000000,15.956000,1.116000,-58,0.000000,7,8
1,12.000000,15.965000,0.692000,-58,0.000000,7,8
1,12.000000,16.073999,0.751000,-58,0.000000,7,8
1,12.000000,16.073999,0.527000,-59,0.000000,7,8
1,12.000000,16.434000,0.298000,-58,0.000000,7,8
1,12.000000,17.250000,0.657000,-59,0.000000,7,8
1,12.000000,17.025000,0.659000,-59,0.000000,7,8
1,12.000000,17.493000,0.611000,-59,0.000000,7,8
1,12.000000,17.483999,0.844000,-60,0.000000,7,8
1,12.000000,16.667999,0.745000,-59,0.000000,7,8
1,12.000000,17.250000,0.638000,-60,0.000000,7,8
1,12.000000,17.162001,0.563000,-58,0.000000,7,8
1,12.000000,17.636999,0.492000,-58,0.000000,7,8
1,12.000000,17.174999,0.700000,-58,0.000000,7,8
1,12.000000,16.659000,0.493000,-58,0.000000,7,8
1,12.000000,17.475000,0.585000,-58,0.000000,7,8
1,12.000000,16.903000,0.549000,-57,0.000000,7,8
1,12.000000,16.424999,0.301000,-57,0.000000,7,8
1,12.000000,16.771000,0.666000,-57,0.000000,7,8
1,12.000000,17.952999,0.304000,-57,0.000000,7,8
1,12.000000,17.799000,0.274000,-56,0.000000,7,8
1,12.000000,16.546000,0.802000,-57,0.000000,7,8
1,12.000000,17.493000,0.636000,-57,0.000000,7,8
1,12.000000,17.475000,0.217000,-57,0.000000,7,8
1,12.000000,16.862000,0.499000,-57,0.000000,7,8
1,12.000000,17.337000,1.102000,-57,0.000000,7,8
1,12.000000,17.011999,0.390000,-57,0.000000,7,8
1,12.000000,17.362000,0.680000,-57,0.000000,7,8
1,12.000000,16.862000,0.301000,-57,0.000000,7,8
1,12.000000,17.136999,0.726000,-57,0.000000,7,8
1,12.000000,17.728001,0.429000,-57,0.000000,7,8
1,12.000000,17.362000,0.661000,-57,0.000000,7,8
1,12.000000,17.943001,0.551000,-57,0.000000,7,8
1,12.000000,17.250000,0.825000,-57,0.000000,7,8
1,12.000000,16.781000,0.242000,-57,0.000000,7,8
1,12.000000,17.011999,0.840000,-57,0.000000,7,8
1,12.000000,17.014999,0.472000,-57,0.000000,7,8
1,12.000000,17.006001,0.754000,-58,0.000000,7,8
1,12.000000,17.174999,0.960000,-58,0.000000,7,8
1,12.000000,17.011999,0.488000,-57,0.000000,7,8
