1,23.000000,22.298000,1.401000,-81,0.000000,7,8
1,23.000000,22.695000,1.060000,-80,0.000000,7,8
1,23.000000,22.385000,1.278000,-80,0.000000,7,8
1,23.000000,22.351000,1.217000,-80,0.000000,7,8
1,23.000000,22.591000,1.241000,-80,0.000000,7,8
1,23.000000,22.341000,1.371000,-80,0.000000,7,8
1,23.000000,22.587999,1.102000,-81,0.000000,7,8
1,23.000000,22.316000,1.206000,-81,0.000000,7,8
1,23.000000,23.170000,0.872000,-82,0.000000,7,8
1,23.000000,22.179001,1.052000,-82,0.000000,7,8
1,23.000000,22.395000,0.873000,-82,0.000000,7,8
1,23.000000,22.360001,0.893000,-81,0.000000,7,8
1,23.000000,22.216000,0.751000,-79,0.000000,7,8
1,23.000000,21.726000,0.538000,-80,0.000000,7,8
1,23.000000,21.679001,0.590000,-80,0.000000,7,8
1,23.000000,21.872999,0.386000,-81,0.000000,7,8
1,23.000000,22.038000,0.269000,-81,0.000000,7,8
1,23.000000,22.504000,0.338000,-80,0.000000,7,8
1,23.000000,22.837999,0.919000,-80,0.000000,7,8
1,23.000000,22.615999,0.122000,-80,0.000000,7,8
1,23.000000,24.223000,0.689000,-77,0.000000,7,8
1,23.000000,22.791000,0.416000,-82,0.000000,7,8
1,23.000000,22.201000,0.579000,-78,0.000000,7,8
1,23.000000,22.462999,1.365000,-80,0.000000,7,8
1,23.000000,22.201000,1.458000,-80,0.000000,7,8
1,23.000000,22.351000,2.886000,-77,0.000000,7,8
1,23.000000,21.879000,1.683000,-80,0.000000,7,8
1,23.000000,21.990999,0.559000,-79,0.000000,7,8
1,23.000000,22.495001,0.216000,-79,0.000000,7,8
1,23.000000,22.538000,0.208000,-79,0.000000,7,8
1,23.000000,23.222000,0.254000,-79,0.000000,7,8
1,23.000000,22.900999,0.470000,-77,0.000000,7,8
1,23.000000,23.485001,0.195000,-77,0.000000,7,8
1,23.000000,23.403999,0.306000,-78,0.000000,7,8
1,23.000000,23.118999,0.303000,-77,0.000000,7,8
1,23.000000,23.201000,0.139000,-77,0.000000,7,8
1,23.000000,23.365999,0.237000,-77,0.000000,7,8
1,23.000000,23.207001,0.187000,-79,0.000000,7,8
1,23.000000,22.982000,0.246000,-79,0.000000,7,8
1,23.000000,22.888000,0.196000,-79,0.000000,7,8
1,23.000000,22.920000,0.291000,-78,0.000000,7,8
1,23.000000,22.851000,0.430000,-78,0.000000,7,8
1,23.000000,22.504000,0.675000,-79,0.000000,7,8
1,23.000000,22.625999,0.845000,-80,0.000000,7,8
1,23.000000,22.695000,1.175000,-80,0.000000,7,8
1,23.000000,22.698000,1.181000,-81,0.000000,7,8
1,23.000000,22.548000,1.283000,-81,0.000000,7,8
1,23.000000,22.426001,1.558000,-81,0.000000,7,8
1,23.000000,22.419001,1.810000,-81,0.000000,7,8
1,23.000000,22.301001,1.782000,-81,0.000000,7,8
1,23.000000,22.426001,1.734000,-82,0.000000,7,8
1,23.000000,22.360001,1.601000,-81,0.000000,7,8
1,23.000000,22.143999,1.715000,-81,0.000000,7,8
1,23.000000,22.473000,1.473000,-81,0.000000,7,8
1,23.000000,22.223000,1.780000,-81,0.000000,7,8
1,23.000000,22.438000,1.687000,-81,0.000000,7,8
1,23.000000,22.591000,1.743000,-81,0.000000,7,8
1,23.000000,22.582001,1.134000,-80,0.000000,7,8
1,23.000000,22.459999,0.708000,-82,0.000000,7,8
1,23.000000,22.801001,0.240000,-81,0.000000,7,8
1,23.000000,22.341000,0.820000,-79,0.000000,7,8
1,23.000000,22.235001,0.891000,-78,0.000000,7,8
1,23.000000,22.348000,0.925000,-79,0.000000,7,8
1,23.000000,22.653999,0.806000,-81,0.000000,7,8
1,23.000000,22.625999,1.075000,-81,0.000000,7,8
1,23.000000,22.497999,1.188000,-81,0.000000,7,8
1,23.000000,22.504000,1.021000,-81,0.000000,7,8
1,23.000000,22.732000,0.693000,-81,0.000000,7,8
1,23.000000,22.857000,0.591000,-82,0.000000,7,8
1,23.000000,23.176001,0.290000,-82,0.000000,7,8
1,23.000000,22.854000,0.361000,-82,0.000000,7,8
1,23.000000,23.351000,0.249000,-82,0.000000,7,8
1,23.000000,23.087999,0.246000,-81,0.000000,7,8
1,23.000000,23.231001,0.211000,-81,0.000000,7,8
1,23.000000,23.216000,0.508000,-81,0.000000,7,8
1,23.000000,23.554001,0.289000,-82,0.000000,7,8
1,23.000000,23.594999,0.354000,-81,0.000000,7,8
1,23.000000,23.944000,0.361000,-82,0.000000,7,8
1,23.000000,23.370001,0.536000,-83,0.000000,7,8
1,23.000000,24.084000,0.776000,-82,0.000000,7,8
1,23.000000,23.891001,0.303000,-83,0.000000,7,8
1,23.000000,23.504999,0.326000,-84,0.000000,7,8
1,23.000000,22.465000,0.634000,-83,0.000000,7,8
1,23.000000,22.636000,0.278000,-81,0.000000,7,8
1,23.000000,23.205000,0.128000,-82,0.000000,7,8
1,23.000000,23.681000,0.202000,-82,0.000000,7,8
1,23.000000,23.712000,1.227000,-80,0.000000,7,8
1,23.000000,23.834000,1.083000,-80,0.000000,7,8
1,23.000000,23.252001,0.374000,-79,0.000000,7,8
1,23.000000,22.992001,0.893000,-79,0.000000,7,8
1,23.000000,22.912001,1.237000,-78,0.000000,7,8
1,23.000000,22.973000,1.909000,-77,0.000000,7,8
1,23.000000,23.181999,1.008000,-77,0.000000,7,8
1,23.000000,22.905001,1.116000,-79,0.000000,7,8
1,23.000000,23.597000,0.570000,-79,0.000000,7,8
1,23.000000,22.690001,0.899000,-78,0.000000,7,8
1,23.000000,22.791000,0.453000,-78,0.000000,7,8
1,23.000000,22.530001,0.533000,-81,0.000000,7,8
1,23.000000,22.952000,1.801000,-77,0.000000,7,8
1,23.000000,23.180000,1.765000,-75,0.000000,7,8
1,23.000000,25.343000,0.550000,-77,0.000000,7,8
1,23.000000,23.559000,1.110000,-75,0.000000,7,8
1,23.000000,22.976000,1.387000,-75,0.000000,7,8
1,23.000000,22.933001,1.381000,-75,0.000000,7,8
1,23.000000,24.033001,1.217000,-78,0.000000,7,8
1,23.000000,23.528999,1.440000,-78,0.000000,7,8
1,23.000000,23.742001,1.034000,-77,0.000000,7,8
1,23.000000,23.903999,0.722000,-78,0.000000,7,8
1,23.000000,24.400999,0.637000,-79,0.000000,7,8
1,23.000000,24.607000,0.694000,-77,0.000000,7,8
1,23.000000,23.620001,1.297000,-77,0.000000,7,8
1,23.000000,23.476999,0.754000,-78,0.000000,7,8
1,23.000000,23.299000,0.733000,-78,0.000000,7,8
1,23.000000,23.489000,0.733000,-78,0.000000,7,8
1,23.000000,23.173000,1.090000,-77,0.000000,7,8
1,23.000000,23.326000,0.919000,-77,0.000000,7,8
1,23.000000,23.188999,0.876000,-79,0.000000,7,8
1,23.000000,22.920000,1.345000,-77,0.000000,7,8
1,23.000000,23.018000,1.144000,-79,0.000000,7,8
1,23.000000,23.229000,1.136000,-77,0.000000,7,8
1,23.000000,22.469999,1.300000,-74,0.000000,7,8
1,23.000000,22.466999,0.950000,-74,0.000000,7,8
1,23.000000,22.118000,0.549000,-73,0.000000,7,8
1,23.000000,22.322001,0.537000,-75,0.000000,7,8
1,23.000000,22.294001,2.002000,-75,0.000000,7,8
1,23.000000,22.820999,1.379000,-77,0.000000,7,8
1,23.000000,22.792999,0.409000,-78,0.000000,7,8
1,23.000000,22.971001,0.863000,-79,0.000000,7,8
1,23.000000,23.167999,0.783000,-77,0.000000,7,8
1,23.000000,23.437000,1.383000,-77,0.000000,7,8
1,23.000000,23.899000,0.454000,-79,0.000000,7,8
1,23.000000,23.594999,1.092000,-80,0.000000,7,8
1,23.000000,22.833000,0.885000,-80,0.000000,7,8
1,23.000000,22.754999,0.337000,-82,0.000000,7,8
1,23.000000,22.490999,0.247000,-77,0.000000,7,8
1,23.000000,22.375999,0.329000,-77,0.000000,7,8
1,23.000000,22.348000,0.202000,-79,0.000000,7,8
1,23.000000,22.556000,0.655000,-81,0.000000,7,8
1,23.000000,22.389999,0.606000,-79,0.000000,7,8
1,23.000000,22.540001,0.765000,-79,0.000000,7,8
1,23.000000,22.531000,0.436000,-79,0.000000,7,8
1,23.000000,22.551001,0.107000,-73,0.000000,7,8
1,23.000000,22.760000,0.903000,-77,0.000000,7,8
1,23.000000,25.170000,0.443000,-81,0.000000,7,8
1,23.000000,23.118999,0.768000,-81,0.000000,7,8
1,23.000000,22.533001,0.074000,-79,0.000000,7,8
1,23.000000,22.232000,1.794000,-80,0.000000,7,8
1,23.000000,24.205999,0.460000,-79,0.000000,7,8
1,23.000000,22.858999,0.329000,-77,0.000000,7,8
1,23.000000,22.580000,0.273000,-78,0.000000,7,8
1,23.000000,22.348000,0.239000,-73,0.000000,7,8
1,23.000000,22.424999,1.739000,-75,0.000000,7,8
1,23.000000,22.523001,1.613000,-77,0.000000,7,8
1,23.000000,22.202000,1.639000,-77,0.000000,7,8
1,23.000000,22.357000,1.275000,-77,0.000000,7,8
1,23.000000,22.502001,1.068000,-76,0.000000,7,8
1,23.000000,22.504999,1.050000,-76,0.000000,7,8
1,23.000000,22.408001,1.260000,-75,0.000000,7,8
1,23.000000,22.712999,0.690000,-77,0.000000,7,8
1,23.000000,22.877001,0.871000,-76,0.000000,7,8
1,23.000000,22.544001,1.456000,-75,0.000000,7,8
1,23.000000,22.615000,0.806000,-76,0.000000,7,8
1,23.000000,22.641001,0.912000,-76,0.000000,7,8
1,23.000000,22.677999,0.464000,-77,0.000000,7,8
1,23.000000,22.629000,1.240000,-78,0.000000,7,8
1,23.000000,22.357000,0.578000,-79,0.000000,7,8
1,23.000000,22.566000,1.648000,-77,0.000000,7,8
1,23.000000,22.535000,0.913000,-77,0.000000,7,8
1,23.000000,22.386999,0.712000,-77,0.000000,7,8
1,23.000000,22.514000,0.515000,-78,0.000000,7,8
1,23.000000,22.582001,0.636000,-78,0.000000,7,8
1,23.000000,22.386999,0.852000,-77,0.000000,7,8
1,23.000000,22.596001,0.817000,-78,0.000000,7,8
1,23.000000,22.408001,1.208000,-77,0.000000,7,8
1,23.000000,22.507000,0.565000,-76,0.000000,7,8
1,23.000000,22.357000,1.199000,-76,0.000000,7,8
1,23.000000,22.445999,0.213000,-77,0.000000,7,8
1,23.000000,22.570000,1.289000,-77,0.000000,7,8
1,23.000000,22.718000,0.855000,-76,0.000000,7,8
1,23.000000,22.413000,0.674000,-77,0.000000,7,8
1,23.000000,22.851000,0.272000,-77,0.000000,7,8
1,23.000000,22.625999,0.690000,-76,0.000000,7,8
1,23.000000,22.420000,1.060000,-78,0.000000,7,8
1,23.000000,22.627001,0.917000,-77,0.000000,7,8
1,23.000000,22.409000,1.019000,-76,0.000000,7,8
1,23.000000,22.497999,1.142000,-77,0.000000,7,8
1,23.000000,22.500000,0.911000,-78,0.000000,7,8
1,23.000000,22.268000,1.093000,-77,0.000000,7,8
1,23.000000,22.620001,1.449000,-77,0.000000,7,8
1,23.000000,22.552000,0.189000,-77,0.000000,7,8
1,23.000000,22.638000,0.978000,-78,0.000000,7,8
1,23.000000,22.316999,1.091000,-77,0.000000,7,8
1,23.000000,22.566000,1.122000,-76,0.000000,7,8
1,23.000000,22.476999,0.948000,-78,0.000000,7,8
1,23.000000,22.617001,0.795000,-78,0.000000,7,8
1,23.000000,22.444000,0.631000,-79,0.000000,7,8
1,23.000000,22.507000,0.977000,-78,0.000000,7,8
1,23.000000,22.417999,1.011000,-78,0.000000,7,8
1,23.000000,22.542000,0.690000,-79,0.000000,7,8
1,23.000000,22.589001,0.195000,-80,0.000000,7,8
1,23.000000,22.451000,1.758000,-77,0.000000,7,8
1,23.000000,22.476000,1.136000,-78,0.000000,7,8
1,23.000000,22.455000,1.037000,-77,0.000000,7,8
1,23.000000,22.500000,0.678000,-78,0.000000,7,8
1,23.000000,22.497999,1.033000,-77,0.000000,7,8
1,23.000000,22.493000,1.072000,-78,0.000000,7,8
1,23.000000,22.153999,0.239000,-79,0.000000,7,8
1,23.000000,22.364000,1.757000,-78,0.000000,7,8
1,23.000000,22.417999,2.076000,-75,0.000000,7,8
1,23.000000,22.511999,1.337000,-76,0.000000,7,8
1,23.000000,22.598000,1.198000,-76,0.000000,7,8
1,23.000000,22.589001,1.143000,-76,0.000000,7,8
1,23.000000,22.624001,0.974000,-77,0.000000,7,8
1,23.000000,22.655001,0.853000,-77,0.000000,7,8
1,23.000000,22.705999,0.783000,-77,0.000000,7,8
1,23.000000,22.641001,0.293000,-76,0.000000,7,8
1,23.000000,22.732000,0.648000,-77,0.000000,7,8
1,23.000000,22.502001,0.264000,-77,0.000000,7,8
1,23.000000,22.153999,0.333000,-78,0.000000,7,8
1,23.000000,22.479000,0.647000,-77,0.000000,7,8
1,23.000000,22.525999,1.339000,-77,0.000000,7,8
1,23.000000,22.704000,1.907000,-76,0.000000,7,8
1,23.000000,22.761999,0.946000,-76,0.000000,7,8
1,23.000000,22.627001,0.612000,-77,0.000000,7,8
1,23.000000,22.497999,1.036000,-77,0.000000,7,8
1,23.000000,22.537001,0.298000,-77,0.000000,7,8
1,23.000000,22.620001,0.126000,-77,0.000000,7,8
1,23.000000,22.589001,0.704000,-77,0.000000,7,8
1,23.000000,22.458000,1.035000,-77,0.000000,7,8
1,23.000000,22.655001,1.060000,-76,0.000000,7,8
1,23.000000,22.554001,1.010000,-75,0.000000,7,8
1,23.000000,22.408001,0.920000,-75,0.000000,7,8
1,23.000000,22.540001,0.247000,-75,0.000000,7,8
1,23.000000,22.351999,0.341000,-76,0.000000,7,8
1,23.000000,22.472000,1.066000,-75,0.000000,7,8
1,23.000000,22.552000,0.986000,-76,0.000000,7,8
1,23.000000,22.704000,1.073000,-76,0.000000,7,8
1,23.000000,22.528000,1.248000,-76,0.000000,7,8
1,23.000000,22.540001,0.897000,-76,0.000000,7,8
1,23.000000,22.448000,1.302000,-76,0.000000,7,8
1,23.000000,22.509001,1.362000,-75,0.000000,7,8
1,23.000000,22.603001,1.343000,-74,0.000000,7,8
1,23.000000,22.474001,1.438000,-75,0.000000,7,8
1,23.000000,22.379999,1.089000,-75,0.000000,7,8
1,23.000000,22.448000,0.321000,-76,0.000000,7,8
1,23.000000,22.561001,0.752000,-76,0.000000,7,8
1,23.000000,22.481001,1.099000,-76,0.000000,7,8
1,23.000000,22.509001,1.198000,-75,0.000000,7,8
1,23.000000,22.493000,1.152000,-76,0.000000,7,8
1,23.000000,22.591000,1.297000,-76,0.000000,7,8
1,23.000000,22.479000,1.072000,-76,0.000000,7,8
1,23.000000,22.533001,0.277000,-77,0.000000,7,8
1,23.000000,22.495001,0.620000,-77,0.000000,7,8
1,23.000000,22.459999,0.299000,-76,0.000000,7,8
1,23.000000,22.596001,0.335000,-77,0.000000,7,8
1,23.000000,22.445999,1.126000,-77,0.000000,7,8
1,23.000000,22.530001,1.189000,-76,0.000000,7,8
1,23.000000,22.535000,0.802000,-77,0.000000,7,8
1,23.000000,22.523001,1.073000,-77,0.000000,7,8
1,23.000000,22.598000,1.183000,-76,0.000000,7,8
1,23.000000,22.466999,1.110000,-77,0.000000,7,8
1,23.000000,22.434000,0.997000,-76,0.000000,7,8
1,23.000000,22.474001,1.020000,-76,0.000000,7,8
1,23.000000,22.568001,0.423000,-76,0.000000,7,8
1,23.000000,22.549000,0.958000,-76,0.000000,7,8
1,23.000000,22.650000,1.075000,-76,0.000000,7,8
1,23.000000,22.540001,1.193000,-76,0.000000,7,8
1,23.000000,22.509001,1.181000,-76,0.000000,7,8
1,23.000000,22.523001,1.058000,-76,0.000000,7,8
1,23.000000,22.570000,1.197000,-76,0.000000,7,8
1,23.000000,22.514000,1.040000,-76,0.000000,7,8
1,23.000000,22.476000,1.137000,-76,0.000000,7,8
1,23.000000,22.438999,1.264000,-76,0.000000,7,8
1,23.000000,22.465000,1.455000,-76,0.000000,7,8
1,23.000000,22.472000,1.204000,-76,0.000000,7,8
1,23.000000,22.474001,1.517000,-76,0.000000,7,8
1,23.000000,22.358999,1.217000,-76,0.000000,7,8
1,23.000000,22.378000,1.195000,-76,0.000000,7,8
1,23.000000,22.351999,1.156000,-76,0.000000,7,8
1,23.000000,22.372999,1.274000,-76,0.000000,7,8
1,23.000000,22.444000,1.236000,-76,0.000000,7,8
1,23.000000,22.530001,1.209000,-76,0.000000,7,8
1,23.000000,22.481001,1.236000,-76,0.000000,7,8
1,23.000000,22.417999,1.043000,-76,0.000000,7,8
1,23.000000,22.392000,1.309000,-76,0.000000,7,8
1,23.000000,22.441000,1.039000,-76,0.000000,7,8
1,23.000000,22.322001,1.225000,-76,0.000000,7,8
1,23.000000,22.479000,1.143000,-76,0.000000,7,8
1,23.000000,22.413000,1.013000,-76,0.000000,7,8
1,23.000000,22.416000,1.119000,-76,0.000000,7,8
1,23.000000,22.540001,1.093000,-77,0.000000,7,8
1,23.000000,22.561001,1.106000,-77,0.000000,7,8
1,23.000000,22.469999,1.006000,-77,0.000000,7,8
1,23.000000,22.409000,1.100000,-77,0.000000,7,8
1,23.000000,22.469999,1.050000,-77,0.000000,7,8
1,23.000000,22.587000,1.824000,-77,0.000000,7,8
1,23.000000,22.559000,1.202000,-77,0.000000,7,8
1,23.000000,22.469999,1.097000,-77,0.000000,7,8
1,23.000000,22.566000,1.144000,-77,0.000000,7,8
1,23.000000,22.523001,1.176000,-76,0.000000,7,8
1,23.000000,22.573000,1.308000,-77,0.000000,7,8
1,23.000000,22.561001,1.068000,-77,0.000000,7,8
1,23.000000,22.582001,1.218000,-77,0.000000,7,8
1,23.000000,22.612000,1.167000,-76,0.000000,7,8
1,23.000000,22.737000,1.149000,-76,0.000000,7,8
1,23.000000,22.879999,1.524000,-76,0.000000,7,8
1,23.000000,22.680000,1.171000,-77,0.000000,7,8
1,23.000000,22.648001,1.168000,-77,0.000000,7,8
1,23.000000,22.610001,1.233000,-77,0.000000,7,8
1,23.000000,22.798000,1.122000,-76,0.000000,7,8
1,23.000000,22.856001,1.564000,-76,0.000000,7,8
1,23.000000,22.705999,1.647000,-76,0.000000,7,8
1,23.000000,22.582001,1.405000,-76,0.000000,7,8
1,23.000000,22.575001,1.325000,-76,0.000000,7,8
1,23.000000,22.711000,1.350000,-76,0.000000,7,8
1,23.000000,22.792999,1.169000,-76,0.000000,7,8
1,23.000000,22.573000,1.078000,-77,0.000000,7,8
1,23.000000,22.568001,1.006000,-77,0.000000,7,8
1,23.000000,22.535000,1.231000,-77,0.000000,7,8
1,23.000000,22.533001,1.197000,-77,0.000000,7,8
1,23.000000,22.561001,1.149000,-77,0.000000,7,8
1,23.000000,22.771999,1.264000,-77,0.000000,7,8
1,23.000000,22.834999,1.008000,-77,0.000000,7,8
1,23.000000,22.737000,0.959000,-77,0.000000,7,8
1,23.000000,22.634001,0.887000,-77,0.000000,7,8
1,23.000000,22.632999,0.655000,-77,0.000000,7,8
1,23.000000,22.502001,1.263000,-77,0.000000,7,8
1,23.000000,22.525999,1.082000,-77,0.000000,7,8
1,23.000000,22.708000,1.063000,-77,0.000000,7,8
1,23.000000,22.676001,1.157000,-77,0.000000,7,8
1,23.000000,22.497999,0.990000,-77,0.000000,7,8
1,23.000000,22.791000,1.481000,-77,0.000000,7,8
1,23.000000,22.615000,1.303000,-76,0.000000,7,8
1,23.000000,22.676001,1.095000,-77,0.000000,7,8
1,23.000000,22.521000,1.078000,-76,0.000000,7,8
1,23.000000,22.382999,1.272000,-76,0.000000,7,8
1,23.000000,22.483000,1.238000,-77,0.000000,7,8
1,23.000000,22.537001,1.186000,-77,0.000000,7,8
1,23.000000,22.563000,1.211000,-76,0.000000,7,8
1,23.000000,22.535000,1.199000,-76,0.000000,7,8
1,23.000000,22.601000,1.076000,-77,0.000000,7,8
1,23.000000,22.504999,1.179000,-76,0.000000,7,8
1,23.000000,22.556000,1.202000,-76,0.000000,7,8
1,23.000000,22.386999,0.981000,-77,0.000000,7,8
1,23.000000,22.493000,1.060000,-77,0.000000,7,8
1,23.000000,22.448000,1.197000,-76,0.000000,7,8
1,23.000000,22.566000,1.085000,-76,0.000000,7,8
1,23.000000,22.561001,1.127000,-76,0.000000,7,8
1,23.000000,22.620001,1.131000,-76,0.000000,7,8
1,23.000000,22.474001,1.019000,-76,0.000000,7,8
1,23.000000,22.441000,1.121000,-77,0.000000,7,8
1,23.000000,22.420000,1.071000,-76,0.000000,7,8
1,23.000000,22.392000,1.077000,-76,0.000000,7,8
1,23.000000,22.511999,1.180000,-77,0.000000,7,8
1,23.000000,22.502001,1.114000,-76,0.000000,7,8
1,23.000000,22.625999,0.953000,-77,0.000000,7,8
1,23.000000,22.441000,0.913000,-77,0.000000,7,8
1,23.000000,22.525999,1.006000,-76,0.000000,7,8
1,23.000000,22.483000,1.335000,-76,0.000000,7,8
1,23.000000,22.479000,0.862000,-76,0.000000,7,8
1,23.000000,22.566000,1.085000,-76,0.000000,7,8
1,23.000000,22.434000,1.086000,-76,0.000000,7,8
1,23.000000,22.617001,0.933000,-77,0.000000,7,8
1,23.000000,22.420000,1.184000,-76,0.000000,7,8
1,23.000000,22.469999,1.168000,-76,0.000000,7,8
1,23.000000,22.444000,1.243000,-77,0.000000,7,8
1,23.000000,22.624001,1.244000,-76,0.000000,7,8
1,23.000000,22.448000,1.255000,-76,0.000000,7,8
1,23.000000,22.448000,1.327000,-76,0.000000,7,8
1,23.000000,22.386999,1.292000,-77,0.000000,7,8
1,23.000000,22.504999,1.562000,-77,0.000000,7,8
1,23.000000,22.507000,1.204000,-76,0.000000,7,8
1,23.000000,22.466999,1.553000,-76,0.000000,7,8
1,23.000000,22.500000,1.484000,-77,0.000000,7,8
1,23.000000,22.504999,1.270000,-77,0.000000,7,8
1,23.000000,22.504999,1.207000,-77,0.000000,7,8
1,23.000000,22.566000,1.276000,-77,0.000000,7,8
1,23.000000,22.591000,1.240000,-76,0.000000,7,8
1,23.000000,22.444000,1.259000,-77,0.000000,7,8
1,23.000000,22.507000,1.257000,-76,0.000000,7,8
1,23.000000,22.329000,1.232000,-76,0.000000,7,8
1,23.000000,22.568001,1.232000,-77,0.000000,7,8
1,23.000000,22.466999,1.152000,-77,0.000000,7,8
1,23.000000,22.296000,1.333000,-77,0.000000,7,8
1,23.000000,22.409000,1.237000,-77,0.000000,7,8
1,23.000000,22.479000,1.277000,-77,0.000000,7,8
1,23.000000,22.416000,1.300000,-76,0.000000,7,8
1,23.000000,22.533001,1.669000,-76,0.000000,7,8
1,23.000000,22.483000,1.249000,-77,0.000000,7,8
1,23.000000,22.444000,1.223000,-76,0.000000,7,8
1,23.000000,22.350000,1.242000,-77,0.000000,7,8
1,23.000000,22.448000,1.581000,-77,0.000000,7,8
1,23.000000,22.535000,1.195000,-77,0.000000,7,8
1,23.000000,22.444000,1.250000,-76,0.000000,7,8
1,23.000000,22.502001,1.082000,-77,0.000000,7,8
1,23.000000,22.448000,1.196000,-77,0.000000,7,8
1,23.000000,22.382999,1.353000,-76,0.000000,7,8
1,23.000000,22.542000,1.091000,-77,0.000000,7,8
1,23.000000,22.445999,1.160000,-77,0.000000,7,8
1,23.000000,22.420000,1.206000,-77,0.000000,7,8
1,23.000000,22.379999,1.198000,-77,0.000000,7,8
1,23.000000,22.410999,1.207000,-77,0.000000,7,8
1,23.000000,22.382999,1.249000,-77,0.000000,7,8
1,23.000000,22.379999,1.194000,-77,0.000000,7,8
1,23.000000,22.444000,1.057000,-77,0.000000,7,8
1,23.000000,22.403999,1.051000,-77,0.000000,7,8
1,23.000000,22.542000,1.082000,-77,0.000000,7,8
1,23.000000,22.530001,0.831000,-77,0.000000,7,8
1,23.000000,22.502001,1.036000,-77,0.000000,7,8
1,23.000000,22.448000,1.317000,-76,0.000000,7,8
1,23.000000,22.479000,1.176000,-77,0.000000,7,8
1,23.000000,22.409000,1.294000,-76,0.000000,7,8
1,23.000000,22.474001,1.163000,-76,0.000000,7,8
1,23.000000,22.416000,1.213000,-77,0.000000,7,8
1,23.000000,22.230000,1.650000,-77,0.000000,7,8
1,23.000000,22.416000,1.190000,-76,0.000000,7,8
1,23.000000,22.437000,1.276000,-77,0.000000,7,8
1,23.000000,22.476000,1.315000,-76,0.000000,7,8
1,23.000000,22.437000,1.295000,-76,0.000000,7,8
1,23.000000,22.396999,1.353000,-77,0.000000,7,8
1,23.000000,22.514000,1.743000,-76,0.000000,7,8
1,23.000000,22.561001,1.238000,-76,0.000000,7,8
1,23.000000,22.445999,1.232000,-77,0.000000,7,8
1,23.000000,22.507000,1.516000,-77,0.000000,7,8
1,23.000000,22.598000,1.539000,-76,0.000000,7,8
1,23.000000,22.533001,1.536000,-77,0.000000,7,8
1,23.000000,22.392000,1.174000,-77,0.000000,7,8
1,23.000000,22.568001,1.649000,-76,0.000000,7,8
1,23.000000,22.476000,1.474000,-76,0.000000,7,8
1,23.000000,22.671000,1.463000,-76,0.000000,7,8
1,23.000000,22.556000,1.184000,-77,0.000000,7,8
1,23.000000,22.474001,1.343000,-76,0.000000,7,8
1,23.000000,22.500000,1.171000,-77,0.000000,7,8
1,23.000000,22.504999,1.544000,-76,0.000000,7,8
1,23.000000,22.528000,1.532000,-77,0.000000,7,8
1,23.000000,22.594000,1.208000,-77,0.000000,7,8
1,23.000000,22.537001,1.215000,-77,0.000000,7,8
1,23.000000,22.448000,1.701000,-77,0.000000,7,8
1,23.000000,22.537001,1.225000,-77,0.000000,7,8
1,23.000000,22.504999,1.305000,-77,0.000000,7,8
1,23.000000,22.528000,1.560000,-77,0.000000,7,8
1,23.000000,22.448000,1.549000,-77,0.000000,7,8
1,23.000000,22.528000,1.201000,-77,0.000000,7,8
1,23.000000,22.444000,1.576000,-77,0.000000,7,8
1,23.000000,22.469999,1.238000,-77,0.000000,7,8
1,23.000000,22.568001,1.732000,-77,0.000000,7,8
1,23.000000,22.441000,1.258000,-77,0.000000,7,8
1,23.000000,22.469999,1.208000,-77,0.000000,7,8
1,23.000000,22.533001,1.530000,-77,0.000000,7,8
1,23.000000,22.502001,1.538000,-77,0.000000,7,8
1,23.000000,22.537001,1.219000,-77,0.000000,7,8
1,23.000000,22.561001,1.169000,-77,0.000000,7,8
1,23.000000,22.533001,1.623000,-77,0.000000,7,8
1,23.000000,22.500000,1.268000,-77,0.000000,7,8
1,23.000000,22.566000,1.173000,-77,0.000000,7,8
1,23.000000,22.523001,1.125000,-76,0.000000,7,8
1,23.000000,22.507000,1.217000,-76,0.000000,7,8
1,23.000000,22.474001,1.145000,-77,0.000000,7,8
1,23.000000,22.502001,1.210000,-77,0.000000,7,8
1,23.000000,22.504999,1.428000,-76,0.000000,7,8
1,23.000000,22.451000,1.323000,-77,0.000000,7,8
1,23.000000,22.594000,1.184000,-77,0.000000,7,8
1,23.000000,22.504999,1.236000,-77,0.000000,7,8
1,23.000000,22.568001,1.661000,-76,0.000000,7,8
1,23.000000,22.504999,1.317000,-77,0.000000,7,8
1,23.000000,22.444000,1.163000,-77,0.000000,7,8
1,23.000000,22.500000,1.184000,-77,0.000000,7,8
1,23.000000,22.500000,1.179000,-77,0.000000,7,8
1,23.000000,22.612000,1.219000,-77,0.000000,7,8
1,23.000000,22.476999,1.303000,-77,0.000000,7,8
1,23.000000,22.643000,1.097000,-77,0.000000,7,8
1,23.000000,22.500000,1.215000,-76,0.000000,7,8
1,23.000000,22.444000,1.313000,-76,0.000000,7,8
1,23.000000,22.385000,1.308000,-77,0.000000,7,8
1,23.000000,22.497999,1.276000,-76,0.000000,7,8
1,23.000000,22.530001,1.278000,-76,0.000000,7,8
1,23.000000,22.533001,1.331000,-77,0.000000,7,8
1,23.000000,22.542000,1.415000,-76,0.000000,7,8
1,23.000000,22.382999,1.577000,-76,0.000000,7,8
1,23.000000,22.620001,1.153000,-77,0.000000,7,8
1,23.000000,22.530001,1.195000,-76,0.000000,7,8
1,23.000000,22.474001,1.567000,-76,0.000000,7,8
1,23.000000,22.566000,1.271000,-77,0.000000,7,8
1,23.000000,22.504999,1.631000,-76,0.000000,7,8
1,23.000000,22.472000,1.528000,-76,0.000000,7,8
1,23.000000,22.481001,1.277000,-76,0.000000,7,8
1,23.000000,22.591000,1.643000,-76,0.000000,7,8
1,23.000000,22.476000,1.424000,-76,0.000000,7,8
1,23.000000,22.474001,1.332000,-76,0.000000,7,8
1,23.000000,22.568001,1.275000,-76,0.000000,7,8
1,23.000000,22.511999,1.364000,-76,0.000000,7,8
1,23.000000,22.410999,1.253000,-77,0.000000,7,8
1,23.000000,22.497999,1.224000,-77,0.000000,7,8
1,23.000000,22.507000,1.243000,-76,0.000000,7,8
1,23.000000,22.500000,1.325000,-76,0.000000,7,8
1,23.000000,22.382999,1.270000,-77,0.000000,7,8
1,23.000000,22.474001,1.255000,-76,0.000000,7,8
1,23.000000,22.540001,1.727000,-76,0.000000,7,8
1,23.000000,22.568001,1.215000,-77,0.000000,7,8
1,23.000000,22.530001,1.181000,-77,0.000000,7,8
1,23.000000,22.589001,1.144000,-76,0.000000,7,8
1,23.000000,22.438999,1.194000,-76,0.000000,7,8
1,23.000000,22.540001,1.259000,-77,0.000000,7,8
1,23.000000,22.617001,1.149000,-76,0.000000,7,8
1,23.000000,22.420000,1.272000,-77,0.000000,7,8
1,23.000000,22.556000,1.219000,-77,0.000000,7,8
1,23.000000,22.589001,1.147000,-77,0.000000,7,8
1,23.000000,22.469999,1.222000,-76,0.000000,7,8
1,23.000000,22.589001,1.153000,-77,0.000000,7,8
1,23.000000,22.591000,1.459000,-77,0.000000,7,8
1,23.000000,22.589001,1.275000,-76,0.000000,7,8
1,23.000000,22.589001,1.562000,-77,0.000000,7,8
1,23.000000,22.533001,1.567000,-77,0.000000,7,8
1,23.000000,22.533001,1.261000,-76,0.000000,7,8
1,23.000000,22.410999,1.230000,-77,0.000000,7,8
1,23.000000,22.528000,1.470000,-76,0.000000,7,8
1,23.000000,22.502001,1.225000,-77,0.000000,7,8
1,23.000000,22.556000,1.296000,-76,0.000000,7,8
1,23.000000,22.479000,1.713000,-77,0.000000,7,8
1,23.000000,22.624001,1.153000,-76,0.000000,7,8
1,23.000000,22.476000,1.303000,-77,0.000000,7,8
1,23.000000,22.476999,1.313000,-76,0.000000,7,8
1,23.000000,22.554001,1.523000,-76,0.000000,7,8
1,23.000000,22.610001,1.121000,-76,0.000000,7,8
1,23.000000,22.612000,1.064000,-77,0.000000,7,8
1,23.000000,22.591000,1.263000,-76,0.000000,7,8
1,23.000000,22.413000,1.258000,-76,0.000000,7,8
1,23.000000,22.596001,1.281000,-76,0.000000,7,8
1,23.000000,22.622000,1.501000,-76,0.000000,7,8
1,23.000000,22.556000,1.157000,-76,0.000000,7,8
1,23.000000,22.558001,1.585000,-76,0.000000,7,8
1,23.000000,22.554001,1.198000,-76,0.000000,7,8
1,23.000000,22.615000,1.209000,-76,0.000000,7,8
1,23.000000,22.643000,1.568000,-77,0.000000,7,8
1,23.000000,22.624001,1.528000,-76,0.000000,7,8
1,23.000000,22.476000,1.304000,-76,0.000000,7,8
1,23.000000,22.645000,1.116000,-77,0.000000,7,8
1,23.000000,22.645000,1.180000,-76,0.000000,7,8
1,23.000000,22.622000,1.655000,-76,0.000000,7,8
1,23.000000,22.591000,1.245000,-76,0.000000,7,8
1,23.000000,22.528000,1.194000,-76,0.000000,7,8
1,23.000000,22.652000,1.520000,-76,0.000000,7,8
1,23.000000,22.652000,1.200000,-76,0.000000,7,8
1,23.000000,22.624001,1.122000,-77,0.000000,7,8
1,23.000000,22.739000,1.173000,-76,0.000000,7,8
1,23.000000,22.643000,1.266000,-76,0.000000,7,8
1,23.000000,22.704000,1.642000,-76,0.000000,7,8
1,23.000000,22.705999,1.084000,-76,0.000000,7,8
1,23.000000,22.589001,1.285000,-76,0.000000,7,8
1,23.000000,22.792999,1.011000,-77,0.000000,7,8
1,23.000000,22.645000,1.207000,-76,0.000000,7,8
1,23.000000,22.854000,1.058000,-76,0.000000,7,8
1,23.000000,22.666000,1.139000,-77,0.000000,7,8
1,23.000000,22.627001,1.645000,-76,0.000000,7,8
1,23.000000,22.671000,1.254000,-76,0.000000,7,8
1,23.000000,22.648001,1.209000,-77,0.000000,7,8
1,23.000000,22.645000,1.072000,-76,0.000000,7,8
1,23.000000,22.677999,1.126000,-76,0.000000,7,8
1,23.000000,22.650000,1.201000,-77,0.000000,7,8
1,23.000000,22.643000,1.120000,-76,0.000000,7,8
1,23.000000,22.655001,1.140000,-76,0.000000,7,8
1,23.000000,22.655001,1.147000,-77,0.000000,7,8
1,23.000000,22.774000,1.055000,-77,0.000000,7,8
1,23.000000,22.680000,1.296000,-76,0.000000,7,8
1,23.000000,22.774000,1.030000,-76,0.000000,7,8
1,23.000000,22.732000,0.989000,-76,0.000000,7,8
1,23.000000,22.704000,1.078000,-76,0.000000,7,8
1,23.000000,22.655001,1.173000,-77,0.000000,7,8
1,23.000000,22.711000,1.018000,-76,0.000000,7,8
1,23.000000,22.652000,1.002000,-76,0.000000,7,8
1,23.000000,22.620001,1.136000,-76,0.000000,7,8
1,23.000000,22.594000,1.130000,-76,0.000000,7,8
1,23.000000,22.683001,1.226000,-76,0.000000,7,8
1,23.000000,22.746000,1.167000,-76,0.000000,7,8
1,23.000000,22.652000,1.005000,-76,0.000000,7,8
1,23.000000,22.643000,1.194000,-76,0.000000,7,8
1,23.000000,22.676001,0.967000,-76,0.000000,7,8
1,23.000000,22.561001,1.218000,-76,0.000000,7,8
1,23.000000,22.676001,1.028000,-76,0.000000,7,8
1,23.000000,22.671000,1.211000,-76,0.000000,7,8
1,23.000000,22.771999,0.915000,-76,0.000000,7,8
1,23.000000,22.655001,1.204000,-76,0.000000,7,8
1,23.000000,22.798000,1.146000,-76,0.000000,7,8
1,23.000000,22.711000,1.190000,-76,0.000000,7,8
1,23.000000,22.577000,1.255000,-77,0.000000,7,8
1,23.000000,22.673000,1.246000,-76,0.000000,7,8
1,23.000000,22.716000,1.277000,-76,0.000000,7,8
1,23.000000,22.533001,1.482000,-76,0.000000,7,8
1,23.000000,22.594000,1.308000,-76,0.000000,7,8
1,23.000000,22.788000,1.009000,-76,0.000000,7,8
1,23.000000,22.690001,1.245000,-76,0.000000,7,8
1,23.000000,22.622000,1.237000,-77,0.000000,7,8
1,23.000000,22.535000,1.212000,-76,0.000000,7,8
1,23.000000,22.712999,1.559000,-76,0.000000,7,8
1,23.000000,22.684999,1.659000,-76,0.000000,7,8
1,23.000000,22.677999,1.807000,-76,0.000000,7,8
1,23.000000,22.587000,1.163000,-76,0.000000,7,8
1,23.000000,22.558001,1.204000,-76,0.000000,7,8
1,23.000000,22.533001,1.347000,-76,0.000000,7,8
1,23.000000,22.528000,1.539000,-76,0.000000,7,8
1,23.000000,22.558001,1.357000,-76,0.000000,7,8
1,23.000000,22.533001,1.360000,-76,0.000000,7,8
1,23.000000,22.677999,1.112000,-76,0.000000,7,8
1,23.000000,22.648001,1.198000,-76,0.000000,7,8
1,23.000000,22.535000,1.307000,-76,0.000000,7,8
1,23.000000,22.687000,1.464000,-76,0.000000,7,8
1,23.000000,22.591000,1.186000,-76,0.000000,7,8
1,23.000000,22.603001,1.275000,-76,0.000000,7,8
1,23.000000,22.643000,1.253000,-76,0.000000,7,8
1,23.000000,22.552000,1.515000,-76,0.000000,7,8
1,23.000000,22.612000,1.192000,-76,0.000000,7,8
1,23.000000,22.530001,1.598000,-76,0.000000,7,8
1,23.000000,22.617001,1.184000,-76,0.000000,7,8
1,23.000000,22.591000,1.165000,-76,0.000000,7,8
1,23.000000,22.680000,1.248000,-76,0.000000,7,8
1,23.000000,22.652000,1.185000,-76,0.000000,7,8
1,23.000000,22.650000,1.703000,-76,0.000000,7,8
1,23.000000,22.648001,1.455000,-76,0.000000,7,8
1,23.000000,22.680000,1.543000,-76,0.000000,7,8
1,23.000000,22.618999,1.183000,-76,0.000000,7,8
1,23.000000,22.676001,1.158000,-76,0.000000,7,8
1,23.000000,22.677999,1.593000,-76,0.000000,7,8
1,23.000000,22.615000,1.242000,-76,0.000000,7,8
1,23.000000,22.657000,1.587000,-76,0.000000,7,8
1,23.000000,22.770000,1.484000,-77,0.000000,7,8
1,23.000000,22.705999,1.224000,-76,0.000000,7,8
1,23.000000,22.709000,1.145000,-77,0.000000,7,8
1,23.000000,22.849001,1.083000,-76,0.000000,7,8
1,23.000000,22.684999,1.260000,-76,0.000000,7,8
1,23.000000,22.673000,1.170000,-77,0.000000,7,8
1,23.000000,22.844999,1.472000,-76,0.000000,7,8
1,23.000000,22.795000,1.580000,-76,0.000000,7,8
1,23.000000,22.650000,1.200000,-77,0.000000,7,8
1,23.000000,22.733999,1.224000,-76,0.000000,7,8
1,23.000000,22.712999,1.187000,-76,0.000000,7,8
1,23.000000,22.620001,1.137000,-76,0.000000,7,8
1,23.000000,22.854000,1.214000,-76,0.000000,7,8
1,23.000000,22.711000,1.262000,-76,0.000000,7,8
1,23.000000,22.652000,1.270000,-76,0.000000,7,8
1,23.000000,22.761999,1.138000,-76,0.000000,7,8
1,23.000000,22.622000,1.834000,-76,0.000000,7,8
1,23.000000,22.624001,1.249000,-76,0.000000,7,8
1,23.000000,22.627001,1.229000,-76,0.000000,7,8
1,23.000000,22.711000,1.162000,-76,0.000000,7,8
1,23.000000,22.704000,1.129000,-76,0.000000,7,8
1,23.000000,22.650000,1.247000,-76,0.000000,7,8
1,23.000000,22.677999,1.277000,-76,0.000000,7,8
1,23.000000,22.652000,1.246000,-76,0.000000,7,8
1,23.000000,22.568001,1.275000,-76,0.000000,7,8
1,23.000000,22.847000,1.027000,-76,0.000000,7,8
1,23.000000,22.739000,1.638000,-76,0.000000,7,8
1,23.000000,22.740999,1.129000,-76,0.000000,7,8
1,23.000000,22.643000,1.483000,-76,0.000000,7,8
1,23.000000,22.622000,1.182000,-76,0.000000,7,8
1,23.000000,22.662001,1.204000,-76,0.000000,7,8
1,23.000000,22.643000,1.567000,-76,0.000000,7,8
1,23.000000,22.726999,1.086000,-76,0.000000,7,8
1,23.000000,22.737000,1.184000,-76,0.000000,7,8
1,23.000000,22.677999,1.622000,-76,0.000000,7,8
1,23.000000,22.697001,1.097000,-76,0.000000,7,8
1,23.000000,22.652000,1.291000,-76,0.000000,7,8
1,23.000000,22.655001,1.833000,-76,0.000000,7,8
1,23.000000,22.591000,1.294000,-76,0.000000,7,8
1,23.000000,22.677999,1.395000,-76,0.000000,7,8
1,23.000000,22.594000,1.560000,-76,0.000000,7,8
1,23.000000,22.643000,1.217000,-76,0.000000,7,8
1,23.000000,22.771999,1.604000,-76,0.000000,7,8
1,23.000000,22.561001,1.328000,-76,0.000000,7,8
1,23.000000,22.589001,1.224000,-76,0.000000,7,8
1,23.000000,22.669001,1.128000,-76,0.000000,7,8
1,23.000000,22.615000,1.314000,-76,0.000000,7,8
1,23.000000,22.733999,1.105000,-76,0.000000,7,8
1,23.000000,22.680000,1.637000,-76,0.000000,7,8
1,23.000000,22.743999,1.151000,-76,0.000000,7,8
1,23.000000,22.760000,1.454000,-76,0.000000,7,8
1,23.000000,22.708000,1.568000,-76,0.000000,7,8
1,23.000000,22.594000,1.291000,-76,0.000000,7,8
1,23.000000,22.645000,1.190000,-77,0.000000,7,8
1,23.000000,22.726999,1.120000,-76,0.000000,7,8
1,23.000000,22.650000,1.169000,-76,0.000000,7,8
1,23.000000,22.767000,1.122000,-76,0.000000,7,8
1,23.000000,22.849001,1.399000,-76,0.000000,7,8
1,23.000000,22.645000,1.524000,-76,0.000000,7,8
1,23.000000,22.764999,1.507000,-77,0.000000,7,8
1,23.000000,22.740999,1.191000,-76,0.000000,7,8
1,23.000000,22.650000,1.257000,-76,0.000000,7,8
1,23.000000,22.795000,1.555000,-76,0.000000,7,8
1,23.000000,22.709000,1.566000,-76,0.000000,7,8
1,23.000000,22.712999,1.497000,-76,0.000000,7,8
1,23.000000,22.771999,1.374000,-76,0.000000,7,8
1,23.000000,22.770000,1.406000,-76,0.000000,7,8
1,23.000000,22.733999,1.579000,-76,0.000000,7,8
1,23.000000,22.622000,1.282000,-76,0.000000,7,8
1,23.000000,22.767000,1.623000,-76,0.000000,7,8
1,23.000000,22.708000,1.578000,-76,0.000000,7,8
1,23.000000,22.676001,1.177000,-77,0.000000,7,8
1,23.000000,22.533001,1.215000,-76,0.000000,7,8
1,23.000000,22.676001,1.135000,-76,0.000000,7,8
1,23.000000,22.648001,1.353000,-76,0.000000,7,8
1,23.000000,22.643000,1.308000,-76,0.000000,7,8
1,23.000000,22.622000,1.191000,-76,0.000000,7,8
1,23.000000,22.743999,1.317000,-76,0.000000,7,8
1,23.000000,22.677999,1.464000,-76,0.000000,7,8
1,23.000000,22.737000,1.216000,-76,0.000000,7,8
1,23.000000,22.737000,1.286000,-76,0.000000,7,8
1,23.000000,22.711000,1.645000,-76,0.000000,7,8
1,23.000000,22.730000,1.105000,-76,0.000000,7,8
1,23.000000,22.733999,1.149000,-76,0.000000,7,8
1,23.000000,22.737000,1.538000,-76,0.000000,7,8
1,23.000000,22.680000,1.143000,-76,0.000000,7,8
1,23.000000,22.719999,1.192000,-77,0.000000,7,8
1,23.000000,22.677999,1.627000,-76,0.000000,7,8
1,23.000000,22.617001,1.172000,-76,0.000000,7,8
1,23.000000,22.854000,1.091000,-76,0.000000,7,8
1,23.000000,22.684999,1.544000,-76,0.000000,7,8
1,23.000000,22.768999,1.491000,-76,0.000000,7,8
1,23.000000,22.739000,1.249000,-76,0.000000,7,8
1,23.000000,22.587000,1.187000,-76,0.000000,7,8
1,23.000000,22.533001,1.262000,-76,0.000000,7,8
1,23.000000,22.652000,1.560000,-76,0.000000,7,8
1,23.000000,22.819000,1.439000,-76,0.000000,7,8
1,23.000000,22.757999,1.129000,-76,0.000000,7,8
1,23.000000,22.657000,1.225000,-76,0.000000,7,8
1,23.000000,22.677999,1.170000,-76,0.000000,7,8
1,23.000000,22.650000,1.136000,-76,0.000000,7,8
1,23.000000,22.739000,1.742000,-76,0.000000,7,8
1,23.000000,22.683001,1.665000,-76,0.000000,7,8
1,23.000000,22.795000,1.179000,-76,0.000000,7,8
1,23.000000,22.783001,1.530000,-76,0.000000,7,8
1,23.000000,22.730000,1.777000,-76,0.000000,7,8
1,23.000000,22.823000,1.100000,-76,0.000000,7,8
1,23.000000,22.683001,1.264000,-76,0.000000,7,8
1,23.000000,22.823000,1.466000,-76,0.000000,7,8
1,23.000000,22.827999,1.567000,-76,0.000000,7,8
1,23.000000,22.785999,1.073000,-76,0.000000,7,8
1,23.000000,22.648001,1.246000,-76,0.000000,7,8
1,23.000000,22.655001,1.198000,-76,0.000000,7,8
1,23.000000,22.671000,1.578000,-76,0.000000,7,8
1,23.000000,22.594000,1.854000,-76,0.000000,7,8
1,23.000000,22.798000,1.160000,-75,0.000000,7,8
1,23.000000,22.596001,1.337000,-76,0.000000,7,8
1,23.000000,22.652000,1.528000,-76,0.000000,7,8
1,23.000000,22.671000,1.277000,-76,0.000000,7,8
1,23.000000,22.615000,1.188000,-76,0.000000,7,8
1,23.000000,22.610001,1.308000,-76,0.000000,7,8
1,23.000000,22.648001,1.505000,-76,0.000000,7,8
1,23.000000,22.726999,1.104000,-76,0.000000,7,8
1,23.000000,22.704000,1.142000,-76,0.000000,7,8
1,23.000000,22.760000,1.406000,-76,0.000000,7,8
1,23.000000,22.730000,1.089000,-76,0.000000,7,8
1,23.000000,22.761999,1.535000,-76,0.000000,7,8
1,23.000000,22.733999,1.119000,-76,0.000000,7,8
1,23.000000,22.650000,1.362000,-76,0.000000,7,8
1,23.000000,22.655001,1.129000,-76,0.000000,7,8
1,23.000000,22.655001,1.633000,-76,0.000000,7,8
1,23.000000,22.591000,1.207000,-76,0.000000,7,8
1,23.000000,22.732000,1.518000,-76,0.000000,7,8
1,23.000000,22.788000,1.494000,-76,0.000000,7,8
1,23.000000,22.702000,1.527000,-76,0.000000,7,8
1,23.000000,22.733999,1.194000,-76,0.000000,7,8
1,23.000000,22.785999,1.436000,-76,0.000000,7,8
1,23.000000,22.730000,1.140000,-76,0.000000,7,8
1,23.000000,22.697001,1.150000,-77,0.000000,7,8
1,23.000000,22.617001,1.242000,-76,0.000000,7,8
1,23.000000,22.645000,1.835000,-76,0.000000,7,8
1,23.000000,22.767000,1.071000,-76,0.000000,7,8
1,23.000000,22.737000,1.557000,-76,0.000000,7,8
1,23.000000,22.777000,1.489000,-76,0.000000,7,8
1,23.000000,22.732000,1.678000,-76,0.000000,7,8
1,23.000000,22.826000,1.594000,-76,0.000000,7,8
1,23.000000,22.725000,1.219000,-76,0.000000,7,8
1,23.000000,22.648001,1.243000,-76,0.000000,7,8
1,23.000000,22.743999,1.142000,-76,0.000000,7,8
1,23.000000,22.650000,1.116000,-76,0.000000,7,8
1,23.000000,22.627001,1.265000,-76,0.000000,7,8
1,23.000000,22.704000,1.103000,-76,0.000000,7,8
1,23.000000,22.650000,1.581000,-76,0.000000,7,8
1,23.000000,22.601000,1.293000,-76,0.000000,7,8
1,23.000000,22.650000,1.150000,-76,0.000000,7,8
1,23.000000,22.791000,1.572000,-76,0.000000,7,8
1,23.000000,22.820999,1.120000,-76,0.000000,7,8
1,23.000000,22.774000,1.065000,-76,0.000000,7,8
1,23.000000,22.760000,1.097000,-76,0.000000,7,8
1,23.000000,22.677999,1.572000,-76,0.000000,7,8
1,23.000000,22.680000,1.226000,-76,0.000000,7,8
1,23.000000,22.733999,1.104000,-75,0.000000,7,8
1,23.000000,22.683001,1.658000,-76,0.000000,7,8
1,23.000000,22.648001,1.110000,-76,0.000000,7,8
1,23.000000,22.589001,1.247000,-76,0.000000,7,8
1,23.000000,22.558001,1.240000,-76,0.000000,7,8
1,23.000000,22.474001,1.392000,-76,0.000000,7,8
1,23.000000,22.504999,1.589000,-76,0.000000,7,8
1,23.000000,22.466999,1.551000,-76,0.000000,7,8
1,23.000000,22.537001,1.287000,-76,0.000000,7,8
1,23.000000,22.497999,1.203000,-76,0.000000,7,8
1,23.000000,22.406000,1.387000,-76,0.000000,7,8
1,23.000000,22.620001,1.236000,-76,0.000000,7,8
1,23.000000,22.535000,1.876000,-76,0.000000,7,8
1,23.000000,22.497999,1.660000,-76,0.000000,7,8
1,23.000000,22.558001,1.180000,-76,0.000000,7,8
1,23.000000,22.563000,1.224000,-76,0.000000,7,8
1,23.000000,22.511999,1.291000,-76,0.000000,7,8
1,23.000000,22.474001,1.258000,-76,0.000000,7,8
1,23.000000,22.386999,1.356000,-76,0.000000,7,8
1,23.000000,22.535000,1.257000,-76,0.000000,7,8
1,23.000000,22.502001,1.243000,-76,0.000000,7,8
1,23.000000,22.591000,1.230000,-76,0.000000,7,8
1,23.000000,22.631001,1.316000,-76,0.000000,7,8
1,23.000000,22.617001,1.514000,-76,0.000000,7,8
1,23.000000,22.629000,1.249000,-76,0.000000,7,8
1,23.000000,22.594000,1.199000,-76,0.000000,7,8
1,23.000000,22.591000,1.478000,-76,0.000000,7,8
1,23.000000,22.561001,1.243000,-76,0.000000,7,8
1,23.000000,22.705999,1.471000,-76,0.000000,7,8
1,23.000000,22.589001,1.507000,-76,0.000000,7,8
1,23.000000,22.589001,1.142000,-76,0.000000,7,8
1,23.000000,22.712999,1.731000,-76,0.000000,7,8
1,23.000000,22.587000,1.509000,-76,0.000000,7,8
1,23.000000,22.589001,1.285000,-76,0.000000,7,8
1,23.000000,22.594000,1.231000,-76,0.000000,7,8
1,23.000000,22.620001,1.695000,-76,0.000000,7,8
1,23.000000,22.596001,1.311000,-76,0.000000,7,8
1,23.000000,22.535000,1.342000,-76,0.000000,7,8
1,23.000000,22.743999,1.585000,-76,0.000000,7,8
1,23.000000,22.711000,1.423000,-76,0.000000,7,8
1,23.000000,22.622000,1.207000,-76,0.000000,7,8
1,23.000000,22.746000,1.278000,-76,0.000000,7,8
1,23.000000,22.627001,1.150000,-76,0.000000,7,8
1,23.000000,22.497999,1.629000,-76,0.000000,7,8
1,23.000000,22.615000,1.647000,-76,0.000000,7,8
1,23.000000,22.594000,1.511000,-76,0.000000,7,8
1,23.000000,22.596001,1.258000,-76,0.000000,7,8
1,23.000000,22.761999,1.507000,-76,0.000000,7,8
1,23.000000,22.739000,1.625000,-76,0.000000,7,8
1,23.000000,22.617001,1.494000,-76,0.000000,7,8
1,23.000000,22.733999,1.467000,-76,0.000000,7,8
1,23.000000,22.624001,1.499000,-76,0.000000,7,8
1,23.000000,22.683001,1.666000,-76,0.000000,7,8
1,23.000000,22.617001,1.284000,-76,0.000000,7,8
1,23.000000,22.648001,1.734000,-76,0.000000,7,8
1,23.000000,22.561001,1.528000,-76,0.000000,7,8
1,23.000000,22.669001,1.136000,-76,0.000000,7,8
1,23.000000,22.791000,1.489000,-76,0.000000,7,8
1,23.000000,22.561001,1.214000,-76,0.000000,7,8
1,23.000000,22.798000,1.497000,-76,0.000000,7,8
1,23.000000,22.677999,1.532000,-76,0.000000,7,8
1,23.000000,22.624001,1.313000,-76,0.000000,7,8
1,23.000000,22.627001,1.432000,-76,0.000000,7,8
1,23.000000,22.563000,1.258000,-77,0.000000,7,8
1,23.000000,22.445999,1.069000,-77,0.000000,7,8
1,23.000000,22.533001,0.757000,-77,0.000000,7,8
1,23.000000,22.537001,0.113000,-77,0.000000,7,8
1,23.000000,22.500000,0.217000,-77,0.000000,7,8
1,23.000000,22.472000,0.286000,-77,0.000000,7,8
1,23.000000,22.596001,0.133000,-77,0.000000,7,8
1,23.000000,22.502001,0.406000,-77,0.000000,7,8
1,23.000000,22.535000,0.757000,-76,0.000000,7,8
1,23.000000,22.382999,1.019000,-77,0.000000,7,8
1,23.000000,22.552000,0.282000,-77,0.000000,7,8
1,23.000000,22.497999,0.743000,-77,0.000000,7,8
1,23.000000,22.466999,0.716000,-78,0.000000,7,8
1,23.000000,22.530001,0.989000,-78,0.000000,7,8
1,23.000000,22.466999,0.989000,-78,0.000000,7,8
1,23.000000,22.476999,1.273000,-77,0.000000,7,8
1,23.000000,22.445999,1.427000,-77,0.000000,7,8
1,23.000000,22.535000,1.342000,-77,0.000000,7,8
1,23.000000,22.558001,1.299000,-77,0.000000,7,8
1,23.000000,22.591000,0.834000,-76,0.000000,7,8
1,23.000000,22.739000,0.819000,-76,0.000000,7,8
1,23.000000,22.684999,1.010000,-76,0.000000,7,8
1,23.000000,22.799999,0.964000,-76,0.000000,7,8
1,23.000000,22.847000,0.689000,-76,0.000000,7,8
1,23.000000,22.819000,0.802000,-76,0.000000,7,8
1,23.000000,22.820999,0.900000,-76,0.000000,7,8
1,23.000000,22.648001,0.112000,-76,0.000000,7,8
1,23.000000,22.726999,0.922000,-76,0.000000,7,8
1,23.000000,22.645000,0.944000,-76,0.000000,7,8
1,23.000000,22.537001,0.945000,-76,0.000000,7,8
1,23.000000,21.951000,0.412000,-77,0.000000,7,8
1,23.000000,22.561001,0.828000,-77,0.000000,7,8
1,23.000000,22.523001,1.164000,-77,0.000000,7,8
1,23.000000,22.624001,0.163000,-76,0.000000,7,8
1,23.000000,22.357000,0.857000,-77,0.000000,7,8
1,23.000000,22.431999,1.063000,-77,0.000000,7,8
1,23.000000,22.612000,0.980000,-77,0.000000,7,8
1,23.000000,22.413000,1.098000,-77,0.000000,7,8
1,23.000000,22.378000,0.764000,-78,0.000000,7,8
1,23.000000,22.552000,0.282000,-76,0.000000,7,8
1,23.000000,22.561001,0.289000,-75,0.000000,7,8
1,23.000000,22.479000,1.135000,-76,0.000000,7,8
1,23.000000,22.568001,0.209000,-75,0.000000,7,8
1,23.000000,22.375999,0.182000,-77,0.000000,7,8
1,23.000000,23.000999,1.295000,-77,0.000000,7,8
1,23.000000,22.733999,1.191000,-75,0.000000,7,8
1,23.000000,22.445999,1.182000,-74,0.000000,7,8
1,23.000000,22.620001,0.240000,-76,0.000000,7,8
1,23.000000,22.701000,0.212000,-75,0.000000,7,8
1,23.000000,22.540001,0.192000,-76,0.000000,7,8
1,23.000000,22.739000,0.882000,-75,0.000000,7,8
1,23.000000,23.115999,0.792000,-76,0.000000,7,8
1,23.000000,22.938000,0.996000,-77,0.000000,7,8
1,23.000000,22.771999,0.625000,-77,0.000000,7,8
1,23.000000,22.684999,1.210000,-77,0.000000,7,8
1,23.000000,22.509001,1.136000,-77,0.000000,7,8
1,23.000000,22.556000,0.830000,-77,0.000000,7,8
1,23.000000,22.474001,0.895000,-77,0.000000,7,8
1,23.000000,22.474001,1.317000,-76,0.000000,7,8
1,23.000000,22.788000,0.221000,-77,0.000000,7,8
1,23.000000,22.847000,0.674000,-75,0.000000,7,8
1,23.000000,22.115999,0.465000,-76,0.000000,7,8
1,23.000000,21.804001,0.604000,-77,0.000000,7,8
1,23.000000,22.861000,1.606000,-75,0.000000,7,8
1,23.000000,22.645000,1.396000,-76,0.000000,7,8
1,23.000000,22.826000,0.859000,-78,0.000000,7,8
1,23.000000,22.441000,0.386000,-77,0.000000,7,8
1,23.000000,22.148001,0.325000,-79,0.000000,7,8
1,23.000000,22.416000,0.301000,-77,0.000000,7,8
1,23.000000,22.472000,0.192000,-78,0.000000,7,8
1,23.000000,22.497999,1.211000,-75,0.000000,7,8
1,23.000000,22.502001,1.153000,-76,0.000000,7,8
1,23.000000,22.587000,1.497000,-77,0.000000,7,8
1,23.000000,22.652000,0.676000,-77,0.000000,7,8
1,23.000000,22.502001,1.205000,-78,0.000000,7,8
1,23.000000,22.378000,0.717000,-78,0.000000,7,8
1,23.000000,22.502001,0.573000,-78,0.000000,7,8
1,23.000000,22.849001,0.676000,-78,0.000000,7,8
1,23.000000,22.770000,0.497000,-78,0.000000,7,8
1,23.000000,22.535000,0.828000,-78,0.000000,7,8
1,23.000000,22.558001,0.643000,-78,0.000000,7,8
1,23.000000,22.530001,0.184000,-79,0.000000,7,8
1,23.000000,22.671000,0.348000,-78,0.000000,7,8
1,23.000000,22.545000,0.655000,-78,0.000000,7,8
1,23.000000,22.533001,0.419000,-78,0.000000,7,8
1,23.000000,22.416000,0.713000,-78,0.000000,7,8
1,23.000000,22.476999,0.957000,-78,0.000000,7,8
1,23.000000,22.186001,0.636000,-78,0.000000,7,8
1,23.000000,22.330999,1.059000,-78,0.000000,7,8
1,23.000000,22.472000,1.395000,-78,0.000000,7,8
1,23.000000,22.344999,0.812000,-78,0.000000,7,8
1,23.000000,22.445999,0.343000,-79,0.000000,7,8
1,23.000000,22.237000,1.348000,-78,0.000000,7,8
1,23.000000,22.392000,0.952000,-78,0.000000,7,8
1,23.000000,22.389999,0.480000,-78,0.000000,7,8
1,23.000000,22.263000,1.403000,-77,0.000000,7,8
1,23.000000,22.333000,1.326000,-77,0.000000,7,8
1,23.000000,22.416000,0.908000,-78,0.000000,7,8
1,23.000000,22.153000,1.256000,-77,0.000000,7,8
1,23.000000,22.330999,1.260000,-78,0.000000,7,8
1,23.000000,22.294001,0.457000,-78,0.000000,7,8
1,23.000000,22.507000,1.234000,-78,0.000000,7,8
1,23.000000,22.437000,1.401000,-78,0.000000,7,8
1,23.000000,22.587000,1.100000,-78,0.000000,7,8
1,23.000000,22.438999,0.503000,-78,0.000000,7,8
1,23.000000,22.327000,1.246000,-78,0.000000,7,8
1,23.000000,22.395000,0.862000,-77,0.000000,7,8
1,23.000000,22.392000,0.889000,-77,0.000000,7,8
1,23.000000,22.323999,0.897000,-78,0.000000,7,8
1,23.000000,22.357000,0.784000,-78,0.000000,7,8
1,23.000000,22.389999,0.894000,-77,0.000000,7,8
1,23.000000,22.511999,0.841000,-77,0.000000,7,8
1,23.000000,22.507000,0.741000,-77,0.000000,7,8
1,23.000000,22.379999,0.979000,-78,0.000000,7,8
1,23.000000,22.382999,0.848000,-77,0.000000,7,8
1,23.000000,22.364000,0.511000,-77,0.000000,7,8
1,23.000000,22.448000,0.558000,-77,0.000000,7,8
1,23.000000,22.348000,0.784000,-77,0.000000,7,8
1,23.000000,22.386999,0.892000,-77,0.000000,7,8
1,23.000000,22.500000,0.450000,-77,0.000000,7,8
1,23.000000,22.358999,0.897000,-77,0.000000,7,8
1,23.000000,22.392000,0.809000,-77,0.000000,7,8
1,23.000000,22.451000,0.775000,-77,0.000000,7,8
1,23.000000,22.420000,0.752000,-77,0.000000,7,8
1,23.000000,22.441000,0.653000,-77,0.000000,7,8
1,23.000000,22.357000,0.433000,-77,0.000000,7,8
1,23.000000,22.530001,0.396000,-77,0.000000,7,8
1,23.000000,22.469999,0.656000,-77,0.000000,7,8
1,23.000000,22.438999,0.922000,-77,0.000000,7,8
1,23.000000,22.500000,0.255000,-78,0.000000,7,8
1,23.000000,22.444000,0.369000,-77,0.000000,7,8
1,23.000000,22.444000,0.731000,-77,0.000000,7,8
1,23.000000,22.441000,0.674000,-77,0.000000,7,8
1,23.000000,22.545000,0.432000,-78,0.000000,7,8
1,23.000000,22.474001,0.793000,-77,0.000000,7,8
1,23.000000,22.507000,0.604000,-77,0.000000,7,8
1,23.000000,22.413000,0.561000,-77,0.000000,7,8
1,23.000000,22.486000,0.842000,-77,0.000000,7,8
1,23.000000,22.472000,0.771000,-77,0.000000,7,8
1,23.000000,22.444000,0.348000,-77,0.000000,7,8
1,23.000000,22.417999,0.814000,-77,0.000000,7,8
1,23.000000,22.417999,0.762000,-77,0.000000,7,8
1,23.000000,22.466999,0.690000,-77,0.000000,7,8
1,23.000000,22.438999,0.804000,-77,0.000000,7,8
1,23.000000,22.378000,0.750000,-77,0.000000,7,8
1,23.000000,22.420000,0.452000,-77,0.000000,7,8
1,23.000000,22.382999,0.652000,-77,0.000000,7,8
1,23.000000,22.351999,0.804000,-77,0.000000,7,8
1,23.000000,22.424999,0.609000,-77,0.000000,7,8
1,23.000000,22.444000,0.558000,-77,0.000000,7,8
1,23.000000,22.344999,0.624000,-77,0.000000,7,8
1,23.000000,22.362000,0.753000,-77,0.000000,7,8
1,23.000000,22.386999,0.407000,-77,0.000000,7,8
1,23.000000,22.444000,0.470000,-78,0.000000,7,8
1,23.000000,22.417999,0.448000,-77,0.000000,7,8
1,23.000000,22.385000,0.390000,-77,0.000000,7,8
1,23.000000,22.476000,0.852000,-77,0.000000,7,8
1,23.000000,22.413000,0.892000,-77,0.000000,7,8
1,23.000000,22.416000,0.521000,-77,0.000000,7,8
1,23.000000,22.476999,0.821000,-77,0.000000,7,8
1,23.000000,22.469999,1.388000,-77,0.000000,7,8
1,23.000000,22.294001,0.443000,-77,0.000000,7,8
1,23.000000,22.474001,0.937000,-77,0.000000,7,8
1,23.000000,22.451000,0.774000,-77,0.000000,7,8
1,23.000000,22.587000,0.483000,-77,0.000000,7,8
1,23.000000,22.481001,1.210000,-77,0.000000,7,8
1,23.000000,22.514000,0.757000,-77,0.000000,7,8
1,23.000000,22.540001,0.648000,-77,0.000000,7,8
1,23.000000,22.409000,1.106000,-77,0.000000,7,8
1,23.000000,22.423000,0.842000,-77,0.000000,7,8
1,23.000000,22.445999,0.523000,-77,0.000000,7,8
1,23.000000,22.448000,0.908000,-77,0.000000,7,8
1,23.000000,22.481001,0.858000,-77,0.000000,7,8
1,23.000000,22.507000,1.176000,-77,0.000000,7,8
1,23.000000,22.451000,0.783000,-77,0.000000,7,8
1,23.000000,22.358999,1.313000,-77,0.000000,7,8
1,23.000000,22.500000,0.432000,-77,0.000000,7,8
1,23.000000,22.323999,0.973000,-77,0.000000,7,8
1,23.000000,22.497999,1.107000,-77,0.000000,7,8
1,23.000000,22.445999,0.386000,-77,0.000000,7,8
1,23.000000,22.448000,1.089000,-77,0.000000,7,8
1,23.000000,22.416000,0.889000,-77,0.000000,7,8
1,23.000000,22.423000,1.133000,-77,0.000000,7,8
1,23.000000,22.389999,0.624000,-77,0.000000,7,8
1,23.000000,22.357000,1.238000,-77,0.000000,7,8
1,23.000000,22.330999,0.839000,-77,0.000000,7,8
1,23.000000,22.469999,0.628000,-77,0.000000,7,8
1,23.000000,22.409000,0.880000,-77,0.000000,7,8
1,23.000000,22.451000,1.201000,-77,0.000000,7,8
1,23.000000,22.409000,0.756000,-77,0.000000,7,8
1,23.000000,22.445999,0.632000,-78,0.000000,7,8
1,23.000000,22.465000,0.840000,-77,0.000000,7,8
1,23.000000,22.476999,0.954000,-77,0.000000,7,8
1,23.000000,22.445999,1.134000,-77,0.000000,7,8
1,23.000000,22.537001,0.822000,-77,0.000000,7,8
1,23.000000,22.451000,0.484000,-77,0.000000,7,8
1,23.000000,22.530001,0.568000,-77,0.000000,7,8
1,23.000000,22.438999,1.209000,-77,0.000000,7,8
1,23.000000,22.500000,0.785000,-77,0.000000,7,8
1,23.000000,22.465000,0.617000,-77,0.000000,7,8
1,23.000000,22.445999,1.110000,-77,0.000000,7,8
1,23.000000,22.329000,0.991000,-77,0.000000,7,8
1,23.000000,22.507000,0.787000,-77,0.000000,7,8
1,23.000000,22.268000,0.883000,-77,0.000000,7,8
1,23.000000,22.406000,1.329000,-77,0.000000,7,8
1,23.000000,22.448000,0.763000,-77,0.000000,7,8
1,23.000000,22.416000,0.829000,-77,0.000000,7,8
1,23.000000,22.413000,1.207000,-77,0.000000,7,8
1,23.000000,22.445999,1.074000,-77,0.000000,7,8
1,23.000000,22.379999,0.883000,-77,0.000000,7,8
1,23.000000,22.465000,0.561000,-77,0.000000,7,8
1,23.000000,22.416000,0.397000,-77,0.000000,7,8
1,23.000000,22.322001,1.282000,-77,0.000000,7,8
1,23.000000,22.507000,1.132000,-77,0.000000,7,8
1,23.000000,22.329000,0.579000,-77,0.000000,7,8
1,23.000000,22.358999,0.999000,-77,0.000000,7,8
1,23.000000,22.479000,0.711000,-77,0.000000,7,8
1,23.000000,22.438999,0.486000,-77,0.000000,7,8
1,23.000000,22.389999,0.515000,-77,0.000000,7,8
1,23.000000,22.330999,0.712000,-77,0.000000,7,8
1,23.000000,22.448000,0.742000,-77,0.000000,7,8
1,23.000000,22.389999,0.785000,-77,0.000000,7,8
1,23.000000,22.528000,0.450000,-77,0.000000,7,8
1,23.000000,22.507000,0.521000,-78,0.000000,7,8
1,23.000000,22.476999,0.827000,-78,0.000000,7,8
1,23.000000,22.375999,0.777000,-77,0.000000,7,8
1,23.000000,22.507000,0.760000,-77,0.000000,7,8
1,23.000000,22.445999,0.503000,-77,0.000000,7,8
1,23.000000,22.507000,0.813000,-77,0.000000,7,8
1,23.000000,22.413000,0.496000,-78,0.000000,7,8
1,23.000000,22.423000,1.267000,-77,0.000000,7,8
1,23.000000,22.357000,0.898000,-77,0.000000,7,8
1,23.000000,22.379999,0.858000,-78,0.000000,7,8
1,23.000000,22.273001,1.218000,-77,0.000000,7,8
1,23.000000,22.351999,1.000000,-77,0.000000,7,8
1,23.000000,22.481001,0.755000,-77,0.000000,7,8
1,23.000000,22.423000,0.786000,-78,0.000000,7,8
1,23.000000,22.362000,1.150000,-77,0.000000,7,8
1,23.000000,22.389999,0.849000,-77,0.000000,7,8
1,23.000000,22.382999,0.976000,-77,0.000000,7,8
1,23.000000,22.507000,0.833000,-77,0.000000,7,8
1,23.000000,22.301001,1.224000,-77,0.000000,7,8
1,23.000000,22.385000,1.254000,-77,0.000000,7,8
1,23.000000,22.396999,1.044000,-77,0.000000,7,8
1,23.000000,22.296000,0.832000,-77,0.000000,7,8
1,23.000000,22.509001,1.216000,-77,0.000000,7,8
1,23.000000,22.382999,0.913000,-77,0.000000,7,8
1,23.000000,22.296000,1.218000,-77,0.000000,7,8
1,23.000000,22.270000,1.304000,-77,0.000000,7,8
1,23.000000,22.323999,1.165000,-77,0.000000,7,8
1,23.000000,22.389999,0.720000,-77,0.000000,7,8
1,23.000000,22.392000,1.309000,-77,0.000000,7,8
1,23.000000,22.395000,1.407000,-77,0.000000,7,8
1,23.000000,22.445999,0.411000,-77,0.000000,7,8
1,23.000000,22.481001,1.275000,-77,0.000000,7,8
1,23.000000,22.424999,1.234000,-77,0.000000,7,8
1,23.000000,22.448000,0.520000,-77,0.000000,7,8
1,23.000000,22.417999,1.257000,-77,0.000000,7,8
1,23.000000,22.441000,0.967000,-77,0.000000,7,8
1,23.000000,22.537001,0.589000,-77,0.000000,7,8
1,23.000000,22.386999,0.527000,-77,0.000000,7,8
1,23.000000,22.413000,1.176000,-77,0.000000,7,8
1,23.000000,22.438999,0.595000,-77,0.000000,7,8
1,23.000000,22.423000,0.343000,-77,0.000000,7,8
1,23.000000,22.364000,1.205000,-77,0.000000,7,8
1,23.000000,22.525999,0.801000,-77,0.000000,7,8
1,23.000000,22.507000,1.369000,-77,0.000000,7,8
1,23.000000,22.448000,0.449000,-77,0.000000,7,8
1,23.000000,22.445999,1.078000,-77,0.000000,7,8
1,23.000000,22.344999,0.749000,-77,0.000000,7,8
1,23.000000,22.533001,1.076000,-77,0.000000,7,8
1,23.000000,22.444000,1.203000,-77,0.000000,7,8
1,23.000000,22.535000,1.001000,-77,0.000000,7,8
1,23.000000,22.479000,0.765000,-77,0.000000,7,8
1,23.000000,22.348000,1.053000,-77,0.000000,7,8
1,23.000000,22.444000,0.840000,-77,0.000000,7,8
1,23.000000,22.476000,1.027000,-77,0.000000,7,8
1,23.000000,22.472000,1.035000,-77,0.000000,7,8
1,23.000000,22.386999,1.036000,-77,0.000000,7,8
1,23.000000,22.424999,1.306000,-77,0.000000,7,8
1,23.000000,22.329000,1.007000,-77,0.000000,7,8
1,23.000000,22.382999,0.640000,-77,0.000000,7,8
1,23.000000,22.389999,1.339000,-77,0.000000,7,8
1,23.000000,22.472000,1.344000,-77,0.000000,7,8
1,23.000000,22.413000,1.149000,-77,0.000000,7,8
1,23.000000,22.392000,1.511000,-77,0.000000,7,8
1,23.000000,22.504999,0.793000,-77,0.000000,7,8
1,23.000000,22.362000,0.676000,-78,0.000000,7,8
1,23.000000,22.389999,1.380000,-77,0.000000,7,8
1,23.000000,22.362000,0.854000,-77,0.000000,7,8
1,23.000000,22.392000,0.732000,-77,0.000000,7,8
1,23.000000,22.357000,1.351000,-77,0.000000,7,8
1,23.000000,22.431999,1.150000,-77,0.000000,7,8
1,23.000000,22.474001,1.041000,-77,0.000000,7,8
1,23.000000,22.358999,1.348000,-77,0.000000,7,8
1,23.000000,22.294001,1.525000,-77,0.000000,7,8
1,23.000000,22.474001,0.784000,-77,0.000000,7,8
1,23.000000,22.417999,1.125000,-77,0.000000,7,8
1,23.000000,22.420000,1.398000,-77,0.000000,7,8
1,23.000000,22.294001,1.401000,-77,0.000000,7,8
1,23.000000,22.469999,0.975000,-77,0.000000,7,8
1,23.000000,22.542000,0.782000,-77,0.000000,7,8
1,23.000000,22.416000,1.383000,-77,0.000000,7,8
1,23.000000,22.395000,1.596000,-77,0.000000,7,8
1,23.000000,22.424999,1.361000,-77,0.000000,7,8
1,23.000000,22.476000,1.099000,-77,0.000000,7,8
1,23.000000,22.448000,0.792000,-77,0.000000,7,8
1,23.000000,22.323999,1.362000,-77,0.000000,7,8
1,23.000000,22.465000,1.005000,-77,0.000000,7,8
1,23.000000,22.476999,0.564000,-77,0.000000,7,8
1,23.000000,22.444000,1.272000,-77,0.000000,7,8
1,23.000000,22.348000,1.456000,-77,0.000000,7,8
1,23.000000,22.379999,0.873000,-77,0.000000,7,8
1,23.000000,22.420000,1.561000,-77,0.000000,7,8
1,23.000000,22.417999,1.102000,-77,0.000000,7,8
1,23.000000,22.530001,0.771000,-77,0.000000,7,8
1,23.000000,22.448000,1.284000,-77,0.000000,7,8
1,23.000000,22.507000,1.360000,-77,0.000000,7,8
1,23.000000,22.393999,0.730000,-77,0.000000,7,8
1,23.000000,22.469999,1.152000,-77,0.000000,7,8
1,23.000000,22.355000,1.427000,-77,0.000000,7,8
1,23.000000,22.417999,0.975000,-77,0.000000,7,8
1,23.000000,22.355000,1.280000,-77,0.000000,7,8
1,23.000000,22.382999,1.058000,-77,0.000000,7,8
1,23.000000,22.270000,1.126000,-77,0.000000,7,8
1,23.000000,22.417999,0.876000,-77,0.000000,7,8
1,23.000000,22.495001,0.957000,-76,0.000000,7,8
1,23.000000,22.537001,0.522000,-77,0.000000,7,8
1,23.000000,22.385000,0.725000,-77,0.000000,7,8
1,23.000000,22.385000,0.981000,-77,0.000000,7,8
1,23.000000,22.382999,0.716000,-77,0.000000,7,8
1,23.000000,22.327000,1.092000,-77,0.000000,7,8
1,23.000000,22.330999,1.034000,-77,0.000000,7,8
1,23.000000,22.266001,0.895000,-77,0.000000,7,8
1,23.000000,22.379999,0.858000,-77,0.000000,7,8
1,23.000000,22.305000,0.854000,-77,0.000000,7,8
1,23.000000,22.410999,0.697000,-77,0.000000,7,8
1,23.000000,22.301001,0.541000,-77,0.000000,7,8
1,23.000000,22.308001,0.796000,-77,0.000000,7,8
1,23.000000,22.382999,0.710000,-77,0.000000,7,8
1,23.000000,22.289000,0.304000,-78,0.000000,7,8
1,23.000000,22.329000,0.891000,-77,0.000000,7,8
1,23.000000,22.294001,0.657000,-77,0.000000,7,8
1,23.000000,22.416000,0.739000,-77,0.000000,7,8
1,23.000000,22.323999,0.312000,-77,0.000000,7,8
1,23.000000,22.502001,0.311000,-77,0.000000,7,8
1,23.000000,22.469999,0.749000,-77,0.000000,7,8
1,23.000000,22.357000,0.327000,-77,0.000000,7,8
1,23.000000,22.357000,0.297000,-78,0.000000,7,8
1,23.000000,22.329000,0.852000,-77,0.000000,7,8
1,23.000000,22.270000,0.337000,-77,0.000000,7,8
1,23.000000,22.242001,0.484000,-77,0.000000,7,8
1,23.000000,22.395000,0.517000,-77,0.000000,7,8
1,23.000000,22.509001,0.594000,-77,0.000000,7,8
1,23.000000,22.298000,0.814000,-77,0.000000,7,8
1,23.000000,22.445999,0.291000,-78,0.000000,7,8
1,23.000000,22.410999,0.798000,-77,0.000000,7,8
1,23.000000,22.441000,0.741000,-77,0.000000,7,8
1,23.000000,22.476000,0.195000,-78,0.000000,7,8
1,23.000000,22.375999,0.726000,-78,0.000000,7,8
1,23.000000,22.357000,0.752000,-77,0.000000,7,8
1,23.000000,22.437000,0.306000,-77,0.000000,7,8
1,23.000000,22.382999,0.619000,-78,0.000000,7,8
1,23.000000,22.334000,0.846000,-78,0.000000,7,8
1,23.000000,22.382999,0.410000,-78,0.000000,7,8
1,23.000000,22.424999,0.795000,-78,0.000000,7,8
1,23.000000,22.386999,0.991000,-78,0.000000,7,8
1,23.000000,22.270000,0.640000,-78,0.000000,7,8
1,23.000000,22.474001,0.779000,-77,0.000000,7,8
1,23.000000,22.444000,0.859000,-77,0.000000,7,8
1,23.000000,22.355000,0.748000,-77,0.000000,7,8
1,23.000000,22.327000,0.544000,-78,0.000000,7,8
1,23.000000,22.408001,0.390000,-78,0.000000,7,8
1,23.000000,22.417999,0.359000,-77,0.000000,7,8
1,23.000000,22.362000,1.258000,-77,0.000000,7,8
1,23.000000,22.495001,1.248000,-77,0.000000,7,8
1,23.000000,22.378000,0.838000,-77,0.000000,7,8
1,23.000000,22.474001,0.560000,-77,0.000000,7,8
1,23.000000,22.511999,1.090000,-78,0.000000,7,8
1,23.000000,22.410999,0.848000,-78,0.000000,7,8
1,23.000000,22.386999,0.720000,-78,0.000000,7,8
1,23.000000,22.323999,0.725000,-78,0.000000,7,8
1,23.000000,22.500000,0.563000,-78,0.000000,7,8
1,23.000000,22.362000,0.557000,-78,0.000000,7,8
1,23.000000,22.409000,0.406000,-78,0.000000,7,8
1,23.000000,22.472000,0.616000,-78,0.000000,7,8
1,23.000000,22.413000,0.584000,-78,0.000000,7,8
1,23.000000,22.409000,0.570000,-78,0.000000,7,8
1,23.000000,22.389999,0.650000,-78,0.000000,7,8
1,23.000000,22.573000,0.505000,-78,0.000000,7,8
1,23.000000,22.451000,0.317000,-78,0.000000,7,8
1,23.000000,22.323999,0.707000,-78,0.000000,7,8
1,23.000000,22.451000,0.580000,-77,0.000000,7,8
1,23.000000,22.382999,0.323000,-78,0.000000,7,8
1,23.000000,22.410999,0.489000,-78,0.000000,7,8
1,23.000000,22.476999,0.713000,-78,0.000000,7,8
1,23.000000,22.476000,0.289000,-78,0.000000,7,8
1,23.000000,22.298000,0.722000,-77,0.000000,7,8
1,23.000000,22.424999,0.306000,-77,0.000000,7,8
1,23.000000,22.474001,0.463000,-78,0.000000,7,8
1,23.000000,22.392000,0.740000,-78,0.000000,7,8
1,23.000000,22.409000,0.829000,-78,0.000000,7,8
1,23.000000,22.413000,0.641000,-77,0.000000,7,8
1,23.000000,22.386999,0.894000,-78,0.000000,7,8
1,23.000000,22.441000,1.067000,-77,0.000000,7,8
1,23.000000,22.330999,1.495000,-77,0.000000,7,8
1,23.000000,22.472000,1.247000,-77,0.000000,7,8
1,23.000000,22.445999,1.347000,-77,0.000000,7,8
1,23.000000,22.395000,0.867000,-77,0.000000,7,8
1,23.000000,22.448000,1.169000,-77,0.000000,7,8
1,23.000000,22.326000,1.355000,-77,0.000000,7,8
1,23.000000,22.469999,1.190000,-77,0.000000,7,8
1,23.000000,22.528000,1.021000,-78,0.000000,7,8
1,23.000000,22.504999,1.011000,-77,0.000000,7,8
1,23.000000,22.479000,0.754000,-77,0.000000,7,8
1,23.000000,22.296000,0.383000,-78,0.000000,7,8
1,23.000000,22.413000,0.496000,-77,0.000000,7,8
1,23.000000,22.502001,1.103000,-77,0.000000,7,8
1,23.000000,22.386999,1.093000,-77,0.000000,7,8
1,23.000000,22.451000,0.970000,-76,0.000000,7,8
1,23.000000,22.469000,1.132000,-76,0.000000,7,8
1,23.000000,22.350000,0.773000,-77,0.000000,7,8
1,23.000000,22.413000,1.172000,-76,0.000000,7,8
1,23.000000,22.507000,1.008000,-76,0.000000,7,8
1,23.000000,22.358999,0.620000,-77,0.000000,7,8
1,23.000000,22.413000,1.215000,-77,0.000000,7,8
1,23.000000,22.507000,1.255000,-76,0.000000,7,8
1,23.000000,22.472000,1.141000,-76,0.000000,7,8
1,23.000000,22.327000,1.556000,-76,0.000000,7,8
1,23.000000,22.474001,1.451000,-76,0.000000,7,8
1,23.000000,22.444000,1.105000,-76,0.000000,7,8
1,23.000000,22.476000,1.499000,-76,0.000000,7,8
1,23.000000,22.556000,1.612000,-76,0.000000,7,8
1,23.000000,22.500000,1.635000,-77,0.000000,7,8
1,23.000000,22.530001,1.460000,-76,0.000000,7,8
1,23.000000,22.683001,1.221000,-77,0.000000,7,8
1,23.000000,22.537001,1.485000,-76,0.000000,7,8
1,23.000000,22.441000,1.251000,-76,0.000000,7,8
1,23.000000,22.434000,1.532000,-76,0.000000,7,8
1,23.000000,22.589001,0.943000,-77,0.000000,7,8
1,23.000000,22.465000,1.217000,-76,0.000000,7,8
1,23.000000,22.528000,0.864000,-76,0.000000,7,8
1,23.000000,22.466999,1.048000,-76,0.000000,7,8
1,23.000000,22.444000,1.072000,-76,0.000000,7,8
1,23.000000,22.504999,1.057000,-76,0.000000,7,8
1,23.000000,22.444000,1.235000,-76,0.000000,7,8
1,23.000000,22.502001,1.033000,-76,0.000000,7,8
1,23.000000,22.329000,1.536000,-76,0.000000,7,8
1,23.000000,22.469999,1.741000,-75,0.000000,7,8
1,23.000000,22.410999,1.021000,-76,0.000000,7,8
1,23.000000,22.476000,1.310000,-76,0.000000,7,8
1,23.000000,22.389999,1.598000,-76,0.000000,7,8
1,23.000000,22.413000,1.925000,-76,0.000000,7,8
1,23.000000,22.242001,1.677000,-77,0.000000,7,8
1,23.000000,22.214001,1.797000,-77,0.000000,7,8
1,23.000000,22.177000,1.042000,-78,0.000000,7,8
1,23.000000,22.364000,1.332000,-78,0.000000,7,8
1,23.000000,22.298000,1.489000,-77,0.000000,7,8
1,23.000000,22.235001,0.839000,-78,0.000000,7,8
1,23.000000,22.533001,0.158000,-80,0.000000,7,8
1,23.000000,22.437000,0.820000,-79,0.000000,7,8
1,23.000000,22.266001,0.174000,-79,0.000000,7,8
1,23.000000,22.201000,0.269000,-79,0.000000,7,8
1,23.000000,22.497999,0.762000,-79,0.000000,7,8
1,23.000000,22.413000,0.160000,-78,0.000000,7,8
1,23.000000,22.594000,0.592000,-78,0.000000,7,8
1,23.000000,22.737000,1.240000,-79,0.000000,7,8
1,23.000000,22.389999,1.605000,-78,0.000000,7,8
1,23.000000,22.561001,1.011000,-77,0.000000,7,8
1,23.000000,22.417999,1.456000,-77,0.000000,7,8
1,23.000000,22.502001,1.472000,-77,0.000000,7,8
1,23.000000,22.552000,0.737000,-77,0.000000,7,8
1,23.000000,22.655001,0.688000,-78,0.000000,7,8
1,23.000000,22.558001,0.775000,-77,0.000000,7,8
1,23.000000,22.509001,0.248000,-78,0.000000,7,8
1,23.000000,22.589001,0.522000,-78,0.000000,7,8
1,23.000000,22.615000,0.706000,-77,0.000000,7,8
1,23.000000,22.542000,0.764000,-77,0.000000,7,8
1,23.000000,22.620001,0.761000,-77,0.000000,7,8
1,23.000000,22.474001,0.391000,-78,0.000000,7,8
1,23.000000,22.535000,1.184000,-77,0.000000,7,8
1,23.000000,22.451000,0.829000,-77,0.000000,7,8
1,23.000000,22.615000,0.566000,-77,0.000000,7,8
1,23.000000,22.558001,0.903000,-77,0.000000,7,8
1,23.000000,22.537001,0.886000,-78,0.000000,7,8
1,23.000000,22.537001,0.948000,-77,0.000000,7,8
1,23.000000,22.566000,1.364000,-78,0.000000,7,8
1,23.000000,22.504999,1.144000,-77,0.000000,7,8
1,23.000000,22.444000,0.695000,-78,0.000000,7,8
1,23.000000,22.497999,0.904000,-77,0.000000,7,8
1,23.000000,22.525999,0.894000,-77,0.000000,7,8
1,23.000000,22.444000,0.442000,-78,0.000000,7,8
1,23.000000,22.502001,1.002000,-77,0.000000,7,8
1,23.000000,22.441000,1.031000,-78,0.000000,7,8
1,23.000000,22.410999,0.517000,-78,0.000000,7,8
1,23.000000,22.504999,1.385000,-77,0.000000,7,8
1,23.000000,22.375999,1.015000,-78,0.000000,7,8
1,23.000000,22.472000,0.716000,-78,0.000000,7,8
1,23.000000,22.296000,1.052000,-78,0.000000,7,8
1,23.000000,22.420000,1.016000,-78,0.000000,7,8
1,23.000000,22.416000,0.579000,-78,0.000000,7,8
1,23.000000,22.382999,0.870000,-78,0.000000,7,8
1,23.000000,22.333000,1.053000,-77,0.000000,7,8
1,23.000000,22.474001,0.720000,-78,0.000000,7,8
1,23.000000,22.385000,0.595000,-78,0.000000,7,8
1,23.000000,22.296000,1.216000,-77,0.000000,7,8
1,23.000000,22.364000,0.793000,-78,0.000000,7,8
1,23.000000,22.357000,0.973000,-78,0.000000,7,8
1,23.000000,22.502001,0.979000,-78,0.000000,7,8
1,23.000000,22.417999,0.690000,-78,0.000000,7,8
1,23.000000,22.479000,0.972000,-78,0.000000,7,8
1,23.000000,22.323999,1.064000,-77,0.000000,7,8
1,23.000000,22.445999,0.802000,-77,0.000000,7,8
1,23.000000,22.500000,0.733000,-78,0.000000,7,8
1,23.000000,22.431999,1.127000,-77,0.000000,7,8
1,23.000000,22.385000,1.041000,-77,0.000000,7,8
1,23.000000,22.322001,0.467000,-78,0.000000,7,8
1,23.000000,22.289000,1.088000,-77,0.000000,7,8
1,23.000000,22.452999,0.820000,-77,0.000000,7,8
1,23.000000,22.530001,0.454000,-78,0.000000,7,8
1,23.000000,22.445999,0.888000,-77,0.000000,7,8
1,23.000000,22.385000,0.990000,-77,0.000000,7,8
1,23.000000,22.386999,0.780000,-77,0.000000,7,8
1,23.000000,22.423000,0.983000,-77,0.000000,7,8
1,23.000000,22.445999,0.960000,-77,0.000000,7,8
1,23.000000,22.474001,0.698000,-77,0.000000,7,8
1,23.000000,22.386999,1.152000,-77,0.000000,7,8
1,23.000000,22.497999,1.007000,-77,0.000000,7,8
1,23.000000,22.350000,1.211000,-77,0.000000,7,8
1,23.000000,22.357000,1.079000,-77,0.000000,7,8
1,23.000000,22.296000,0.659000,-78,0.000000,7,8
1,23.000000,22.270000,1.256000,-77,0.000000,7,8
1,23.000000,22.495001,0.606000,-78,0.000000,7,8
1,23.000000,22.403999,1.080000,-77,0.000000,7,8
1,23.000000,22.385000,1.074000,-77,0.000000,7,8
1,23.000000,22.413000,0.534000,-78,0.000000,7,8
1,23.000000,22.469999,1.374000,-77,0.000000,7,8
1,23.000000,22.476000,0.976000,-77,0.000000,7,8
1,23.000000,22.500000,1.006000,-77,0.000000,7,8
1,23.000000,22.392000,1.086000,-77,0.000000,7,8
1,23.000000,22.561001,0.783000,-77,0.000000,7,8
1,23.000000,22.474001,0.810000,-77,0.000000,7,8
1,23.000000,22.327000,1.026000,-78,0.000000,7,8
1,23.000000,22.423000,1.057000,-77,0.000000,7,8
1,23.000000,22.437000,0.666000,-77,0.000000,7,8
1,23.000000,22.417999,1.111000,-77,0.000000,7,8
1,23.000000,22.294001,1.152000,-77,0.000000,7,8
1,23.000000,22.476999,1.099000,-77,0.000000,7,8
1,23.000000,22.323999,0.918000,-77,0.000000,7,8
1,23.000000,22.417999,1.459000,-77,0.000000,7,8
1,23.000000,22.451000,0.770000,-77,0.000000,7,8
1,23.000000,22.417999,0.893000,-78,0.000000,7,8
1,23.000000,22.320000,1.040000,-77,0.000000,7,8
1,23.000000,22.245001,0.876000,-77,0.000000,7,8
1,23.000000,22.410999,0.868000,-78,0.000000,7,8
1,23.000000,22.323999,1.069000,-77,0.000000,7,8
1,23.000000,22.417999,0.775000,-77,0.000000,7,8
1,23.000000,22.379999,0.576000,-78,0.000000,7,8
1,23.000000,22.296000,1.060000,-77,0.000000,7,8
1,23.000000,22.289000,0.830000,-77,0.000000,7,8
1,23.000000,22.448000,0.570000,-78,0.000000,7,8
1,23.000000,22.451000,1.310000,-78,0.000000,7,8
1,23.000000,22.441000,1.046000,-77,0.000000,7,8
1,23.000000,22.181000,1.163000,-77,0.000000,7,8
1,23.000000,22.395000,0.783000,-77,0.000000,7,8
1,23.000000,22.351999,1.106000,-77,0.000000,7,8
1,23.000000,22.355000,1.330000,-78,0.000000,7,8
1,23.000000,22.441000,0.859000,-77,0.000000,7,8
1,23.000000,22.396999,1.090000,-77,0.000000,7,8
1,23.000000,22.245001,1.034000,-78,0.000000,7,8
1,23.000000,22.372999,0.849000,-77,0.000000,7,8
1,23.000000,22.469999,1.021000,-77,0.000000,7,8
1,23.000000,22.420000,0.625000,-77,0.000000,7,8
1,23.000000,22.434000,1.173000,-78,0.000000,7,8
1,23.000000,22.315001,1.171000,-78,0.000000,7,8
1,23.000000,22.382999,0.644000,-78,0.000000,7,8
1,23.000000,22.392000,1.252000,-77,0.000000,7,8
1,23.000000,22.385000,1.105000,-78,0.000000,7,8
1,23.000000,22.348000,1.029000,-77,0.000000,7,8
1,23.000000,22.474001,0.745000,-77,0.000000,7,8
1,23.000000,22.441000,0.362000,-78,0.000000,7,8
1,23.000000,22.275000,0.905000,-77,0.000000,7,8
1,23.000000,22.336000,0.910000,-77,0.000000,7,8
1,23.000000,22.476999,1.364000,-77,0.000000,7,8
1,23.000000,22.379999,0.828000,-77,0.000000,7,8
1,23.000000,22.301001,1.147000,-77,0.000000,7,8
1,23.000000,22.448000,1.472000,-77,0.000000,7,8
1,23.000000,22.469999,1.074000,-77,0.000000,7,8
1,23.000000,22.502001,0.656000,-77,0.000000,7,8
1,23.000000,22.266001,0.954000,-78,0.000000,7,8
1,23.000000,22.472000,0.838000,-78,0.000000,7,8
1,23.000000,22.413000,0.622000,-78,0.000000,7,8
1,23.000000,22.392000,1.076000,-78,0.000000,7,8
1,23.000000,22.469999,0.986000,-77,0.000000,7,8
1,23.000000,22.351999,0.613000,-78,0.000000,7,8
1,23.000000,22.174000,1.064000,-78,0.000000,7,8
1,23.000000,22.350000,1.024000,-77,0.000000,7,8
1,23.000000,22.375999,0.682000,-77,0.000000,7,8
1,23.000000,22.483000,0.916000,-78,0.000000,7,8
1,23.000000,22.441000,1.090000,-77,0.000000,7,8
1,23.000000,22.389999,1.088000,-77,0.000000,7,8
1,23.000000,22.378000,1.315000,-78,0.000000,7,8
1,23.000000,22.294001,1.121000,-77,0.000000,7,8
1,23.000000,22.386999,1.233000,-77,0.000000,7,8
1,23.000000,22.358999,1.432000,-77,0.000000,7,8
1,23.000000,22.323999,1.469000,-77,0.000000,7,8
1,23.000000,22.358999,1.230000,-77,0.000000,7,8
1,23.000000,22.445999,0.895000,-77,0.000000,7,8
1,23.000000,22.266001,1.473000,-77,0.000000,7,8
1,23.000000,22.323999,0.956000,-77,0.000000,7,8
1,23.000000,22.466999,1.063000,-77,0.000000,7,8
1,23.000000,22.441000,0.612000,-77,0.000000,7,8
1,23.000000,22.416000,0.921000,-77,0.000000,7,8
1,23.000000,22.364000,0.935000,-77,0.000000,7,8
1,23.000000,22.441000,1.434000,-77,0.000000,7,8
1,23.000000,22.385000,1.017000,-77,0.000000,7,8
1,23.000000,22.392000,0.999000,-77,0.000000,7,8
1,23.000000,22.448000,1.052000,-77,0.000000,7,8
1,23.000000,22.382999,1.123000,-77,0.000000,7,8
1,23.000000,22.413000,0.876000,-77,0.000000,7,8
1,23.000000,22.448000,0.506000,-77,0.000000,7,8
1,23.000000,22.355000,1.044000,-77,0.000000,7,8
1,23.000000,22.601000,0.994000,-77,0.000000,7,8
1,23.000000,22.481001,0.584000,-78,0.000000,7,8
1,23.000000,22.533001,1.394000,-77,0.000000,7,8
1,23.000000,22.504999,1.056000,-77,0.000000,7,8
1,23.000000,22.437000,0.646000,-77,0.000000,7,8
1,23.000000,22.469999,1.073000,-77,0.000000,7,8
1,23.000000,22.511999,0.792000,-77,0.000000,7,8
1,23.000000,22.326000,1.066000,-77,0.000000,7,8
1,23.000000,22.386999,1.127000,-77,0.000000,7,8
1,23.000000,22.474001,1.204000,-77,0.000000,7,8
1,23.000000,22.448000,1.122000,-77,0.000000,7,8
1,23.000000,22.330999,1.467000,-76,0.000000,7,8
1,23.000000,22.451000,1.067000,-77,0.000000,7,8
1,23.000000,22.476000,1.044000,-77,0.000000,7,8
1,23.000000,22.472000,1.511000,-77,0.000000,7,8
1,23.000000,22.392000,1.315000,-77,0.000000,7,8
1,23.000000,22.350000,0.758000,-77,0.000000,7,8
1,23.000000,22.336000,1.134000,-77,0.000000,7,8
1,23.000000,22.348000,1.092000,-77,0.000000,7,8
1,23.000000,22.386999,0.933000,-77,0.000000,7,8
1,23.000000,22.327000,1.455000,-77,0.000000,7,8
1,23.000000,22.417999,1.090000,-77,0.000000,7,8
1,23.000000,22.386999,1.084000,-77,0.000000,7,8
1,23.000000,22.326000,1.090000,-77,0.000000,7,8
1,23.000000,22.382999,1.140000,-76,0.000000,7,8
1,23.000000,22.409000,1.047000,-76,0.000000,7,8
1,23.000000,22.379999,1.079000,-77,0.000000,7,8
1,23.000000,22.378000,1.070000,-77,0.000000,7,8
1,23.000000,22.528000,1.370000,-77,0.000000,7,8
1,23.000000,22.448000,0.796000,-77,0.000000,7,8
1,23.000000,22.393999,0.854000,-77,0.000000,7,8
1,23.000000,22.298000,1.061000,-77,0.000000,7,8
1,23.000000,22.365999,1.011000,-77,0.000000,7,8
1,23.000000,22.502001,0.836000,-77,0.000000,7,8
1,23.000000,22.323999,0.663000,-77,0.000000,7,8
1,23.000000,22.358999,0.911000,-77,0.000000,7,8
1,23.000000,22.423000,1.152000,-77,0.000000,7,8
1,23.000000,22.445999,1.341000,-77,0.000000,7,8
1,23.000000,22.417999,1.404000,-77,0.000000,7,8
1,23.000000,22.420000,1.499000,-77,0.000000,7,8
1,23.000000,22.396999,0.650000,-77,0.000000,7,8
1,23.000000,22.448000,0.582000,-77,0.000000,7,8
1,23.000000,22.500000,1.301000,-77,0.000000,7,8
1,23.000000,22.441000,0.797000,-77,0.000000,7,8
1,23.000000,22.476000,0.797000,-77,0.000000,7,8
1,23.000000,22.351999,1.489000,-77,0.000000,7,8
1,23.000000,22.301001,1.184000,-77,0.000000,7,8
1,23.000000,22.525999,1.260000,-77,0.000000,7,8
1,23.000000,22.490999,1.011000,-77,0.000000,7,8
1,23.000000,22.365999,0.968000,-77,0.000000,7,8
1,23.000000,22.322001,0.700000,-77,0.000000,7,8
1,23.000000,22.448000,1.402000,-77,0.000000,7,8
1,23.000000,22.409000,1.473000,-77,0.000000,7,8
1,23.000000,22.420000,0.897000,-77,0.000000,7,8
1,23.000000,22.382999,1.422000,-77,0.000000,7,8
1,23.000000,22.385000,1.010000,-76,0.000000,7,8
1,23.000000,22.242001,1.074000,-77,0.000000,7,8
1,23.000000,22.444000,1.119000,-77,0.000000,7,8
1,23.000000,22.357000,1.068000,-77,0.000000,7,8
1,23.000000,22.329000,0.946000,-77,0.000000,7,8
1,23.000000,22.355000,1.631000,-77,0.000000,7,8
1,23.000000,22.296000,1.259000,-77,0.000000,7,8
1,23.000000,22.357000,1.028000,-77,0.000000,7,8
1,23.000000,22.266001,1.234000,-76,0.000000,7,8
1,23.000000,22.327000,1.254000,-77,0.000000,7,8
1,23.000000,22.329000,1.555000,-77,0.000000,7,8
1,23.000000,22.329000,1.209000,-77,0.000000,7,8
1,23.000000,22.420000,1.411000,-76,0.000000,7,8
1,23.000000,22.385000,1.184000,-77,0.000000,7,8
1,23.000000,22.362000,1.464000,-77,0.000000,7,8
1,23.000000,22.350000,1.521000,-77,0.000000,7,8
1,23.000000,22.413000,1.194000,-76,0.000000,7,8
1,23.000000,22.437000,0.941000,-77,0.000000,7,8
1,23.000000,22.445999,1.373000,-76,0.000000,7,8
1,23.000000,22.424999,1.266000,-76,0.000000,7,8
1,23.000000,22.364000,1.665000,-77,0.000000,7,8
1,23.000000,22.327000,1.259000,-77,0.000000,7,8
1,23.000000,22.445999,1.216000,-77,0.000000,7,8
1,23.000000,22.497999,1.004000,-77,0.000000,7,8
1,23.000000,22.448000,1.378000,-77,0.000000,7,8
1,23.000000,22.452999,1.436000,-77,0.000000,7,8
1,23.000000,22.472000,1.029000,-77,0.000000,7,8
1,23.000000,22.327000,0.997000,-77,0.000000,7,8
1,23.000000,22.389999,1.447000,-77,0.000000,7,8
1,23.000000,22.417999,1.485000,-77,0.000000,7,8
1,23.000000,22.392000,1.239000,-77,0.000000,7,8
1,23.000000,22.298000,1.490000,-77,0.000000,7,8
1,23.000000,22.469999,1.416000,-77,0.000000,7,8
1,23.000000,22.382999,1.072000,-77,0.000000,7,8
1,23.000000,22.476000,1.293000,-77,0.000000,7,8
1,23.000000,22.469999,1.413000,-77,0.000000,7,8
1,23.000000,22.444000,1.213000,-77,0.000000,7,8
1,23.000000,22.537001,1.199000,-77,0.000000,7,8
1,23.000000,22.416000,1.487000,-77,0.000000,7,8
1,23.000000,22.481001,1.473000,-77,0.000000,7,8
1,23.000000,22.504999,1.304000,-77,0.000000,7,8
1,23.000000,22.207001,1.637000,-77,0.000000,7,8
1,23.000000,22.445999,1.003000,-77,0.000000,7,8
1,23.000000,22.504999,1.390000,-77,0.000000,7,8
1,23.000000,22.301001,1.262000,-77,0.000000,7,8
1,23.000000,22.396999,1.525000,-77,0.000000,7,8
1,23.000000,22.466999,1.137000,-77,0.000000,7,8
1,23.000000,22.385000,1.438000,-76,0.000000,7,8
1,23.000000,22.375999,1.208000,-76,0.000000,7,8
1,23.000000,22.500000,1.323000,-77,0.000000,7,8
1,23.000000,22.566000,1.581000,-77,0.000000,7,8
1,23.000000,22.476000,1.456000,-77,0.000000,7,8
1,23.000000,22.445999,1.016000,-77,0.000000,7,8
1,23.000000,22.535000,1.325000,-77,0.000000,7,8
1,23.000000,22.448000,1.564000,-77,0.000000,7,8
1,23.000000,22.386999,1.501000,-77,0.000000,7,8
1,23.000000,22.417999,1.075000,-77,0.000000,7,8
1,23.000000,22.476000,0.815000,-77,0.000000,7,8
1,23.000000,22.479000,1.036000,-77,0.000000,7,8
1,23.000000,22.355000,1.408000,-77,0.000000,7,8
1,23.000000,22.452999,1.415000,-77,0.000000,7,8
1,23.000000,22.474001,1.347000,-77,0.000000,7,8
1,23.000000,22.448000,1.527000,-77,0.000000,7,8
1,23.000000,22.413000,1.480000,-77,0.000000,7,8
1,23.000000,22.535000,1.290000,-77,0.000000,7,8
1,23.000000,22.479000,1.479000,-77,0.000000,7,8
1,23.000000,22.528000,1.053000,-76,0.000000,7,8
1,23.000000,22.451000,1.055000,-77,0.000000,7,8
1,23.000000,22.351999,1.165000,-77,0.000000,7,8
1,23.000000,22.476999,1.203000,-76,0.000000,7,8
1,23.000000,22.364000,1.353000,-77,0.000000,7,8
1,23.000000,22.336000,1.822000,-77,0.000000,7,8
1,23.000000,22.351999,1.181000,-77,0.000000,7,8
1,23.000000,22.448000,1.162000,-77,0.000000,7,8
1,23.000000,22.357000,0.843000,-77,0.000000,7,8
1,23.000000,22.413000,1.224000,-77,0.000000,7,8
1,23.000000,22.316999,1.228000,-77,0.000000,7,8
1,23.000000,22.469999,1.545000,-77,0.000000,7,8
1,23.000000,22.417999,1.435000,-77,0.000000,7,8
1,23.000000,22.358999,1.151000,-77,0.000000,7,8
1,23.000000,22.530001,0.985000,-77,0.000000,7,8
1,23.000000,22.403999,1.355000,-76,0.000000,7,8
1,23.000000,22.420000,1.485000,-76,0.000000,7,8
1,23.000000,22.437000,1.034000,-77,0.000000,7,8
1,23.000000,22.504999,1.030000,-77,0.000000,7,8
1,23.000000,22.434000,1.120000,-77,0.000000,7,8
1,23.000000,22.416000,1.197000,-77,0.000000,7,8
1,23.000000,22.445999,1.147000,-77,0.000000,7,8
1,23.000000,22.386999,1.082000,-77,0.000000,7,8
1,23.000000,22.507000,1.181000,-77,0.000000,7,8
1,23.000000,22.417999,1.179000,-77,0.000000,7,8
1,23.000000,22.389999,1.132000,-77,0.000000,7,8
1,23.000000,22.294001,1.265000,-77,0.000000,7,8
1,23.000000,22.451000,1.238000,-77,0.000000,7,8
1,23.000000,22.409000,1.135000,-77,0.000000,7,8
1,23.000000,22.445999,1.452000,-76,0.000000,7,8
1,23.000000,22.382999,1.117000,-77,0.000000,7,8
1,23.000000,22.386999,1.558000,-77,0.000000,7,8
1,23.000000,22.323999,1.221000,-76,0.000000,7,8
1,23.000000,22.502001,1.557000,-77,0.000000,7,8
1,23.000000,22.474001,1.001000,-77,0.000000,7,8
1,23.000000,22.509001,1.025000,-76,0.000000,7,8
1,23.000000,22.530001,1.035000,-77,0.000000,7,8
1,23.000000,22.540001,1.488000,-76,0.000000,7,8
1,23.000000,22.497999,1.214000,-77,0.000000,7,8
1,23.000000,22.504999,1.234000,-76,0.000000,7,8
1,23.000000,22.385000,1.523000,-77,0.000000,7,8
1,23.000000,22.495001,1.042000,-76,0.000000,7,8
1,23.000000,22.410999,0.910000,-76,0.000000,7,8
1,23.000000,22.444000,0.852000,-77,0.000000,7,8
1,23.000000,22.481001,1.117000,-77,0.000000,7,8
1,23.000000,22.441000,1.427000,-76,0.000000,7,8
1,23.000000,22.448000,1.473000,-77,0.000000,7,8
1,23.000000,22.500000,0.714000,-77,0.000000,7,8
1,23.000000,22.533001,1.096000,-77,0.000000,7,8
1,23.000000,22.395000,1.217000,-77,0.000000,7,8
1,23.000000,22.410999,1.041000,-77,0.000000,7,8
1,23.000000,22.355000,1.221000,-77,0.000000,7,8
1,23.000000,22.445999,0.995000,-77,0.000000,7,8
1,23.000000,22.500000,1.336000,-77,0.000000,7,8
1,23.000000,22.382999,1.540000,-77,0.000000,7,8
1,23.000000,22.423000,0.834000,-77,0.000000,7,8
1,23.000000,22.362000,1.567000,-77,0.000000,7,8
1,23.000000,22.481001,1.153000,-77,0.000000,7,8
1,23.000000,22.410999,1.153000,-76,0.000000,7,8
1,23.000000,22.355000,1.431000,-77,0.000000,7,8
1,23.000000,22.296000,1.125000,-77,0.000000,7,8
1,23.000000,22.395000,0.949000,-77,0.000000,7,8
1,23.000000,22.392000,0.589000,-77,0.000000,7,8
1,23.000000,22.445999,1.023000,-76,0.000000,7,8
1,23.000000,22.413000,1.086000,-77,0.000000,7,8
1,23.000000,22.507000,0.902000,-77,0.000000,7,8
1,23.000000,22.445999,0.976000,-76,0.000000,7,8
1,23.000000,22.327000,1.096000,-77,0.000000,7,8
1,23.000000,22.465000,1.080000,-77,0.000000,7,8
1,23.000000,22.410999,1.509000,-77,0.000000,7,8
1,23.000000,22.507000,1.059000,-76,0.000000,7,8
1,23.000000,22.540001,0.695000,-77,0.000000,7,8
1,23.000000,22.511999,1.443000,-77,0.000000,7,8
1,23.000000,22.445999,1.561000,-77,0.000000,7,8
1,23.000000,22.416000,1.028000,-77,0.000000,7,8
1,23.000000,22.362000,1.089000,-77,0.000000,7,8
1,23.000000,22.305000,1.528000,-76,0.000000,7,8
1,23.000000,22.455000,1.345000,-77,0.000000,7,8
1,23.000000,22.533001,0.998000,-77,0.000000,7,8
1,23.000000,22.357000,1.199000,-76,0.000000,7,8
1,23.000000,22.378000,1.539000,-76,0.000000,7,8
1,23.000000,22.445999,1.185000,-77,0.000000,7,8
1,23.000000,22.504999,1.417000,-77,0.000000,7,8
1,23.000000,22.424999,1.473000,-77,0.000000,7,8
1,23.000000,22.474001,0.967000,-76,0.000000,7,8
1,23.000000,22.379999,0.951000,-77,0.000000,7,8
1,23.000000,22.375999,1.196000,-77,0.000000,7,8
1,23.000000,22.379999,0.986000,-77,0.000000,7,8
1,23.000000,22.568001,1.230000,-77,0.000000,7,8
1,23.000000,22.323999,1.162000,-77,0.000000,7,8
1,23.000000,22.409000,1.297000,-77,0.000000,7,8
1,23.000000,22.406000,0.733000,-77,0.000000,7,8
1,23.000000,22.452999,1.022000,-77,0.000000,7,8
1,23.000000,22.357000,1.130000,-77,0.000000,7,8
1,23.000000,22.500000,0.981000,-77,0.000000,7,8
1,23.000000,22.476000,1.089000,-77,0.000000,7,8
1,23.000000,22.624001,0.954000,-77,0.000000,7,8
1,23.000000,22.386999,1.056000,-77,0.000000,7,8
1,23.000000,22.379999,1.066000,-77,0.000000,7,8
1,23.000000,22.452999,1.458000,-77,0.000000,7,8
1,23.000000,22.472000,1.032000,-76,0.000000,7,8
1,23.000000,22.355000,1.179000,-77,0.000000,7,8
1,23.000000,22.416000,1.097000,-77,0.000000,7,8
1,23.000000,22.523001,0.852000,-76,0.000000,7,8
1,23.000000,22.594000,0.664000,-77,0.000000,7,8
1,23.000000,22.469000,1.137000,-77,0.000000,7,8
1,23.000000,22.451000,1.063000,-76,0.000000,7,8
1,23.000000,22.350000,1.391000,-77,0.000000,7,8
1,23.000000,22.444000,1.081000,-77,0.000000,7,8
1,23.000000,22.452999,1.025000,-76,0.000000,7,8
1,23.000000,22.448000,1.146000,-76,0.000000,7,8
1,23.000000,22.451000,1.016000,-76,0.000000,7,8
1,23.000000,22.424999,1.036000,-76,0.000000,7,8
1,23.000000,22.466999,1.027000,-76,0.000000,7,8
1,23.000000,22.438999,1.509000,-77,0.000000,7,8
1,23.000000,22.386999,1.217000,-76,0.000000,7,8
1,23.000000,22.514000,1.480000,-77,0.000000,7,8
1,23.000000,22.558001,1.012000,-76,0.000000,7,8
1,23.000000,22.558001,1.087000,-76,0.000000,7,8
1,23.000000,22.263000,1.530000,-76,0.000000,7,8
1,23.000000,22.504999,1.588000,-77,0.000000,7,8
1,23.000000,22.438999,1.635000,-77,0.000000,7,8
1,23.000000,22.474001,1.132000,-77,0.000000,7,8
1,23.000000,22.240000,1.215000,-76,0.000000,7,8
1,23.000000,22.350000,1.528000,-76,0.000000,7,8
1,23.000000,22.445999,0.796000,-77,0.000000,7,8
1,23.000000,22.413000,1.427000,-76,0.000000,7,8
1,23.000000,22.351999,1.409000,-76,0.000000,7,8
1,23.000000,22.378000,1.148000,-76,0.000000,7,8
1,23.000000,22.438999,1.108000,-77,0.000000,7,8
1,23.000000,22.330999,1.199000,-77,0.000000,7,8
1,23.000000,22.507000,0.915000,-77,0.000000,7,8
1,23.000000,22.509001,0.761000,-77,0.000000,7,8
1,23.000000,22.472000,1.110000,-77,0.000000,7,8
1,23.000000,22.528000,0.911000,-77,0.000000,7,8
1,23.000000,22.500000,0.955000,-77,0.000000,7,8
1,23.000000,22.385000,1.245000,-77,0.000000,7,8
1,23.000000,22.395000,1.191000,-76,0.000000,7,8
1,23.000000,22.385000,0.891000,-77,0.000000,7,8
1,23.000000,22.416000,1.815000,-77,0.000000,7,8
1,23.000000,22.474001,1.290000,-77,0.000000,7,8
1,23.000000,22.476999,1.168000,-77,0.000000,7,8
1,23.000000,22.472000,1.497000,-76,0.000000,7,8
1,23.000000,22.444000,1.268000,-77,0.000000,7,8
1,23.000000,22.561001,1.460000,-77,0.000000,7,8
1,23.000000,22.240000,1.703000,-76,0.000000,7,8
1,23.000000,22.268000,1.215000,-76,0.000000,7,8
1,23.000000,22.322001,1.203000,-77,0.000000,7,8
1,23.000000,22.273001,1.621000,-77,0.000000,7,8
1,23.000000,22.386999,1.160000,-77,0.000000,7,8
1,23.000000,22.445999,1.387000,-77,0.000000,7,8
1,23.000000,22.472000,0.876000,-77,0.000000,7,8
1,23.000000,22.445999,1.143000,-76,0.000000,7,8
1,23.000000,22.270000,1.170000,-77,0.000000,7,8
1,23.000000,22.357000,1.365000,-77,0.000000,7,8
1,23.000000,22.469999,1.211000,-76,0.000000,7,8
1,23.000000,22.333000,1.256000,-76,0.000000,7,8
1,23.000000,22.445999,1.550000,-77,0.000000,7,8
1,23.000000,22.444000,1.073000,-76,0.000000,7,8
1,23.000000,22.270000,1.094000,-76,0.000000,7,8
1,23.000000,22.448000,1.239000,-77,0.000000,7,8
1,23.000000,22.296000,1.149000,-77,0.000000,7,8
1,23.000000,22.330999,1.319000,-77,0.000000,7,8
1,23.000000,22.533001,0.823000,-77,0.000000,7,8
1,23.000000,22.452999,1.194000,-76,0.000000,7,8
1,23.000000,22.416000,1.026000,-76,0.000000,7,8
1,23.000000,22.392000,1.299000,-76,0.000000,7,8
1,23.000000,22.296000,1.094000,-76,0.000000,7,8
1,23.000000,22.362000,1.133000,-77,0.000000,7,8
1,23.000000,22.410999,1.033000,-76,0.000000,7,8
1,23.000000,22.174000,1.202000,-76,0.000000,7,8
1,23.000000,22.502001,1.018000,-77,0.000000,7,8
1,23.000000,22.233000,1.260000,-76,0.000000,7,8
1,23.000000,22.358999,1.198000,-76,0.000000,7,8
1,23.000000,22.355000,0.790000,-77,0.000000,7,8
1,23.000000,22.408001,1.056000,-76,0.000000,7,8
1,23.000000,22.355000,1.208000,-77,0.000000,7,8
1,23.000000,22.322001,1.131000,-76,0.000000,7,8
1,23.000000,22.385000,0.989000,-77,0.000000,7,8
1,23.000000,22.448000,0.853000,-77,0.000000,7,8
1,23.000000,22.235001,1.149000,-77,0.000000,7,8
1,23.000000,22.385000,1.108000,-76,0.000000,7,8
1,23.000000,22.451000,0.848000,-77,0.000000,7,8
1,23.000000,22.444000,1.125000,-76,0.000000,7,8
1,23.000000,22.277000,0.477000,-76,0.000000,7,8
1,23.000000,22.476000,0.604000,-77,0.000000,7,8
1,23.000000,22.474001,0.830000,-77,0.000000,7,8
1,23.000000,22.474001,1.174000,-77,0.000000,7,8
1,23.000000,22.917000,1.174000,-78,0.000000,7,8
1,23.000000,22.792999,1.501000,-76,0.000000,7,8
1,23.000000,22.770000,1.233000,-76,0.000000,7,8
1,23.000000,23.086000,0.195000,-75,0.000000,7,8
1,23.000000,22.848000,0.331000,-75,0.000000,7,8
1,23.000000,22.382000,0.651000,-73,0.000000,7,8
1,23.000000,22.497999,0.428000,-76,0.000000,7,8
1,23.000000,22.923000,0.435000,-77,0.000000,7,8
1,23.000000,22.707001,1.306000,-77,0.000000,7,8
1,23.000000,24.341999,0.493000,-77,0.000000,7,8
1,23.000000,22.511999,1.886000,-78,0.000000,7,8
1,23.000000,22.469999,1.895000,-76,0.000000,7,8
1,23.000000,22.645000,1.515000,-77,0.000000,7,8
1,23.000000,22.879999,1.526000,-76,0.000000,7,8
1,23.000000,22.740999,1.413000,-76,0.000000,7,8
1,23.000000,22.507000,0.312000,-77,0.000000,7,8
1,23.000000,22.110001,0.230000,-80,0.000000,7,8
1,23.000000,21.841000,0.537000,-80,0.000000,7,8
1,23.000000,22.032000,0.319000,-79,0.000000,7,8
1,23.000000,22.282000,0.190000,-79,0.000000,7,8
1,23.000000,22.554001,0.112000,-78,0.000000,7,8
1,23.000000,21.916000,0.350000,-80,0.000000,7,8
1,23.000000,21.757000,0.391000,-78,0.000000,7,8
1,23.000000,22.270000,0.154000,-77,0.000000,7,8
1,23.000000,22.474001,0.201000,-76,0.000000,7,8
1,23.000000,22.570000,0.354000,-76,0.000000,7,8
1,23.000000,22.444000,0.634000,-77,0.000000,7,8
1,23.000000,22.382999,1.075000,-76,0.000000,7,8
1,23.000000,22.441000,1.091000,-76,0.000000,7,8
1,23.000000,22.379999,0.994000,-76,0.000000,7,8
1,23.000000,22.329000,1.123000,-77,0.000000,7,8
1,23.000000,22.410999,1.115000,-76,0.000000,7,8
1,23.000000,22.322001,1.030000,-77,0.000000,7,8
1,23.000000,22.408001,1.099000,-77,0.000000,7,8
1,23.000000,22.386999,1.100000,-76,0.000000,7,8
1,23.000000,22.296000,0.899000,-77,0.000000,7,8
1,23.000000,22.322001,1.116000,-77,0.000000,7,8
1,23.000000,22.302999,1.231000,-76,0.000000,7,8
1,23.000000,22.296000,1.161000,-77,0.000000,7,8
1,23.000000,22.155001,1.408000,-77,0.000000,7,8
1,23.000000,22.357000,0.858000,-77,0.000000,7,8
1,23.000000,22.327000,0.798000,-77,0.000000,7,8
1,23.000000,22.320000,1.014000,-77,0.000000,7,8
1,23.000000,22.348000,0.855000,-77,0.000000,7,8
1,23.000000,22.448000,0.752000,-77,0.000000,7,8
1,23.000000,22.476000,0.321000,-78,0.000000,7,8
1,23.000000,22.504999,0.766000,-77,0.000000,7,8
1,23.000000,22.406000,0.490000,-77,0.000000,7,8
1,23.000000,22.445999,0.436000,-77,0.000000,7,8
1,23.000000,22.329000,0.883000,-77,0.000000,7,8
1,23.000000,22.523001,0.654000,-77,0.000000,7,8
1,23.000000,22.476999,0.382000,-77,0.000000,7,8
1,23.000000,22.476999,0.705000,-77,0.000000,7,8
1,23.000000,22.504999,0.513000,-77,0.000000,7,8
1,23.000000,22.348000,0.709000,-77,0.000000,7,8
1,23.000000,22.476000,0.893000,-77,0.000000,7,8
1,23.000000,22.535000,0.839000,-76,0.000000,7,8
1,23.000000,22.617001,0.307000,-77,0.000000,7,8
1,23.000000,22.525999,0.401000,-77,0.000000,7,8
1,23.000000,22.504999,0.688000,-77,0.000000,7,8
1,23.000000,22.502001,0.855000,-77,0.000000,7,8
1,23.000000,22.451000,0.771000,-77,0.000000,7,8
1,23.000000,22.437000,0.333000,-77,0.000000,7,8
1,23.000000,22.466999,0.591000,-77,0.000000,7,8
1,23.000000,22.554001,0.343000,-78,0.000000,7,8
1,23.000000,22.563000,0.903000,-77,0.000000,7,8
1,23.000000,22.441000,0.860000,-77,0.000000,7,8
1,23.000000,22.445999,0.472000,-77,0.000000,7,8
1,23.000000,22.417999,0.822000,-77,0.000000,7,8
1,23.000000,22.530001,1.026000,-77,0.000000,7,8
1,23.000000,22.413000,0.663000,-77,0.000000,7,8
1,23.000000,22.416000,0.479000,-77,0.000000,7,8
1,23.000000,22.385000,1.042000,-77,0.000000,7,8
1,23.000000,22.389999,0.592000,-77,0.000000,7,8
1,23.000000,22.396999,1.064000,-76,0.000000,7,8
1,23.000000,22.561001,0.466000,-77,0.000000,7,8
1,23.000000,22.441000,0.972000,-76,0.000000,7,8
1,23.000000,22.389999,0.847000,-77,0.000000,7,8
1,23.000000,22.420000,1.100000,-77,0.000000,7,8
1,23.000000,22.417999,0.779000,-77,0.000000,7,8
1,23.000000,22.410999,1.015000,-76,0.000000,7,8
1,23.000000,22.511999,0.786000,-77,0.000000,7,8
1,23.000000,22.413000,1.072000,-77,0.000000,7,8
1,23.000000,22.409000,1.079000,-77,0.000000,7,8
1,23.000000,22.410999,0.463000,-77,0.000000,7,8
1,23.000000,22.448000,0.331000,-77,0.000000,7,8
1,23.000000,22.530001,0.926000,-77,0.000000,7,8
1,23.000000,22.533001,0.729000,-77,0.000000,7,8
1,23.000000,22.437000,0.280000,-77,0.000000,7,8
1,23.000000,22.497999,0.925000,-77,0.000000,7,8
1,23.000000,22.591000,1.043000,-77,0.000000,7,8
1,23.000000,22.357000,0.815000,-78,0.000000,7,8
1,23.000000,22.237000,1.343000,-77,0.000000,7,8
1,23.000000,22.266001,1.324000,-77,0.000000,7,8
1,23.000000,22.273001,1.407000,-78,0.000000,7,8
1,23.000000,22.497999,1.112000,-77,0.000000,7,8
1,23.000000,22.500000,0.919000,-78,0.000000,7,8
1,23.000000,22.378000,0.253000,-78,0.000000,7,8
1,23.000000,22.322001,0.987000,-77,0.000000,7,8
1,23.000000,22.441000,1.252000,-76,0.000000,7,8
1,23.000000,22.301001,0.805000,-77,0.000000,7,8
1,23.000000,22.596001,1.192000,-78,0.000000,7,8
1,23.000000,22.507000,1.517000,-77,0.000000,7,8
1,23.000000,22.580000,1.097000,-77,0.000000,7,8
1,23.000000,22.320000,0.858000,-78,0.000000,7,8
1,23.000000,22.476999,0.830000,-78,0.000000,7,8
1,23.000000,22.395000,0.497000,-78,0.000000,7,8
1,23.000000,22.451000,1.023000,-76,0.000000,7,8
1,23.000000,22.323999,1.327000,-77,0.000000,7,8
1,23.000000,22.563000,1.329000,-76,0.000000,7,8
1,23.000000,22.673000,0.961000,-76,0.000000,7,8
1,23.000000,22.392000,0.504000,-77,0.000000,7,8
1,23.000000,22.659000,0.928000,-77,0.000000,7,8
1,23.000000,22.413000,1.559000,-76,0.000000,7,8
1,23.000000,22.296000,1.088000,-78,0.000000,7,8
1,23.000000,22.351999,0.771000,-78,0.000000,7,8
1,23.000000,22.545000,0.656000,-77,0.000000,7,8
1,23.000000,22.570000,0.421000,-77,0.000000,7,8
1,23.000000,22.587000,0.952000,-77,0.000000,7,8
1,23.000000,22.396999,1.094000,-78,0.000000,7,8
1,23.000000,23.198000,0.640000,-78,0.000000,7,8
1,23.000000,22.629000,1.087000,-76,0.000000,7,8
1,23.000000,22.938000,0.379000,-77,0.000000,7,8
1,23.000000,22.891001,1.298000,-76,0.000000,7,8
1,23.000000,23.006001,0.651000,-77,0.000000,7,8
1,23.000000,22.739000,1.204000,-76,0.000000,7,8
1,23.000000,21.962999,0.368000,-77,0.000000,7,8
1,23.000000,22.737000,1.029000,-76,0.000000,7,8
1,23.000000,22.469999,1.064000,-75,0.000000,7,8
1,23.000000,22.591000,1.289000,-75,0.000000,7,8
1,23.000000,21.875999,0.872000,-77,0.000000,7,8
1,23.000000,22.528000,1.132000,-77,0.000000,7,8
1,23.000000,22.316000,0.286000,-79,0.000000,7,8
1,23.000000,22.712999,1.253000,-77,0.000000,7,8
1,23.000000,22.912001,1.515000,-77,0.000000,7,8
1,23.000000,22.712999,1.644000,-76,0.000000,7,8
1,23.000000,22.767000,1.159000,-75,0.000000,7,8
1,23.000000,22.798000,1.086000,-76,0.000000,7,8
1,23.000000,22.652000,0.996000,-76,0.000000,7,8
1,23.000000,22.798000,1.026000,-77,0.000000,7,8
1,23.000000,22.739000,1.645000,-76,0.000000,7,8
1,23.000000,22.732000,1.671000,-76,0.000000,7,8
1,23.000000,22.739000,1.572000,-77,0.000000,7,8
1,23.000000,22.875000,1.544000,-76,0.000000,7,8
1,23.000000,22.908001,1.498000,-77,0.000000,7,8
1,23.000000,22.882000,1.104000,-77,0.000000,7,8
1,23.000000,23.027000,1.259000,-76,0.000000,7,8
1,23.000000,22.978001,1.649000,-76,0.000000,7,8
1,23.000000,22.764999,1.395000,-76,0.000000,7,8
1,23.000000,22.540001,1.731000,-76,0.000000,7,8
1,23.000000,22.712999,1.673000,-76,0.000000,7,8
1,23.000000,22.561001,1.145000,-77,0.000000,7,8
1,23.000000,22.704000,0.991000,-76,0.000000,7,8
1,23.000000,22.620001,0.998000,-76,0.000000,7,8
1,23.000000,22.469999,0.723000,-76,0.000000,7,8
1,23.000000,22.584999,0.220000,-76,0.000000,7,8
1,23.000000,22.561001,0.204000,-76,0.000000,7,8
1,23.000000,22.730000,0.230000,-76,0.000000,7,8
1,23.000000,22.615000,0.322000,-77,0.000000,7,8
1,23.000000,22.856001,0.182000,-76,0.000000,7,8
1,23.000000,22.629000,0.363000,-77,0.000000,7,8
1,23.000000,22.650000,0.686000,-76,0.000000,7,8
1,23.000000,22.680000,1.437000,-75,0.000000,7,8
1,23.000000,22.737000,1.115000,-75,0.000000,7,8
1,23.000000,22.705999,1.050000,-75,0.000000,7,8
1,23.000000,22.620001,1.458000,-75,0.000000,7,8
1,23.000000,22.683001,1.532000,-75,0.000000,7,8
1,23.000000,22.558001,1.191000,-76,0.000000,7,8
1,23.000000,22.650000,1.707000,-76,0.000000,7,8
1,23.000000,22.591000,1.071000,-76,0.000000,7,8
1,23.000000,22.677999,0.910000,-76,0.000000,7,8
1,23.000000,22.851999,1.098000,-76,0.000000,7,8
1,23.000000,22.891001,0.743000,-76,0.000000,7,8
1,23.000000,22.767000,0.969000,-76,0.000000,7,8
1,23.000000,22.856001,0.173000,-76,0.000000,7,8
1,23.000000,22.884001,0.919000,-76,0.000000,7,8
1,23.000000,22.813000,0.230000,-77,0.000000,7,8
1,23.000000,22.945000,0.636000,-76,0.000000,7,8
1,23.000000,22.795000,0.862000,-76,0.000000,7,8
1,23.000000,22.698000,0.135000,-77,0.000000,7,8
1,23.000000,22.915001,0.253000,-77,0.000000,7,8
1,23.000000,23.025000,0.708000,-76,0.000000,7,8
1,23.000000,22.660000,0.240000,-76,0.000000,7,8
1,23.000000,22.622999,0.326000,-77,0.000000,7,8
1,23.000000,22.948000,0.727000,-76,0.000000,7,8
1,23.000000,22.820999,0.333000,-76,0.000000,7,8
1,23.000000,22.966000,0.649000,-76,0.000000,7,8
1,23.000000,22.886999,0.712000,-76,0.000000,7,8
1,23.000000,22.886999,0.204000,-76,0.000000,7,8
1,23.000000,22.604000,0.232000,-77,0.000000,7,8
1,23.000000,22.938000,0.502000,-76,0.000000,7,8
1,23.000000,22.691000,0.250000,-77,0.000000,7,8
1,23.000000,22.541000,0.257000,-76,0.000000,7,8
1,23.000000,22.726000,0.428000,-77,0.000000,7,8
1,23.000000,22.538000,0.442000,-76,0.000000,7,8
1,23.000000,22.107000,0.564000,-77,0.000000,7,8
1,23.000000,22.541000,0.396000,-77,0.000000,7,8
1,23.000000,22.150999,0.508000,-77,0.000000,7,8
1,23.000000,22.466000,0.261000,-76,0.000000,7,8
1,23.000000,22.660000,0.346000,-77,0.000000,7,8
1,23.000000,22.473000,0.232000,-76,0.000000,7,8
1,23.000000,22.235001,0.338000,-77,0.000000,7,8
1,23.000000,22.426001,0.348000,-77,0.000000,7,8
1,23.000000,22.153999,0.326000,-77,0.000000,7,8
1,23.000000,22.304001,0.367000,-76,0.000000,7,8
1,23.000000,22.466000,0.282000,-76,0.000000,7,8
1,23.000000,22.798000,0.249000,-76,0.000000,7,8
1,23.000000,22.701000,0.165000,-76,0.000000,7,8
1,23.000000,22.582001,0.235000,-76,0.000000,7,8
1,23.000000,22.216000,0.324000,-76,0.000000,7,8
1,23.000000,22.497999,0.273000,-76,0.000000,7,8
1,23.000000,22.395000,0.265000,-76,0.000000,7,8
1,23.000000,22.625999,0.195000,-76,0.000000,7,8
1,23.000000,22.229000,0.325000,-77,0.000000,7,8
1,23.000000,22.510000,0.334000,-76,0.000000,7,8
1,23.000000,22.229000,0.406000,-77,0.000000,7,8
1,23.000000,22.191000,0.352000,-77,0.000000,7,8
1,23.000000,22.462999,0.283000,-76,0.000000,7,8
1,23.000000,22.538000,0.313000,-76,0.000000,7,8
1,23.000000,22.143999,0.484000,-77,0.000000,7,8
1,23.000000,22.382000,0.343000,-76,0.000000,7,8
