1,11.000000,18.431000,0.468000,-62,0.000000,2,8
1,11.000000,15.762000,1.368000,-61,0.000000,7,8
1,11.000000,14.199000,1.389000,-65,0.000000,7,8
1,11.000000,18.112000,1.321000,-65,0.000000,7,8
1,11.000000,18.886999,0.429000,-63,0.000000,7,8
1,11.000000,18.900000,1.310000,-62,0.000000,5,8
1,11.000000,19.593000,0.849000,-62,0.000000,7,8
1,11.000000,18.412001,1.462000,-65,0.000000,7,8
1,11.000000,19.237000,2.398000,-65,0.000000,7,8
1,11.000000,18.534000,1.924000,-64,0.000000,7,8
1,11.000000,13.412000,1.587000,-64,0.000000,7,8
1,11.000000,15.612000,0.603000,-63,0.000000,7,8
1,11.000000,16.190001,1.299000,-64,0.000000,7,8
1,11.000000,14.674000,0.413000,-66,0.000000,7,8
1,11.000000,14.199000,0.680000,-65,0.000000,7,8
1,11.000000,12.324000,0.390000,-70,0.000000,7,8
1,11.000000,13.887000,0.703000,-68,0.000000,7,8
1,11.000000,15.612000,0.601000,-65,0.000000,7,8
1,11.000000,14.193000,1.324000,-69,0.000000,7,8
1,11.000000,10.565000,2.698000,-72,0.000000,7,8
1,11.000000,14.512000,1.505000,-67,0.000000,7,8
1,11.000000,14.325000,1.873000,-68,0.000000,6,8
1,11.000000,18.075001,1.451000,-69,0.000000,7,8
1,11.000000,17.636999,0.805000,-66,0.000000,7,8
1,11.000000,16.549000,0.733000,-64,0.000000,7,8
1,11.000000,16.077999,0.783000,-64,0.000000,7,8
1,11.000000,16.312000,0.601000,-65,0.000000,7,8
1,11.000000,17.325001,0.277000,-62,0.000000,7,8
1,11.000000,17.250000,0.390000,-62,0.000000,7,8
1,11.000000,17.011999,0.428000,-62,0.000000,7,8
1,11.000000,16.893000,0.653000,-60,0.000000,7,8
1,11.000000,16.667999,0.787000,-60,0.000000,7,8
1,11.000000,18.309000,0.481000,-59,0.000000,7,8
1,11.000000,16.549000,0.702000,-63,0.000000,7,8
1,11.000000,17.840000,1.294000,-65,0.000000,7,8
1,11.000000,16.386999,0.491000,-63,0.000000,7,8
1,11.000000,17.962000,0.000000,-63,0.000000,7,8
1,11.000000,17.025000,0.688000,-64,0.000000,7,8
1,11.000000,16.399000,1.014000,-61,0.000000,7,8
1,11.000000,16.546000,0.414000,-62,0.000000,7,8
1,11.000000,16.698999,0.499000,-60,0.000000,7,8
1,11.000000,17.830999,0.686000,-58,0.000000,7,8
1,11.000000,17.014999,0.827000,-58,0.000000,7,8
1,11.000000,17.962000,0.000000,-61,0.000000,7,8
1,11.000000,16.537001,0.000000,-59,0.000000,2,0
1,11.000000,17.962000,0.450000,-58,0.000000,7,8
1,11.000000,18.065001,0.659000,-60,0.000000,7,8
1,11.000000,17.636999,0.857000,-60,0.000000,7,8
1,11.000000,16.781000,0.747000,-59,0.000000,7,8
1,11.000000,16.549000,0.933000,-57,0.000000,7,8
1,11.000000,17.006001,0.701000,-58,0.000000,7,8
1,11.000000,17.014999,0.550000,-57,0.000000,7,8
1,11.000000,15.140000,0.783000,-58,0.000000,7,8
1,11.000000,15.375000,1.143000,-58,0.000000,7,8
1,11.000000,18.424000,0.301000,-58,0.000000,7,8
1,11.000000,18.075001,1.352000,-58,0.000000,7,8
1,11.000000,17.174999,0.852000,-60,0.000000,7,8
1,11.000000,18.309000,1.187000,-59,0.000000,7,8
1,11.000000,17.174999,1.260000,-61,0.000000,7,8
1,11.000000,18.187000,1.089000,-61,0.000000,7,8
1,11.000000,18.187000,1.579000,-64,0.000000,7,8
1,11.000000,18.099001,0.905000,-67,0.000000,7,8
1,11.000000,15.137000,1.013000,-66,0.000000,7,8
1,11.000000,16.200001,1.689000,-64,0.000000,7,8
1,11.000000,18.424000,0.541000,-63,0.000000,7,8
1,11.000000,17.606001,0.904000,-65,0.000000,7,8
1,11.000000,13.099000,2.164000,-68,0.000000,7,8
1,11.000000,18.431000,1.198000,-66,0.000000,7,8
1,11.000000,14.512000,2.474000,-68,0.000000,7,8
1,11.000000,16.712000,0.692000,-61,0.000000,7,8
1,11.000000,18.112000,0.652000,-65,0.000000,7,8
1,11.000000,17.259001,0.811000,-62,0.000000,7,8
1,11.000000,17.962000,0.000000,-57,0.000000,7,8
1,11.000000,16.434000,0.498000,-58,0.000000,7,8
1,11.000000,16.781000,0.754000,-55,0.000000,7,8
1,11.000000,17.325001,0.491000,-56,0.000000,7,8
1,11.000000,17.025000,0.752000,-58,0.000000,7,8
1,11.000000,15.612000,0.817000,-59,0.000000,7,8
1,11.000000,15.843000,0.896000,-57,0.000000,7,8
1,11.000000,16.549000,0.395000,-58,0.000000,7,8
1,11.000000,15.762000,0.301000,-61,0.000000,7,8
1,11.000000,15.762000,0.242000,-62,0.000000,7,8
1,11.000000,14.974000,0.445000,-63,0.000000,7,8
1,11.000000,13.378000,1.258000,-66,0.000000,7,8
1,11.000000,14.362000,0.595000,-64,0.000000,7,8
1,11.000000,14.199000,0.995000,-65,0.000000,7,8
1,11.000000,17.475000,0.744000,-65,0.000000,7,8
1,11.000000,16.399000,0.540000,-63,0.000000,7,8
1,11.000000,17.250000,0.495000,-62,0.000000,7,8
1,11.000000,18.737000,0.237000,-60,0.000000,7,8
1,11.000000,16.386999,0.961000,-61,0.000000,7,8
1,11.000000,18.075001,0.226000,-63,0.000000,7,8
1,11.000000,16.781000,0.450000,-61,0.000000,7,8
1,11.000000,16.549000,0.745000,-61,0.000000,7,8
1,11.000000,16.237000,0.460000,-62,0.000000,7,8
1,11.000000,16.320999,0.898000,-60,0.000000,7,8
1,11.000000,17.718000,0.659000,-59,0.000000,7,8
1,11.000000,15.956000,0.961000,-58,0.000000,7,8
1,11.000000,16.698999,0.657000,-59,0.000000,7,8
1,11.000000,16.549000,0.888000,-59,0.000000,7,8
1,11.000000,16.862000,0.336000,-57,0.000000,7,8
1,11.000000,17.174999,0.457000,-57,0.000000,7,8
1,11.000000,16.237000,1.085000,-57,0.000000,7,8
1,11.000000,16.862000,0.606000,-58,0.000000,7,8
1,11.000000,15.924000,0.328000,-60,0.000000,7,8
1,11.000000,15.450000,0.785000,-60,0.000000,7,8
1,11.000000,16.077999,0.745000,-60,0.000000,7,8
1,11.000000,16.537001,0.516000,-60,0.000000,5,8
1,11.000000,17.493000,0.468000,-58,0.000000,2,8
1,11.000000,15.150000,0.885000,-58,0.000000,7,8
1,11.000000,14.987000,1.478000,-58,0.000000,7,8
1,11.000000,15.612000,1.051000,-60,0.000000,7,8
1,11.000000,14.049000,1.740000,-61,0.000000,7,8
1,11.000000,12.487000,2.519000,-62,0.000000,7,8
1,11.000000,14.193000,1.143000,-62,0.000000,7,8
1,11.000000,12.796000,1.389000,-63,0.000000,7,8
1,11.000000,11.850000,2.688000,-62,0.000000,7,8
1,11.000000,13.425000,2.043000,-61,0.000000,7,8
1,11.000000,12.474000,2.186000,-63,0.000000,7,8
1,11.000000,13.262000,0.729000,-67,0.000000,7,8
1,11.000000,12.337000,0.637000,-68,0.000000,7,8
1,11.000000,13.040000,0.413000,-67,0.000000,7,8
1,11.000000,13.968000,0.825000,-68,0.000000,7,8
1,11.000000,14.199000,2.477000,-69,0.000000,6,8
1,11.000000,14.212000,1.886000,-68,0.000000,7,8
1,11.000000,12.440000,1.171000,-67,0.000000,7,8
1,11.000000,13.143000,0.972000,-65,0.000000,7,8
1,11.000000,15.150000,0.220000,-66,0.000000,5,8
1,11.000000,14.674000,0.917000,-66,0.000000,7,8
1,11.000000,12.649000,0.652000,-68,0.000000,7,8
1,11.000000,12.799000,1.054000,-68,0.000000,7,8
1,11.000000,13.425000,1.107000,-65,0.000000,7,8
1,11.000000,13.425000,0.961000,-64,0.000000,7,8
1,11.000000,13.587000,0.624000,-64,0.000000,7,8
1,11.000000,13.275000,0.873000,-60,0.000000,7,8
1,11.000000,15.140000,0.303000,-61,0.000000,7,8
1,11.000000,12.799000,1.084000,-67,0.000000,7,8
1,11.000000,13.968000,1.477000,-71,0.000000,7,8
1,11.000000,17.174999,0.895000,-67,0.000000,7,8
1,11.000000,17.240000,0.747000,-67,0.000000,7,8
1,11.000000,14.906000,0.780000,-70,0.000000,7,8
1,11.000000,14.362000,0.771000,-67,0.000000,7,8
1,11.000000,13.021000,1.716000,-66,0.000000,7,8
1,11.000000,13.725000,0.445000,-72,0.000000,7,8
1,11.000000,15.450000,0.427000,-65,0.000000,7,8
1,11.000000,16.073999,0.713000,-63,0.000000,7,8
1,11.000000,16.068001,0.645000,-63,0.000000,7,8
1,11.000000,16.549000,1.420000,-62,0.000000,7,8
1,11.000000,17.840000,0.460000,-62,0.000000,7,8
1,11.000000,18.573999,0.441000,-62,0.000000,7,8
1,11.000000,18.261999,0.616000,-62,0.000000,7,8
1,11.000000,15.924000,0.991000,-68,0.000000,7,8
1,11.000000,12.562000,1.753000,-67,0.000000,7,8
1,11.000000,15.462000,0.891000,-59,0.000000,7,8
1,11.000000,15.600000,0.238000,-55,0.000000,6,8
1,11.000000,14.987000,0.525000,-60,0.000000,7,8
1,11.000000,15.731000,0.413000,-61,0.000000,7,8
1,11.000000,15.253000,0.583000,-61,0.000000,7,8
1,11.000000,15.253000,0.468000,-62,0.000000,7,8
1,11.000000,14.987000,0.415000,-62,0.000000,7,8
1,11.000000,15.384000,1.037000,-62,0.000000,7,8
1,11.000000,15.612000,0.460000,-62,0.000000,7,8
1,11.000000,16.237000,0.599000,-63,0.000000,7,8
1,11.000000,16.312000,1.031000,-67,0.000000,7,8
1,11.000000,16.698999,0.850000,-66,0.000000,7,8
1,11.000000,13.887000,1.150000,-67,0.000000,7,8
1,11.000000,14.671000,0.615000,-66,0.000000,7,8
1,11.000000,13.968000,1.260000,-65,0.000000,7,8
1,11.000000,15.150000,0.778000,-63,0.000000,5,8
1,11.000000,15.450000,0.481000,-61,0.000000,7,8
1,11.000000,15.496000,0.434000,-59,0.000000,7,8
1,11.000000,15.150000,0.000000,-60,0.000000,7,8
1,11.000000,15.450000,0.257000,-58,0.000000,7,8
1,11.000000,16.386999,0.663000,-57,0.000000,7,8
1,11.000000,15.618000,0.390000,-58,0.000000,4,8
1,11.000000,15.450000,0.771000,-58,0.000000,7,8
1,11.000000,16.087000,0.342000,-57,0.000000,7,8
1,11.000000,15.731000,0.348000,-56,0.000000,7,8
1,11.000000,15.843000,0.487000,-55,0.000000,7,8
1,11.000000,16.386999,0.388000,-55,0.000000,7,8
1,11.000000,15.762000,0.510000,-55,0.000000,7,8
1,11.000000,15.612000,0.423000,-55,0.000000,7,8
1,11.000000,15.843000,0.242000,-55,0.000000,7,8
1,11.000000,15.609000,0.481000,-55,0.000000,7,8
1,11.000000,15.965000,0.604000,-55,0.000000,7,8
1,11.000000,16.073999,0.754000,-55,0.000000,7,8
1,11.000000,16.087000,0.000000,-55,0.000000,7,8
1,11.000000,17.006001,0.387000,-56,0.000000,3,8
1,11.000000,16.073999,0.686000,-56,0.000000,7,8
1,11.000000,16.549000,0.526000,-57,0.000000,7,8
1,11.000000,15.375000,0.639000,-58,0.000000,7,8
1,11.000000,15.762000,0.336000,-58,0.000000,7,8
1,11.000000,15.600000,0.174000,-59,0.000000,7,8
1,11.000000,16.556000,0.507000,-58,0.000000,7,8
1,11.000000,15.956000,0.301000,-59,0.000000,7,8
1,11.000000,16.077999,0.967000,-57,0.000000,7,8
1,11.000000,17.025000,0.348000,-57,0.000000,7,8
1,11.000000,17.174999,0.526000,-56,0.000000,7,8
1,11.000000,16.556000,0.649000,-56,0.000000,7,8
1,11.000000,16.087000,0.204000,-57,0.000000,7,8
1,11.000000,15.924000,0.224000,-59,0.000000,7,8
1,11.000000,16.077999,0.304000,-58,0.000000,7,8
1,11.000000,15.600000,0.000000,-59,0.000000,7,8
1,11.000000,15.496000,0.298000,-58,0.000000,7,8
1,11.000000,15.450000,0.298000,-58,0.000000,7,8
1,11.000000,15.721000,0.708000,-62,0.000000,7,8
1,11.000000,14.906000,1.453000,-62,0.000000,7,8
1,11.000000,15.843000,0.336000,-61,0.000000,7,8
1,11.000000,16.068001,0.348000,-62,0.000000,7,8
1,11.000000,15.496000,0.460000,-62,0.000000,7,8
1,11.000000,16.312000,0.699000,-61,0.000000,7,8
1,11.000000,16.781000,0.423000,-60,0.000000,7,8
1,11.000000,17.006001,0.783000,-62,0.000000,7,8
1,11.000000,16.537001,0.612000,-62,0.000000,7,8
1,11.000000,16.537001,0.190000,-62,0.000000,7,8
1,11.000000,15.912000,0.393000,-61,0.000000,7,8
1,11.000000,15.762000,0.657000,-61,0.000000,7,8
1,11.000000,16.073999,0.358000,-61,0.000000,7,8
1,11.000000,16.424999,0.298000,-62,0.000000,7,8
1,11.000000,15.600000,0.334000,-61,0.000000,7,8
1,11.000000,17.174999,0.607000,-59,0.000000,7,8
1,11.000000,16.893000,0.393000,-58,0.000000,7,8
1,11.000000,17.487000,0.601000,-59,0.000000,7,8
1,11.000000,17.174999,0.659000,-59,0.000000,7,8
1,11.000000,17.162001,0.529000,-59,0.000000,7,8
1,11.000000,16.698999,0.603000,-59,0.000000,7,8
1,11.000000,17.799000,0.541000,-59,0.000000,7,8
1,11.000000,16.537001,0.408000,-58,0.000000,7,8
1,11.000000,16.386999,0.826000,-58,0.000000,7,8
1,11.000000,17.649000,0.425000,-58,0.000000,7,8
1,11.000000,15.843000,0.956000,-59,0.000000,7,8
1,11.000000,15.762000,0.550000,-59,0.000000,7,8
1,11.000000,16.424999,0.583000,-57,0.000000,7,8
1,11.000000,16.549000,0.638000,-56,0.000000,7,8
1,11.000000,16.556000,0.685000,-55,0.000000,7,8
1,11.000000,15.843000,0.561000,-56,0.000000,7,8
1,11.000000,16.549000,0.395000,-54,0.000000,7,8
1,11.000000,16.399000,0.556000,-55,0.000000,7,8
1,11.000000,15.912000,0.704000,-57,0.000000,7,8
1,11.000000,16.698999,0.595000,-58,0.000000,7,8
1,11.000000,17.718000,0.599000,-61,0.000000,7,8
1,11.000000,18.261999,0.329000,-63,0.000000,7,8
1,11.000000,21.712000,1.194000,-68,0.000000,7,8
1,11.000000,19.037001,0.550000,-62,0.000000,7,8
1,11.000000,16.386999,0.549000,-62,0.000000,7,8
1,11.000000,16.237000,0.709000,-61,0.000000,7,8
1,11.000000,15.774000,0.532000,-58,0.000000,7,8
1,11.000000,17.325001,0.491000,-59,0.000000,7,8
1,11.000000,15.450000,0.488000,-61,0.000000,7,8
1,11.000000,15.487000,0.301000,-57,0.000000,7,8
1,11.000000,16.312000,0.390000,-55,0.000000,7,8
1,11.000000,15.609000,0.333000,-56,0.000000,7,8
1,11.000000,15.600000,0.000000,-57,0.000000,7,8
1,11.000000,15.375000,0.538000,-56,0.000000,7,8
1,11.000000,15.965000,0.301000,-60,0.000000,7,8
1,11.000000,13.500000,0.784000,-61,0.000000,7,8
1,11.000000,15.420000,0.488000,-60,0.000000,7,8
1,11.000000,16.546000,0.550000,-59,0.000000,7,8
1,11.000000,14.906000,0.483000,-60,0.000000,7,8
1,11.000000,16.698999,0.633000,-58,0.000000,7,8
1,11.000000,16.077999,0.855000,-55,0.000000,7,8
1,11.000000,15.140000,0.426000,-57,0.000000,7,8
1,11.000000,15.496000,0.491000,-56,0.000000,7,8
1,11.000000,13.587000,0.684000,-62,0.000000,7,8
1,11.000000,17.487000,0.696000,-60,0.000000,7,8
1,11.000000,16.200001,0.478000,-63,0.000000,7,8
1,11.000000,14.987000,1.033000,-59,0.000000,7,8
1,11.000000,17.174999,0.535000,-56,0.000000,7,8
1,11.000000,15.150000,0.333000,-56,0.000000,7,8
1,11.000000,16.312000,0.432000,-58,0.000000,7,8
1,11.000000,16.667999,0.660000,-59,0.000000,7,8
1,11.000000,15.462000,0.394000,-60,0.000000,7,8
1,11.000000,15.450000,0.388000,-59,0.000000,7,8
1,11.000000,17.487000,0.481000,-59,0.000000,7,8
1,11.000000,15.137000,0.687000,-61,0.000000,7,8
1,11.000000,15.150000,0.338000,-55,0.000000,7,8
1,11.000000,16.546000,0.427000,-55,0.000000,7,8
1,11.000000,16.073999,0.551000,-56,0.000000,7,8
1,11.000000,15.762000,0.249000,-57,0.000000,7,8
1,11.000000,15.300000,0.225000,-57,0.000000,7,8
1,11.000000,16.073999,0.508000,-56,0.000000,7,8
1,11.000000,15.965000,0.744000,-54,0.000000,7,8
1,11.000000,15.965000,0.688000,-54,0.000000,7,8
1,11.000000,15.774000,0.643000,-56,0.000000,7,8
1,11.000000,15.843000,0.390000,-57,0.000000,7,8
1,11.000000,15.609000,0.650000,-57,0.000000,7,8
1,11.000000,15.150000,0.556000,-56,0.000000,7,8
1,11.000000,16.073999,0.635000,-55,0.000000,7,8
1,11.000000,15.612000,1.013000,-54,0.000000,7,8
1,11.000000,14.824000,0.598000,-57,0.000000,7,8
1,11.000000,15.462000,0.491000,-56,0.000000,7,8
1,11.000000,15.300000,0.394000,-56,0.000000,7,8
1,11.000000,15.731000,0.413000,-55,0.000000,7,8
1,11.000000,15.912000,0.421000,-54,0.000000,7,8
1,11.000000,16.237000,0.610000,-55,0.000000,7,8
1,11.000000,15.450000,0.603000,-56,0.000000,7,8
1,11.000000,16.549000,0.395000,-55,0.000000,7,8
1,11.000000,15.924000,1.062000,-55,0.000000,7,8
1,11.000000,15.300000,0.506000,-56,0.000000,5,8
1,11.000000,15.843000,0.514000,-56,0.000000,7,8
1,11.000000,15.300000,0.743000,-56,0.000000,7,8
1,11.000000,15.300000,0.384000,-56,0.000000,7,8
1,11.000000,15.140000,0.348000,-57,0.000000,7,8
1,11.000000,15.300000,0.638000,-57,0.000000,7,8
1,11.000000,14.987000,0.829000,-56,0.000000,7,8
1,11.000000,15.600000,0.296000,-56,0.000000,7,8
1,11.000000,14.674000,0.650000,-56,0.000000,7,8
1,11.000000,14.824000,0.498000,-57,0.000000,7,8
1,11.000000,15.137000,0.607000,-56,0.000000,7,8
1,11.000000,15.600000,0.233000,-56,0.000000,3,8
1,11.000000,15.600000,0.525000,-58,0.000000,7,8
1,11.000000,13.737000,0.912000,-58,0.000000,7,8
1,11.000000,14.199000,0.951000,-57,0.000000,7,8
1,11.000000,13.725000,0.468000,-58,0.000000,4,8
1,11.000000,15.375000,0.348000,-57,0.000000,5,8
1,11.000000,15.450000,0.780000,-57,0.000000,7,8
1,11.000000,15.150000,0.384000,-57,0.000000,3,8
1,11.000000,14.437000,1.008000,-57,0.000000,4,8
1,11.000000,15.375000,0.225000,-57,0.000000,2,8
1,11.000000,15.600000,0.000000,-57,0.000000,2,8
1,11.000000,15.137000,0.468000,-57,0.000000,7,8
1,11.000000,14.674000,1.020000,-57,0.000000,7,8
1,11.000000,14.987000,0.535000,-57,0.000000,7,8
1,11.000000,14.974000,1.098000,-57,0.000000,7,8
1,11.000000,14.824000,0.860000,-57,0.000000,7,8
1,11.000000,15.150000,0.342000,-56,0.000000,7,8
1,11.000000,15.150000,0.434000,-57,0.000000,7,8
1,11.000000,14.824000,1.057000,-57,0.000000,7,8
1,11.000000,15.300000,0.395000,-57,0.000000,7,8
1,11.000000,14.987000,0.549000,-57,0.000000,7,8
1,11.000000,15.384000,0.556000,-57,0.000000,7,8
1,11.000000,15.762000,0.347000,-57,0.000000,7,8
1,11.000000,15.300000,0.413000,-57,0.000000,7,8
1,11.000000,15.137000,0.322000,-58,0.000000,7,8
1,11.000000,15.140000,0.253000,-58,0.000000,7,8
1,11.000000,14.906000,0.419000,-58,0.000000,7,8
1,11.000000,15.140000,0.303000,-59,0.000000,7,8
1,11.000000,14.325000,0.604000,-59,0.000000,7,8
1,11.000000,14.824000,0.243000,-59,0.000000,7,8
1,11.000000,14.671000,0.650000,-58,0.000000,7,8
1,11.000000,14.203000,0.425000,-59,0.000000,7,8
1,11.000000,15.137000,0.358000,-59,0.000000,7,8
1,11.000000,14.512000,0.559000,-58,0.000000,7,8
1,11.000000,14.662000,0.347000,-58,0.000000,7,8
1,11.000000,15.300000,0.229000,-58,0.000000,7,8
1,11.000000,15.150000,0.487000,-58,0.000000,7,8
1,11.000000,14.524000,0.413000,-59,0.000000,7,8
1,11.000000,15.287000,0.338000,-60,0.000000,7,8
1,11.000000,15.028000,0.327000,-61,0.000000,7,8
1,11.000000,14.524000,0.514000,-60,0.000000,7,8
1,11.000000,14.681000,0.580000,-61,0.000000,7,8
1,11.000000,15.287000,0.358000,-60,0.000000,7,8
1,11.000000,15.262000,0.551000,-61,0.000000,7,8
1,11.000000,15.450000,0.328000,-61,0.000000,7,8
1,11.000000,15.287000,0.426000,-60,0.000000,7,8
1,11.000000,15.018000,0.358000,-60,0.000000,7,8
1,11.000000,14.662000,0.232000,-60,0.000000,7,8
1,11.000000,15.028000,0.397000,-60,0.000000,7,8
1,11.000000,14.906000,0.329000,-60,0.000000,7,8
1,11.000000,14.906000,0.242000,-59,0.000000,7,8
1,11.000000,14.362000,0.225000,-59,0.000000,7,8
1,11.000000,14.987000,0.301000,-59,0.000000,7,8
1,11.000000,14.837000,0.408000,-59,0.000000,7,8
1,11.000000,14.674000,0.660000,-58,0.000000,7,8
1,11.000000,14.987000,1.080000,-58,0.000000,7,8
1,11.000000,15.028000,1.077000,-58,0.000000,7,8
1,11.000000,15.150000,0.220000,-58,0.000000,7,8
1,11.000000,14.437000,0.586000,-58,0.000000,7,8
1,11.000000,14.674000,0.443000,-58,0.000000,7,8
1,11.000000,14.793000,0.413000,-58,0.000000,7,8
1,11.000000,14.987000,0.329000,-58,0.000000,7,8
1,11.000000,14.837000,0.477000,-58,0.000000,7,8
1,11.000000,14.362000,0.491000,-58,0.000000,7,8
1,11.000000,14.987000,0.179000,-57,0.000000,7,8
1,11.000000,14.049000,0.959000,-57,0.000000,7,8
1,11.000000,15.150000,0.165000,-57,0.000000,7,8
1,11.000000,14.362000,0.742000,-58,0.000000,7,8
1,11.000000,14.512000,1.024000,-58,0.000000,7,8
1,11.000000,14.987000,0.428000,-58,0.000000,7,8
1,11.000000,13.887000,0.558000,-58,0.000000,7,8
1,11.000000,15.137000,0.495000,-58,0.000000,7,8
1,11.000000,14.362000,0.638000,-58,0.000000,7,8
1,11.000000,14.674000,0.483000,-58,0.000000,7,8
1,11.000000,14.906000,0.348000,-57,0.000000,7,8
1,11.000000,14.199000,0.857000,-58,0.000000,7,8
1,11.000000,14.362000,0.595000,-57,0.000000,7,8
1,11.000000,15.300000,0.212000,-57,0.000000,6,8
1,11.000000,15.028000,0.253000,-57,0.000000,7,8
1,11.000000,14.837000,0.692000,-57,0.000000,7,8
1,11.000000,14.037000,0.787000,-57,0.000000,7,8
1,11.000000,13.968000,0.933000,-58,0.000000,7,8
1,11.000000,15.150000,0.394000,-57,0.000000,7,8
1,11.000000,14.437000,1.027000,-57,0.000000,7,8
1,11.000000,14.906000,0.507000,-58,0.000000,7,8
1,11.000000,14.037000,1.018000,-58,0.000000,7,8
1,11.000000,14.362000,0.895000,-57,0.000000,7,8
1,11.000000,15.150000,0.829000,-57,0.000000,4,8
1,11.000000,14.974000,0.776000,-57,0.000000,7,8
1,11.000000,14.512000,1.168000,-57,0.000000,7,8
1,11.000000,14.974000,0.903000,-57,0.000000,7,8
1,11.000000,15.600000,0.579000,-56,0.000000,3,8
1,11.000000,14.784000,0.845000,-57,0.000000,7,8
1,11.000000,15.137000,0.338000,-57,0.000000,7,8
1,11.000000,15.137000,0.428000,-57,0.000000,7,8
1,11.000000,15.150000,0.000000,-58,0.000000,2,8
1,11.000000,14.974000,0.438000,-58,0.000000,7,8
1,11.000000,14.824000,0.421000,-58,0.000000,7,8
1,11.000000,15.140000,0.426000,-59,0.000000,7,8
1,11.000000,15.365000,0.419000,-60,0.000000,7,8
1,11.000000,14.437000,0.468000,-60,0.000000,7,8
1,11.000000,14.437000,0.645000,-61,0.000000,7,8
1,11.000000,14.437000,0.465000,-61,0.000000,7,8
1,11.000000,14.081000,0.558000,-62,0.000000,7,8
1,11.000000,13.425000,0.850000,-62,0.000000,6,8
1,11.000000,14.081000,0.595000,-62,0.000000,7,8
1,11.000000,14.049000,0.733000,-62,0.000000,7,8
1,11.000000,14.203000,0.599000,-62,0.000000,7,8
1,11.000000,13.737000,0.823000,-62,0.000000,7,8
1,11.000000,14.212000,0.501000,-61,0.000000,7,8
1,11.000000,14.362000,0.604000,-60,0.000000,7,8
1,11.000000,14.674000,0.526000,-61,0.000000,7,8
1,11.000000,14.674000,0.423000,-61,0.000000,7,8
1,11.000000,14.212000,0.000000,-61,0.000000,2,8
1,11.000000,15.253000,0.583000,-60,0.000000,7,8
1,11.000000,15.150000,0.333000,-60,0.000000,7,8
1,11.000000,15.450000,0.447000,-59,0.000000,6,8
1,11.000000,15.496000,0.615000,-59,0.000000,7,8
1,11.000000,15.150000,0.338000,-58,0.000000,7,8
1,11.000000,14.512000,0.460000,-58,0.000000,7,8
1,11.000000,14.793000,0.549000,-58,0.000000,7,8
1,11.000000,14.793000,0.681000,-59,0.000000,7,8
1,11.000000,15.262000,0.415000,-59,0.000000,7,8
1,11.000000,15.924000,0.195000,-59,0.000000,7,8
1,11.000000,15.375000,0.328000,-59,0.000000,7,8
1,11.000000,15.150000,0.165000,-59,0.000000,7,8
1,11.000000,15.450000,0.460000,-58,0.000000,7,8
1,11.000000,15.618000,0.492000,-59,0.000000,7,8
1,11.000000,15.600000,0.174000,-58,0.000000,7,8
1,11.000000,14.896000,0.466000,-58,0.000000,7,8
1,11.000000,15.045000,0.301000,-59,0.000000,7,8
1,11.000000,13.968000,0.576000,-59,0.000000,7,8
1,11.000000,14.428000,0.470000,-60,0.000000,7,8
1,11.000000,14.090000,0.599000,-59,0.000000,7,8
1,11.000000,13.725000,0.645000,-59,0.000000,7,8
1,11.000000,14.203000,0.253000,-59,0.000000,7,8
1,11.000000,14.906000,0.242000,-59,0.000000,7,8
1,11.000000,13.265000,0.680000,-60,0.000000,7,8
1,11.000000,13.621000,0.680000,-60,0.000000,7,8
1,11.000000,13.040000,1.009000,-60,0.000000,7,8
1,11.000000,13.031000,0.834000,-61,0.000000,7,8
1,11.000000,14.837000,0.328000,-59,0.000000,7,8
1,11.000000,13.959000,0.508000,-59,0.000000,7,8
1,11.000000,13.262000,0.657000,-59,0.000000,7,8
1,11.000000,13.031000,0.745000,-59,0.000000,7,8
1,11.000000,14.559000,0.547000,-58,0.000000,7,8
1,11.000000,14.671000,0.301000,-58,0.000000,7,8
1,11.000000,13.743000,1.218000,-58,0.000000,7,8
1,11.000000,14.906000,0.336000,-59,0.000000,7,8
1,11.000000,14.671000,0.414000,-59,0.000000,7,8
1,11.000000,14.315000,0.583000,-59,0.000000,7,8
1,11.000000,13.968000,0.841000,-60,0.000000,7,8
1,11.000000,14.559000,0.525000,-61,0.000000,7,8
1,11.000000,13.500000,0.960000,-61,0.000000,7,8
1,11.000000,14.193000,0.551000,-61,0.000000,7,8
1,11.000000,14.212000,0.478000,-62,0.000000,7,8
1,11.000000,13.256000,0.866000,-61,0.000000,7,8
1,11.000000,14.193000,0.375000,-60,0.000000,7,8
1,11.000000,14.199000,0.427000,-61,0.000000,7,8
1,11.000000,13.621000,0.594000,-61,0.000000,7,8
1,11.000000,13.143000,0.495000,-60,0.000000,7,8
1,11.000000,13.575000,1.108000,-60,0.000000,7,8
1,11.000000,14.671000,0.333000,-59,0.000000,7,8
1,11.000000,14.767000,0.423000,-59,0.000000,7,8
1,11.000000,13.968000,0.662000,-60,0.000000,7,8
1,11.000000,13.031000,1.194000,-59,0.000000,7,8
1,11.000000,12.949000,0.918000,-61,0.000000,7,8
1,11.000000,12.328000,1.046000,-60,0.000000,7,8
1,11.000000,13.275000,0.769000,-60,0.000000,7,8
1,11.000000,12.562000,0.973000,-60,0.000000,7,8
1,11.000000,13.378000,0.750000,-60,0.000000,7,8
1,11.000000,12.450000,1.136000,-61,0.000000,7,8
1,11.000000,12.093000,1.299000,-61,0.000000,7,8
1,11.000000,13.575000,0.789000,-60,0.000000,7,8
1,11.000000,13.856000,0.650000,-60,0.000000,7,8
1,11.000000,13.500000,0.450000,-60,0.000000,7,8
1,11.000000,11.850000,0.000000,-60,0.000000,5,8
1,11.000000,12.787000,0.712000,-61,0.000000,4,8
1,11.000000,13.256000,0.765000,-61,0.000000,7,8
1,11.000000,12.093000,0.243000,-63,0.000000,7,8
1,11.000000,12.324000,1.415000,-62,0.000000,7,8
1,11.000000,13.500000,0.549000,-61,0.000000,7,8
1,11.000000,12.949000,1.052000,-62,0.000000,7,8
1,11.000000,13.500000,0.637000,-61,0.000000,7,8
1,11.000000,12.571000,0.814000,-61,0.000000,7,8
1,11.000000,12.909000,0.923000,-61,0.000000,7,8
1,11.000000,12.675000,0.750000,-61,0.000000,7,8
1,11.000000,13.425000,0.935000,-60,0.000000,7,8
1,11.000000,13.612000,0.850000,-61,0.000000,7,8
1,11.000000,13.387000,0.477000,-63,0.000000,7,8
1,11.000000,11.859000,0.687000,-64,0.000000,7,8
1,11.000000,12.562000,1.233000,-63,0.000000,5,8
1,11.000000,14.987000,0.443000,-60,0.000000,7,8
1,11.000000,13.425000,0.889000,-61,0.000000,7,8
1,11.000000,13.575000,0.777000,-61,0.000000,7,8
1,11.000000,13.737000,0.632000,-62,0.000000,7,8
1,11.000000,13.262000,0.891000,-62,0.000000,7,8
1,11.000000,12.799000,1.746000,-60,0.000000,7,8
1,11.000000,12.799000,1.887000,-60,0.000000,7,8
1,11.000000,14.349000,1.792000,-59,0.000000,7,8
1,11.000000,15.287000,1.119000,-59,0.000000,7,8
1,11.000000,14.824000,0.850000,-60,0.000000,7,8
1,11.000000,14.674000,1.595000,-60,0.000000,7,8
1,11.000000,14.775000,1.190000,-59,0.000000,7,8
1,11.000000,15.600000,1.194000,-58,0.000000,7,8
1,11.000000,14.987000,0.973000,-57,0.000000,7,8
1,11.000000,15.375000,0.744000,-58,0.000000,7,8
1,11.000000,15.450000,1.082000,-59,0.000000,7,8
1,11.000000,15.150000,0.838000,-59,0.000000,7,8
1,11.000000,14.362000,1.503000,-58,0.000000,7,8
1,11.000000,15.150000,0.636000,-59,0.000000,7,8
1,11.000000,15.924000,0.793000,-60,0.000000,7,8
1,11.000000,15.300000,0.394000,-62,0.000000,7,8
1,11.000000,15.150000,0.394000,-61,0.000000,7,8
1,11.000000,14.049000,0.322000,-67,0.000000,7,8
1,11.000000,13.378000,0.743000,-64,0.000000,7,8
1,11.000000,12.918000,0.820000,-61,0.000000,7,8
1,11.000000,12.796000,1.045000,-61,0.000000,7,8
1,11.000000,12.562000,1.342000,-62,0.000000,7,8
1,11.000000,12.328000,1.542000,-61,0.000000,7,8
1,11.000000,13.856000,0.783000,-62,0.000000,7,8
1,11.000000,13.262000,0.820000,-64,0.000000,7,8
1,11.000000,12.450000,0.987000,-64,0.000000,7,8
1,11.000000,13.734000,0.713000,-62,0.000000,7,8
1,11.000000,15.300000,0.229000,-61,0.000000,7,8
1,11.000000,15.150000,0.342000,-60,0.000000,7,8
1,11.000000,16.073999,0.416000,-61,0.000000,7,8
1,11.000000,14.437000,0.701000,-60,0.000000,7,8
1,11.000000,14.784000,0.393000,-61,0.000000,7,8
1,11.000000,14.199000,0.551000,-62,0.000000,7,8
1,11.000000,15.450000,0.632000,-60,0.000000,7,8
1,11.000000,13.856000,1.615000,-59,0.000000,7,8
1,11.000000,14.824000,0.495000,-59,0.000000,7,8
1,11.000000,14.662000,0.839000,-59,0.000000,7,8
1,11.000000,14.824000,0.506000,-60,0.000000,7,8
1,11.000000,15.262000,0.498000,-60,0.000000,7,8
1,11.000000,15.612000,0.663000,-59,0.000000,7,8
1,11.000000,15.450000,0.551000,-60,0.000000,7,8
1,11.000000,13.021000,1.166000,-62,0.000000,7,8
1,11.000000,12.787000,1.181000,-63,0.000000,7,8
1,11.000000,14.437000,0.742000,-63,0.000000,7,8
1,11.000000,14.512000,0.507000,-63,0.000000,7,8
1,11.000000,14.559000,0.547000,-62,0.000000,7,8
1,11.000000,14.906000,0.470000,-61,0.000000,7,8
1,11.000000,15.028000,0.303000,-61,0.000000,7,8
1,11.000000,14.559000,0.649000,-61,0.000000,7,8
1,11.000000,14.906000,0.460000,-61,0.000000,7,8
1,11.000000,14.793000,0.413000,-61,0.000000,7,8
1,11.000000,14.674000,0.443000,-61,0.000000,7,8
1,11.000000,14.681000,0.539000,-62,0.000000,7,8
1,11.000000,14.193000,0.516000,-61,0.000000,7,8
1,11.000000,14.824000,0.243000,-61,0.000000,7,8
1,11.000000,14.674000,0.497000,-62,0.000000,7,8
1,11.000000,14.524000,0.663000,-61,0.000000,7,8
1,11.000000,15.150000,0.501000,-60,0.000000,7,8
1,11.000000,14.837000,0.606000,-60,0.000000,7,8
1,11.000000,13.887000,0.849000,-61,0.000000,7,8
1,11.000000,14.362000,0.911000,-60,0.000000,7,8
1,11.000000,13.575000,0.924000,-61,0.000000,7,8
1,11.000000,14.662000,0.591000,-60,0.000000,7,8
1,11.000000,14.212000,1.166000,-61,0.000000,7,8
1,11.000000,14.906000,0.883000,-60,0.000000,7,8
1,11.000000,14.987000,1.270000,-60,0.000000,7,8
1,11.000000,14.793000,1.344000,-60,0.000000,7,8
1,11.000000,14.987000,0.631000,-60,0.000000,7,8
1,11.000000,14.987000,0.426000,-60,0.000000,7,8
1,11.000000,14.987000,0.301000,-60,0.000000,7,8
1,11.000000,14.987000,0.633000,-60,0.000000,7,8
1,11.000000,15.300000,0.328000,-59,0.000000,7,8
1,11.000000,14.662000,0.000000,-60,0.000000,7,8
1,11.000000,14.193000,0.727000,-61,0.000000,7,8
1,11.000000,14.671000,0.423000,-61,0.000000,7,8
1,11.000000,15.262000,0.599000,-61,0.000000,7,8
1,11.000000,15.600000,0.778000,-60,0.000000,7,8
1,11.000000,16.537001,0.658000,-59,0.000000,7,8
1,11.000000,15.612000,0.633000,-57,0.000000,7,8
1,11.000000,14.437000,1.295000,-58,0.000000,7,8
1,11.000000,14.662000,0.352000,-58,0.000000,7,8
1,11.000000,15.018000,0.653000,-59,0.000000,7,8
1,11.000000,15.375000,0.658000,-57,0.000000,7,8
1,11.000000,14.193000,0.481000,-59,0.000000,7,8
1,11.000000,13.256000,0.885000,-59,0.000000,7,8
1,11.000000,13.968000,0.550000,-59,0.000000,7,8
1,11.000000,12.637000,0.842000,-60,0.000000,7,8
1,11.000000,13.500000,1.672000,-62,0.000000,7,8
1,11.000000,12.487000,3.360000,-60,0.000000,7,8
1,11.000000,12.949000,1.273000,-64,0.000000,7,8
1,11.000000,13.112000,0.768000,-63,0.000000,7,8
1,11.000000,14.674000,0.348000,-62,0.000000,7,8
1,11.000000,13.737000,1.406000,-60,0.000000,7,8
1,11.000000,13.725000,0.607000,-61,0.000000,7,8
1,11.000000,14.662000,0.195000,-63,0.000000,7,8
1,11.000000,13.725000,0.256000,-62,0.000000,7,8
1,11.000000,12.637000,0.298000,-62,0.000000,7,8
1,11.000000,14.437000,0.225000,-61,0.000000,7,8
1,11.000000,13.275000,0.000000,-61,0.000000,7,8
1,11.000000,14.906000,0.273000,-60,0.000000,7,8
1,11.000000,14.212000,1.880000,-60,0.000000,7,8
1,11.000000,14.081000,0.607000,-59,0.000000,7,8
1,11.000000,12.787000,0.866000,-61,0.000000,7,8
1,11.000000,13.968000,0.390000,-62,0.000000,7,8
1,11.000000,14.049000,0.743000,-61,0.000000,7,8
1,11.000000,13.275000,0.862000,-60,0.000000,7,8
1,11.000000,14.824000,0.579000,-60,0.000000,7,8
1,11.000000,13.725000,0.000000,-61,0.000000,2,8
1,11.000000,13.112000,0.534000,-59,0.000000,7,8
1,11.000000,13.887000,0.706000,-60,0.000000,7,8
1,11.000000,14.362000,0.826000,-59,0.000000,7,8
1,11.000000,13.378000,1.105000,-63,0.000000,7,8
1,11.000000,13.887000,0.688000,-60,0.000000,7,8
1,11.000000,14.987000,0.336000,-59,0.000000,7,8
1,11.000000,13.387000,0.986000,-61,0.000000,7,8
1,11.000000,13.425000,0.229000,-62,0.000000,7,8
1,11.000000,14.987000,0.598000,-60,0.000000,7,8
1,11.000000,15.150000,0.690000,-57,0.000000,7,8
1,11.000000,13.725000,0.609000,-62,0.000000,7,8
1,11.000000,13.587000,0.580000,-62,0.000000,7,8
1,11.000000,14.049000,0.599000,-60,0.000000,7,8
1,11.000000,14.512000,0.423000,-60,0.000000,7,8
1,11.000000,13.887000,0.612000,-61,0.000000,7,8
1,11.000000,14.446000,1.014000,-60,0.000000,7,8
1,11.000000,14.212000,0.495000,-60,0.000000,7,8
1,11.000000,12.324000,0.987000,-61,0.000000,7,8
1,11.000000,14.512000,0.418000,-61,0.000000,7,8
1,11.000000,13.275000,0.802000,-58,0.000000,7,8
1,11.000000,13.642000,0.838000,-62,0.000000,7,8
1,11.000000,14.037000,0.843000,-60,0.000000,7,8
1,11.000000,14.203000,1.234000,-59,0.000000,7,8
1,11.000000,13.968000,1.056000,-58,0.000000,7,8
1,11.000000,14.193000,1.081000,-58,0.000000,7,8
1,11.000000,14.199000,0.995000,-59,0.000000,7,8
1,11.000000,14.081000,1.060000,-59,0.000000,7,8
1,11.000000,13.387000,1.138000,-59,0.000000,7,8
1,11.000000,13.412000,1.406000,-58,0.000000,7,8
1,11.000000,13.509000,1.313000,-58,0.000000,7,8
1,11.000000,13.031000,1.625000,-58,0.000000,7,8
1,11.000000,14.674000,0.650000,-58,0.000000,7,8
1,11.000000,13.265000,1.270000,-58,0.000000,7,8
1,11.000000,14.559000,0.709000,-58,0.000000,7,8
1,11.000000,13.734000,1.101000,-58,0.000000,7,8
1,11.000000,13.968000,0.794000,-58,0.000000,7,8
1,11.000000,14.793000,0.561000,-58,0.000000,7,8
1,11.000000,15.028000,0.497000,-58,0.000000,7,8
1,11.000000,14.896000,0.465000,-58,0.000000,7,8
1,11.000000,14.906000,0.358000,-58,0.000000,7,8
1,11.000000,14.559000,0.610000,-59,0.000000,7,8
1,11.000000,14.662000,0.598000,-59,0.000000,7,8
1,11.000000,14.987000,0.444000,-59,0.000000,7,8
1,11.000000,13.968000,0.887000,-59,0.000000,7,8
1,11.000000,13.734000,0.827000,-58,0.000000,7,8
1,11.000000,14.550000,0.608000,-58,0.000000,7,8
1,11.000000,14.512000,0.871000,-59,0.000000,7,8
1,11.000000,14.315000,0.753000,-59,0.000000,7,8
1,11.000000,14.550000,0.658000,-59,0.000000,7,8
1,11.000000,14.987000,0.561000,-59,0.000000,7,8
1,11.000000,14.512000,0.650000,-59,0.000000,7,8
1,11.000000,14.212000,1.007000,-59,0.000000,7,8
1,11.000000,13.968000,0.849000,-59,0.000000,7,8
1,11.000000,13.265000,1.176000,-59,0.000000,7,8
1,11.000000,12.337000,1.256000,-59,0.000000,7,8
1,11.000000,12.562000,1.358000,-59,0.000000,7,8
1,11.000000,13.265000,1.102000,-60,0.000000,7,8
1,11.000000,13.856000,0.815000,-60,0.000000,7,8
1,11.000000,12.909000,1.203000,-60,0.000000,7,8
1,11.000000,13.387000,0.968000,-60,0.000000,7,8
1,11.000000,14.090000,0.495000,-60,0.000000,7,8
1,11.000000,13.153000,0.781000,-60,0.000000,7,8
1,11.000000,13.112000,1.166000,-60,0.000000,7,8
1,11.000000,13.725000,0.658000,-59,0.000000,7,8
1,11.000000,14.362000,0.615000,-59,0.000000,7,8
1,11.000000,13.387000,0.638000,-60,0.000000,7,8
1,11.000000,13.887000,0.699000,-62,0.000000,7,8
1,11.000000,13.734000,0.610000,-62,0.000000,7,8
1,11.000000,14.784000,0.242000,-61,0.000000,7,8
1,11.000000,14.325000,0.487000,-60,0.000000,7,8
1,11.000000,15.253000,0.327000,-60,0.000000,7,8
1,11.000000,14.325000,0.497000,-59,0.000000,7,8
1,11.000000,14.671000,0.427000,-61,0.000000,7,8
1,11.000000,14.049000,0.334000,-61,0.000000,5,8
1,11.000000,14.837000,0.418000,-59,0.000000,7,8
1,11.000000,13.575000,1.042000,-60,0.000000,7,8
1,11.000000,14.203000,0.826000,-60,0.000000,7,8
1,11.000000,13.737000,0.752000,-60,0.000000,7,8
1,11.000000,14.212000,0.443000,-60,0.000000,5,8
1,11.000000,14.362000,0.427000,-60,0.000000,7,8
1,11.000000,14.662000,0.249000,-60,0.000000,7,8
1,11.000000,14.203000,0.487000,-60,0.000000,7,8
1,11.000000,14.081000,0.653000,-60,0.000000,7,8
1,11.000000,14.081000,0.415000,-60,0.000000,7,8
1,11.000000,13.968000,0.769000,-60,0.000000,7,8
1,11.000000,14.437000,0.352000,-60,0.000000,7,8
1,11.000000,13.846000,0.956000,-60,0.000000,7,8
1,11.000000,14.049000,0.586000,-60,0.000000,7,8
1,11.000000,14.437000,0.352000,-60,0.000000,7,8
1,11.000000,14.674000,0.598000,-60,0.000000,7,8
1,11.000000,14.550000,0.491000,-60,0.000000,7,8
1,11.000000,14.081000,0.604000,-59,0.000000,7,8
1,11.000000,14.325000,0.593000,-59,0.000000,7,8
1,11.000000,13.275000,1.157000,-60,0.000000,7,8
1,11.000000,13.968000,0.780000,-59,0.000000,7,8
1,11.000000,13.112000,1.125000,-59,0.000000,7,8
1,11.000000,12.918000,1.223000,-59,0.000000,7,8
1,11.000000,14.325000,0.328000,-59,0.000000,7,8
1,11.000000,14.081000,0.905000,-59,0.000000,7,8
1,11.000000,13.734000,0.860000,-59,0.000000,7,8
1,11.000000,12.909000,1.275000,-59,0.000000,7,8
1,11.000000,12.918000,1.164000,-59,0.000000,7,8
1,11.000000,13.509000,0.809000,-59,0.000000,7,8
1,11.000000,13.612000,0.995000,-59,0.000000,7,8
1,11.000000,13.256000,0.867000,-60,0.000000,7,8
1,11.000000,13.734000,0.594000,-61,0.000000,7,8
1,11.000000,13.378000,1.005000,-59,0.000000,7,8
1,11.000000,13.021000,1.119000,-60,0.000000,7,8
1,11.000000,13.031000,0.871000,-60,0.000000,7,8
1,11.000000,14.437000,0.834000,-59,0.000000,7,8
1,11.000000,13.256000,0.632000,-61,0.000000,7,8
1,11.000000,14.203000,0.303000,-62,0.000000,7,8
1,11.000000,14.199000,0.418000,-61,0.000000,7,8
1,11.000000,14.681000,0.445000,-61,0.000000,7,8
1,11.000000,14.512000,0.514000,-59,0.000000,7,8
1,11.000000,14.090000,0.549000,-59,0.000000,7,8
1,11.000000,14.203000,0.549000,-59,0.000000,7,8
1,11.000000,13.500000,0.687000,-59,0.000000,7,8
1,11.000000,14.362000,0.759000,-60,0.000000,7,8
1,11.000000,13.968000,0.780000,-60,0.000000,7,8
1,11.000000,13.734000,0.770000,-60,0.000000,7,8
1,11.000000,14.212000,0.390000,-60,0.000000,4,8
1,11.000000,13.899000,0.610000,-60,0.000000,7,8
1,11.000000,13.887000,0.615000,-60,0.000000,7,8
1,11.000000,14.550000,0.530000,-60,0.000000,7,8
1,11.000000,14.437000,0.563000,-60,0.000000,7,8
1,11.000000,14.550000,0.563000,-60,0.000000,7,8
1,11.000000,15.140000,0.428000,-60,0.000000,7,8
1,11.000000,15.137000,0.763000,-60,0.000000,7,8
1,11.000000,15.140000,0.303000,-60,0.000000,7,8
1,11.000000,15.287000,0.498000,-60,0.000000,7,8
1,11.000000,14.662000,0.937000,-60,0.000000,4,8
1,11.000000,14.362000,0.982000,-60,0.000000,7,8
1,11.000000,14.824000,0.540000,-60,0.000000,7,8
1,11.000000,14.212000,0.000000,-59,0.000000,1,8
1,11.000000,14.081000,1.091000,-59,0.000000,7,8
1,11.000000,14.524000,0.539000,-60,0.000000,7,8
1,11.000000,14.437000,0.334000,-60,0.000000,5,8
1,11.000000,13.143000,1.107000,-59,0.000000,7,8
1,11.000000,12.562000,1.419000,-59,0.000000,7,8
1,11.000000,12.949000,1.549000,-59,0.000000,7,8
1,11.000000,12.562000,1.490000,-59,0.000000,7,8
1,11.000000,12.675000,1.314000,-59,0.000000,7,8
1,11.000000,13.612000,0.933000,-60,0.000000,7,8
1,11.000000,13.031000,1.330000,-60,0.000000,7,8
1,11.000000,13.265000,1.107000,-60,0.000000,7,8
1,11.000000,14.090000,1.069000,-59,0.000000,7,8
1,11.000000,13.856000,1.014000,-59,0.000000,7,8
1,11.000000,12.675000,1.622000,-58,0.000000,7,8
1,11.000000,13.143000,1.416000,-59,0.000000,7,8
1,11.000000,14.203000,1.107000,-58,0.000000,7,8
1,11.000000,13.856000,1.326000,-59,0.000000,7,8
1,11.000000,13.968000,1.071000,-59,0.000000,7,8
1,11.000000,14.081000,1.582000,-59,0.000000,7,8
1,11.000000,12.918000,1.388000,-59,0.000000,7,8
1,11.000000,13.112000,1.521000,-59,0.000000,7,8
1,11.000000,13.734000,0.721000,-59,0.000000,7,8
1,11.000000,12.962000,1.474000,-59,0.000000,7,8
1,11.000000,13.612000,1.381000,-59,0.000000,7,8
1,11.000000,12.675000,1.745000,-59,0.000000,7,8
1,11.000000,12.796000,1.410000,-59,0.000000,7,8
1,11.000000,12.909000,1.371000,-59,0.000000,7,8
1,11.000000,13.265000,1.236000,-58,0.000000,7,8
1,11.000000,13.275000,1.540000,-59,0.000000,7,8
1,11.000000,12.684000,1.584000,-59,0.000000,7,8
1,11.000000,13.612000,1.476000,-59,0.000000,7,8
1,11.000000,13.734000,0.897000,-59,0.000000,7,8
1,11.000000,14.203000,0.680000,-60,0.000000,7,8
1,11.000000,13.734000,1.062000,-59,0.000000,7,8
1,11.000000,13.737000,0.841000,-59,0.000000,7,8
1,11.000000,13.031000,0.927000,-59,0.000000,7,8
1,11.000000,12.799000,1.061000,-59,0.000000,7,8
1,11.000000,13.734000,0.688000,-59,0.000000,7,8
1,11.000000,13.412000,1.354000,-59,0.000000,7,8
1,11.000000,13.621000,1.057000,-59,0.000000,7,8
1,11.000000,13.856000,0.928000,-59,0.000000,7,8
1,11.000000,13.887000,0.863000,-59,0.000000,7,8
1,11.000000,13.968000,0.817000,-59,0.000000,7,8
1,11.000000,15.142000,0.296000,-59,0.000000,7,8
1,11.000000,13.887000,0.918000,-59,0.000000,7,8
1,11.000000,13.265000,0.827000,-60,0.000000,7,8
1,11.000000,14.512000,0.447000,-59,0.000000,7,8
1,11.000000,14.090000,0.619000,-60,0.000000,7,8
1,11.000000,12.806000,1.114000,-62,0.000000,7,8
1,11.000000,14.203000,0.615000,-59,0.000000,7,8
1,11.000000,14.437000,0.585000,-60,0.000000,7,8
1,11.000000,14.662000,0.243000,-60,0.000000,4,8
1,11.000000,14.550000,0.549000,-59,0.000000,7,8
1,11.000000,13.575000,0.936000,-60,0.000000,7,8
1,11.000000,13.425000,1.965000,-60,0.000000,7,8
1,11.000000,13.112000,0.476000,-62,0.000000,7,8
1,11.000000,13.153000,0.252000,-62,0.000000,7,8
1,11.000000,14.662000,0.743000,-61,0.000000,7,8
1,11.000000,14.784000,0.514000,-60,0.000000,7,8
1,11.000000,14.671000,0.713000,-60,0.000000,7,8
1,11.000000,15.618000,0.468000,-60,0.000000,3,8
1,11.000000,14.090000,0.700000,-60,0.000000,7,8
1,11.000000,13.143000,0.805000,-62,0.000000,7,8
1,11.000000,14.793000,0.501000,-62,0.000000,7,8
1,11.000000,13.265000,0.793000,-60,0.000000,7,8
1,11.000000,13.500000,0.799000,-62,0.000000,7,8
1,11.000000,13.275000,0.744000,-62,0.000000,7,8
1,11.000000,13.968000,0.687000,-60,0.000000,7,8
1,11.000000,14.049000,1.568000,-59,0.000000,7,8
1,11.000000,14.349000,1.710000,-58,0.000000,7,8
1,11.000000,14.362000,1.034000,-59,0.000000,7,8
1,11.000000,14.199000,1.057000,-59,0.000000,7,8
1,11.000000,13.099000,0.606000,-61,0.000000,7,8
1,11.000000,13.275000,0.873000,-60,0.000000,7,8
1,11.000000,14.199000,0.581000,-60,0.000000,7,8
1,11.000000,14.037000,0.636000,-60,0.000000,7,8
1,11.000000,14.671000,0.348000,-59,0.000000,7,8
1,11.000000,14.671000,0.609000,-60,0.000000,7,8
1,11.000000,13.725000,0.842000,-62,0.000000,7,8
1,11.000000,14.793000,0.413000,-58,0.000000,7,8
1,11.000000,14.824000,0.938000,-59,0.000000,7,8
1,11.000000,13.856000,0.744000,-60,0.000000,7,8
1,11.000000,13.737000,0.744000,-61,0.000000,7,8
1,11.000000,12.684000,1.057000,-59,0.000000,7,8
1,11.000000,13.899000,1.083000,-60,0.000000,7,8
1,11.000000,13.265000,0.935000,-60,0.000000,7,8
1,11.000000,14.906000,0.242000,-60,0.000000,7,8
1,11.000000,13.021000,1.111000,-60,0.000000,7,8
1,11.000000,14.315000,0.583000,-60,0.000000,7,8
1,11.000000,14.349000,0.508000,-59,0.000000,7,8
1,11.000000,14.674000,0.460000,-60,0.000000,7,8
1,11.000000,12.174000,0.615000,-62,0.000000,7,8
1,11.000000,13.743000,0.995000,-63,0.000000,7,8
1,11.000000,12.909000,0.967000,-60,0.000000,7,8
1,11.000000,13.968000,1.401000,-61,0.000000,7,8
1,11.000000,13.031000,0.713000,-60,0.000000,7,8
1,11.000000,15.262000,0.787000,-59,0.000000,7,8
1,11.000000,14.671000,0.427000,-61,0.000000,7,8
1,11.000000,13.725000,0.579000,-61,0.000000,7,8
1,11.000000,14.362000,1.289000,-58,0.000000,7,8
1,11.000000,15.140000,0.461000,-58,0.000000,7,8
1,11.000000,14.662000,0.554000,-58,0.000000,5,8
1,11.000000,14.049000,1.013000,-58,0.000000,7,8
1,11.000000,14.090000,0.476000,-59,0.000000,7,8
1,11.000000,14.824000,0.483000,-59,0.000000,7,8
1,11.000000,14.559000,0.413000,-59,0.000000,7,8
1,11.000000,14.437000,0.514000,-59,0.000000,7,8
1,11.000000,14.315000,0.418000,-59,0.000000,7,8
1,11.000000,14.362000,0.394000,-59,0.000000,7,8
1,11.000000,14.362000,0.615000,-59,0.000000,7,8
1,11.000000,13.887000,0.559000,-59,0.000000,7,8
1,11.000000,14.203000,0.583000,-59,0.000000,7,8
1,11.000000,14.671000,0.507000,-60,0.000000,7,8
1,11.000000,12.562000,0.919000,-60,0.000000,7,8
1,11.000000,13.743000,0.929000,-60,0.000000,7,8
1,11.000000,12.787000,0.520000,-61,0.000000,5,8
1,11.000000,13.575000,0.808000,-61,0.000000,7,8
1,11.000000,13.031000,0.643000,-61,0.000000,7,8
1,11.000000,13.968000,0.487000,-61,0.000000,7,8
1,11.000000,12.918000,0.539000,-61,0.000000,7,8
1,11.000000,12.949000,0.607000,-61,0.000000,7,8
1,11.000000,14.212000,0.541000,-61,0.000000,7,8
1,11.000000,13.575000,0.441000,-61,0.000000,7,8
1,11.000000,13.734000,0.556000,-61,0.000000,7,8
1,11.000000,13.262000,0.803000,-60,0.000000,7,8
1,11.000000,13.575000,0.901000,-60,0.000000,7,8
1,11.000000,14.315000,0.488000,-61,0.000000,7,8
1,11.000000,15.612000,1.371000,-60,0.000000,7,8
1,11.000000,14.437000,0.844000,-60,0.000000,7,8
1,11.000000,14.662000,0.443000,-60,0.000000,7,8
1,11.000000,14.049000,0.581000,-60,0.000000,7,8
1,11.000000,14.837000,0.423000,-59,0.000000,7,8
1,11.000000,13.275000,0.475000,-59,0.000000,7,8
1,11.000000,14.315000,0.418000,-60,0.000000,7,8
1,11.000000,14.199000,0.386000,-60,0.000000,7,8
1,11.000000,14.674000,0.443000,-59,0.000000,7,8
1,11.000000,15.018000,0.393000,-59,0.000000,7,8
1,11.000000,14.199000,0.468000,-60,0.000000,7,8
1,11.000000,14.193000,0.848000,-60,0.000000,7,8
1,11.000000,14.199000,0.495000,-60,0.000000,7,8
1,11.000000,14.837000,0.413000,-59,0.000000,7,8
1,11.000000,14.203000,0.583000,-60,0.000000,7,8
1,11.000000,14.674000,0.395000,-59,0.000000,7,8
1,11.000000,14.212000,0.000000,-61,0.000000,1,8
1,11.000000,12.675000,0.609000,-61,0.000000,7,8
1,11.000000,14.203000,0.583000,-61,0.000000,7,8
1,11.000000,13.737000,1.171000,-61,0.000000,7,8
1,11.000000,14.987000,0.598000,-59,0.000000,7,8
1,11.000000,14.824000,0.483000,-59,0.000000,7,8
1,11.000000,14.987000,0.253000,-59,0.000000,7,8
1,11.000000,14.906000,0.336000,-59,0.000000,7,8
1,11.000000,14.559000,0.637000,-59,0.000000,7,8
1,11.000000,13.575000,0.782000,-59,0.000000,7,8
1,11.000000,13.275000,0.690000,-60,0.000000,7,8
1,11.000000,13.846000,0.725000,-59,0.000000,7,8
1,11.000000,14.671000,0.427000,-59,0.000000,7,8
1,11.000000,15.150000,0.212000,-59,0.000000,7,8
1,11.000000,14.049000,0.745000,-60,0.000000,7,8
1,11.000000,14.428000,0.541000,-60,0.000000,7,8
1,11.000000,14.437000,0.194000,-60,0.000000,7,8
1,11.000000,14.524000,0.419000,-60,0.000000,7,8
1,11.000000,13.587000,0.624000,-60,0.000000,7,8
1,11.000000,14.662000,0.384000,-59,0.000000,7,8
1,11.000000,14.437000,0.547000,-59,0.000000,7,8
1,11.000000,13.846000,0.426000,-59,0.000000,7,8
1,11.000000,15.028000,0.273000,-60,0.000000,7,8
1,11.000000,14.662000,0.000000,-59,0.000000,7,8
1,11.000000,14.325000,0.658000,-60,0.000000,7,8
1,11.000000,14.437000,0.298000,-60,0.000000,7,8
1,11.000000,13.725000,0.243000,-60,0.000000,7,8
1,11.000000,14.325000,0.526000,-59,0.000000,7,8
1,11.000000,14.896000,0.413000,-59,0.000000,7,8
1,11.000000,14.090000,0.649000,-60,0.000000,7,8
1,11.000000,15.150000,0.000000,-60,0.000000,2,8
1,11.000000,14.193000,0.516000,-59,0.000000,4,0
1,11.000000,14.550000,0.298000,-60,0.000000,7,8
1,11.000000,14.671000,0.470000,-60,0.000000,7,8
1,11.000000,14.662000,0.393000,-59,0.000000,7,8
1,11.000000,14.315000,0.327000,-59,0.000000,7,8
1,11.000000,13.621000,0.610000,-59,0.000000,7,8
1,11.000000,14.446000,0.663000,-60,0.000000,7,8
1,11.000000,14.437000,0.352000,-60,0.000000,5,8
1,11.000000,14.090000,0.820000,-59,0.000000,7,8
1,11.000000,14.662000,0.352000,-60,0.000000,7,8
1,11.000000,14.437000,0.637000,-60,0.000000,7,8
1,11.000000,13.856000,0.660000,-59,0.000000,7,8
1,11.000000,13.725000,0.723000,-60,0.000000,7,8
1,11.000000,13.968000,0.498000,-60,0.000000,7,8
1,11.000000,13.846000,0.703000,-60,0.000000,7,8
1,11.000000,14.896000,0.393000,-60,0.000000,7,8
1,11.000000,14.784000,0.414000,-60,0.000000,7,8
1,11.000000,14.081000,0.730000,-60,0.000000,7,8
1,11.000000,15.150000,0.000000,-60,0.000000,2,8
1,11.000000,14.315000,0.607000,-60,0.000000,7,8
1,11.000000,13.856000,0.348000,-60,0.000000,7,8
1,11.000000,14.662000,0.607000,-60,0.000000,7,8
1,11.000000,14.349000,0.495000,-60,0.000000,7,8
1,11.000000,13.968000,0.498000,-60,0.000000,7,8
1,11.000000,14.671000,0.427000,-60,0.000000,7,8
1,11.000000,14.906000,0.238000,-60,0.000000,7,8
1,11.000000,14.512000,0.350000,-60,0.000000,7,8
1,11.000000,14.203000,0.484000,-30,0.000000,7,8
1,11.000000,14.362000,0.338000,-60,0.000000,7,8
1,11.000000,13.968000,0.688000,-60,0.000000,7,8
1,11.000000,13.725000,0.243000,-60,0.000000,7,8
1,11.000000,13.856000,0.650000,-60,0.000000,7,8
1,11.000000,14.325000,0.593000,-60,0.000000,7,8
1,11.000000,14.199000,0.604000,-60,0.000000,7,8
1,11.000000,14.090000,0.253000,-60,0.000000,7,8
1,11.000000,14.081000,0.768000,-60,0.000000,7,8
1,11.000000,14.199000,0.551000,-60,0.000000,7,8
1,11.000000,13.846000,0.893000,-60,0.000000,7,8
1,11.000000,14.081000,0.787000,-60,0.000000,7,8
1,11.000000,14.362000,0.507000,-59,0.000000,7,8
1,11.000000,13.612000,0.784000,-60,0.000000,7,8
1,11.000000,14.315000,0.558000,-60,0.000000,7,8
1,11.000000,14.437000,0.481000,-60,0.000000,7,8
1,11.000000,14.793000,0.413000,-60,0.000000,7,8
1,11.000000,14.674000,0.570000,-60,0.000000,7,8
1,11.000000,14.437000,0.507000,-60,0.000000,7,8
1,11.000000,14.524000,0.434000,-60,0.000000,7,8
1,11.000000,15.618000,0.468000,-60,0.000000,2,8
1,11.000000,14.559000,0.534000,-60,0.000000,7,8
1,11.000000,13.725000,0.708000,-60,0.000000,7,8
1,11.000000,14.199000,0.487000,-60,0.000000,7,8
1,11.000000,14.793000,0.349000,-60,0.000000,7,8
1,11.000000,15.150000,0.225000,-60,0.000000,5,8
1,11.000000,14.671000,0.491000,-60,0.000000,7,8
1,11.000000,14.090000,0.581000,-60,0.000000,7,8
1,11.000000,14.512000,0.521000,-60,0.000000,7,8
1,11.000000,14.437000,0.507000,-60,0.000000,7,8
1,11.000000,13.587000,0.652000,-60,0.000000,7,8
1,11.000000,14.437000,0.460000,-60,0.000000,7,8
1,11.000000,14.512000,0.589000,-60,0.000000,7,8
1,11.000000,14.437000,0.481000,-60,0.000000,7,8
1,11.000000,14.793000,0.364000,-60,0.000000,7,8
1,11.000000,13.968000,0.785000,-60,0.000000,7,8
1,11.000000,14.671000,0.483000,-60,0.000000,7,8
1,11.000000,13.968000,0.242000,-60,0.000000,7,8
1,11.000000,14.837000,0.364000,-60,0.000000,7,8
1,11.000000,14.824000,0.393000,-60,0.000000,7,8
1,11.000000,14.081000,0.785000,-60,0.000000,7,8
1,11.000000,14.906000,0.413000,-60,0.000000,7,8
1,11.000000,14.793000,0.349000,-60,0.000000,7,8
1,11.000000,13.978000,0.413000,-60,0.000000,7,8
1,11.000000,14.203000,0.429000,-60,0.000000,7,8
1,11.000000,14.212000,0.225000,-60,0.000000,7,8
1,11.000000,14.325000,0.338000,-60,0.000000,7,8
1,11.000000,14.090000,0.253000,-60,0.000000,7,8
1,11.000000,14.428000,0.530000,-60,0.000000,7,8
1,11.000000,14.824000,0.358000,-60,0.000000,7,8
1,11.000000,14.349000,0.526000,-60,0.000000,7,8
1,11.000000,15.018000,0.438000,-60,0.000000,7,8
1,11.000000,14.784000,0.249000,-60,0.000000,7,8
1,11.000000,15.028000,0.358000,-60,0.000000,7,8
1,11.000000,14.784000,0.427000,-60,0.000000,7,8
1,11.000000,14.550000,0.256000,-60,0.000000,7,8
1,11.000000,14.906000,0.301000,-60,0.000000,7,8
1,11.000000,14.674000,0.441000,-60,0.000000,7,8
1,11.000000,14.662000,0.216000,-60,0.000000,7,8
1,11.000000,14.349000,0.338000,-59,0.000000,7,8
1,11.000000,14.550000,0.470000,-60,0.000000,7,8
1,11.000000,14.437000,0.680000,-60,0.000000,7,8
1,11.000000,14.550000,0.163000,-60,0.000000,7,8
1,11.000000,14.906000,0.242000,-60,0.000000,7,8
1,11.000000,15.028000,0.179000,-60,0.000000,7,8
1,11.000000,14.559000,0.610000,-60,0.000000,7,8
1,11.000000,14.203000,0.657000,-60,0.000000,7,8
1,11.000000,14.671000,0.333000,-60,0.000000,7,8
1,11.000000,14.559000,0.395000,-60,0.000000,7,8
1,11.000000,14.559000,0.610000,-60,0.000000,7,8
1,11.000000,14.550000,0.256000,-60,0.000000,7,8
1,11.000000,14.212000,0.373000,-60,0.000000,7,8
1,11.000000,14.987000,0.758000,-59,0.000000,7,8
1,11.000000,15.131000,0.386000,-60,0.000000,7,8
1,11.000000,14.212000,0.468000,-60,0.000000,7,8
1,11.000000,14.362000,0.657000,-60,0.000000,7,8
1,11.000000,13.887000,0.471000,-59,0.000000,7,8
1,11.000000,14.671000,0.301000,-60,0.000000,7,8
1,11.000000,14.325000,0.726000,-60,0.000000,7,8
1,11.000000,14.793000,0.348000,-60,0.000000,7,8
1,11.000000,14.824000,0.224000,-60,0.000000,7,8
1,11.000000,14.662000,0.296000,-60,0.000000,7,8
1,11.000000,13.856000,0.585000,-60,0.000000,7,8
1,11.000000,14.915000,0.418000,-59,0.000000,7,8
1,11.000000,15.150000,0.000000,-59,0.000000,7,8
1,11.000000,14.512000,0.661000,-60,0.000000,7,8
1,11.000000,13.968000,1.081000,-59,0.000000,7,8
1,11.000000,14.662000,0.000000,-60,0.000000,4,8
1,11.000000,14.671000,0.491000,-60,0.000000,7,8
1,11.000000,14.662000,0.000000,-60,0.000000,1,8
1,11.000000,14.906000,0.358000,-59,0.000000,7,8
1,11.000000,14.559000,0.574000,-60,0.000000,7,8
1,11.000000,14.681000,0.507000,-60,0.000000,5,8
1,11.000000,14.662000,0.390000,-60,0.000000,7,8
1,11.000000,14.987000,0.322000,-59,0.000000,7,8
1,11.000000,13.968000,0.690000,-59,0.000000,7,8
1,11.000000,15.150000,0.000000,-59,0.000000,7,8
1,11.000000,14.049000,0.826000,-59,0.000000,7,8
1,11.000000,15.140000,0.303000,-59,0.000000,7,8
1,11.000000,14.671000,0.427000,-60,0.000000,7,8
1,11.000000,14.524000,0.918000,-59,0.000000,7,8
1,11.000000,14.671000,0.333000,-60,0.000000,7,8
1,11.000000,14.793000,0.348000,-59,0.000000,7,8
1,11.000000,14.362000,0.645000,-59,0.000000,7,8
1,11.000000,14.550000,0.333000,-60,0.000000,7,8
1,11.000000,14.550000,0.414000,-60,0.000000,7,8
1,11.000000,14.437000,0.514000,-60,0.000000,7,8
1,11.000000,14.793000,0.413000,-60,0.000000,7,8
1,11.000000,13.959000,0.426000,-60,0.000000,7,8
1,11.000000,14.550000,0.491000,-60,0.000000,7,8
1,11.000000,14.512000,0.478000,-60,0.000000,7,8
1,11.000000,13.968000,0.585000,-59,0.000000,7,8
1,11.000000,14.203000,0.704000,-60,0.000000,7,8
1,11.000000,14.784000,0.238000,-60,0.000000,7,8
1,11.000000,14.212000,0.602000,-60,0.000000,7,8
1,11.000000,14.671000,0.559000,-60,0.000000,7,8
1,11.000000,14.193000,0.498000,-60,0.000000,7,8
1,11.000000,14.671000,0.447000,-60,0.000000,7,8
1,11.000000,14.049000,0.825000,-60,0.000000,7,8
1,11.000000,14.674000,0.443000,-60,0.000000,7,8
1,11.000000,14.906000,0.390000,-59,0.000000,7,8
1,11.000000,14.837000,0.349000,-59,0.000000,7,8
1,11.000000,15.018000,0.421000,-59,0.000000,7,8
1,11.000000,14.671000,0.333000,-59,0.000000,7,8
1,11.000000,14.784000,0.347000,-59,0.000000,7,8
1,11.000000,14.325000,0.328000,-60,0.000000,7,8
1,11.000000,14.090000,0.615000,-59,0.000000,7,8
1,11.000000,15.028000,0.253000,-59,0.000000,7,8
1,11.000000,14.437000,0.601000,-59,0.000000,7,8
1,11.000000,14.550000,0.441000,-60,0.000000,7,8
1,11.000000,14.784000,0.225000,-60,0.000000,7,8
1,11.000000,13.425000,0.977000,-60,0.000000,7,8
1,11.000000,14.674000,0.535000,-60,0.000000,7,8
1,11.000000,14.784000,0.242000,-60,0.000000,7,8
1,11.000000,14.824000,0.243000,-60,0.000000,7,8
1,11.000000,14.512000,0.544000,-59,0.000000,7,8
1,11.000000,14.784000,0.336000,-59,0.000000,7,8
1,11.000000,14.362000,0.421000,-60,0.000000,7,8
1,11.000000,14.987000,0.561000,-60,0.000000,7,8
1,11.000000,15.028000,0.327000,-60,0.000000,7,8
1,11.000000,14.824000,0.352000,-59,0.000000,7,8
1,11.000000,14.662000,0.256000,-59,0.000000,7,8
1,11.000000,14.671000,0.559000,-60,0.000000,7,8
1,11.000000,14.090000,0.497000,-60,0.000000,7,8
1,11.000000,13.887000,0.665000,-60,0.000000,7,8
1,11.000000,13.737000,1.059000,-60,0.000000,7,8
1,11.000000,13.734000,0.426000,-60,0.000000,7,8
1,11.000000,13.959000,0.438000,-60,0.000000,7,8
1,11.000000,13.737000,0.655000,-60,0.000000,7,8
1,11.000000,14.671000,0.333000,-60,0.000000,7,8
1,11.000000,14.793000,0.349000,-60,0.000000,7,8
1,11.000000,14.671000,0.333000,-60,0.000000,7,8
1,11.000000,13.737000,1.103000,-60,0.000000,7,8
1,11.000000,14.512000,5.303000,-60,0.000000,7,8
1,11.000000,14.115000,0.253000,-60,0.000000,7,8
1,11.000000,13.575000,0.863000,-60,0.000000,7,8
1,11.000000,14.325000,0.593000,-59,0.000000,7,8
1,11.000000,15.150000,0.194000,-59,0.000000,5,8
1,11.000000,14.362000,0.506000,-59,0.000000,5,8
1,11.000000,14.906000,0.301000,-59,0.000000,7,8
1,11.000000,14.325000,0.541000,-59,0.000000,7,8
1,11.000000,14.793000,0.423000,-59,0.000000,7,8
1,11.000000,14.987000,0.303000,-59,0.000000,7,8
1,11.000000,14.199000,0.745000,-60,0.000000,7,8
1,11.000000,14.212000,0.495000,-60,0.000000,7,8
1,11.000000,14.987000,0.594000,-60,0.000000,7,8
1,11.000000,14.824000,0.832000,-60,0.000000,7,8
1,11.000000,14.662000,0.835000,-59,0.000000,7,8
1,11.000000,14.784000,0.666000,-60,0.000000,7,8
1,11.000000,14.987000,0.327000,-60,0.000000,7,8
1,11.000000,14.906000,0.560000,-60,0.000000,7,8
1,11.000000,14.906000,0.296000,-59,0.000000,7,8
1,11.000000,15.150000,0.000000,-60,0.000000,1,8
1,11.000000,14.824000,0.506000,-59,0.000000,6,0
1,11.000000,14.671000,0.333000,-59,0.000000,7,8
1,11.000000,14.559000,0.835000,-59,0.000000,7,8
1,11.000000,14.512000,0.441000,-59,0.000000,7,8
1,11.000000,13.968000,0.347000,-59,0.000000,7,8
1,11.000000,13.968000,0.561000,-60,0.000000,7,8
1,11.000000,13.899000,0.649000,-59,0.000000,7,8
1,11.000000,15.131000,0.419000,-60,0.000000,5,8
1,11.000000,14.662000,0.256000,-60,0.000000,7,8
1,11.000000,14.081000,0.495000,-60,0.000000,7,8
1,11.000000,14.524000,0.328000,-60,0.000000,7,8
1,11.000000,13.887000,1.329000,-60,0.000000,7,8
1,11.000000,14.674000,1.272000,-60,0.000000,7,8
1,11.000000,15.375000,0.460000,-60,0.000000,7,8
1,11.000000,13.500000,0.829000,-60,0.000000,7,8
1,11.000000,14.049000,0.782000,-60,0.000000,7,8
1,11.000000,13.725000,0.821000,-59,0.000000,7,8
1,11.000000,13.968000,0.903000,-59,0.000000,7,8
1,11.000000,14.362000,0.657000,-60,0.000000,7,8
1,11.000000,14.671000,0.333000,-60,0.000000,7,8
1,11.000000,14.512000,0.443000,-60,0.000000,7,8
1,11.000000,15.131000,0.386000,-59,0.000000,7,8
1,11.000000,14.212000,1.028000,-60,0.000000,7,8
1,11.000000,14.362000,0.770000,-60,0.000000,7,8
1,11.000000,14.915000,0.429000,-60,0.000000,7,8
1,11.000000,14.681000,0.506000,-60,0.000000,7,8
1,11.000000,13.725000,0.885000,-60,0.000000,7,8
1,11.000000,14.837000,0.498000,-60,0.000000,7,8
1,11.000000,13.500000,0.770000,-60,0.000000,7,8
1,11.000000,13.575000,0.967000,-60,0.000000,7,8
1,11.000000,12.562000,1.355000,-60,0.000000,7,8
1,11.000000,13.031000,1.019000,-60,0.000000,7,8
1,11.000000,12.918000,1.097000,-60,0.000000,7,8
1,11.000000,14.203000,0.488000,-60,0.000000,7,8
1,11.000000,13.500000,0.601000,-60,0.000000,7,8
1,11.000000,13.737000,1.068000,-60,0.000000,7,8
1,11.000000,13.378000,1.150000,-60,0.000000,7,8
1,11.000000,12.562000,1.054000,-60,0.000000,7,8
1,11.000000,13.357000,0.986000,-60,0.000000,7,8
1,11.000000,14.349000,0.373000,-60,0.000000,7,8
1,11.000000,13.612000,0.784000,-59,0.000000,7,8
1,11.000000,14.325000,0.328000,-59,0.000000,7,8
1,11.000000,13.612000,0.997000,-59,0.000000,7,8
1,11.000000,13.387000,0.742000,-60,0.000000,7,8
1,11.000000,14.437000,0.460000,-60,0.000000,7,8
1,11.000000,14.199000,0.566000,-60,0.000000,7,8
1,11.000000,14.203000,0.615000,-60,0.000000,7,8
1,11.000000,13.099000,1.093000,-60,0.000000,6,8
1,11.000000,14.049000,1.206000,-61,0.000000,5,8
1,11.000000,13.500000,0.987000,-60,0.000000,7,8
1,11.000000,13.734000,0.763000,-60,0.000000,7,8
1,11.000000,15.131000,0.419000,-60,0.000000,7,8
1,11.000000,14.512000,0.559000,-60,0.000000,7,8
1,11.000000,14.437000,0.357000,-60,0.000000,7,8
1,11.000000,14.212000,0.931000,-61,0.000000,7,8
1,11.000000,14.974000,1.018000,-61,0.000000,7,8
1,11.000000,15.150000,0.434000,-61,0.000000,7,8
1,11.000000,14.524000,1.010000,-61,0.000000,7,8
1,11.000000,14.784000,0.823000,-61,0.000000,7,8
1,11.000000,14.512000,0.860000,-61,0.000000,7,8
1,11.000000,15.150000,0.229000,-61,0.000000,7,8
1,11.000000,14.824000,1.093000,-60,0.000000,7,8
1,11.000000,14.987000,0.428000,-61,0.000000,7,8
1,11.000000,14.674000,0.789000,-61,0.000000,7,8
1,11.000000,13.856000,1.160000,-61,0.000000,7,8
1,11.000000,14.674000,0.326000,-62,0.000000,7,8
1,11.000000,14.674000,0.549000,-61,0.000000,7,8
1,11.000000,14.362000,0.702000,-61,0.000000,7,8
1,11.000000,14.199000,0.418000,-61,0.000000,7,8
1,11.000000,13.737000,0.460000,-61,0.000000,7,8
1,11.000000,14.512000,0.352000,-61,0.000000,5,8
1,11.000000,14.987000,0.253000,-60,0.000000,7,8
1,11.000000,14.906000,0.746000,-60,0.000000,7,8
1,11.000000,14.550000,0.163000,-60,0.000000,7,8
1,11.000000,15.300000,0.220000,-60,0.000000,7,8
1,11.000000,15.150000,0.000000,-60,0.000000,1,8
1,11.000000,14.362000,1.059000,-60,0.000000,7,8
1,11.000000,13.887000,0.827000,-61,0.000000,7,8
1,11.000000,13.425000,1.226000,-60,0.000000,7,8
1,11.000000,14.512000,0.427000,-60,0.000000,7,8
1,11.000000,14.349000,0.612000,-60,0.000000,7,8
1,11.000000,13.737000,1.660000,-60,0.000000,7,8
1,11.000000,13.725000,1.342000,-60,0.000000,7,8
1,11.000000,14.674000,0.962000,-60,0.000000,7,8
1,11.000000,14.512000,0.460000,-61,0.000000,7,8
1,11.000000,14.674000,0.508000,-61,0.000000,7,8
1,11.000000,14.049000,0.460000,-61,0.000000,7,8
1,11.000000,15.137000,0.990000,-61,0.000000,7,8
1,11.000000,15.018000,0.903000,-61,0.000000,7,8
1,11.000000,13.587000,1.500000,-61,0.000000,7,8
1,11.000000,14.437000,0.881000,-60,0.000000,7,8
1,11.000000,14.037000,1.715000,-61,0.000000,7,8
1,11.000000,15.150000,0.820000,-61,0.000000,7,8
1,11.000000,14.550000,1.238000,-61,0.000000,7,8
1,11.000000,14.987000,0.954000,-60,0.000000,7,8
1,11.000000,14.446000,0.827000,-60,0.000000,7,8
1,11.000000,15.131000,0.450000,-60,0.000000,7,8
1,11.000000,14.199000,0.930000,-60,0.000000,7,8
1,11.000000,14.349000,0.563000,-61,0.000000,7,8
1,11.000000,14.037000,0.413000,-61,0.000000,7,8
1,11.000000,13.887000,1.500000,-60,0.000000,7,8
1,11.000000,13.968000,1.223000,-60,0.000000,7,8
1,11.000000,14.987000,0.704000,-60,0.000000,7,8
1,11.000000,14.674000,0.888000,-60,0.000000,7,8
1,11.000000,14.906000,0.714000,-61,0.000000,7,8
1,11.000000,14.512000,0.736000,-61,0.000000,7,8
1,11.000000,14.037000,0.783000,-61,0.000000,7,8
1,11.000000,14.049000,1.134000,-61,0.000000,7,8
1,11.000000,14.674000,0.745000,-61,0.000000,7,8
1,11.000000,15.028000,0.301000,-61,0.000000,7,8
1,11.000000,15.140000,1.114000,-60,0.000000,7,8
1,11.000000,14.524000,0.867000,-61,0.000000,7,8
1,11.000000,14.987000,0.560000,-61,0.000000,7,8
1,11.000000,14.824000,0.525000,-61,0.000000,7,8
1,11.000000,15.287000,1.011000,-60,0.000000,7,8
1,11.000000,15.450000,0.610000,-60,0.000000,7,8
1,11.000000,14.512000,1.059000,-61,0.000000,7,8
1,11.000000,14.212000,1.551000,-60,0.000000,7,8
1,11.000000,14.199000,1.202000,-60,0.000000,7,8
1,11.000000,13.846000,1.499000,-61,0.000000,7,8
1,11.000000,14.512000,1.064000,-60,0.000000,7,8
1,11.000000,14.212000,1.592000,-60,0.000000,7,8
1,11.000000,14.837000,0.865000,-61,0.000000,7,8
1,11.000000,14.662000,0.000000,-61,0.000000,1,8
1,11.000000,14.987000,0.604000,-61,0.000000,7,8
1,11.000000,14.512000,1.219000,-61,0.000000,7,8
1,11.000000,14.512000,0.701000,-61,0.000000,7,8
1,11.000000,14.906000,1.032000,-60,0.000000,7,8
1,11.000000,14.362000,1.186000,-61,0.000000,7,8
1,11.000000,14.037000,1.512000,-60,0.000000,7,8
1,11.000000,13.412000,1.824000,-61,0.000000,7,8
1,11.000000,14.662000,1.090000,-60,0.000000,7,8
1,11.000000,14.349000,1.316000,-61,0.000000,7,8
1,11.000000,14.987000,0.637000,-61,0.000000,7,8
1,11.000000,13.425000,1.695000,-61,0.000000,7,8
1,11.000000,14.674000,0.737000,-61,0.000000,7,8
1,11.000000,13.968000,1.689000,-61,0.000000,7,8
1,11.000000,13.887000,1.912000,-61,0.000000,7,8
1,11.000000,14.906000,0.423000,-61,0.000000,7,8
1,11.000000,13.587000,2.010000,-61,0.000000,7,8
1,11.000000,14.987000,0.793000,-60,0.000000,7,8
1,11.000000,14.512000,1.437000,-61,0.000000,7,8
1,11.000000,14.674000,1.416000,-61,0.000000,7,8
1,11.000000,14.824000,0.821000,-61,0.000000,7,8
1,11.000000,14.674000,0.996000,-61,0.000000,7,8
1,11.000000,14.512000,1.389000,-60,0.000000,7,8
1,11.000000,13.887000,1.536000,-61,0.000000,7,8
1,11.000000,14.674000,0.995000,-61,0.000000,7,8
1,11.000000,14.199000,0.918000,-61,0.000000,7,8
1,11.000000,13.887000,1.552000,-61,0.000000,7,8
1,11.000000,14.081000,1.424000,-61,0.000000,7,8
1,11.000000,14.199000,1.190000,-61,0.000000,7,8
1,11.000000,14.837000,0.585000,-61,0.000000,7,8
1,11.000000,13.575000,1.243000,-61,0.000000,7,8
1,11.000000,14.437000,0.712000,-61,0.000000,2,8
1,11.000000,14.362000,1.432000,-61,0.000000,7,8
1,11.000000,14.049000,1.436000,-61,0.000000,7,8
1,11.000000,14.512000,1.166000,-61,0.000000,7,8
1,11.000000,13.899000,0.948000,-61,0.000000,7,8
1,11.000000,13.743000,1.536000,-61,0.000000,7,8
1,11.000000,13.737000,1.396000,-62,0.000000,7,8
1,11.000000,14.837000,0.900000,-61,0.000000,7,8
1,11.000000,14.081000,0.604000,-61,0.000000,7,8
1,11.000000,13.887000,1.505000,-61,0.000000,7,8
1,11.000000,14.824000,1.252000,-61,0.000000,7,8
1,11.000000,13.968000,1.260000,-61,0.000000,7,8
1,11.000000,14.974000,1.517000,-61,0.000000,7,8
1,11.000000,13.500000,1.657000,-61,0.000000,7,8
1,11.000000,14.987000,0.922000,-61,0.000000,7,8
1,11.000000,14.199000,1.224000,-61,0.000000,7,8
1,11.000000,15.150000,0.639000,-61,0.000000,7,8
1,11.000000,13.425000,1.597000,-61,0.000000,7,8
1,11.000000,13.734000,1.556000,-61,0.000000,7,8
1,11.000000,14.037000,1.491000,-61,0.000000,7,8
1,11.000000,14.081000,1.502000,-61,0.000000,7,8
1,11.000000,14.662000,0.750000,-61,0.000000,7,8
1,11.000000,13.621000,1.819000,-61,0.000000,7,8
1,11.000000,14.199000,1.323000,-61,0.000000,7,8
1,11.000000,14.512000,1.305000,-61,0.000000,7,8
1,11.000000,14.362000,1.390000,-61,0.000000,7,8
1,11.000000,14.349000,1.337000,-61,0.000000,7,8
1,11.000000,14.674000,0.743000,-61,0.000000,7,8
1,11.000000,14.512000,1.093000,-61,0.000000,7,8
1,11.000000,14.524000,1.490000,-61,0.000000,7,8
1,11.000000,13.425000,1.435000,-61,0.000000,7,8
1,11.000000,13.887000,1.523000,-61,0.000000,7,8
1,11.000000,14.906000,0.704000,-61,0.000000,7,8
1,11.000000,14.362000,1.194000,-61,0.000000,7,8
1,11.000000,14.837000,0.827000,-61,0.000000,7,8
1,11.000000,15.150000,0.338000,-61,0.000000,7,8
1,11.000000,14.987000,0.615000,-61,0.000000,7,8
1,11.000000,13.256000,0.468000,-61,0.000000,2,8
1,11.000000,13.256000,1.390000,-61,0.000000,7,8
1,11.000000,13.575000,1.355000,-61,0.000000,7,8
1,11.000000,14.203000,0.965000,-61,0.000000,7,8
1,11.000000,13.743000,1.188000,-61,0.000000,7,8
1,11.000000,14.662000,0.594000,-61,0.000000,7,8
1,11.000000,14.674000,1.028000,-61,0.000000,7,8
1,11.000000,14.524000,1.073000,-61,0.000000,7,8
1,11.000000,14.512000,0.423000,-61,0.000000,7,8
1,11.000000,13.262000,1.352000,-61,0.000000,7,8
1,11.000000,14.482000,0.970000,-61,0.000000,7,8
1,11.000000,14.090000,1.000000,-61,0.000000,7,8
1,11.000000,15.600000,0.811000,-61,0.000000,4,8
1,11.000000,14.837000,0.681000,-61,0.000000,7,8
1,11.000000,14.199000,1.007000,-61,0.000000,7,8
1,11.000000,13.587000,1.736000,-61,0.000000,7,8
1,11.000000,14.674000,0.780000,-61,0.000000,7,8
1,11.000000,13.737000,0.999000,-61,0.000000,7,8
1,11.000000,15.150000,0.000000,-61,0.000000,7,8
1,11.000000,13.031000,1.018000,-62,0.000000,3,8
1,11.000000,14.199000,1.315000,-61,0.000000,7,8
1,11.000000,14.550000,0.530000,-61,0.000000,7,8
1,11.000000,13.275000,1.459000,-61,0.000000,7,8
1,11.000000,14.524000,1.018000,-61,0.000000,7,8
1,11.000000,14.199000,1.070000,-61,0.000000,7,8
1,11.000000,13.575000,1.259000,-61,0.000000,7,8
1,11.000000,14.362000,0.685000,-61,0.000000,7,8
1,11.000000,14.193000,1.685000,-61,0.000000,7,8
1,11.000000,13.737000,1.299000,-61,0.000000,7,8
1,11.000000,14.512000,0.793000,-61,0.000000,7,8
1,11.000000,14.362000,0.961000,-61,0.000000,7,8
1,11.000000,14.524000,1.256000,-61,0.000000,7,8
1,11.000000,13.725000,1.344000,-61,0.000000,7,8
1,11.000000,14.987000,0.897000,-61,0.000000,7,8
1,11.000000,14.512000,0.908000,-61,0.000000,7,8
1,11.000000,13.887000,1.425000,-61,0.000000,7,8
1,11.000000,13.968000,1.318000,-61,0.000000,7,8
1,11.000000,14.212000,1.409000,-61,0.000000,7,8
1,11.000000,14.837000,0.865000,-61,0.000000,7,8
1,11.000000,14.524000,1.084000,-61,0.000000,7,8
1,11.000000,13.500000,1.490000,-61,0.000000,7,8
1,11.000000,13.725000,1.747000,-61,0.000000,7,8
1,11.000000,13.425000,1.841000,-61,0.000000,7,8
1,11.000000,14.987000,0.303000,-61,0.000000,7,8
1,11.000000,13.262000,1.925000,-61,0.000000,7,8
1,11.000000,15.137000,0.750000,-61,0.000000,7,8
1,11.000000,13.737000,1.213000,-61,0.000000,7,8
1,11.000000,14.362000,1.139000,-61,0.000000,7,8
1,11.000000,13.425000,1.378000,-61,0.000000,7,8
1,11.000000,14.524000,1.054000,-61,0.000000,7,8
1,11.000000,14.362000,1.306000,-61,0.000000,7,8
1,11.000000,13.262000,1.348000,-61,0.000000,7,8
1,11.000000,14.037000,1.457000,-61,0.000000,7,8
1,11.000000,14.674000,1.054000,-61,0.000000,7,8
1,11.000000,14.837000,0.692000,-61,0.000000,7,8
1,11.000000,13.737000,1.750000,-61,0.000000,7,8
1,11.000000,14.662000,1.093000,-61,0.000000,5,8
1,11.000000,13.425000,1.941000,-61,0.000000,7,8
1,11.000000,13.575000,1.274000,-61,0.000000,7,8
1,11.000000,13.031000,1.713000,-61,0.000000,7,8
1,11.000000,14.512000,1.621000,-61,0.000000,7,8
1,11.000000,14.837000,0.527000,-61,0.000000,7,8
1,11.000000,13.920000,1.435000,-61,0.000000,7,8
1,11.000000,15.150000,0.811000,-60,0.000000,7,8
1,11.000000,14.049000,0.463000,-61,0.000000,7,8
1,11.000000,14.824000,0.704000,-61,0.000000,7,8
1,11.000000,14.674000,0.896000,-61,0.000000,7,8
1,11.000000,14.550000,1.316000,-61,0.000000,7,8
1,11.000000,13.737000,1.852000,-61,0.000000,7,8
1,11.000000,14.512000,0.860000,-61,0.000000,7,8
1,11.000000,14.662000,0.866000,-61,0.000000,7,8
1,11.000000,13.887000,1.595000,-61,0.000000,7,8
1,11.000000,14.199000,1.412000,-61,0.000000,7,8
1,11.000000,13.587000,1.543000,-61,0.000000,7,8
1,11.000000,14.199000,1.014000,-61,0.000000,7,8
1,11.000000,13.425000,2.140000,-61,0.000000,7,8
1,11.000000,13.887000,1.442000,-61,0.000000,7,8
1,11.000000,14.049000,1.520000,-61,0.000000,7,8
1,11.000000,13.887000,1.248000,-61,0.000000,7,8
1,11.000000,14.824000,0.441000,-61,0.000000,7,8
1,11.000000,13.887000,1.264000,-61,0.000000,7,8
1,11.000000,14.824000,0.438000,-61,0.000000,7,8
1,11.000000,14.199000,1.418000,-61,0.000000,7,8
1,11.000000,13.899000,1.219000,-61,0.000000,7,8
1,11.000000,14.837000,0.680000,-61,0.000000,7,8
1,11.000000,14.674000,0.696000,-61,0.000000,7,8
1,11.000000,14.512000,0.927000,-61,0.000000,7,8
1,11.000000,13.256000,1.604000,-61,0.000000,7,8
1,11.000000,15.600000,0.937000,-61,0.000000,3,8
1,11.000000,14.987000,0.483000,-61,0.000000,7,8
1,11.000000,14.524000,0.526000,-61,0.000000,7,8
1,11.000000,14.824000,0.347000,-61,0.000000,7,8
1,11.000000,13.725000,1.229000,-61,0.000000,7,8
1,11.000000,14.662000,0.000000,-61,0.000000,3,8
1,11.000000,14.512000,0.736000,-61,0.000000,7,8
1,11.000000,14.906000,0.928000,-61,0.000000,7,8
1,11.000000,14.199000,1.138000,-61,0.000000,7,8
1,11.000000,13.262000,1.386000,-61,0.000000,7,8
1,11.000000,14.550000,0.585000,-61,0.000000,7,8
1,11.000000,14.199000,0.468000,-61,0.000000,7,8
1,11.000000,13.412000,0.743000,-61,0.000000,7,8
1,11.000000,13.725000,1.344000,-61,0.000000,7,8
1,11.000000,14.212000,0.746000,-61,0.000000,7,8
1,11.000000,13.725000,0.744000,-61,0.000000,7,8
1,11.000000,14.837000,0.349000,-61,0.000000,7,8
1,11.000000,14.199000,0.971000,-61,0.000000,7,8
1,11.000000,14.674000,0.593000,-61,0.000000,7,8
1,11.000000,14.362000,0.565000,-61,0.000000,7,8
1,11.000000,13.887000,0.538000,-61,0.000000,7,8
1,11.000000,13.262000,1.187000,-61,0.000000,7,8
1,11.000000,13.968000,1.183000,-61,0.000000,7,8
1,11.000000,13.262000,1.577000,-61,0.000000,7,8
1,11.000000,13.587000,0.922000,-61,0.000000,7,8
1,11.000000,14.349000,0.820000,-61,0.000000,7,8
1,11.000000,13.425000,1.613000,-61,0.000000,7,8
1,11.000000,14.674000,1.253000,-61,0.000000,7,8
1,11.000000,14.349000,1.505000,-61,0.000000,7,8
1,11.000000,14.349000,1.592000,-61,0.000000,7,8
1,11.000000,13.112000,1.451000,-61,0.000000,7,8
1,11.000000,14.824000,0.763000,-61,0.000000,7,8
1,11.000000,13.725000,1.051000,-61,0.000000,7,8
1,11.000000,13.959000,1.219000,-61,0.000000,7,8
1,11.000000,13.425000,1.599000,-61,0.000000,7,8
1,11.000000,14.362000,0.922000,-61,0.000000,7,8
1,11.000000,14.677000,0.733000,-61,0.000000,7,8
1,11.000000,13.968000,1.142000,-61,0.000000,7,8
1,11.000000,13.968000,1.019000,-61,0.000000,4,8
1,11.000000,13.737000,1.419000,-61,0.000000,7,8
1,11.000000,14.049000,1.194000,-61,0.000000,7,8
1,11.000000,13.968000,0.951000,-61,0.000000,7,8
1,11.000000,14.671000,1.027000,-61,0.000000,7,8
1,11.000000,14.362000,0.895000,-61,0.000000,7,8
1,11.000000,14.437000,0.296000,-61,0.000000,7,8
1,11.000000,14.199000,0.934000,-61,0.000000,7,8
1,11.000000,14.662000,0.000000,-61,0.000000,2,8
1,11.000000,14.199000,0.861000,-61,0.000000,7,8
1,11.000000,13.256000,1.565000,-61,0.000000,7,8
1,11.000000,14.674000,0.585000,-61,0.000000,7,8
1,11.000000,14.674000,0.460000,-61,0.000000,7,8
1,11.000000,13.575000,1.117000,-61,0.000000,7,8
1,11.000000,13.275000,1.273000,-61,0.000000,7,8
1,11.000000,14.362000,0.844000,-61,0.000000,7,8
1,11.000000,13.275000,1.822000,-61,0.000000,7,8
1,11.000000,13.112000,1.171000,-61,0.000000,7,8
1,11.000000,14.987000,0.660000,-61,0.000000,7,8
1,11.000000,13.425000,1.504000,-61,0.000000,7,8
1,11.000000,13.412000,1.255000,-61,0.000000,7,8
1,11.000000,13.262000,0.701000,-61,0.000000,7,8
1,11.000000,14.512000,0.556000,-61,0.000000,7,8
1,11.000000,14.049000,1.237000,-61,0.000000,7,8
1,11.000000,14.199000,1.138000,-61,0.000000,7,8
1,11.000000,14.199000,1.194000,-61,0.000000,7,8
1,11.000000,13.575000,1.656000,-61,0.000000,7,8
1,11.000000,13.737000,0.854000,-61,0.000000,7,8
1,11.000000,14.037000,1.504000,-61,0.000000,7,8
1,11.000000,14.512000,1.059000,-61,0.000000,7,8
1,11.000000,13.425000,1.722000,-61,0.000000,7,8
1,11.000000,14.674000,0.610000,-61,0.000000,7,8
1,11.000000,13.500000,1.125000,-61,0.000000,7,8
1,11.000000,14.512000,0.810000,-61,0.000000,7,8
1,11.000000,14.512000,1.054000,-61,0.000000,7,8
1,11.000000,12.949000,2.031000,-61,0.000000,7,8
1,11.000000,13.425000,1.689000,-61,0.000000,7,8
1,11.000000,14.662000,0.000000,-61,0.000000,2,8
1,11.000000,13.737000,1.653000,-61,0.000000,7,8
1,11.000000,14.037000,0.933000,-61,0.000000,7,8
1,11.000000,14.362000,1.205000,-61,0.000000,5,8
1,11.000000,14.674000,0.491000,-61,0.000000,7,8
1,11.000000,14.315000,1.060000,-61,0.000000,7,8
1,11.000000,14.512000,1.214000,-61,0.000000,7,8
1,11.000000,13.737000,1.295000,-61,0.000000,7,8
1,11.000000,14.674000,0.771000,-61,0.000000,7,8
1,11.000000,13.262000,1.394000,-61,0.000000,7,8
1,11.000000,13.575000,1.543000,-61,0.000000,7,8
1,11.000000,13.275000,2.071000,-60,0.000000,7,8
1,11.000000,14.049000,1.797000,-61,0.000000,7,8
1,11.000000,14.362000,0.622000,-61,0.000000,7,8
1,11.000000,13.575000,1.447000,-61,0.000000,7,8
1,11.000000,14.662000,0.649000,-61,0.000000,7,8
1,11.000000,14.906000,0.874000,-61,0.000000,7,8
1,11.000000,13.031000,1.681000,-61,0.000000,7,8
1,11.000000,13.887000,1.056000,-61,0.000000,7,8
1,11.000000,13.575000,1.415000,-61,0.000000,7,8
1,11.000000,14.987000,0.733000,-61,0.000000,7,8
1,11.000000,12.962000,2.011000,-61,0.000000,7,8
1,11.000000,14.212000,0.000000,-61,0.000000,4,8
1,11.000000,14.037000,1.346000,-61,0.000000,7,8
1,11.000000,14.049000,1.361000,-61,0.000000,7,8
1,11.000000,13.575000,1.718000,-61,0.000000,7,8
1,11.000000,13.262000,1.116000,-61,0.000000,7,8
1,11.000000,14.362000,0.804000,-61,0.000000,7,8
1,11.000000,14.362000,0.615000,-61,0.000000,7,8
1,11.000000,14.349000,1.475000,-61,0.000000,7,8
1,11.000000,14.987000,0.527000,-61,0.000000,7,8
1,11.000000,14.512000,0.793000,-61,0.000000,7,8
1,11.000000,14.512000,0.810000,-61,0.000000,7,8
1,11.000000,14.049000,1.486000,-61,0.000000,7,8
1,11.000000,14.987000,0.731000,-61,0.000000,7,8
1,11.000000,14.203000,1.147000,-61,0.000000,7,8
1,11.000000,13.575000,1.295000,-61,0.000000,7,8
1,11.000000,13.425000,1.730000,-61,0.000000,7,8
1,11.000000,13.725000,1.401000,-61,0.000000,7,8
1,11.000000,14.662000,1.014000,-61,0.000000,7,8
1,11.000000,14.674000,1.050000,-61,0.000000,7,8
1,11.000000,13.575000,1.446000,-61,0.000000,7,8
1,11.000000,14.681000,1.057000,-61,0.000000,7,8
1,11.000000,13.112000,2.081000,-61,0.000000,7,8
1,11.000000,13.425000,1.861000,-61,0.000000,7,8
1,11.000000,14.674000,0.931000,-61,0.000000,7,8
1,11.000000,14.987000,0.793000,-61,0.000000,7,8
1,11.000000,14.674000,0.967000,-61,0.000000,6,8
1,11.000000,13.425000,1.562000,-61,0.000000,7,8
1,11.000000,13.425000,1.984000,-61,0.000000,7,8
1,11.000000,13.887000,1.735000,-61,0.000000,7,8
1,11.000000,14.662000,1.027000,-61,0.000000,7,8
1,11.000000,13.262000,2.069000,-61,0.000000,7,8
1,11.000000,13.887000,1.551000,-61,0.000000,7,8
1,11.000000,14.362000,0.782000,-61,0.000000,7,8
1,11.000000,14.512000,0.810000,-61,0.000000,7,8
1,11.000000,14.049000,1.527000,-61,0.000000,7,8
1,11.000000,12.787000,1.858000,-61,0.000000,7,8
1,11.000000,14.362000,0.384000,-61,0.000000,6,8
1,11.000000,14.212000,1.018000,-61,0.000000,7,8
1,11.000000,14.362000,0.465000,-61,0.000000,7,8
1,11.000000,14.049000,1.351000,-61,0.000000,7,8
1,11.000000,13.378000,1.974000,-61,0.000000,7,8
1,11.000000,13.725000,1.856000,-61,0.000000,7,8
1,11.000000,13.500000,1.363000,-61,0.000000,7,8
1,11.000000,14.203000,1.264000,-61,0.000000,7,8
1,11.000000,14.349000,0.993000,-61,0.000000,7,8
1,11.000000,13.575000,1.024000,-61,0.000000,7,8
1,11.000000,13.412000,1.549000,-61,0.000000,7,8
1,11.000000,14.203000,1.278000,-61,0.000000,7,8
1,11.000000,14.199000,0.817000,-61,0.000000,7,8
1,11.000000,14.824000,0.629000,-61,0.000000,7,8
1,11.000000,14.362000,0.935000,-61,0.000000,7,8
1,11.000000,13.737000,1.135000,-61,0.000000,7,8
1,11.000000,14.037000,1.059000,-61,0.000000,7,8
1,11.000000,14.824000,0.615000,-61,0.000000,7,8
1,11.000000,12.962000,1.388000,-61,0.000000,7,8
1,11.000000,14.674000,1.000000,-61,0.000000,7,8
1,11.000000,13.262000,1.717000,-61,0.000000,7,8
1,11.000000,13.887000,0.753000,-61,0.000000,7,8
1,11.000000,14.512000,0.301000,-61,0.000000,7,8
1,11.000000,14.784000,0.336000,-61,0.000000,7,8
1,11.000000,14.674000,0.680000,-61,0.000000,7,8
1,11.000000,14.037000,1.002000,-61,0.000000,7,8
1,11.000000,14.784000,0.533000,-61,0.000000,7,8
1,11.000000,14.524000,1.028000,-61,0.000000,7,8
1,11.000000,14.671000,0.559000,-61,0.000000,7,8
1,11.000000,14.362000,0.357000,-61,0.000000,7,8
1,11.000000,14.674000,0.423000,-61,0.000000,7,8
1,11.000000,13.734000,0.825000,-61,0.000000,7,8
1,11.000000,13.725000,0.857000,-60,0.000000,7,8
1,11.000000,15.028000,0.532000,-60,0.000000,7,8
1,11.000000,13.968000,0.827000,-60,0.000000,7,8
1,11.000000,14.212000,0.687000,-60,0.000000,7,8
1,11.000000,14.199000,0.801000,-60,0.000000,7,8
1,11.000000,14.315000,0.599000,-60,0.000000,7,8
1,11.000000,13.887000,0.549000,-61,0.000000,7,8
1,11.000000,14.824000,0.238000,-61,0.000000,7,8
1,11.000000,13.968000,0.826000,-61,0.000000,7,8
1,11.000000,13.968000,0.538000,-61,0.000000,7,8
1,11.000000,14.512000,0.607000,-61,0.000000,7,8
1,11.000000,14.671000,0.395000,-62,0.000000,7,8
1,11.000000,13.737000,0.825000,-61,0.000000,7,8
1,11.000000,14.090000,0.744000,-61,0.000000,7,8
1,11.000000,14.362000,0.229000,-62,0.000000,7,8
1,11.000000,13.968000,0.741000,-61,0.000000,7,8
1,11.000000,14.437000,0.488000,-61,0.000000,7,8
1,11.000000,14.681000,0.413000,-62,0.000000,7,8
1,11.000000,14.081000,0.524000,-62,0.000000,7,8
1,11.000000,14.212000,0.746000,-62,0.000000,7,8
1,11.000000,14.349000,0.553000,-62,0.000000,7,8
1,11.000000,13.412000,0.703000,-62,0.000000,7,8
1,11.000000,14.524000,0.615000,-62,0.000000,7,8
1,11.000000,14.559000,0.394000,-62,0.000000,7,8
1,11.000000,13.887000,0.696000,-62,0.000000,7,8
1,11.000000,14.437000,0.488000,-62,0.000000,7,8
1,11.000000,13.968000,0.243000,-61,0.000000,7,8
1,11.000000,14.824000,0.347000,-60,0.000000,7,8
1,11.000000,13.734000,0.688000,-60,0.000000,7,8
1,11.000000,13.378000,1.005000,-60,0.000000,7,8
1,11.000000,13.612000,0.891000,-60,0.000000,7,8
1,11.000000,13.846000,0.531000,-60,0.000000,7,8
1,11.000000,13.734000,0.667000,-60,0.000000,7,8
1,11.000000,14.193000,0.848000,-61,0.000000,7,8
1,11.000000,14.512000,0.212000,-61,0.000000,7,8
1,11.000000,14.049000,0.551000,-61,0.000000,7,8
1,11.000000,14.049000,0.427000,-61,0.000000,7,8
1,11.000000,14.837000,0.445000,-61,0.000000,7,8
1,11.000000,14.199000,1.143000,-61,0.000000,7,8
1,11.000000,13.387000,0.890000,-61,0.000000,7,8
1,11.000000,14.674000,0.650000,-61,0.000000,7,8
1,11.000000,13.112000,1.597000,-61,0.000000,7,8
1,11.000000,14.362000,0.902000,-61,0.000000,7,8
1,11.000000,14.662000,0.765000,-61,0.000000,7,8
1,11.000000,12.796000,2.287000,-61,0.000000,7,8
1,11.000000,12.799000,1.983000,-61,0.000000,7,8
1,11.000000,13.153000,1.099000,-61,0.000000,7,8
1,11.000000,14.362000,1.444000,-61,0.000000,7,8
1,11.000000,14.362000,0.845000,-61,0.000000,7,8
1,11.000000,13.968000,1.066000,-61,0.000000,7,8
1,11.000000,14.037000,2.034000,-61,0.000000,7,8
1,11.000000,13.425000,1.765000,-60,0.000000,7,8
1,11.000000,14.446000,1.079000,-60,0.000000,7,8
1,11.000000,13.575000,1.732000,-61,0.000000,7,8
1,11.000000,13.425000,2.090000,-60,0.000000,7,8
1,11.000000,13.500000,1.320000,-61,0.000000,7,8
1,11.000000,14.315000,1.022000,-61,0.000000,7,8
1,11.000000,13.262000,2.141000,-61,0.000000,7,8
1,11.000000,13.425000,2.063000,-61,0.000000,7,8
1,11.000000,13.737000,1.623000,-61,0.000000,7,8
1,11.000000,14.203000,0.997000,-60,0.000000,7,8
1,11.000000,14.674000,1.223000,-60,0.000000,7,8
1,11.000000,13.575000,1.742000,-61,0.000000,7,8
1,11.000000,14.446000,1.184000,-61,0.000000,7,8
1,11.000000,13.412000,1.797000,-61,0.000000,7,8
1,11.000000,13.425000,1.984000,-61,0.000000,7,8
1,11.000000,14.824000,0.934000,-61,0.000000,7,8
1,11.000000,14.674000,1.107000,-60,0.000000,7,8
1,11.000000,13.262000,2.207000,-61,0.000000,7,8
1,11.000000,13.887000,1.691000,-60,0.000000,7,8
1,11.000000,13.575000,1.805000,-61,0.000000,7,8
1,11.000000,14.362000,1.854000,-60,0.000000,7,8
1,11.000000,14.512000,1.140000,-60,0.000000,7,8
1,11.000000,13.275000,1.850000,-61,0.000000,7,8
1,11.000000,14.203000,1.591000,-60,0.000000,7,8
1,11.000000,14.081000,1.496000,-61,0.000000,7,8
1,11.000000,14.662000,1.192000,-61,0.000000,7,8
1,11.000000,14.559000,1.220000,-60,0.000000,7,8
1,11.000000,13.887000,1.552000,-60,0.000000,7,8
1,11.000000,14.674000,0.928000,-61,0.000000,7,8
1,11.000000,14.203000,1.365000,-61,0.000000,7,8
1,11.000000,13.621000,2.168000,-61,0.000000,7,8
1,11.000000,13.575000,1.823000,-61,0.000000,7,8
1,11.000000,13.899000,1.381000,-61,0.000000,7,8
1,11.000000,13.575000,1.775000,-61,0.000000,7,8
1,11.000000,14.681000,1.135000,-61,0.000000,7,8
1,11.000000,14.512000,1.157000,-61,0.000000,7,8
1,11.000000,14.037000,1.147000,-61,0.000000,7,8
1,11.000000,13.575000,1.012000,-61,0.000000,7,8
1,11.000000,13.887000,0.725000,-61,0.000000,7,8
1,11.000000,13.737000,0.779000,-61,0.000000,7,8
1,11.000000,13.968000,0.918000,-61,0.000000,7,8
1,11.000000,14.362000,0.328000,-61,0.000000,7,8
1,11.000000,14.674000,0.514000,-61,0.000000,7,8
1,11.000000,15.150000,0.000000,-61,0.000000,1,8
1,11.000000,14.049000,0.745000,-61,0.000000,6,8
1,11.000000,14.662000,1.175000,-60,0.000000,7,8
1,11.000000,14.199000,1.176000,-61,0.000000,7,8
1,11.000000,14.362000,0.694000,-61,0.000000,7,8
1,11.000000,14.049000,0.495000,-61,0.000000,7,8
1,11.000000,14.362000,0.298000,-61,0.000000,7,8
1,11.000000,14.662000,0.362000,-61,0.000000,7,8
1,11.000000,14.987000,0.413000,-61,0.000000,7,8
1,11.000000,14.362000,0.744000,-61,0.000000,7,8
1,11.000000,14.199000,0.829000,-61,0.000000,7,8
1,11.000000,14.662000,0.501000,-61,0.000000,7,8
1,11.000000,13.887000,1.550000,-61,0.000000,7,8
1,11.000000,14.837000,0.376000,-61,0.000000,7,8
1,11.000000,13.737000,1.260000,-61,0.000000,7,8
1,11.000000,13.575000,1.465000,-61,0.000000,7,8
1,11.000000,14.199000,1.303000,-61,0.000000,7,8
1,11.000000,14.512000,0.995000,-61,0.000000,7,8
1,11.000000,14.090000,1.077000,-61,0.000000,7,8
1,11.000000,14.325000,0.746000,-61,0.000000,7,8
1,11.000000,16.537001,0.000000,-61,0.000000,2,8
1,11.000000,13.725000,1.200000,-61,0.000000,7,8
1,11.000000,14.362000,1.658000,-61,0.000000,7,8
1,11.000000,15.150000,0.631000,-61,0.000000,7,8
1,11.000000,14.362000,1.252000,-61,0.000000,7,8
1,11.000000,13.262000,1.591000,-61,0.000000,7,8
1,11.000000,13.262000,1.525000,-61,0.000000,7,8
1,11.000000,14.906000,1.022000,-61,0.000000,7,8
1,11.000000,14.193000,1.474000,-61,0.000000,7,8
1,11.000000,13.737000,1.829000,-61,0.000000,7,8
1,11.000000,14.674000,0.779000,-61,0.000000,7,8
1,11.000000,13.575000,1.641000,-61,0.000000,7,8
1,11.000000,13.500000,1.538000,-61,0.000000,7,8
1,11.000000,13.256000,1.984000,-60,0.000000,7,8
1,11.000000,13.968000,1.015000,-61,0.000000,7,8
1,11.000000,14.512000,1.202000,-61,0.000000,7,8
1,11.000000,13.275000,2.012000,-61,0.000000,7,8
1,11.000000,14.987000,0.981000,-61,0.000000,7,8
1,11.000000,14.203000,1.081000,-61,0.000000,7,8
1,11.000000,14.199000,1.535000,-61,0.000000,7,8
1,11.000000,14.674000,0.688000,-61,0.000000,7,8
1,11.000000,15.150000,0.933000,-61,0.000000,7,8
1,11.000000,14.362000,1.456000,-61,0.000000,7,8
1,11.000000,14.559000,0.748000,-61,0.000000,7,8
1,11.000000,14.512000,1.094000,-61,0.000000,7,8
1,11.000000,14.203000,1.114000,-61,0.000000,7,8
1,11.000000,14.674000,0.777000,-61,0.000000,7,8
1,11.000000,13.262000,0.850000,-61,0.000000,7,8
1,11.000000,14.362000,0.598000,-61,0.000000,7,8
1,11.000000,14.837000,0.390000,-60,0.000000,7,8
1,11.000000,14.662000,0.431000,-60,0.000000,7,8
1,11.000000,14.837000,0.364000,-60,0.000000,7,8
1,11.000000,14.671000,0.414000,-60,0.000000,7,8
1,11.000000,14.090000,0.301000,-60,0.000000,7,8
1,11.000000,13.887000,0.822000,-60,0.000000,7,8
1,11.000000,14.199000,0.506000,-60,0.000000,7,8
1,11.000000,14.349000,0.495000,-60,0.000000,7,8
1,11.000000,14.325000,0.598000,-61,0.000000,7,8
1,11.000000,13.887000,0.541000,-61,0.000000,7,8
1,11.000000,14.203000,0.477000,-61,0.000000,7,8
1,11.000000,13.500000,0.601000,-61,0.000000,7,8
1,11.000000,14.212000,0.229000,-61,0.000000,7,8
1,11.000000,13.275000,0.693000,-61,0.000000,5,8
1,11.000000,14.349000,0.523000,-61,0.000000,7,8
1,11.000000,13.734000,0.645000,-60,0.000000,7,8
1,11.000000,14.349000,0.425000,-60,0.000000,7,8
1,11.000000,14.512000,0.328000,-60,0.000000,7,8
1,11.000000,14.837000,0.348000,-60,0.000000,7,8
1,11.000000,14.550000,0.414000,-60,0.000000,7,8
1,11.000000,14.081000,0.864000,-60,0.000000,7,8
1,11.000000,13.846000,0.540000,-60,0.000000,7,8
1,11.000000,15.028000,0.179000,-60,0.000000,7,8
1,11.000000,14.824000,0.827000,-60,0.000000,7,8
1,11.000000,14.662000,0.000000,-61,0.000000,4,8
1,11.000000,14.362000,1.309000,-60,0.000000,7,8
1,11.000000,14.512000,0.903000,-61,0.000000,7,8
1,11.000000,13.425000,1.884000,-61,0.000000,7,8
1,11.000000,14.437000,1.177000,-61,0.000000,7,8
1,11.000000,13.737000,1.719000,-60,0.000000,7,8
1,11.000000,13.575000,1.921000,-61,0.000000,7,8
1,11.000000,14.199000,1.139000,-60,0.000000,7,8
1,11.000000,13.734000,1.735000,-60,0.000000,7,8
1,11.000000,14.049000,1.759000,-60,0.000000,7,8
1,11.000000,14.199000,0.938000,-60,0.000000,7,8
1,11.000000,13.887000,1.479000,-60,0.000000,7,8
1,11.000000,14.681000,0.724000,-60,0.000000,7,8
1,11.000000,13.737000,2.108000,-60,0.000000,7,8
1,11.000000,14.837000,0.882000,-60,0.000000,7,8
1,11.000000,14.524000,0.994000,-60,0.000000,7,8
1,11.000000,13.725000,1.734000,-60,0.000000,7,8
1,11.000000,14.662000,1.055000,-60,0.000000,7,8
1,11.000000,14.674000,1.111000,-60,0.000000,7,8
1,11.000000,14.793000,0.821000,-60,0.000000,7,8
1,11.000000,13.887000,1.570000,-60,0.000000,7,8
1,11.000000,14.674000,0.706000,-60,0.000000,7,8
1,11.000000,14.349000,1.219000,-60,0.000000,7,8
1,11.000000,14.512000,1.558000,-61,0.000000,7,8
1,11.000000,14.674000,1.168000,-60,0.000000,7,8
1,11.000000,14.512000,1.034000,-60,0.000000,7,8
1,11.000000,13.262000,2.139000,-60,0.000000,7,8
1,11.000000,14.987000,0.827000,-60,0.000000,7,8
1,11.000000,14.362000,1.337000,-60,0.000000,7,8
1,11.000000,13.575000,1.618000,-60,0.000000,7,8
1,11.000000,14.550000,0.725000,-60,0.000000,7,8
1,11.000000,14.674000,1.326000,-60,0.000000,7,8
1,11.000000,14.674000,1.171000,-60,0.000000,7,8
1,11.000000,13.737000,1.839000,-60,0.000000,7,8
1,11.000000,13.425000,1.686000,-60,0.000000,7,8
1,11.000000,14.049000,1.804000,-60,0.000000,7,8
1,11.000000,13.587000,1.818000,-60,0.000000,7,8
1,11.000000,14.437000,1.324000,-61,0.000000,7,8
1,11.000000,13.737000,1.805000,-61,0.000000,7,8
1,11.000000,13.887000,1.772000,-60,0.000000,7,8
1,11.000000,13.587000,1.751000,-60,0.000000,7,8
1,11.000000,14.512000,1.410000,-60,0.000000,7,8
1,11.000000,13.899000,1.891000,-60,0.000000,7,8
1,11.000000,14.037000,1.656000,-60,0.000000,7,8
1,11.000000,13.725000,1.616000,-60,0.000000,5,8
1,11.000000,14.824000,0.657000,-60,0.000000,7,8
1,11.000000,14.199000,1.717000,-60,0.000000,7,8
1,11.000000,14.315000,1.477000,-60,0.000000,7,8
1,11.000000,14.837000,0.891000,-60,0.000000,7,8
1,11.000000,13.587000,2.057000,-60,0.000000,7,8
1,11.000000,14.212000,1.631000,-61,0.000000,3,8
1,11.000000,14.037000,1.597000,-60,0.000000,7,8
1,11.000000,13.959000,1.774000,-60,0.000000,7,8
1,11.000000,14.349000,1.019000,-60,0.000000,7,8
1,11.000000,14.049000,1.920000,-60,0.000000,7,8
1,11.000000,13.737000,1.836000,-61,0.000000,7,8
1,11.000000,15.150000,0.748000,-60,0.000000,7,8
1,11.000000,14.824000,0.849000,-60,0.000000,7,8
1,11.000000,14.090000,1.916000,-60,0.000000,7,8
1,11.000000,14.090000,1.306000,-60,0.000000,7,8
1,11.000000,13.425000,2.029000,-60,0.000000,7,8
1,11.000000,14.203000,1.120000,-60,0.000000,7,8
1,11.000000,14.681000,1.156000,-60,0.000000,7,8
1,11.000000,14.674000,1.153000,-61,0.000000,7,8
1,11.000000,14.049000,1.761000,-60,0.000000,7,8
1,11.000000,14.193000,1.578000,-60,0.000000,7,8
1,11.000000,13.425000,1.762000,-60,0.000000,7,8
1,11.000000,14.906000,1.296000,-61,0.000000,7,8
1,11.000000,13.575000,1.892000,-60,0.000000,7,8
1,11.000000,14.049000,1.864000,-60,0.000000,7,8
1,11.000000,13.737000,1.875000,-60,0.000000,7,8
1,11.000000,14.974000,1.207000,-60,0.000000,7,8
1,11.000000,14.662000,1.325000,-60,0.000000,7,8
1,11.000000,14.674000,0.441000,-60,0.000000,7,8
1,11.000000,14.915000,0.827000,-60,0.000000,7,8
1,11.000000,13.587000,1.670000,-60,0.000000,7,8
1,11.000000,13.887000,1.560000,-60,0.000000,7,8
1,11.000000,14.524000,0.973000,-61,0.000000,7,8
1,11.000000,13.887000,1.592000,-61,0.000000,7,8
1,11.000000,14.906000,0.358000,-60,0.000000,7,8
1,11.000000,14.212000,0.706000,-61,0.000000,7,8
1,11.000000,15.140000,0.303000,-60,0.000000,7,8
1,11.000000,13.887000,0.704000,-60,0.000000,7,8
1,11.000000,14.987000,0.253000,-61,0.000000,7,8
1,11.000000,14.512000,0.414000,-61,0.000000,7,8
1,11.000000,14.906000,0.352000,-61,0.000000,7,8
1,11.000000,13.425000,0.961000,-61,0.000000,7,8
1,11.000000,14.193000,0.593000,-61,0.000000,7,8
1,11.000000,14.437000,0.423000,-61,0.000000,7,8
1,11.000000,14.974000,0.495000,-61,0.000000,7,8
1,11.000000,14.662000,0.508000,-61,0.000000,7,8
1,11.000000,13.968000,0.901000,-61,0.000000,7,8
1,11.000000,14.212000,0.601000,-61,0.000000,7,8
1,11.000000,14.199000,1.014000,-61,0.000000,7,8
1,11.000000,14.362000,0.460000,-61,0.000000,7,8
1,11.000000,14.049000,0.551000,-61,0.000000,7,8
1,11.000000,14.824000,0.441000,-61,0.000000,7,8
1,11.000000,14.362000,0.744000,-61,0.000000,7,8
1,11.000000,14.793000,0.481000,-61,0.000000,7,8
1,11.000000,14.906000,0.541000,-61,0.000000,7,8
1,11.000000,14.674000,0.423000,-61,0.000000,7,8
1,11.000000,15.028000,0.179000,-61,0.000000,7,8
1,11.000000,13.575000,0.754000,-61,0.000000,7,8
1,11.000000,14.662000,0.174000,-61,0.000000,7,8
1,11.000000,14.362000,0.820000,-61,0.000000,7,8
1,11.000000,14.824000,0.347000,-61,0.000000,7,8
1,11.000000,14.824000,0.336000,-61,0.000000,7,8
1,11.000000,14.349000,0.649000,-61,0.000000,7,8
1,11.000000,13.968000,0.763000,-61,0.000000,7,8
1,11.000000,14.037000,0.553000,-61,0.000000,7,8
1,11.000000,14.906000,0.336000,-61,0.000000,7,8
1,11.000000,14.987000,0.358000,-61,0.000000,7,8
1,11.000000,14.315000,0.566000,-61,0.000000,7,8
1,11.000000,14.915000,0.599000,-61,0.000000,7,8
1,11.000000,14.906000,0.236000,-60,0.000000,7,8
1,11.000000,13.737000,0.857000,-61,0.000000,7,8
1,11.000000,13.887000,0.850000,-61,0.000000,7,8
1,11.000000,14.212000,0.726000,-61,0.000000,7,8
1,11.000000,14.674000,0.333000,-61,0.000000,7,8
1,11.000000,14.349000,0.470000,-61,0.000000,7,8
1,11.000000,14.512000,0.663000,-61,0.000000,7,8
1,11.000000,14.784000,0.333000,-61,0.000000,7,8
1,11.000000,13.887000,0.770000,-61,0.000000,7,8
1,11.000000,14.974000,0.760000,-61,0.000000,7,8
1,11.000000,14.824000,0.347000,-61,0.000000,7,8
1,11.000000,14.662000,0.347000,-61,0.000000,7,8
1,11.000000,14.362000,0.680000,-61,0.000000,7,8
1,11.000000,14.512000,0.990000,-61,0.000000,7,8
1,11.000000,14.512000,0.414000,-61,0.000000,7,8
1,11.000000,14.906000,0.301000,-61,0.000000,7,8
1,11.000000,14.512000,0.483000,-61,0.000000,7,8
1,11.000000,14.362000,0.550000,-61,0.000000,7,8
1,11.000000,15.450000,0.180000,-61,0.000000,7,8
1,11.000000,14.512000,0.746000,-61,0.000000,7,8
1,11.000000,14.199000,0.861000,-61,0.000000,7,8
1,11.000000,14.824000,0.393000,-61,0.000000,7,8
1,11.000000,14.662000,0.925000,-61,0.000000,7,8
1,11.000000,13.887000,1.150000,-61,0.000000,7,8
1,11.000000,13.887000,0.770000,-61,0.000000,7,8
1,11.000000,14.212000,0.835000,-61,0.000000,7,8
1,11.000000,14.349000,0.708000,-61,0.000000,7,8
1,11.000000,14.906000,0.329000,-61,0.000000,7,8
1,11.000000,14.824000,0.336000,-61,0.000000,7,8
1,11.000000,13.968000,0.751000,-61,0.000000,7,8
1,11.000000,14.049000,0.895000,-61,0.000000,7,8
1,11.000000,14.824000,0.498000,-61,0.000000,7,8
1,11.000000,14.037000,0.616000,-61,0.000000,7,8
1,11.000000,15.150000,0.212000,-61,0.000000,7,8
1,11.000000,14.049000,0.638000,-61,0.000000,7,8
1,11.000000,14.987000,0.358000,-60,0.000000,7,8
1,11.000000,13.737000,0.913000,-61,0.000000,7,8
1,11.000000,14.824000,0.347000,-61,0.000000,7,8
1,11.000000,14.199000,0.922000,-61,0.000000,7,8
1,11.000000,15.150000,0.165000,-61,0.000000,7,8
1,11.000000,14.824000,0.393000,-61,0.000000,7,8
1,11.000000,14.681000,0.586000,-61,0.000000,7,8
1,11.000000,14.512000,0.748000,-61,0.000000,7,8
1,11.000000,14.199000,0.784000,-61,0.000000,7,8
1,11.000000,14.906000,0.441000,-61,0.000000,7,8
1,11.000000,14.362000,0.481000,-61,0.000000,7,8
1,11.000000,14.837000,0.461000,-61,0.000000,7,8
1,11.000000,14.199000,0.842000,-61,0.000000,7,8
1,11.000000,15.150000,0.373000,-61,0.000000,7,8
1,11.000000,13.575000,1.015000,-61,0.000000,7,8
1,11.000000,14.824000,0.520000,-61,0.000000,7,8
1,11.000000,13.425000,1.562000,-61,0.000000,7,8
1,11.000000,14.974000,0.445000,-61,0.000000,7,8
1,11.000000,14.974000,0.883000,-61,0.000000,7,8
1,11.000000,14.662000,0.687000,-61,0.000000,7,8
1,11.000000,14.049000,1.199000,-61,0.000000,7,8
1,11.000000,14.512000,0.736000,-61,0.000000,7,8
1,11.000000,13.587000,1.856000,-61,0.000000,7,8
1,11.000000,13.887000,0.862000,-61,0.000000,7,8
1,11.000000,14.987000,0.615000,-61,0.000000,7,8
1,11.000000,14.793000,0.821000,-60,0.000000,7,8
1,11.000000,14.049000,1.344000,-61,0.000000,7,8
1,11.000000,14.674000,0.681000,-61,0.000000,7,8
1,11.000000,14.349000,0.944000,-60,0.000000,7,8
1,11.000000,14.037000,1.240000,-61,0.000000,7,8
1,11.000000,13.425000,1.321000,-61,0.000000,7,8
1,11.000000,14.512000,1.032000,-61,0.000000,7,8
1,11.000000,13.725000,1.506000,-61,0.000000,7,8
1,11.000000,14.362000,0.987000,-61,0.000000,7,8
1,11.000000,14.049000,0.897000,-61,0.000000,7,8
1,11.000000,13.425000,0.922000,-61,0.000000,7,8
1,11.000000,14.662000,0.525000,-61,0.000000,6,0
1,11.000000,13.575000,1.102000,-61,0.000000,7,8
1,11.000000,14.662000,0.665000,-61,0.000000,7,8
1,11.000000,13.725000,0.924000,-60,0.000000,7,8
1,11.000000,14.674000,0.821000,-61,0.000000,7,8
1,11.000000,14.987000,0.428000,-61,0.000000,7,8
1,11.000000,14.362000,1.085000,-60,0.000000,7,8
1,11.000000,14.662000,1.110000,-61,0.000000,7,8
1,11.000000,14.049000,1.601000,-61,0.000000,7,8
1,11.000000,13.887000,1.721000,-61,0.000000,7,8
1,11.000000,14.362000,1.511000,-61,0.000000,7,8
1,11.000000,14.362000,1.365000,-60,0.000000,7,8
1,11.000000,13.031000,2.322000,-61,0.000000,7,8
1,11.000000,14.193000,1.655000,-60,0.000000,7,8
1,11.000000,14.824000,0.787000,-60,0.000000,7,8
1,11.000000,14.037000,1.620000,-60,0.000000,7,8
1,11.000000,13.887000,1.795000,-60,0.000000,7,8
1,11.000000,13.425000,1.974000,-60,0.000000,7,8
1,11.000000,14.906000,0.657000,-60,0.000000,7,8
1,11.000000,14.199000,1.458000,-60,0.000000,7,8
1,11.000000,13.575000,2.021000,-60,0.000000,7,8
1,11.000000,14.049000,1.720000,-61,0.000000,7,8
1,11.000000,13.887000,1.677000,-60,0.000000,7,8
1,11.000000,14.037000,1.651000,-61,0.000000,7,8
1,11.000000,13.425000,2.042000,-60,0.000000,7,8
1,11.000000,14.824000,0.950000,-60,0.000000,7,8
1,11.000000,13.587000,2.082000,-60,0.000000,7,8
1,11.000000,14.199000,1.165000,-60,0.000000,7,8
1,11.000000,14.824000,1.117000,-61,0.000000,7,8
1,11.000000,14.512000,1.584000,-60,0.000000,7,8
1,11.000000,14.559000,1.712000,-60,0.000000,7,8
1,11.000000,13.737000,1.852000,-60,0.000000,7,8
1,11.000000,14.049000,1.736000,-60,0.000000,7,8
1,11.000000,13.262000,2.285000,-60,0.000000,7,8
1,11.000000,14.362000,1.311000,-60,0.000000,7,8
1,11.000000,13.737000,1.938000,-60,0.000000,7,8
1,11.000000,14.674000,1.397000,-60,0.000000,7,8
1,11.000000,13.587000,2.067000,-60,0.000000,7,8
1,11.000000,14.199000,1.971000,-60,0.000000,7,8
1,11.000000,13.425000,2.115000,-60,0.000000,5,8
1,11.000000,14.512000,0.860000,-60,0.000000,7,8
1,11.000000,13.734000,1.557000,-60,0.000000,7,8
1,11.000000,13.856000,1.954000,-61,0.000000,7,8
1,11.000000,13.575000,2.053000,-60,0.000000,7,8
1,11.000000,14.199000,1.738000,-61,0.000000,7,8
1,11.000000,13.612000,1.489000,-60,0.000000,7,8
1,11.000000,14.349000,1.565000,-60,0.000000,7,8
1,11.000000,14.906000,1.344000,-60,0.000000,7,8
1,11.000000,14.362000,1.358000,-60,0.000000,7,8
1,11.000000,14.512000,1.667000,-60,0.000000,7,8
1,11.000000,15.018000,0.977000,-60,0.000000,7,8
1,11.000000,14.199000,2.059000,-60,0.000000,7,8
1,11.000000,14.193000,1.859000,-60,0.000000,7,8
1,11.000000,14.824000,1.143000,-60,0.000000,7,8
1,11.000000,15.150000,1.319000,-60,0.000000,7,8
1,11.000000,14.362000,1.406000,-60,0.000000,7,8
1,11.000000,14.325000,1.633000,-60,0.000000,7,8
1,11.000000,14.987000,0.924000,-60,0.000000,7,8
1,11.000000,14.987000,0.992000,-60,0.000000,7,8
1,11.000000,14.199000,1.416000,-60,0.000000,7,8
1,11.000000,14.559000,1.339000,-60,0.000000,7,8
1,11.000000,13.725000,1.473000,-60,0.000000,7,8
1,11.000000,14.512000,1.285000,-61,0.000000,7,8
1,11.000000,14.793000,0.737000,-60,0.000000,7,8
1,11.000000,14.674000,0.981000,-60,0.000000,7,8
1,11.000000,14.199000,1.170000,-60,0.000000,7,8
1,11.000000,13.743000,1.729000,-60,0.000000,7,8
1,11.000000,14.987000,1.046000,-60,0.000000,7,8
1,11.000000,13.425000,1.800000,-60,0.000000,7,8
1,11.000000,14.906000,1.229000,-60,0.000000,7,8
1,11.000000,14.362000,1.473000,-60,0.000000,7,8
1,11.000000,13.112000,2.085000,-60,0.000000,7,8
1,11.000000,14.349000,1.075000,-61,0.000000,7,8
1,11.000000,14.362000,1.419000,-60,0.000000,7,8
1,11.000000,14.362000,1.153000,-61,0.000000,7,8
1,11.000000,14.906000,0.791000,-60,0.000000,7,8
1,11.000000,14.824000,0.743000,-61,0.000000,7,8
1,11.000000,13.725000,1.718000,-60,0.000000,7,8
1,11.000000,13.587000,1.670000,-60,0.000000,7,8
1,11.000000,14.987000,0.917000,-61,0.000000,7,8
1,11.000000,14.512000,1.707000,-61,0.000000,7,8
