1,6.000000,4.933000,0.489000,-64,0.000000,7,8
1,6.000000,4.698000,1.112000,-65,0.000000,7,8
1,6.000000,4.614000,1.283000,-65,0.000000,7,8
1,6.000000,4.533000,1.488000,-64,0.000000,7,8
1,6.000000,4.683000,0.842000,-64,0.000000,7,8
1,6.000000,4.689000,1.277000,-64,0.000000,7,8
1,6.000000,4.498000,1.357000,-63,0.000000,7,8
1,6.000000,4.464000,1.366000,-63,0.000000,7,8
1,6.000000,4.567000,1.182000,-63,0.000000,7,8
1,6.000000,4.642000,1.214000,-63,0.000000,7,8
1,6.000000,4.464000,1.434000,-64,0.000000,7,8
1,6.000000,4.614000,1.299000,-64,0.000000,7,8
1,6.000000,4.689000,1.262000,-64,0.000000,7,8
1,6.000000,4.767000,1.027000,-64,0.000000,7,8
1,6.000000,4.642000,0.437000,-64,0.000000,7,8
1,6.000000,4.614000,0.292000,-64,0.000000,7,8
1,6.000000,4.581000,0.188000,-65,0.000000,7,8
1,6.000000,4.501000,0.073000,-65,0.000000,7,8
1,6.000000,4.389000,0.163000,-65,0.000000,7,8
1,6.000000,4.539000,0.000000,-65,0.000000,7,8
1,6.000000,4.147000,0.245000,-65,0.000000,7,8
1,6.000000,4.417000,0.116000,-65,0.000000,7,8
1,6.000000,4.391000,0.102000,-65,0.000000,7,8
1,6.000000,4.302000,0.087000,-65,0.000000,7,8
1,6.000000,4.501000,0.059000,-65,0.000000,7,8
1,6.000000,4.323000,0.164000,-65,0.000000,7,8
1,6.000000,4.414000,0.123000,-64,0.000000,7,8
1,6.000000,4.479000,0.180000,-64,0.000000,7,8
1,6.000000,4.192000,0.159000,-65,0.000000,7,8
1,6.000000,4.661000,0.231000,-66,0.000000,7,8
1,6.000000,4.539000,1.769000,-65,0.000000,7,8
1,6.000000,4.614000,0.703000,-66,0.000000,7,8
1,6.000000,4.661000,1.202000,-66,0.000000,7,8
1,6.000000,4.576000,0.971000,-66,0.000000,7,8
1,6.000000,4.695000,1.368000,-62,0.000000,7,8
1,6.000000,4.830000,0.139000,-66,0.000000,7,8
1,6.000000,4.514000,0.112000,-71,0.000000,7,8
1,6.000000,5.083000,1.396000,-67,0.000000,7,8
1,6.000000,4.661000,0.564000,-73,0.000000,7,8
1,6.000000,4.376000,0.452000,-72,0.000000,7,8
1,6.000000,4.536000,0.502000,-69,0.000000,7,8
1,6.000000,4.908000,1.206000,-66,0.000000,7,8
1,6.000000,5.101000,0.500000,-70,0.000000,7,8
1,6.000000,6.089000,0.541000,-61,0.000000,7,8
1,6.000000,4.455000,0.722000,-67,0.000000,7,8
1,6.000000,4.464000,0.688000,-68,0.000000,7,8
1,6.000000,4.567000,0.482000,-68,0.000000,7,8
1,6.000000,4.495000,0.340000,-73,0.000000,7,8
1,6.000000,4.489000,0.898000,-67,0.000000,7,8
1,6.000000,4.639000,0.591000,-70,0.000000,7,8
1,6.000000,4.661000,2.608000,-66,0.000000,7,8
1,6.000000,4.495000,1.342000,-66,0.000000,7,8
1,6.000000,4.855000,0.186000,-70,0.000000,7,8
1,6.000000,4.977000,0.138000,-69,0.000000,7,8
1,6.000000,5.214000,0.637000,-67,0.000000,7,8
1,6.000000,5.079000,0.321000,-68,0.000000,7,8
1,6.000000,4.751000,0.083000,-72,0.000000,7,8
1,6.000000,4.464000,0.462000,-69,0.000000,7,8
1,6.000000,4.498000,0.695000,-69,0.000000,7,8
1,6.000000,4.661000,0.740000,-70,0.000000,7,8
1,6.000000,4.523000,0.254000,-73,0.000000,7,8
1,6.000000,4.636000,0.333000,-72,0.000000,7,8
1,6.000000,4.501000,0.614000,-70,0.000000,7,8
1,6.000000,4.504000,1.120000,-67,0.000000,7,8
1,6.000000,4.464000,0.429000,-67,0.000000,7,8
1,6.000000,4.811000,0.880000,-69,0.000000,7,8
1,6.000000,4.223000,1.685000,-66,0.000000,7,8
1,6.000000,4.501000,0.714000,-67,0.000000,7,8
1,6.000000,4.651000,0.650000,-66,0.000000,7,8
1,6.000000,4.426000,0.851000,-67,0.000000,7,8
1,6.000000,4.489000,0.153000,-70,0.000000,7,8
1,6.000000,4.583000,0.687000,-69,0.000000,7,8
1,6.000000,4.795000,0.116000,-68,0.000000,7,8
1,6.000000,4.592000,0.253000,-68,0.000000,7,8
1,6.000000,4.258000,1.360000,-65,0.000000,7,8
1,6.000000,4.576000,0.964000,-66,0.000000,7,8
1,6.000000,4.533000,0.805000,-68,0.000000,7,8
1,6.000000,4.611000,0.189000,-70,0.000000,7,8
1,6.000000,4.501000,0.258000,-71,0.000000,7,8
1,6.000000,4.317000,0.474000,-71,0.000000,7,8
1,6.000000,4.398000,0.889000,-68,0.000000,7,8
1,6.000000,4.239000,0.433000,-69,0.000000,7,8
1,6.000000,4.342000,0.984000,-67,0.000000,7,8
1,6.000000,4.426000,0.563000,-71,0.000000,7,8
1,6.000000,4.642000,0.420000,-69,0.000000,7,8
1,6.000000,4.764000,0.045000,-69,0.000000,7,8
1,6.000000,4.975000,0.151000,-68,0.000000,7,8
1,6.000000,4.773000,0.439000,-69,0.000000,7,8
1,6.000000,4.579000,0.628000,-66,0.000000,7,8
1,6.000000,4.661000,0.327000,-68,0.000000,7,8
1,6.000000,4.651000,0.476000,-66,0.000000,7,8
1,6.000000,4.567000,0.087000,-72,0.000000,7,8
1,6.000000,4.692000,0.505000,-66,0.000000,7,8
1,6.000000,4.492000,0.088000,-68,0.000000,7,8
1,6.000000,4.380000,0.319000,-68,0.000000,7,8
1,6.000000,4.614000,0.507000,-67,0.000000,7,8
1,6.000000,4.492000,0.406000,-68,0.000000,7,8
1,6.000000,4.614000,0.721000,-67,0.000000,7,8
1,6.000000,4.886000,0.743000,-68,0.000000,7,8
1,6.000000,5.042000,0.144000,-67,0.000000,7,8
1,6.000000,4.951000,0.136000,-68,0.000000,7,8
1,6.000000,4.895000,0.177000,-69,0.000000,7,8
1,6.000000,4.686000,0.125000,-70,0.000000,7,8
1,6.000000,4.937000,0.095000,-69,0.000000,7,8
1,6.000000,5.130000,0.235000,-68,0.000000,7,8
1,6.000000,5.076000,0.208000,-67,0.000000,7,8
1,6.000000,4.773000,0.280000,-69,0.000000,7,8
1,6.000000,4.895000,0.166000,-68,0.000000,7,8
1,6.000000,4.980000,0.458000,-67,0.000000,7,8
1,6.000000,4.895000,0.276000,-69,0.000000,7,8
1,6.000000,4.689000,0.623000,-68,0.000000,7,8
1,6.000000,4.973000,0.637000,-67,0.000000,7,8
1,6.000000,4.892000,0.700000,-67,0.000000,7,8
1,6.000000,4.689000,0.801000,-67,0.000000,7,8
1,6.000000,4.886000,0.536000,-67,0.000000,7,8
1,6.000000,4.773000,0.559000,-66,0.000000,7,8
1,6.000000,5.001000,0.817000,-65,0.000000,7,8
1,6.000000,5.236000,0.607000,-65,0.000000,7,8
1,6.000000,4.914000,0.208000,-67,0.000000,7,8
1,6.000000,4.605000,0.124000,-67,0.000000,7,8
1,6.000000,4.651000,0.151000,-68,0.000000,7,8
1,6.000000,4.576000,0.164000,-68,0.000000,7,8
1,6.000000,4.517000,0.171000,-68,0.000000,7,8
1,6.000000,4.536000,0.840000,-67,0.000000,7,8
1,6.000000,4.773000,0.483000,-69,0.000000,7,8
1,6.000000,4.811000,0.470000,-69,0.000000,7,8
1,6.000000,4.661000,0.128000,-69,0.000000,7,8
1,6.000000,4.773000,0.582000,-67,0.000000,7,8
1,6.000000,4.614000,0.819000,-67,0.000000,7,8
1,6.000000,4.539000,0.860000,-66,0.000000,7,8
1,6.000000,4.651000,0.516000,-69,0.000000,7,8
1,6.000000,4.614000,1.129000,-65,0.000000,7,8
1,6.000000,4.501000,1.042000,-66,0.000000,7,8
1,6.000000,4.755000,1.381000,-68,0.000000,7,8
1,6.000000,4.686000,0.918000,-67,0.000000,7,8
1,6.000000,4.873000,0.642000,-70,0.000000,7,8
1,6.000000,4.845000,0.890000,-69,0.000000,7,8
1,6.000000,4.589000,0.632000,-68,0.000000,7,8
1,6.000000,4.942000,0.938000,-71,0.000000,7,8
1,6.000000,4.611000,0.963000,-67,0.000000,7,8
1,6.000000,4.929000,0.343000,-69,0.000000,7,8
1,6.000000,4.614000,1.229000,-68,0.000000,7,8
1,6.000000,4.539000,1.027000,-68,0.000000,7,8
1,6.000000,4.773000,0.399000,-69,0.000000,7,8
1,6.000000,4.795000,0.918000,-69,0.000000,7,8
1,6.000000,4.605000,0.870000,-67,0.000000,7,8
1,6.000000,4.864000,0.674000,-68,0.000000,7,8
1,6.000000,4.661000,0.248000,-69,0.000000,7,8
1,6.000000,4.570000,0.833000,-68,0.000000,7,8
1,6.000000,4.473000,0.298000,-69,0.000000,7,8
1,6.000000,4.576000,0.277000,-69,0.000000,7,8
1,6.000000,4.539000,0.992000,-69,0.000000,7,8
1,6.000000,4.658000,0.236000,-68,0.000000,7,8
1,6.000000,4.773000,0.105000,-68,0.000000,7,8
1,6.000000,4.773000,0.107000,-69,0.000000,7,8
1,6.000000,4.576000,0.180000,-68,0.000000,7,8
1,6.000000,5.029000,0.703000,-66,0.000000,7,8
1,6.000000,4.970000,0.169000,-67,0.000000,7,8
1,6.000000,4.617000,0.327000,-67,0.000000,7,8
1,6.000000,4.436000,0.322000,-66,0.000000,7,8
1,6.000000,4.895000,0.093000,-68,0.000000,7,8
1,6.000000,4.873000,0.753000,-67,0.000000,7,8
1,6.000000,4.864000,0.165000,-67,0.000000,7,8
1,6.000000,4.501000,1.811000,-68,0.000000,7,8
1,6.000000,4.605000,1.374000,-65,0.000000,7,8
1,6.000000,4.745000,1.680000,-65,0.000000,7,8
1,6.000000,5.004000,0.708000,-66,0.000000,7,8
1,6.000000,4.642000,0.879000,-66,0.000000,7,8
1,6.000000,4.323000,0.342000,-70,0.000000,7,8
1,6.000000,4.620000,0.513000,-65,0.000000,7,8
1,6.000000,4.611000,1.102000,-65,0.000000,7,8
1,6.000000,4.495000,0.637000,-69,0.000000,7,8
1,6.000000,4.680000,0.164000,-68,0.000000,7,8
1,6.000000,4.689000,0.716000,-66,0.000000,7,8
1,6.000000,4.501000,0.685000,-69,0.000000,7,8
1,6.000000,4.458000,1.078000,-68,0.000000,7,8
1,6.000000,4.773000,0.519000,-69,0.000000,7,8
1,6.000000,4.661000,0.218000,-67,0.000000,7,8
1,6.000000,5.261000,0.961000,-67,0.000000,7,8
1,6.000000,4.808000,0.636000,-69,0.000000,7,8
1,6.000000,5.083000,0.501000,-70,0.000000,7,8
1,6.000000,5.214000,0.388000,-69,0.000000,7,8
1,6.000000,4.980000,0.279000,-67,0.000000,7,8
1,6.000000,5.947000,0.118000,-67,0.000000,7,8
1,6.000000,5.701000,0.487000,-63,0.000000,7,8
1,6.000000,5.805000,0.110000,-66,0.000000,7,8
1,6.000000,6.189000,0.079000,-65,0.000000,7,8
1,6.000000,5.626000,0.543000,-63,0.000000,7,8
1,6.000000,4.973000,1.219000,-63,0.000000,7,8
1,6.000000,5.495000,0.986000,-64,0.000000,7,8
1,6.000000,3.864000,1.392000,-62,0.000000,7,8
1,6.000000,4.289000,1.874000,-65,0.000000,7,8
1,6.000000,4.583000,0.741000,-65,0.000000,7,8
1,6.000000,7.164000,0.096000,-65,0.000000,7,8
1,6.000000,4.845000,0.939000,-68,0.000000,7,8
1,6.000000,7.083000,0.323000,-67,0.000000,7,8
1,6.000000,7.206000,0.259000,-64,0.000000,7,8
1,6.000000,6.064000,0.207000,-62,0.000000,7,8
1,6.000000,6.643000,0.152000,-63,0.000000,7,8
1,6.000000,5.801000,0.174000,-63,0.000000,7,8
1,6.000000,6.646000,0.578000,-64,0.000000,7,8
1,6.000000,5.264000,0.316000,-66,0.000000,7,8
1,6.000000,5.711000,0.410000,-67,0.000000,7,8
1,6.000000,5.704000,2.004000,-67,0.000000,7,8
1,6.000000,5.411000,0.385000,-65,0.000000,7,8
1,6.000000,5.711000,1.146000,-67,0.000000,7,8
1,6.000000,6.339000,1.023000,-66,0.000000,7,8
1,6.000000,5.498000,0.401000,-68,0.000000,7,8
1,6.000000,6.136000,0.540000,-66,0.000000,7,8
1,6.000000,5.164000,0.724000,-67,0.000000,7,8
1,6.000000,4.695000,0.681000,-68,0.000000,7,8
1,6.000000,4.773000,0.096000,-68,0.000000,7,8
1,6.000000,4.942000,0.298000,-66,0.000000,7,8
1,6.000000,4.739000,0.364000,-67,0.000000,7,8
1,6.000000,4.736000,0.355000,-68,0.000000,7,8
1,6.000000,4.823000,0.167000,-67,0.000000,7,8
1,6.000000,4.689000,0.138000,-66,0.000000,7,8
1,6.000000,5.036000,0.077000,-65,0.000000,7,8
1,6.000000,4.576000,0.238000,-65,0.000000,7,8
1,6.000000,4.708000,0.106000,-65,0.000000,7,8
1,6.000000,4.845000,0.079000,-66,0.000000,7,8
1,6.000000,4.973000,0.227000,-67,0.000000,7,8
1,6.000000,4.745000,0.543000,-67,0.000000,7,8
1,6.000000,4.770000,0.425000,-68,0.000000,7,8
1,6.000000,4.539000,0.475000,-66,0.000000,7,8
1,6.000000,4.848000,0.948000,-65,0.000000,7,8
1,6.000000,5.148000,0.627000,-64,0.000000,7,8
1,6.000000,5.008000,0.862000,-66,0.000000,7,8
1,6.000000,4.717000,0.167000,-66,0.000000,7,8
1,6.000000,5.048000,1.354000,-65,0.000000,7,8
1,6.000000,4.839000,0.105000,-67,0.000000,7,8
1,6.000000,5.558000,1.263000,-65,0.000000,7,8
1,6.000000,4.773000,0.314000,-68,0.000000,7,8
1,6.000000,4.717000,0.179000,-67,0.000000,7,8
1,6.000000,4.961000,0.400000,-68,0.000000,7,8
1,6.000000,4.876000,0.508000,-68,0.000000,7,8
1,6.000000,4.948000,0.182000,-68,0.000000,7,8
1,6.000000,4.998000,0.509000,-68,0.000000,7,8
1,6.000000,4.689000,0.253000,-68,0.000000,7,8
1,6.000000,4.614000,0.373000,-68,0.000000,7,8
1,6.000000,4.342000,0.345000,-68,0.000000,7,8
1,6.000000,4.597000,0.095000,-68,0.000000,7,8
1,6.000000,5.101000,0.537000,-70,0.000000,7,8
1,6.000000,5.086000,0.367000,-70,0.000000,7,8
1,6.000000,5.042000,0.298000,-68,0.000000,7,8
1,6.000000,4.923000,0.544000,-67,0.000000,7,8
1,6.000000,5.320000,0.327000,-69,0.000000,7,8
1,6.000000,5.273000,0.439000,-68,0.000000,7,8
1,6.000000,5.008000,0.505000,-69,0.000000,7,8
1,6.000000,5.048000,0.666000,-68,0.000000,7,8
1,6.000000,4.651000,0.396000,-69,0.000000,7,8
1,6.000000,4.611000,0.312000,-69,0.000000,7,8
1,6.000000,5.061000,0.802000,-67,0.000000,7,8
1,6.000000,6.301000,0.241000,-66,0.000000,7,8
1,6.000000,6.486000,0.252000,-67,0.000000,7,8
1,6.000000,6.414000,0.331000,-66,0.000000,7,8
1,6.000000,6.301000,0.716000,-65,0.000000,7,8
1,6.000000,5.898000,0.693000,-65,0.000000,7,8
1,6.000000,6.180000,0.566000,-64,0.000000,7,8
1,6.000000,6.180000,0.661000,-65,0.000000,7,8
1,6.000000,6.301000,0.654000,-64,0.000000,7,8
1,6.000000,6.251000,0.698000,-63,0.000000,7,8
1,6.000000,6.201000,0.748000,-63,0.000000,7,8
1,6.000000,6.401000,0.537000,-64,0.000000,7,8
1,6.000000,6.292000,0.590000,-63,0.000000,7,8
1,6.000000,6.364000,0.576000,-62,0.000000,7,8
1,6.000000,6.386000,0.703000,-63,0.000000,7,8
1,6.000000,6.367000,0.631000,-63,0.000000,7,8
1,6.000000,6.255000,0.691000,-63,0.000000,7,8
1,6.000000,6.486000,0.739000,-63,0.000000,7,8
1,6.000000,6.376000,0.750000,-64,0.000000,7,8
1,6.000000,6.414000,0.739000,-64,0.000000,7,8
1,6.000000,6.339000,0.769000,-64,0.000000,7,8
1,6.000000,6.279000,0.828000,-64,0.000000,7,8
1,6.000000,6.301000,0.740000,-64,0.000000,7,8
1,6.000000,6.258000,0.628000,-64,0.000000,7,8
1,6.000000,6.376000,0.672000,-64,0.000000,7,8
1,6.000000,6.301000,0.711000,-64,0.000000,7,8
1,6.000000,6.279000,0.716000,-64,0.000000,7,8
1,6.000000,6.164000,0.666000,-64,0.000000,7,8
1,6.000000,6.092000,0.683000,-64,0.000000,7,8
1,6.000000,6.301000,0.738000,-64,0.000000,7,8
1,6.000000,6.092000,0.670000,-64,0.000000,7,8
1,6.000000,6.180000,0.643000,-64,0.000000,7,8
1,6.000000,6.180000,0.641000,-64,0.000000,7,8
1,6.000000,6.301000,0.685000,-64,0.000000,7,8
1,6.000000,5.933000,0.678000,-64,0.000000,7,8
1,6.000000,6.301000,0.501000,-64,0.000000,7,8
1,6.000000,6.139000,0.580000,-64,0.000000,7,8
1,6.000000,6.058000,0.584000,-64,0.000000,7,8
1,6.000000,6.020000,0.605000,-64,0.000000,7,8
1,6.000000,6.301000,0.601000,-64,0.000000,7,8
1,6.000000,6.011000,0.665000,-65,0.000000,7,8
1,6.000000,6.123000,0.626000,-64,0.000000,7,8
1,6.000000,6.301000,0.613000,-65,0.000000,7,8
1,6.000000,6.136000,0.566000,-65,0.000000,7,8
1,6.000000,6.123000,0.665000,-65,0.000000,7,8
1,6.000000,6.058000,0.641000,-65,0.000000,7,8
1,6.000000,6.251000,0.491000,-65,0.000000,7,8
1,6.000000,6.298000,0.592000,-65,0.000000,7,8
1,6.000000,6.301000,0.573000,-65,0.000000,7,8
1,6.000000,6.151000,0.592000,-65,0.000000,7,8
1,6.000000,6.180000,0.616000,-65,0.000000,7,8
1,6.000000,6.011000,0.668000,-65,0.000000,7,8
1,6.000000,6.176000,0.559000,-65,0.000000,7,8
1,6.000000,6.217000,0.609000,-64,0.000000,7,8
1,6.000000,6.233000,0.605000,-64,0.000000,7,8
1,6.000000,6.292000,0.557000,-64,0.000000,7,8
1,6.000000,6.014000,0.663000,-64,0.000000,7,8
1,6.000000,6.058000,0.641000,-64,0.000000,7,8
1,6.000000,6.251000,0.626000,-64,0.000000,7,8
1,6.000000,6.201000,0.611000,-65,0.000000,7,8
1,6.000000,6.198000,0.568000,-64,0.000000,7,8
1,6.000000,6.301000,0.629000,-64,0.000000,7,8
1,6.000000,6.255000,0.531000,-64,0.000000,7,8
1,6.000000,6.301000,0.713000,-65,0.000000,7,8
1,6.000000,6.151000,0.661000,-64,0.000000,7,8
1,6.000000,6.358000,0.606000,-65,0.000000,7,8
1,6.000000,6.258000,0.619000,-65,0.000000,7,8
1,6.000000,6.336000,0.658000,-65,0.000000,7,8
1,6.000000,6.273000,0.576000,-65,0.000000,7,8
1,6.000000,6.376000,0.648000,-65,0.000000,7,8
1,6.000000,6.251000,0.784000,-65,0.000000,7,8
1,6.000000,6.092000,0.656000,-65,0.000000,7,8
1,6.000000,6.161000,0.690000,-65,0.000000,7,8
1,6.000000,6.123000,0.709000,-65,0.000000,7,8
1,6.000000,6.251000,0.684000,-65,0.000000,7,8
1,6.000000,6.251000,0.663000,-66,0.000000,7,8
1,6.000000,6.301000,0.800000,-65,0.000000,7,8
1,6.000000,6.201000,0.851000,-65,0.000000,7,8
1,6.000000,6.301000,0.812000,-65,0.000000,7,8
1,6.000000,6.217000,0.653000,-65,0.000000,7,8
1,6.000000,6.229000,0.853000,-65,0.000000,7,8
1,6.000000,6.229000,0.809000,-66,0.000000,7,8
1,6.000000,6.301000,0.834000,-66,0.000000,7,8
1,6.000000,6.339000,0.780000,-66,0.000000,7,8
1,6.000000,6.408000,0.834000,-66,0.000000,7,8
1,6.000000,6.436000,0.778000,-65,0.000000,7,8
1,6.000000,6.273000,0.763000,-65,0.000000,7,8
1,6.000000,6.255000,0.660000,-66,0.000000,7,8
1,6.000000,6.201000,0.726000,-66,0.000000,7,8
1,6.000000,6.336000,0.658000,-66,0.000000,7,8
1,6.000000,6.301000,0.711000,-66,0.000000,7,8
1,6.000000,6.048000,0.701000,-66,0.000000,7,8
1,6.000000,6.136000,0.607000,-66,0.000000,7,8
1,6.000000,6.339000,0.650000,-66,0.000000,7,8
1,6.000000,6.011000,0.679000,-66,0.000000,7,8
1,6.000000,6.201000,0.608000,-66,0.000000,7,8
1,6.000000,6.154000,0.652000,-66,0.000000,7,8
1,6.000000,6.154000,0.647000,-66,0.000000,7,8
1,6.000000,6.201000,0.609000,-66,0.000000,7,8
1,6.000000,6.301000,0.534000,-66,0.000000,7,8
1,6.000000,6.301000,0.585000,-66,0.000000,7,8
1,6.000000,6.123000,0.665000,-66,0.000000,7,8
1,6.000000,6.258000,0.567000,-66,0.000000,7,8
1,6.000000,6.114000,0.669000,-66,0.000000,7,8
1,6.000000,6.048000,0.646000,-66,0.000000,7,8
1,6.000000,6.217000,0.599000,-66,0.000000,7,8
1,6.000000,6.236000,0.585000,-66,0.000000,7,8
1,6.000000,6.301000,0.699000,-66,0.000000,7,8
1,6.000000,6.142000,0.671000,-66,0.000000,7,8
1,6.000000,6.142000,0.671000,-66,0.000000,7,8
1,6.000000,6.217000,0.571000,-66,0.000000,7,8
1,6.000000,6.301000,0.643000,-66,0.000000,7,8
1,6.000000,6.151000,0.663000,-66,0.000000,7,8
1,6.000000,6.258000,0.649000,-66,0.000000,7,8
1,6.000000,6.058000,0.678000,-66,0.000000,7,8
1,6.000000,6.001000,0.742000,-66,0.000000,7,8
1,6.000000,6.180000,0.652000,-67,0.000000,7,8
1,6.000000,6.151000,0.660000,-66,0.000000,7,8
1,6.000000,6.301000,0.677000,-66,0.000000,7,8
1,6.000000,6.223000,0.711000,-66,0.000000,7,8
1,6.000000,5.936000,0.718000,-66,0.000000,7,8
1,6.000000,6.180000,0.616000,-67,0.000000,7,8
1,6.000000,6.114000,0.641000,-66,0.000000,7,8
1,6.000000,6.105000,0.695000,-66,0.000000,7,8
1,6.000000,6.180000,0.616000,-66,0.000000,7,8
1,6.000000,6.180000,0.616000,-66,0.000000,7,8
1,6.000000,6.336000,0.658000,-66,0.000000,7,8
1,6.000000,6.123000,0.679000,-66,0.000000,7,8
1,6.000000,6.217000,0.639000,-66,0.000000,7,8
1,6.000000,6.180000,0.641000,-66,0.000000,7,8
1,6.000000,5.936000,0.716000,-66,0.000000,7,8
1,6.000000,6.339000,0.731000,-66,0.000000,7,8
1,6.000000,6.414000,0.663000,-66,0.000000,7,8
1,6.000000,6.301000,0.684000,-66,0.000000,7,8
1,6.000000,6.123000,0.665000,-66,0.000000,7,8
1,6.000000,6.054000,0.645000,-66,0.000000,7,8
1,6.000000,6.258000,0.640000,-66,0.000000,7,8
1,6.000000,6.311000,0.599000,-66,0.000000,7,8
1,6.000000,6.339000,0.721000,-66,0.000000,7,8
1,6.000000,6.301000,0.711000,-66,0.000000,7,8
1,6.000000,6.301000,0.711000,-66,0.000000,7,8
1,6.000000,6.129000,0.635000,-66,0.000000,7,8
1,6.000000,6.279000,0.573000,-65,0.000000,7,8
1,6.000000,6.330000,0.507000,-66,0.000000,7,8
1,6.000000,6.251000,0.546000,-66,0.000000,7,8
1,6.000000,6.292000,0.574000,-66,0.000000,7,8
1,6.000000,6.311000,0.614000,-66,0.000000,7,8
1,6.000000,6.255000,0.607000,-65,0.000000,7,8
1,6.000000,6.339000,0.696000,-65,0.000000,7,8
1,6.000000,6.301000,0.686000,-65,0.000000,7,8
1,6.000000,6.258000,0.607000,-65,0.000000,7,8
1,6.000000,6.414000,0.616000,-65,0.000000,7,8
1,6.000000,6.251000,0.656000,-65,0.000000,7,8
1,6.000000,6.414000,0.637000,-64,0.000000,7,8
1,6.000000,6.326000,0.532000,-65,0.000000,7,8
1,6.000000,6.301000,0.697000,-64,0.000000,7,8
1,6.000000,6.376000,0.566000,-64,0.000000,7,8
1,6.000000,6.301000,0.699000,-64,0.000000,7,8
1,6.000000,6.292000,0.616000,-64,0.000000,7,8
1,6.000000,6.292000,0.546000,-64,0.000000,7,8
1,6.000000,6.198000,0.675000,-64,0.000000,7,8
1,6.000000,6.301000,0.641000,-64,0.000000,7,8
1,6.000000,6.367000,0.539000,-65,0.000000,7,8
1,6.000000,6.292000,0.601000,-65,0.000000,7,8
1,6.000000,6.376000,0.713000,-65,0.000000,7,8
1,6.000000,6.255000,0.597000,-65,0.000000,7,8
1,6.000000,6.301000,0.681000,-65,0.000000,7,8
1,6.000000,6.161000,0.622000,-65,0.000000,7,8
1,6.000000,6.236000,0.612000,-65,0.000000,7,8
1,6.000000,6.251000,0.615000,-66,0.000000,7,8
1,6.000000,6.255000,0.576000,-66,0.000000,7,8
1,6.000000,6.258000,0.527000,-65,0.000000,7,8
1,6.000000,6.201000,0.609000,-66,0.000000,7,8
1,6.000000,6.058000,0.628000,-65,0.000000,7,8
1,6.000000,6.180000,0.532000,-65,0.000000,7,8
1,6.000000,6.123000,0.598000,-65,0.000000,7,8
1,6.000000,6.301000,0.630000,-66,0.000000,7,8
1,6.000000,6.251000,0.571000,-65,0.000000,7,8
1,6.000000,6.011000,0.665000,-65,0.000000,7,8
1,6.000000,6.095000,0.623000,-65,0.000000,7,8
1,6.000000,6.251000,0.584000,-65,0.000000,7,8
1,6.000000,6.173000,0.575000,-65,0.000000,7,8
1,6.000000,6.201000,0.638000,-65,0.000000,7,8
1,6.000000,6.339000,0.616000,-65,0.000000,7,8
1,6.000000,6.376000,0.585000,-66,0.000000,7,8
1,6.000000,6.301000,0.681000,-66,0.000000,7,8
1,6.000000,6.270000,0.666000,-65,0.000000,7,8
1,6.000000,6.301000,0.684000,-66,0.000000,7,8
1,6.000000,6.386000,0.605000,-66,0.000000,7,8
1,6.000000,6.236000,0.627000,-66,0.000000,7,8
1,6.000000,6.311000,0.590000,-66,0.000000,7,8
1,6.000000,6.301000,0.725000,-66,0.000000,7,8
1,6.000000,6.348000,0.580000,-66,0.000000,7,8
1,6.000000,6.245000,0.647000,-66,0.000000,7,8
1,6.000000,6.255000,0.443000,-67,0.000000,7,8
1,6.000000,6.283000,0.579000,-67,0.000000,7,8
1,6.000000,6.292000,0.138000,-67,0.000000,7,8
1,6.000000,6.255000,0.553000,-66,0.000000,7,8
1,6.000000,6.236000,0.693000,-67,0.000000,7,8
1,6.000000,6.048000,0.588000,-67,0.000000,7,8
1,6.000000,6.217000,0.640000,-66,0.000000,7,8
1,6.000000,6.251000,0.723000,-66,0.000000,7,8
1,6.000000,6.161000,0.646000,-66,0.000000,7,8
1,6.000000,6.251000,0.630000,-67,0.000000,7,8
1,6.000000,6.301000,0.684000,-66,0.000000,7,8
1,6.000000,6.301000,0.627000,-67,0.000000,7,8
1,6.000000,6.301000,0.275000,-67,0.000000,7,8
1,6.000000,6.301000,0.263000,-67,0.000000,7,8
1,6.000000,6.198000,0.219000,-67,0.000000,7,8
1,6.000000,5.973000,0.267000,-67,0.000000,7,8
1,6.000000,6.414000,0.187000,-67,0.000000,7,8
1,6.000000,6.051000,0.259000,-67,0.000000,7,8
1,6.000000,6.330000,0.103000,-67,0.000000,7,8
1,6.000000,6.054000,0.245000,-67,0.000000,7,8
1,6.000000,6.405000,0.060000,-67,0.000000,7,8
1,6.000000,6.208000,0.163000,-66,0.000000,7,8
1,6.000000,6.170000,0.553000,-66,0.000000,7,8
1,6.000000,6.255000,0.605000,-66,0.000000,7,8
1,6.000000,6.414000,0.569000,-66,0.000000,7,8
1,6.000000,6.011000,0.665000,-65,0.000000,7,8
1,6.000000,5.973000,0.670000,-66,0.000000,7,8
1,6.000000,6.217000,0.599000,-65,0.000000,7,8
1,6.000000,6.051000,0.647000,-66,0.000000,7,8
1,6.000000,6.301000,0.184000,-67,0.000000,7,8
1,6.000000,6.489000,0.140000,-67,0.000000,7,8
1,6.000000,6.301000,0.303000,-68,0.000000,7,8
1,6.000000,5.589000,0.504000,-68,0.000000,7,8
1,6.000000,5.664000,0.523000,-67,0.000000,7,8
1,6.000000,6.926000,0.643000,-66,0.000000,7,8
1,6.000000,7.005000,0.603000,-66,0.000000,7,8
1,6.000000,7.042000,0.495000,-64,0.000000,7,8
1,6.000000,6.526000,0.819000,-66,0.000000,7,8
1,6.000000,6.939000,0.360000,-65,0.000000,7,8
1,6.000000,4.923000,0.518000,-66,0.000000,7,8
1,6.000000,4.651000,0.238000,-68,0.000000,7,8
1,6.000000,4.698000,0.225000,-68,0.000000,7,8
1,6.000000,4.895000,0.318000,-65,0.000000,7,8
1,6.000000,5.286000,1.077000,-65,0.000000,7,8
1,6.000000,4.773000,0.155000,-65,0.000000,7,8
1,6.000000,4.651000,0.207000,-64,0.000000,7,8
1,6.000000,4.787000,0.136000,-65,0.000000,7,8
1,6.000000,5.101000,0.937000,-66,0.000000,7,8
1,6.000000,4.961000,1.629000,-66,0.000000,7,8
1,6.000000,5.398000,1.044000,-67,0.000000,7,8
1,6.000000,4.845000,1.631000,-68,0.000000,7,8
1,6.000000,5.008000,1.425000,-68,0.000000,7,8
1,6.000000,5.514000,1.699000,-67,0.000000,7,8
1,6.000000,4.951000,0.952000,-70,0.000000,7,8
1,6.000000,5.711000,0.952000,-67,0.000000,7,8
1,6.000000,5.551000,0.060000,-68,0.000000,7,8
1,6.000000,6.402000,0.450000,-69,0.000000,7,8
1,6.000000,6.408000,1.459000,-67,0.000000,7,8
1,6.000000,5.139000,1.952000,-67,0.000000,7,8
1,6.000000,5.323000,1.080000,-66,0.000000,7,8
1,6.000000,6.051000,1.261000,-65,0.000000,7,8
1,6.000000,5.520000,0.994000,-65,0.000000,7,8
1,6.000000,5.101000,1.770000,-65,0.000000,7,8
1,6.000000,4.951000,0.466000,-66,0.000000,7,8
1,6.000000,5.158000,1.497000,-64,0.000000,7,8
1,6.000000,5.364000,1.434000,-67,0.000000,7,8
1,6.000000,4.736000,0.675000,-67,0.000000,7,8
1,6.000000,5.167000,0.530000,-66,0.000000,7,8
1,6.000000,4.889000,0.705000,-67,0.000000,7,8
1,6.000000,5.164000,0.507000,-67,0.000000,7,8
1,6.000000,5.448000,0.717000,-64,0.000000,7,8
1,6.000000,4.923000,1.198000,-67,0.000000,7,8
1,6.000000,4.661000,0.743000,-68,0.000000,7,8
1,6.000000,4.995000,0.800000,-67,0.000000,7,8
1,6.000000,5.130000,0.432000,-67,0.000000,7,8
1,6.000000,5.167000,0.321000,-67,0.000000,7,8
1,6.000000,4.773000,0.598000,-65,0.000000,7,8
1,6.000000,5.130000,0.469000,-65,0.000000,7,8
1,6.000000,5.130000,0.359000,-67,0.000000,7,8
1,6.000000,4.970000,0.606000,-66,0.000000,7,8
1,6.000000,4.614000,0.902000,-66,0.000000,7,8
1,6.000000,5.145000,0.640000,-64,0.000000,7,8
1,6.000000,4.804000,0.681000,-65,0.000000,7,8
1,6.000000,5.439000,0.545000,-63,0.000000,7,8
1,6.000000,5.176000,0.634000,-63,0.000000,7,8
1,6.000000,5.364000,0.748000,-66,0.000000,7,8
1,6.000000,5.130000,0.568000,-68,0.000000,7,8
1,6.000000,4.923000,0.610000,-67,0.000000,7,8
1,6.000000,4.886000,0.716000,-66,0.000000,7,8
1,6.000000,4.980000,0.778000,-66,0.000000,7,8
1,6.000000,5.079000,0.672000,-66,0.000000,7,8
1,6.000000,5.598000,0.881000,-64,0.000000,7,8
1,6.000000,5.355000,0.845000,-65,0.000000,7,8
1,6.000000,5.130000,0.785000,-65,0.000000,7,8
1,6.000000,5.917000,0.822000,-63,0.000000,7,8
1,6.000000,5.692000,0.808000,-63,0.000000,7,8
1,6.000000,6.001000,0.763000,-64,0.000000,7,8
1,6.000000,5.926000,0.985000,-64,0.000000,7,8
1,6.000000,5.401000,1.374000,-65,0.000000,7,8
1,6.000000,5.026000,1.395000,-65,0.000000,7,8
1,6.000000,5.195000,1.287000,-65,0.000000,7,8
1,6.000000,5.139000,1.154000,-65,0.000000,7,8
1,6.000000,5.498000,0.701000,-62,0.000000,7,8
1,6.000000,5.554000,0.710000,-63,0.000000,7,8
1,6.000000,5.551000,0.819000,-62,0.000000,7,8
1,6.000000,5.598000,0.815000,-64,0.000000,7,8
1,6.000000,5.158000,1.030000,-65,0.000000,7,8
1,6.000000,5.711000,0.785000,-64,0.000000,7,8
1,6.000000,5.655000,0.785000,-65,0.000000,7,8
1,6.000000,5.808000,0.836000,-64,0.000000,7,8
1,6.000000,6.151000,0.665000,-63,0.000000,7,8
1,6.000000,6.151000,0.721000,-64,0.000000,7,8
1,6.000000,6.017000,0.758000,-65,0.000000,7,8
1,6.000000,5.426000,1.013000,-65,0.000000,7,8
1,6.000000,6.270000,0.644000,-65,0.000000,7,8
1,6.000000,6.448000,0.569000,-65,0.000000,7,8
1,6.000000,6.480000,0.433000,-65,0.000000,7,8
1,6.000000,6.292000,0.483000,-65,0.000000,7,8
1,6.000000,6.173000,0.531000,-64,0.000000,7,8
1,6.000000,6.301000,0.489000,-65,0.000000,7,8
1,6.000000,6.180000,0.456000,-64,0.000000,7,8
1,6.000000,6.114000,0.472000,-64,0.000000,7,8
1,6.000000,5.823000,0.646000,-64,0.000000,7,8
1,6.000000,6.251000,0.403000,-64,0.000000,7,8
1,6.000000,6.301000,0.397000,-63,0.000000,7,8
1,6.000000,6.076000,0.533000,-63,0.000000,7,8
1,6.000000,5.964000,0.577000,-63,0.000000,7,8
1,6.000000,5.898000,0.668000,-63,0.000000,7,8
1,6.000000,6.180000,0.399000,-63,0.000000,7,8
1,6.000000,6.023000,0.532000,-62,0.000000,7,8
1,6.000000,6.020000,0.530000,-63,0.000000,7,8
1,6.000000,6.151000,0.429000,-63,0.000000,7,8
1,6.000000,5.823000,0.701000,-62,0.000000,7,8
1,6.000000,5.814000,0.656000,-62,0.000000,7,8
1,6.000000,6.301000,0.349000,-63,0.000000,7,8
1,6.000000,6.180000,0.330000,-63,0.000000,7,8
1,6.000000,6.142000,0.406000,-63,0.000000,7,8
1,6.000000,6.223000,0.326000,-63,0.000000,7,8
1,6.000000,5.926000,0.564000,-62,0.000000,7,8
1,6.000000,5.898000,0.616000,-63,0.000000,7,8
1,6.000000,5.626000,0.716000,-62,0.000000,7,8
1,6.000000,6.067000,0.350000,-63,0.000000,7,8
1,6.000000,5.901000,0.592000,-63,0.000000,7,8
1,6.000000,6.101000,0.417000,-63,0.000000,7,8
1,6.000000,5.701000,0.709000,-63,0.000000,7,8
1,6.000000,5.786000,0.645000,-63,0.000000,7,8
1,6.000000,5.786000,0.667000,-63,0.000000,7,8
1,6.000000,5.823000,0.626000,-62,0.000000,7,8
1,6.000000,6.101000,0.426000,-63,0.000000,7,8
1,6.000000,6.251000,0.218000,-63,0.000000,7,8
1,6.000000,5.748000,0.704000,-63,0.000000,7,8
1,6.000000,5.745000,0.743000,-62,0.000000,7,8
1,6.000000,5.814000,0.653000,-63,0.000000,7,8
1,6.000000,6.145000,0.350000,-62,0.000000,7,8
1,6.000000,6.151000,0.398000,-63,0.000000,7,8
1,6.000000,5.742000,0.694000,-62,0.000000,7,8
1,6.000000,6.039000,0.524000,-62,0.000000,7,8
1,6.000000,6.067000,0.354000,-62,0.000000,7,8
1,6.000000,6.061000,0.488000,-62,0.000000,7,8
1,6.000000,6.223000,0.344000,-62,0.000000,7,8
1,6.000000,5.814000,0.671000,-62,0.000000,7,8
1,6.000000,5.983000,0.536000,-62,0.000000,7,8
1,6.000000,6.067000,0.418000,-63,0.000000,7,8
1,6.000000,6.180000,0.370000,-62,0.000000,7,8
1,6.000000,6.001000,0.540000,-63,0.000000,7,8
1,6.000000,6.067000,0.403000,-63,0.000000,7,8
1,6.000000,6.023000,0.495000,-63,0.000000,7,8
1,6.000000,5.889000,0.572000,-62,0.000000,7,8
1,6.000000,5.783000,0.705000,-62,0.000000,7,8
1,6.000000,6.151000,0.398000,-62,0.000000,7,8
1,6.000000,6.067000,0.478000,-63,0.000000,7,8
1,6.000000,6.142000,0.369000,-62,0.000000,7,8
1,6.000000,5.814000,0.653000,-62,0.000000,7,8
1,6.000000,5.889000,0.583000,-62,0.000000,7,8
1,6.000000,6.023000,0.484000,-63,0.000000,7,8
1,6.000000,6.145000,0.406000,-63,0.000000,7,8
1,6.000000,6.142000,0.373000,-63,0.000000,7,8
1,6.000000,6.026000,0.467000,-63,0.000000,7,8
1,6.000000,5.889000,0.568000,-62,0.000000,7,8
1,6.000000,6.039000,0.537000,-62,0.000000,7,8
1,6.000000,5.701000,0.679000,-62,0.000000,7,8
1,6.000000,5.711000,0.586000,-63,0.000000,7,8
1,6.000000,5.664000,0.706000,-63,0.000000,7,8
1,6.000000,5.589000,0.773000,-64,0.000000,7,8
1,6.000000,6.067000,0.332000,-64,0.000000,7,8
1,6.000000,5.967000,0.480000,-64,0.000000,7,8
1,6.000000,5.589000,0.753000,-64,0.000000,7,8
1,6.000000,5.926000,0.571000,-64,0.000000,7,8
1,6.000000,6.067000,0.325000,-64,0.000000,7,8
1,6.000000,6.017000,0.513000,-64,0.000000,7,8
1,6.000000,5.867000,0.528000,-64,0.000000,7,8
1,6.000000,5.823000,0.667000,-64,0.000000,7,8
1,6.000000,6.142000,0.356000,-63,0.000000,7,8
1,6.000000,6.067000,0.411000,-63,0.000000,7,8
1,6.000000,5.786000,0.634000,-63,0.000000,7,8
1,6.000000,5.986000,0.534000,-63,0.000000,7,8
1,6.000000,5.867000,0.587000,-63,0.000000,7,8
1,6.000000,6.105000,0.391000,-63,0.000000,7,8
1,6.000000,5.742000,0.742000,-63,0.000000,7,8
1,6.000000,5.826000,0.627000,-63,0.000000,7,8
1,6.000000,6.076000,0.520000,-63,0.000000,7,8
1,6.000000,5.945000,0.553000,-63,0.000000,7,8
1,6.000000,6.067000,0.450000,-63,0.000000,7,8
1,6.000000,6.067000,0.436000,-63,0.000000,7,8
1,6.000000,5.776000,0.700000,-63,0.000000,7,8
1,6.000000,6.067000,0.380000,-63,0.000000,7,8
1,6.000000,5.701000,0.717000,-63,0.000000,7,8
1,6.000000,6.017000,0.379000,-63,0.000000,7,8
1,6.000000,5.945000,0.566000,-63,0.000000,7,8
1,6.000000,5.945000,0.566000,-63,0.000000,7,8
1,6.000000,5.864000,0.653000,-63,0.000000,7,8
1,6.000000,5.823000,0.701000,-62,0.000000,7,8
1,6.000000,5.823000,0.701000,-63,0.000000,7,8
1,6.000000,5.983000,0.549000,-63,0.000000,7,8
1,6.000000,6.105000,0.477000,-63,0.000000,7,8
1,6.000000,5.776000,0.610000,-63,0.000000,7,8
1,6.000000,5.926000,0.589000,-63,0.000000,7,8
1,6.000000,5.701000,0.709000,-63,0.000000,7,8
1,6.000000,5.739000,0.656000,-63,0.000000,7,8
1,6.000000,6.180000,0.364000,-63,0.000000,7,8
1,6.000000,6.201000,0.396000,-63,0.000000,7,8
1,6.000000,6.039000,0.537000,-63,0.000000,7,8
1,6.000000,5.861000,0.683000,-63,0.000000,7,8
1,6.000000,5.864000,0.627000,-63,0.000000,7,8
1,6.000000,6.114000,0.475000,-62,0.000000,7,8
1,6.000000,5.851000,0.632000,-62,0.000000,7,8
1,6.000000,5.823000,0.646000,-63,0.000000,7,8
1,6.000000,5.814000,0.683000,-63,0.000000,7,8
1,6.000000,5.823000,0.667000,-63,0.000000,7,8
1,6.000000,5.701000,0.735000,-63,0.000000,7,8
1,6.000000,5.826000,0.627000,-63,0.000000,7,8
1,6.000000,6.201000,0.447000,-63,0.000000,7,8
1,6.000000,5.945000,0.566000,-63,0.000000,7,8
1,6.000000,5.701000,0.738000,-63,0.000000,7,8
1,6.000000,5.983000,0.536000,-63,0.000000,7,8
1,6.000000,6.180000,0.390000,-63,0.000000,7,8
1,6.000000,5.945000,0.553000,-63,0.000000,7,8
1,6.000000,6.142000,0.438000,-63,0.000000,7,8
1,6.000000,6.251000,0.408000,-63,0.000000,7,8
1,6.000000,6.067000,0.422000,-63,0.000000,7,8
1,6.000000,5.783000,0.727000,-63,0.000000,7,8
1,6.000000,5.776000,0.700000,-63,0.000000,7,8
1,6.000000,6.151000,0.493000,-63,0.000000,7,8
1,6.000000,6.301000,0.404000,-63,0.000000,7,8
1,6.000000,6.180000,0.403000,-63,0.000000,7,8
1,6.000000,6.142000,0.467000,-63,0.000000,7,8
1,6.000000,5.823000,0.667000,-63,0.000000,7,8
1,6.000000,6.180000,0.370000,-63,0.000000,7,8
1,6.000000,5.748000,0.722000,-63,0.000000,7,8
1,6.000000,6.142000,0.384000,-63,0.000000,7,8
1,6.000000,5.864000,0.613000,-63,0.000000,7,8
1,6.000000,5.823000,0.701000,-63,0.000000,7,8
1,6.000000,6.067000,0.478000,-63,0.000000,7,8
1,6.000000,5.945000,0.553000,-63,0.000000,7,8
1,6.000000,5.664000,0.756000,-63,0.000000,7,8
1,6.000000,6.076000,0.520000,-63,0.000000,7,8
1,6.000000,6.114000,0.475000,-63,0.000000,7,8
1,6.000000,5.926000,0.625000,-63,0.000000,7,8
1,6.000000,5.823000,0.701000,-63,0.000000,7,8
1,6.000000,5.926000,0.598000,-63,0.000000,7,8
1,6.000000,6.142000,0.407000,-63,0.000000,7,8
1,6.000000,5.889000,0.644000,-63,0.000000,7,8
1,6.000000,6.105000,0.403000,-63,0.000000,7,8
1,6.000000,5.964000,0.611000,-63,0.000000,7,8
1,6.000000,6.142000,0.424000,-63,0.000000,7,8
1,6.000000,6.151000,0.459000,-62,0.000000,7,8
1,6.000000,6.076000,0.520000,-63,0.000000,7,8
1,6.000000,6.201000,0.437000,-63,0.000000,7,8
1,6.000000,6.039000,0.537000,-63,0.000000,7,8
1,6.000000,6.180000,0.452000,-63,0.000000,7,8
1,6.000000,6.076000,0.517000,-63,0.000000,7,8
1,6.000000,5.898000,0.665000,-63,0.000000,7,8
1,6.000000,6.114000,0.533000,-63,0.000000,7,8
1,6.000000,5.823000,0.701000,-62,0.000000,7,8
1,6.000000,6.039000,0.537000,-62,0.000000,7,8
1,6.000000,6.151000,0.493000,-63,0.000000,7,8
1,6.000000,6.301000,0.406000,-63,0.000000,7,8
1,6.000000,5.823000,0.701000,-62,0.000000,7,8
1,6.000000,5.945000,0.586000,-62,0.000000,7,8
1,6.000000,5.942000,0.629000,-63,0.000000,7,8
1,6.000000,6.301000,0.359000,-62,0.000000,7,8
1,6.000000,6.058000,0.587000,-62,0.000000,7,8
1,6.000000,6.301000,0.321000,-63,0.000000,7,8
1,6.000000,6.105000,0.453000,-63,0.000000,7,8
1,6.000000,5.851000,0.615000,-62,0.000000,7,8
1,6.000000,5.964000,0.571000,-62,0.000000,7,8
1,6.000000,6.180000,0.449000,-62,0.000000,7,8
1,6.000000,6.058000,0.584000,-63,0.000000,7,8
1,6.000000,6.301000,0.417000,-63,0.000000,7,8
1,6.000000,6.223000,0.415000,-62,0.000000,7,8
1,6.000000,6.301000,0.394000,-62,0.000000,7,8
1,6.000000,6.039000,0.537000,-62,0.000000,7,8
1,6.000000,6.180000,0.456000,-62,0.000000,7,8
1,6.000000,6.142000,0.504000,-63,0.000000,7,8
1,6.000000,5.861000,0.683000,-63,0.000000,7,8
1,6.000000,6.180000,0.449000,-63,0.000000,7,8
1,6.000000,6.142000,0.408000,-62,0.000000,7,8
1,6.000000,6.251000,0.362000,-63,0.000000,7,8
1,6.000000,5.823000,0.701000,-63,0.000000,7,8
1,6.000000,6.251000,0.375000,-63,0.000000,7,8
1,6.000000,6.142000,0.482000,-63,0.000000,7,8
1,6.000000,6.142000,0.494000,-63,0.000000,7,8
1,6.000000,6.183000,0.377000,-63,0.000000,7,8
1,6.000000,6.067000,0.503000,-63,0.000000,7,8
1,6.000000,6.301000,0.379000,-63,0.000000,7,8
1,6.000000,5.823000,0.701000,-63,0.000000,7,8
1,6.000000,6.020000,0.551000,-63,0.000000,7,8
1,6.000000,6.151000,0.507000,-63,0.000000,7,8
1,6.000000,5.964000,0.575000,-62,0.000000,7,8
1,6.000000,6.142000,0.560000,-63,0.000000,7,8
1,6.000000,5.889000,0.610000,-62,0.000000,7,8
1,6.000000,6.151000,0.507000,-63,0.000000,7,8
1,6.000000,5.926000,0.592000,-63,0.000000,7,8
1,6.000000,5.979000,0.628000,-63,0.000000,7,8
1,6.000000,5.870000,0.511000,-63,0.000000,7,8
1,6.000000,5.979000,0.628000,-63,0.000000,7,8
1,6.000000,5.926000,0.592000,-63,0.000000,7,8
1,6.000000,6.076000,0.555000,-63,0.000000,7,8
1,6.000000,5.861000,0.683000,-63,0.000000,7,8
1,6.000000,6.180000,0.500000,-63,0.000000,7,8
1,6.000000,6.142000,0.492000,-63,0.000000,7,8
1,6.000000,6.151000,0.479000,-63,0.000000,7,8
1,6.000000,6.061000,0.548000,-64,0.000000,7,8
1,6.000000,6.180000,0.440000,-63,0.000000,7,8
1,6.000000,5.889000,0.620000,-63,0.000000,7,8
1,6.000000,6.067000,0.507000,-63,0.000000,7,8
1,6.000000,5.776000,0.684000,-64,0.000000,7,8
1,6.000000,6.142000,0.451000,-63,0.000000,7,8
1,6.000000,6.251000,0.397000,-63,0.000000,7,8
1,6.000000,6.076000,0.520000,-63,0.000000,7,8
1,6.000000,6.139000,0.571000,-63,0.000000,7,8
1,6.000000,6.105000,0.476000,-63,0.000000,7,8
1,6.000000,6.020000,0.565000,-63,0.000000,7,8
1,6.000000,6.076000,0.517000,-64,0.000000,7,8
1,6.000000,6.301000,0.425000,-63,0.000000,7,8
1,6.000000,6.180000,0.493000,-63,0.000000,7,8
1,6.000000,6.301000,0.444000,-63,0.000000,7,8
1,6.000000,6.114000,0.533000,-64,0.000000,7,8
1,6.000000,6.301000,0.468000,-63,0.000000,7,8
1,6.000000,6.014000,0.610000,-63,0.000000,7,8
1,6.000000,6.039000,0.571000,-63,0.000000,7,8
1,6.000000,6.045000,0.596000,-63,0.000000,7,8
1,6.000000,6.142000,0.480000,-63,0.000000,7,8
1,6.000000,6.301000,0.433000,-63,0.000000,7,8
1,6.000000,6.095000,0.567000,-63,0.000000,7,8
1,6.000000,6.251000,0.473000,-63,0.000000,7,8
1,6.000000,6.114000,0.562000,-63,0.000000,7,8
1,6.000000,6.151000,0.451000,-63,0.000000,7,8
1,6.000000,6.105000,0.526000,-63,0.000000,7,8
1,6.000000,6.251000,0.462000,-63,0.000000,7,8
1,6.000000,6.067000,0.516000,-64,0.000000,7,8
1,6.000000,6.251000,0.465000,-63,0.000000,7,8
1,6.000000,5.979000,0.628000,-63,0.000000,7,8
1,6.000000,6.251000,0.451000,-63,0.000000,7,8
1,6.000000,6.301000,0.482000,-64,0.000000,7,8
1,6.000000,6.076000,0.582000,-63,0.000000,7,8
1,6.000000,5.967000,0.668000,-63,0.000000,7,8
1,6.000000,6.105000,0.527000,-63,0.000000,7,8
1,6.000000,6.339000,0.453000,-64,0.000000,7,8
1,6.000000,6.076000,0.517000,-63,0.000000,7,8
1,6.000000,6.223000,0.440000,-64,0.000000,7,8
1,6.000000,5.939000,0.647000,-63,0.000000,7,8
1,6.000000,5.983000,0.618000,-64,0.000000,7,8
1,6.000000,5.823000,0.701000,-63,0.000000,7,8
1,6.000000,6.001000,0.648000,-63,0.000000,7,8
1,6.000000,6.151000,0.493000,-64,0.000000,7,8
1,6.000000,5.964000,0.663000,-64,0.000000,7,8
1,6.000000,6.173000,0.480000,-64,0.000000,7,8
1,6.000000,6.217000,0.515000,-64,0.000000,7,8
1,6.000000,6.180000,0.500000,-64,0.000000,7,8
1,6.000000,6.180000,0.363000,-64,0.000000,7,8
1,6.000000,5.786000,0.637000,-64,0.000000,7,8
1,6.000000,5.467000,0.877000,-63,0.000000,7,8
1,6.000000,5.083000,0.782000,-63,0.000000,7,8
1,6.000000,5.242000,0.605000,-63,0.000000,7,8
1,6.000000,5.083000,0.761000,-63,0.000000,7,8
1,6.000000,5.130000,0.678000,-63,0.000000,7,8
1,6.000000,4.895000,0.840000,-63,0.000000,7,8
1,6.000000,5.045000,0.945000,-63,0.000000,7,8
1,6.000000,5.526000,1.031000,-62,0.000000,7,8
1,6.000000,4.973000,1.471000,-63,0.000000,7,8
1,6.000000,5.782000,1.111000,-62,0.000000,7,8
1,6.000000,4.892000,1.626000,-63,0.000000,7,8
1,6.000000,6.164000,0.745000,-62,0.000000,7,8
1,6.000000,5.708000,0.760000,-63,0.000000,7,8
1,6.000000,5.814000,0.851000,-65,0.000000,7,8
1,6.000000,6.017000,0.787000,-66,0.000000,7,8
1,6.000000,5.476000,0.720000,-65,0.000000,7,8
1,6.000000,5.554000,0.815000,-62,0.000000,7,8
1,6.000000,4.973000,1.216000,-65,0.000000,7,8
1,6.000000,5.336000,0.942000,-65,0.000000,7,8
1,6.000000,5.364000,0.828000,-65,0.000000,7,8
1,6.000000,5.498000,0.643000,-65,0.000000,7,8
1,6.000000,5.411000,0.707000,-65,0.000000,7,8
1,6.000000,5.476000,0.785000,-66,0.000000,7,8
1,6.000000,5.989000,0.917000,-66,0.000000,7,8
1,6.000000,5.945000,0.424000,-68,0.000000,7,8
1,6.000000,5.108000,0.495000,-70,0.000000,7,8
1,6.000000,5.692000,0.359000,-68,0.000000,7,8
1,6.000000,5.458000,0.162000,-65,0.000000,7,8
1,6.000000,6.414000,0.387000,-67,0.000000,7,8
1,6.000000,5.079000,0.414000,-67,0.000000,7,8
1,6.000000,4.895000,2.565000,-67,0.000000,7,8
1,6.000000,4.876000,1.500000,-69,0.000000,7,8
1,6.000000,5.420000,1.865000,-68,0.000000,7,8
1,6.000000,6.436000,0.623000,-66,0.000000,7,8
1,6.000000,5.911000,1.314000,-65,0.000000,7,8
1,6.000000,6.142000,0.923000,-63,0.000000,7,8
1,6.000000,5.786000,1.022000,-65,0.000000,7,8
1,6.000000,5.476000,0.879000,-67,0.000000,7,8
1,6.000000,5.476000,0.643000,-67,0.000000,7,8
1,6.000000,5.417000,0.500000,-66,0.000000,7,8
1,6.000000,5.814000,0.751000,-66,0.000000,7,8
1,6.000000,5.786000,0.819000,-66,0.000000,7,8
1,6.000000,6.301000,1.041000,-63,0.000000,7,8
1,6.000000,5.058000,1.416000,-66,0.000000,7,8
1,6.000000,5.158000,1.207000,-66,0.000000,7,8
1,6.000000,5.130000,1.150000,-66,0.000000,7,8
1,6.000000,5.120000,1.137000,-65,0.000000,7,8
1,6.000000,5.264000,0.883000,-65,0.000000,7,8
1,6.000000,5.276000,0.900000,-65,0.000000,7,8
1,6.000000,5.420000,0.784000,-67,0.000000,7,8
1,6.000000,5.392000,0.730000,-66,0.000000,7,8
1,6.000000,5.761000,0.738000,-65,0.000000,7,8
1,6.000000,5.823000,0.648000,-64,0.000000,7,8
1,6.000000,6.348000,0.797000,-65,0.000000,7,8
1,6.000000,5.617000,0.384000,-70,0.000000,7,8
1,6.000000,5.730000,0.347000,-70,0.000000,7,8
1,6.000000,5.567000,0.185000,-69,0.000000,7,8
1,6.000000,4.948000,0.202000,-71,0.000000,7,8
1,6.000000,4.526000,0.239000,-69,0.000000,7,8
1,6.000000,4.845000,0.277000,-71,0.000000,7,8
1,6.000000,4.948000,0.197000,-70,0.000000,7,8
1,6.000000,4.895000,2.079000,-68,0.000000,7,8
1,6.000000,4.726000,0.432000,-68,0.000000,7,8
1,6.000000,4.689000,0.351000,-69,0.000000,7,8
1,6.000000,5.186000,1.596000,-67,0.000000,7,8
1,6.000000,4.740000,0.279000,-66,0.000000,7,8
1,6.000000,4.895000,1.065000,-67,0.000000,7,8
1,6.000000,4.895000,0.229000,-65,0.000000,7,8
1,6.000000,5.305000,0.627000,-64,0.000000,7,8
1,6.000000,4.895000,1.043000,-64,0.000000,7,8
1,6.000000,6.826000,0.679000,-64,0.000000,7,8
1,6.000000,4.929000,1.690000,-64,0.000000,7,8
1,6.000000,4.929000,1.507000,-65,0.000000,7,8
1,6.000000,4.661000,1.488000,-66,0.000000,7,8
1,6.000000,4.589000,0.276000,-67,0.000000,7,8
1,6.000000,4.698000,0.116000,-68,0.000000,7,8
1,6.000000,5.442000,0.266000,-66,0.000000,7,8
1,6.000000,5.086000,0.170000,-68,0.000000,7,8
1,6.000000,6.073000,0.134000,-69,0.000000,7,8
1,6.000000,5.508000,1.268000,-70,0.000000,7,8
1,6.000000,5.214000,0.094000,-66,0.000000,7,8
1,6.000000,5.540000,0.244000,-67,0.000000,7,8
1,6.000000,5.554000,0.159000,-68,0.000000,7,8
1,6.000000,5.540000,1.657000,-67,0.000000,7,8
1,6.000000,6.046000,0.218000,-69,0.000000,7,8
1,6.000000,6.552000,0.405000,-68,0.000000,7,8
1,6.000000,6.733000,0.150000,-70,0.000000,7,8
1,6.000000,5.973000,0.885000,-68,0.000000,7,8
1,6.000000,5.598000,1.830000,-67,0.000000,7,8
1,6.000000,7.356000,0.369000,-66,0.000000,7,8
1,6.000000,6.608000,1.240000,-66,0.000000,7,8
1,6.000000,6.180000,0.503000,-65,0.000000,7,8
1,6.000000,6.992000,0.108000,-66,0.000000,7,8
1,6.000000,5.242000,0.644000,-66,0.000000,7,8
1,6.000000,6.183000,0.376000,-67,0.000000,7,8
1,6.000000,6.245000,0.063000,-66,0.000000,7,8
1,6.000000,5.711000,0.405000,-68,0.000000,7,8
1,6.000000,6.583000,0.443000,-65,0.000000,7,8
1,6.000000,5.742000,0.336000,-67,0.000000,7,8
1,6.000000,6.594000,0.145000,-65,0.000000,7,8
1,6.000000,6.301000,0.101000,-65,0.000000,7,8
1,6.000000,4.848000,0.660000,-68,0.000000,7,8
1,6.000000,6.301000,0.094000,-65,0.000000,7,8
1,6.000000,6.301000,0.000000,-66,0.000000,7,8
1,6.000000,5.701000,0.267000,-66,0.000000,7,8
1,6.000000,5.476000,0.382000,-64,0.000000,7,8
1,6.000000,5.467000,0.459000,-67,0.000000,7,8
1,6.000000,4.808000,0.435000,-67,0.000000,7,8
1,6.000000,5.165000,0.728000,-66,0.000000,7,8
1,6.000000,4.755000,0.103000,-71,0.000000,7,8
1,6.000000,4.951000,0.362000,-70,0.000000,7,8
1,6.000000,4.576000,0.331000,-70,0.000000,7,8
1,6.000000,4.923000,0.177000,-71,0.000000,7,8
1,6.000000,4.501000,0.299000,-71,0.000000,7,8
1,6.000000,4.651000,0.297000,-69,0.000000,7,8
1,6.000000,4.539000,0.318000,-69,0.000000,7,8
1,6.000000,4.658000,0.285000,-66,0.000000,7,8
1,6.000000,4.686000,0.259000,-67,0.000000,7,8
1,6.000000,4.629000,0.418000,-67,0.000000,7,8
1,6.000000,4.539000,1.249000,-68,0.000000,7,8
1,6.000000,4.651000,0.121000,-70,0.000000,7,8
1,6.000000,4.905000,0.067000,-65,0.000000,7,8
1,6.000000,4.501000,0.313000,-67,0.000000,7,8
1,6.000000,4.764000,0.137000,-68,0.000000,7,8
1,6.000000,5.314000,0.408000,-66,0.000000,7,8
1,6.000000,4.830000,0.767000,-70,0.000000,7,8
1,6.000000,5.875000,0.254000,-65,0.000000,7,8
1,6.000000,6.158000,0.465000,-66,0.000000,7,8
1,6.000000,5.188000,0.561000,-67,0.000000,7,8
1,6.000000,5.292000,0.684000,-65,0.000000,7,8
1,6.000000,5.336000,0.449000,-66,0.000000,7,8
1,6.000000,4.654000,1.091000,-68,0.000000,7,8
1,6.000000,4.970000,0.114000,-69,0.000000,7,8
1,6.000000,4.914000,0.049000,-71,0.000000,7,8
1,6.000000,4.773000,0.520000,-69,0.000000,7,8
1,6.000000,5.036000,0.687000,-67,0.000000,7,8
1,6.000000,5.136000,1.252000,-66,0.000000,7,8
1,6.000000,5.442000,1.300000,-65,0.000000,7,8
1,6.000000,5.001000,1.610000,-66,0.000000,7,8
1,6.000000,5.039000,1.534000,-66,0.000000,7,8
1,6.000000,5.195000,1.488000,-65,0.000000,7,8
1,6.000000,6.180000,0.529000,-65,0.000000,7,8
1,6.000000,6.105000,0.485000,-65,0.000000,7,8
1,6.000000,6.180000,0.405000,-65,0.000000,7,8
1,6.000000,5.779000,0.741000,-64,0.000000,7,8
1,6.000000,5.586000,1.143000,-65,0.000000,7,8
1,6.000000,5.839000,1.037000,-64,0.000000,7,8
1,6.000000,6.101000,0.865000,-64,0.000000,7,8
1,6.000000,5.676000,1.239000,-64,0.000000,7,8
1,6.000000,5.554000,1.008000,-65,0.000000,7,8
1,6.000000,5.754000,0.902000,-65,0.000000,7,8
1,6.000000,5.351000,1.484000,-65,0.000000,7,8
1,6.000000,5.805000,0.793000,-66,0.000000,7,8
1,6.000000,5.995000,0.586000,-66,0.000000,7,8
1,6.000000,6.180000,0.630000,-65,0.000000,7,8
1,6.000000,6.251000,0.585000,-66,0.000000,7,8
1,6.000000,6.311000,0.466000,-65,0.000000,7,8
1,6.000000,6.414000,0.508000,-65,0.000000,7,8
1,6.000000,6.095000,0.463000,-65,0.000000,7,8
1,6.000000,5.661000,0.849000,-65,0.000000,7,8
1,6.000000,5.839000,1.108000,-66,0.000000,7,8
1,6.000000,5.308000,1.898000,-66,0.000000,7,8
1,6.000000,5.242000,1.689000,-66,0.000000,7,8
1,6.000000,5.164000,1.029000,-66,0.000000,7,8
1,6.000000,5.073000,1.040000,-66,0.000000,7,8
1,6.000000,5.364000,0.901000,-66,0.000000,7,8
1,6.000000,5.008000,1.118000,-66,0.000000,7,8
1,6.000000,5.148000,0.849000,-67,0.000000,7,8
1,6.000000,4.995000,0.867000,-67,0.000000,7,8
1,6.000000,4.914000,0.929000,-67,0.000000,7,8
1,6.000000,4.848000,1.096000,-68,0.000000,7,8
1,6.000000,4.951000,0.882000,-68,0.000000,7,8
1,6.000000,4.773000,1.118000,-68,0.000000,7,8
1,6.000000,5.130000,0.969000,-68,0.000000,7,8
1,6.000000,5.130000,0.916000,-68,0.000000,7,8
1,6.000000,4.973000,1.049000,-68,0.000000,7,8
1,6.000000,5.130000,0.969000,-68,0.000000,7,8
1,6.000000,5.130000,0.969000,-68,0.000000,7,8
1,6.000000,4.914000,0.914000,-68,0.000000,7,8
1,6.000000,5.026000,0.918000,-68,0.000000,7,8
1,6.000000,5.130000,0.969000,-68,0.000000,7,8
1,6.000000,4.848000,1.110000,-67,0.000000,7,8
1,6.000000,4.914000,1.006000,-68,0.000000,7,8
1,6.000000,4.811000,1.142000,-67,0.000000,7,8
1,6.000000,5.130000,0.943000,-67,0.000000,7,8
1,6.000000,4.886000,1.007000,-67,0.000000,7,8
1,6.000000,4.758000,0.863000,-67,0.000000,7,8
1,6.000000,4.661000,0.494000,-68,0.000000,7,8
1,6.000000,4.848000,0.202000,-69,0.000000,7,8
1,6.000000,4.723000,0.097000,-69,0.000000,7,8
1,6.000000,4.764000,0.199000,-69,0.000000,7,8
1,6.000000,4.717000,0.884000,-68,0.000000,7,8
1,6.000000,5.001000,0.880000,-67,0.000000,7,8
1,6.000000,4.942000,0.156000,-68,0.000000,7,8
1,6.000000,4.661000,0.919000,-65,0.000000,7,8
1,6.000000,4.682000,0.306000,-69,0.000000,7,8
1,6.000000,4.773000,1.249000,-67,0.000000,7,8
1,6.000000,5.001000,0.646000,-65,0.000000,7,8
1,6.000000,6.023000,0.396000,-67,0.000000,7,8
1,6.000000,4.651000,0.004000,-65,0.000000,7,8
1,6.000000,4.520000,1.547000,-68,0.000000,7,8
1,6.000000,5.211000,0.409000,-68,0.000000,7,8
1,6.000000,4.667000,0.425000,-68,0.000000,7,8
1,6.000000,4.726000,0.114000,-68,0.000000,7,8
1,6.000000,5.661000,0.958000,-68,0.000000,7,8
1,6.000000,5.364000,0.250000,-67,0.000000,7,8
1,6.000000,5.161000,0.139000,-66,0.000000,7,8
1,6.000000,5.517000,0.356000,-67,0.000000,7,8
1,6.000000,5.411000,0.675000,-66,0.000000,7,8
1,6.000000,4.961000,0.155000,-64,0.000000,7,8
1,6.000000,5.176000,0.298000,-65,0.000000,7,8
1,6.000000,4.926000,0.140000,-68,0.000000,7,8
1,6.000000,4.739000,0.379000,-65,0.000000,7,8
1,6.000000,4.973000,0.278000,-68,0.000000,7,8
1,6.000000,4.773000,0.196000,-68,0.000000,7,8
1,6.000000,5.205000,0.314000,-66,0.000000,7,8
1,6.000000,5.101000,0.134000,-67,0.000000,7,8
1,6.000000,5.101000,0.281000,-65,0.000000,7,8
1,6.000000,4.886000,0.310000,-67,0.000000,7,8
1,6.000000,4.933000,0.678000,-68,0.000000,7,8
1,6.000000,4.698000,0.169000,-65,0.000000,7,8
1,6.000000,5.079000,0.133000,-67,0.000000,7,8
1,6.000000,5.051000,0.427000,-68,0.000000,7,8
1,6.000000,4.908000,0.525000,-66,0.000000,7,8
1,6.000000,4.614000,0.415000,-68,0.000000,7,8
1,6.000000,4.661000,0.467000,-68,0.000000,7,8
1,6.000000,5.079000,0.476000,-66,0.000000,7,8
1,6.000000,5.589000,0.329000,-65,0.000000,7,8
1,6.000000,5.476000,0.346000,-65,0.000000,7,8
1,6.000000,6.317000,0.286000,-62,0.000000,7,8
1,6.000000,6.780000,0.132000,-63,0.000000,7,8
1,6.000000,6.039000,0.253000,-66,0.000000,7,8
1,6.000000,5.355000,0.390000,-68,0.000000,7,8
1,6.000000,5.792000,0.335000,-67,0.000000,7,8
1,6.000000,5.548000,0.506000,-67,0.000000,7,8
1,6.000000,6.436000,2.249000,-66,0.000000,7,8
1,6.000000,6.048000,2.087000,-64,0.000000,7,8
1,6.000000,4.297000,0.529000,-66,0.000000,7,8
1,6.000000,4.539000,0.134000,-67,0.000000,7,8
1,6.000000,5.901000,1.334000,-70,0.000000,7,8
1,6.000000,6.248000,0.491000,-67,0.000000,7,8
1,6.000000,7.136000,0.513000,-66,0.000000,7,8
1,6.000000,5.520000,0.694000,-69,0.000000,7,8
1,6.000000,4.768000,0.314000,-67,0.000000,7,8
1,6.000000,4.773000,1.055000,-69,0.000000,7,8
1,6.000000,4.773000,0.415000,-68,0.000000,7,8
1,6.000000,4.895000,0.255000,-70,0.000000,7,8
1,6.000000,4.661000,0.191000,-67,0.000000,7,8
1,6.000000,4.717000,0.257000,-72,0.000000,7,8
1,6.000000,4.576000,0.452000,-71,0.000000,7,8
1,6.000000,6.067000,0.271000,-67,0.000000,7,8
1,6.000000,6.151000,0.286000,-65,0.000000,7,8
1,6.000000,6.301000,0.152000,-64,0.000000,7,8
1,6.000000,6.123000,0.280000,-63,0.000000,7,8
1,6.000000,6.411000,0.092000,-63,0.000000,7,8
1,6.000000,6.770000,0.707000,-63,0.000000,7,8
1,6.000000,6.120000,0.639000,-64,0.000000,7,8
1,6.000000,5.714000,0.546000,-67,0.000000,7,8
1,6.000000,5.217000,0.630000,-68,0.000000,7,8
1,6.000000,5.280000,0.916000,-67,0.000000,7,8
1,6.000000,5.961000,1.076000,-69,0.000000,7,8
1,6.000000,6.011000,0.697000,-66,0.000000,7,8
1,6.000000,6.323000,1.095000,-68,0.000000,7,8
1,6.000000,4.876000,0.185000,-68,0.000000,7,8
1,6.000000,6.301000,0.320000,-65,0.000000,7,8
1,6.000000,6.076000,0.460000,-66,0.000000,7,8
1,6.000000,6.536000,0.806000,-69,0.000000,7,8
1,6.000000,6.714000,0.471000,-66,0.000000,7,8
1,6.000000,4.883000,0.676000,-68,0.000000,7,8
1,6.000000,4.679000,0.116000,-69,0.000000,7,8
1,6.000000,4.356000,0.375000,-68,0.000000,7,8
1,6.000000,6.451000,0.536000,-64,0.000000,7,8
1,6.000000,4.889000,0.834000,-66,0.000000,7,8
1,6.000000,5.645000,0.825000,-66,0.000000,7,8
1,6.000000,5.448000,0.677000,-66,0.000000,7,8
1,6.000000,4.876000,0.070000,-70,0.000000,7,8
1,6.000000,4.272000,0.372000,-67,0.000000,7,8
1,6.000000,4.745000,0.073000,-71,0.000000,7,8
1,6.000000,6.151000,0.177000,-71,0.000000,7,8
1,6.000000,6.251000,0.546000,-67,0.000000,7,8
1,6.000000,6.604000,0.892000,-66,0.000000,7,8
1,6.000000,6.489000,0.865000,-67,0.000000,7,8
1,6.000000,6.458000,0.819000,-67,0.000000,7,8
1,6.000000,6.611000,0.866000,-66,0.000000,7,8
1,6.000000,6.289000,0.251000,-64,0.000000,7,8
1,6.000000,6.255000,0.792000,-66,0.000000,7,8
1,6.000000,6.295000,0.873000,-66,0.000000,7,8
1,6.000000,6.458000,0.529000,-66,0.000000,7,8
1,6.000000,6.301000,0.371000,-66,0.000000,7,8
1,6.000000,5.901000,0.764000,-65,0.000000,7,8
1,6.000000,5.823000,0.763000,-64,0.000000,7,8
1,6.000000,6.301000,0.591000,-64,0.000000,7,8
1,6.000000,5.929000,0.707000,-65,0.000000,7,8
1,6.000000,6.339000,0.540000,-65,0.000000,7,8
1,6.000000,6.301000,0.619000,-66,0.000000,7,8
1,6.000000,6.292000,0.500000,-66,0.000000,7,8
1,6.000000,6.292000,0.203000,-66,0.000000,7,8
1,6.000000,6.339000,0.168000,-66,0.000000,7,8
1,6.000000,6.279000,0.142000,-66,0.000000,7,8
1,6.000000,6.014000,0.283000,-66,0.000000,7,8
1,6.000000,6.201000,0.253000,-67,0.000000,7,8
1,6.000000,6.251000,0.303000,-66,0.000000,7,8
1,6.000000,6.251000,0.333000,-66,0.000000,7,8
1,6.000000,6.217000,0.683000,-65,0.000000,7,8
1,6.000000,6.339000,0.600000,-64,0.000000,7,8
1,6.000000,6.001000,0.672000,-62,0.000000,7,8
1,6.000000,5.776000,0.768000,-63,0.000000,7,8
1,6.000000,6.076000,0.632000,-63,0.000000,7,8
1,6.000000,6.151000,0.594000,-63,0.000000,7,8
1,6.000000,5.939000,0.710000,-63,0.000000,7,8
1,6.000000,5.861000,0.683000,-63,0.000000,7,8
1,6.000000,5.973000,0.657000,-64,0.000000,7,8
1,6.000000,6.201000,0.641000,-65,0.000000,7,8
1,6.000000,6.011000,0.655000,-65,0.000000,7,8
1,6.000000,6.201000,0.541000,-63,0.000000,7,8
1,6.000000,5.776000,0.768000,-63,0.000000,7,8
1,6.000000,6.301000,0.631000,-62,0.000000,7,8
1,6.000000,6.301000,0.697000,-62,0.000000,7,8
1,6.000000,6.301000,0.742000,-63,0.000000,7,8
1,6.000000,6.301000,0.795000,-63,0.000000,7,8
1,6.000000,6.301000,0.875000,-64,0.000000,7,8
1,6.000000,6.464000,0.764000,-65,0.000000,7,8
1,6.000000,6.370000,0.681000,-65,0.000000,7,8
1,6.000000,6.414000,0.757000,-65,0.000000,7,8
1,6.000000,6.386000,0.389000,-66,0.000000,7,8
1,6.000000,6.336000,0.341000,-66,0.000000,7,8
1,6.000000,6.201000,0.516000,-65,0.000000,7,8
1,6.000000,6.292000,0.313000,-65,0.000000,7,8
1,6.000000,6.464000,0.702000,-64,0.000000,7,8
1,6.000000,6.676000,0.841000,-64,0.000000,7,8
1,6.000000,6.926000,0.345000,-67,0.000000,7,8
1,6.000000,6.276000,0.523000,-65,0.000000,7,8
1,6.000000,6.301000,0.550000,-66,0.000000,7,8
1,6.000000,6.301000,0.380000,-64,0.000000,7,8
1,6.000000,6.783000,0.561000,-67,0.000000,7,8
1,6.000000,7.005000,0.679000,-67,0.000000,7,8
1,6.000000,6.570000,0.164000,-66,0.000000,7,8
1,6.000000,5.008000,0.237000,-68,0.000000,7,8
1,6.000000,4.804000,0.081000,-71,0.000000,7,8
1,6.000000,4.679000,0.105000,-69,0.000000,7,8
1,6.000000,5.226000,0.730000,-69,0.000000,7,8
1,6.000000,5.280000,0.551000,-69,0.000000,7,8
1,6.000000,6.205000,0.183000,-67,0.000000,7,8
1,6.000000,4.973000,0.759000,-70,0.000000,7,8
1,6.000000,5.066000,0.079000,-70,0.000000,7,8
1,6.000000,4.964000,1.651000,-69,0.000000,7,8
1,6.000000,5.129000,0.146000,-67,0.000000,7,8
1,6.000000,4.778000,0.148000,-70,0.000000,7,8
1,6.000000,5.502000,0.183000,-69,0.000000,7,8
1,6.000000,6.595000,0.394000,-67,0.000000,7,8
1,6.000000,5.064000,0.100000,-68,0.000000,7,8
1,6.000000,5.264000,0.181000,-68,0.000000,7,8
1,6.000000,5.214000,0.211000,-70,0.000000,7,8
1,6.000000,5.076000,0.270000,-69,0.000000,7,8
1,6.000000,5.420000,0.360000,-68,0.000000,7,8
1,6.000000,5.417000,0.243000,-69,0.000000,7,8
1,6.000000,5.120000,0.879000,-70,0.000000,7,8
1,6.000000,4.954000,0.401000,-70,0.000000,7,8
1,6.000000,4.798000,0.891000,-69,0.000000,7,8
1,6.000000,4.651000,0.366000,-70,0.000000,7,8
1,6.000000,5.476000,0.274000,-68,0.000000,7,8
1,6.000000,5.504000,0.092000,-67,0.000000,7,8
1,6.000000,5.870000,0.055000,-63,0.000000,7,8
1,6.000000,5.926000,0.106000,-65,0.000000,7,8
1,6.000000,6.414000,0.049000,-66,0.000000,7,8
1,6.000000,5.858000,0.230000,-62,0.000000,7,8
1,6.000000,6.554000,0.343000,-65,0.000000,7,8
1,6.000000,6.804000,0.211000,-66,0.000000,7,8
1,6.000000,5.999000,0.538000,-62,0.000000,7,8
1,6.000000,5.818000,0.291000,-62,0.000000,7,8
1,6.000000,5.647000,0.461000,-65,0.000000,7,8
1,6.000000,6.067000,0.233000,-64,0.000000,7,8
1,6.000000,6.189000,0.201000,-69,0.000000,7,8
1,6.000000,6.189000,0.664000,-65,0.000000,7,8
1,6.000000,5.045000,0.598000,-67,0.000000,7,8
1,6.000000,4.767000,0.973000,-68,0.000000,7,8
1,6.000000,4.661000,0.286000,-65,0.000000,7,8
1,6.000000,4.911000,0.831000,-66,0.000000,7,8
1,6.000000,4.801000,0.743000,-68,0.000000,7,8
1,6.000000,4.736000,0.721000,-66,0.000000,7,8
1,6.000000,4.576000,1.202000,-67,0.000000,7,8
1,6.000000,4.948000,0.732000,-67,0.000000,7,8
1,6.000000,5.136000,1.055000,-65,0.000000,7,8
1,6.000000,5.008000,0.901000,-66,0.000000,7,8
1,6.000000,4.848000,0.892000,-67,0.000000,7,8
1,6.000000,4.895000,0.691000,-68,0.000000,7,8
1,6.000000,4.698000,0.557000,-70,0.000000,7,8
1,6.000000,4.651000,0.480000,-69,0.000000,7,8
1,6.000000,4.576000,0.477000,-70,0.000000,7,8
1,6.000000,4.651000,0.378000,-70,0.000000,7,8
1,6.000000,4.845000,0.244000,-69,0.000000,7,8
1,6.000000,4.764000,0.295000,-67,0.000000,7,8
1,6.000000,4.848000,0.637000,-67,0.000000,7,8
1,6.000000,4.886000,1.110000,-66,0.000000,7,8
1,6.000000,4.614000,0.685000,-67,0.000000,7,8
1,6.000000,5.242000,0.540000,-65,0.000000,7,8
1,6.000000,4.845000,0.146000,-68,0.000000,7,8
1,6.000000,4.651000,0.872000,-67,0.000000,7,8
1,6.000000,4.867000,1.434000,-65,0.000000,7,8
1,6.000000,4.773000,0.668000,-66,0.000000,7,8
1,6.000000,4.773000,0.176000,-66,0.000000,7,8
1,6.000000,4.895000,0.322000,-67,0.000000,7,8
1,6.000000,4.832000,0.143000,-67,0.000000,7,8
1,6.000000,5.008000,0.095000,-66,0.000000,7,8
1,6.000000,4.845000,0.059000,-66,0.000000,7,8
1,6.000000,4.848000,0.188000,-66,0.000000,7,8
1,6.000000,4.661000,0.365000,-68,0.000000,7,8
1,6.000000,4.661000,1.779000,-67,0.000000,7,8
1,6.000000,4.876000,0.200000,-68,0.000000,7,8
1,6.000000,4.736000,1.109000,-67,0.000000,7,8
1,6.000000,4.839000,0.100000,-68,0.000000,7,8
1,6.000000,4.651000,0.341000,-67,0.000000,7,8
1,6.000000,4.792000,0.197000,-69,0.000000,7,8
1,6.000000,4.764000,0.278000,-71,0.000000,7,8
1,6.000000,4.567000,1.013000,-69,0.000000,7,8
1,6.000000,4.908000,0.897000,-67,0.000000,7,8
1,6.000000,4.651000,1.411000,-66,0.000000,7,8
1,6.000000,4.595000,0.958000,-67,0.000000,7,8
1,6.000000,4.773000,1.625000,-69,0.000000,7,8
1,6.000000,4.561000,1.031000,-67,0.000000,7,8
1,6.000000,4.651000,1.396000,-68,0.000000,7,8
1,6.000000,4.830000,0.724000,-68,0.000000,7,8
1,6.000000,4.651000,1.323000,-66,0.000000,7,8
1,6.000000,4.679000,0.089000,-68,0.000000,7,8
1,6.000000,4.611000,0.242000,-67,0.000000,7,8
1,6.000000,4.651000,0.110000,-68,0.000000,7,8
1,6.000000,4.561000,0.260000,-69,0.000000,7,8
1,6.000000,4.739000,0.124000,-67,0.000000,7,8
1,6.000000,4.982000,0.102000,-67,0.000000,7,8
1,6.000000,4.620000,1.068000,-68,0.000000,7,8
1,6.000000,4.501000,0.504000,-68,0.000000,7,8
1,6.000000,4.836000,0.616000,-67,0.000000,7,8
1,6.000000,4.689000,0.475000,-67,0.000000,7,8
1,6.000000,4.542000,0.799000,-65,0.000000,7,8
1,6.000000,4.361000,0.352000,-65,0.000000,7,8
1,6.000000,4.539000,0.278000,-67,0.000000,7,8
1,6.000000,4.539000,0.798000,-67,0.000000,7,8
1,6.000000,4.448000,0.526000,-64,0.000000,7,8
1,6.000000,4.520000,0.071000,-67,0.000000,7,8
1,6.000000,4.745000,0.108000,-68,0.000000,7,8
1,6.000000,4.611000,0.300000,-69,0.000000,7,8
1,6.000000,4.639000,0.762000,-69,0.000000,7,8
1,6.000000,4.895000,0.481000,-68,0.000000,7,8
1,6.000000,5.008000,0.177000,-68,0.000000,7,8
1,6.000000,4.933000,0.265000,-67,0.000000,7,8
1,6.000000,5.129000,0.186000,-67,0.000000,7,8
1,6.000000,5.130000,0.083000,-68,0.000000,7,8
1,6.000000,4.679000,0.254000,-67,0.000000,7,8
1,6.000000,5.008000,0.085000,-66,0.000000,7,8
1,6.000000,4.811000,0.206000,-66,0.000000,7,8
1,6.000000,4.848000,0.257000,-67,0.000000,7,8
1,6.000000,4.980000,0.301000,-67,0.000000,7,8
1,6.000000,4.773000,0.949000,-67,0.000000,7,8
1,6.000000,4.895000,1.078000,-68,0.000000,7,8
1,6.000000,4.792000,0.935000,-69,0.000000,7,8
1,6.000000,4.689000,0.252000,-69,0.000000,7,8
1,6.000000,4.764000,0.238000,-67,0.000000,7,8
1,6.000000,4.720000,0.376000,-68,0.000000,7,8
1,6.000000,4.755000,0.498000,-67,0.000000,7,8
1,6.000000,4.689000,1.666000,-69,0.000000,7,8
1,6.000000,4.530000,0.926000,-70,0.000000,7,8
1,6.000000,4.698000,0.228000,-70,0.000000,7,8
1,6.000000,4.426000,1.119000,-67,0.000000,7,8
1,6.000000,4.539000,0.556000,-70,0.000000,7,8
1,6.000000,4.539000,0.230000,-69,0.000000,7,8
1,6.000000,4.651000,1.309000,-68,0.000000,7,8
1,6.000000,4.864000,0.174000,-68,0.000000,7,8
1,6.000000,4.895000,0.277000,-67,0.000000,7,8
1,6.000000,4.895000,0.399000,-67,0.000000,7,8
1,6.000000,4.661000,0.320000,-68,0.000000,7,8
1,6.000000,4.651000,0.281000,-67,0.000000,7,8
1,6.000000,4.808000,1.904000,-67,0.000000,7,8
1,6.000000,4.989000,0.079000,-66,0.000000,7,8
1,6.000000,4.942000,1.363000,-67,0.000000,7,8
1,6.000000,4.970000,0.067000,-68,0.000000,7,8
1,6.000000,4.951000,0.071000,-68,0.000000,7,8
1,6.000000,4.739000,0.314000,-67,0.000000,7,8
1,6.000000,4.651000,0.298000,-68,0.000000,7,8
1,6.000000,4.892000,0.439000,-68,0.000000,7,8
1,6.000000,5.019000,0.153000,-68,0.000000,7,8
1,6.000000,4.651000,1.001000,-67,0.000000,7,8
1,6.000000,5.029000,0.688000,-66,0.000000,7,8
1,6.000000,4.773000,0.340000,-70,0.000000,7,8
1,6.000000,4.614000,0.432000,-68,0.000000,7,8
1,6.000000,4.576000,0.240000,-70,0.000000,7,8
1,6.000000,4.992000,0.095000,-70,0.000000,7,8
1,6.000000,4.764000,0.124000,-68,0.000000,7,8
1,6.000000,4.576000,0.458000,-69,0.000000,7,8
1,6.000000,4.811000,0.375000,-69,0.000000,7,8
1,6.000000,4.980000,1.206000,-66,0.000000,7,8
1,6.000000,4.839000,1.514000,-69,0.000000,7,8
1,6.000000,4.876000,1.655000,-68,0.000000,7,8
1,6.000000,5.023000,0.092000,-69,0.000000,7,8
1,6.000000,5.079000,1.135000,-70,0.000000,7,8
1,6.000000,4.970000,0.241000,-68,0.000000,7,8
1,6.000000,4.801000,0.136000,-68,0.000000,7,8
1,6.000000,4.614000,0.137000,-68,0.000000,7,8
1,6.000000,4.539000,0.500000,-68,0.000000,7,8
1,6.000000,4.758000,0.826000,-66,0.000000,7,8
1,6.000000,4.661000,0.609000,-69,0.000000,7,8
1,6.000000,4.929000,0.360000,-69,0.000000,7,8
1,6.000000,4.848000,0.868000,-69,0.000000,7,8
1,6.000000,5.026000,0.123000,-70,0.000000,7,8
1,6.000000,5.214000,0.617000,-69,0.000000,7,8
1,6.000000,4.689000,0.887000,-70,0.000000,7,8
1,6.000000,4.886000,1.226000,-70,0.000000,7,8
1,6.000000,4.739000,0.384000,-70,0.000000,7,8
1,6.000000,4.801000,0.116000,-68,0.000000,7,8
1,6.000000,4.773000,0.219000,-70,0.000000,7,8
1,6.000000,4.717000,0.104000,-70,0.000000,7,8
1,6.000000,4.905000,0.159000,-70,0.000000,7,8
1,6.000000,4.745000,0.091000,-68,0.000000,7,8
1,6.000000,4.567000,0.186000,-68,0.000000,7,8
1,6.000000,4.814000,0.124000,-67,0.000000,7,8
1,6.000000,4.698000,0.115000,-68,0.000000,7,8
1,6.000000,4.773000,1.034000,-67,0.000000,7,8
1,6.000000,4.836000,0.819000,-67,0.000000,7,8
1,6.000000,4.970000,0.231000,-68,0.000000,7,8
1,6.000000,5.048000,0.290000,-65,0.000000,7,8
1,6.000000,5.364000,0.120000,-67,0.000000,7,8
1,6.000000,5.051000,0.187000,-68,0.000000,7,8
1,6.000000,4.923000,0.729000,-67,0.000000,7,8
1,6.000000,5.186000,1.526000,-67,0.000000,7,8
1,6.000000,4.848000,1.110000,-68,0.000000,7,8
1,6.000000,4.651000,0.500000,-69,0.000000,7,8
1,6.000000,4.773000,0.281000,-66,0.000000,7,8
1,6.000000,4.642000,0.222000,-67,0.000000,7,8
1,6.000000,4.867000,0.595000,-68,0.000000,7,8
1,6.000000,4.689000,0.964000,-67,0.000000,7,8
1,6.000000,4.576000,0.253000,-68,0.000000,7,8
1,6.000000,4.651000,0.078000,-68,0.000000,7,8
1,6.000000,4.858000,0.132000,-66,0.000000,7,8
1,6.000000,4.823000,1.573000,-67,0.000000,7,8
1,6.000000,5.051000,0.558000,-67,0.000000,7,8
1,6.000000,5.051000,0.130000,-69,0.000000,7,8
1,6.000000,4.895000,0.877000,-69,0.000000,7,8
1,6.000000,4.651000,1.138000,-67,0.000000,7,8
1,6.000000,4.895000,0.961000,-66,0.000000,7,8
1,6.000000,4.848000,0.908000,-67,0.000000,7,8
1,6.000000,4.689000,0.208000,-69,0.000000,7,8
1,6.000000,4.851000,0.230000,-69,0.000000,7,8
1,6.000000,4.895000,0.147000,-69,0.000000,7,8
1,6.000000,4.895000,0.257000,-69,0.000000,7,8
1,6.000000,4.801000,0.989000,-69,0.000000,7,8
1,6.000000,4.989000,0.719000,-68,0.000000,7,8
1,6.000000,4.942000,0.170000,-69,0.000000,7,8
1,6.000000,4.773000,0.961000,-68,0.000000,7,8
1,6.000000,5.101000,0.091000,-69,0.000000,7,8
1,6.000000,4.817000,0.403000,-68,0.000000,7,8
1,6.000000,4.811000,0.677000,-68,0.000000,7,8
1,6.000000,5.026000,0.591000,-68,0.000000,7,8
1,6.000000,4.980000,0.205000,-69,0.000000,7,8
1,6.000000,5.029000,0.456000,-69,0.000000,7,8
1,6.000000,4.986000,0.654000,-68,0.000000,7,8
1,6.000000,5.008000,0.438000,-68,0.000000,7,8
1,6.000000,4.811000,0.542000,-69,0.000000,7,8
1,6.000000,4.886000,0.503000,-69,0.000000,7,8
1,6.000000,4.980000,0.692000,-69,0.000000,7,8
1,6.000000,4.839000,0.640000,-69,0.000000,7,8
1,6.000000,4.895000,0.334000,-69,0.000000,7,8
1,6.000000,4.942000,0.612000,-69,0.000000,7,8
1,6.000000,4.773000,0.405000,-70,0.000000,7,8
1,6.000000,4.895000,0.223000,-70,0.000000,7,8
1,6.000000,4.980000,0.095000,-70,0.000000,7,8
1,6.000000,4.951000,0.193000,-70,0.000000,7,8
1,6.000000,4.942000,0.178000,-70,0.000000,7,8
1,6.000000,5.029000,0.101000,-70,0.000000,7,8
1,6.000000,4.895000,0.177000,-70,0.000000,7,8
1,6.000000,5.130000,0.127000,-70,0.000000,7,8
1,6.000000,4.895000,0.188000,-70,0.000000,7,8
1,6.000000,4.539000,0.784000,-70,0.000000,7,8
1,6.000000,4.651000,1.138000,-67,0.000000,7,8
1,6.000000,4.876000,1.096000,-69,0.000000,7,8
1,6.000000,4.698000,0.167000,-69,0.000000,7,8
1,6.000000,4.726000,0.124000,-67,0.000000,7,8
1,6.000000,4.895000,0.049000,-68,0.000000,7,8
1,6.000000,4.614000,0.307000,-68,0.000000,7,8
1,6.000000,4.726000,1.211000,-68,0.000000,7,8
1,6.000000,4.539000,1.248000,-67,0.000000,7,8
1,6.000000,4.651000,1.341000,-67,0.000000,7,8
1,6.000000,4.773000,0.280000,-68,0.000000,7,8
1,6.000000,4.973000,0.357000,-68,0.000000,7,8
1,6.000000,5.176000,0.129000,-67,0.000000,7,8
1,6.000000,5.045000,1.282000,-67,0.000000,7,8
1,6.000000,5.220000,0.624000,-68,0.000000,7,8
1,6.000000,5.008000,0.388000,-69,0.000000,7,8
1,6.000000,4.739000,0.437000,-68,0.000000,7,8
1,6.000000,4.614000,0.294000,-68,0.000000,7,8
1,6.000000,4.764000,0.941000,-69,0.000000,7,8
1,6.000000,4.942000,0.621000,-68,0.000000,7,8
1,6.000000,4.801000,0.194000,-68,0.000000,7,8
1,6.000000,4.895000,0.115000,-67,0.000000,7,8
1,6.000000,4.929000,0.216000,-68,0.000000,7,8
1,6.000000,4.948000,0.640000,-66,0.000000,7,8
1,6.000000,4.773000,0.250000,-69,0.000000,7,8
1,6.000000,4.876000,1.210000,-67,0.000000,7,8
1,6.000000,4.886000,0.648000,-66,0.000000,7,8
1,6.000000,4.929000,0.227000,-67,0.000000,7,8
1,6.000000,4.989000,0.170000,-67,0.000000,7,8
1,6.000000,5.008000,0.131000,-67,0.000000,7,8
1,6.000000,5.036000,1.786000,-67,0.000000,7,8
1,6.000000,5.245000,0.943000,-67,0.000000,7,8
1,6.000000,5.008000,1.005000,-67,0.000000,7,8
1,6.000000,4.964000,1.012000,-68,0.000000,7,8
1,6.000000,5.048000,0.786000,-67,0.000000,7,8
1,6.000000,5.286000,0.435000,-67,0.000000,7,8
1,6.000000,5.176000,0.096000,-67,0.000000,7,8
1,6.000000,4.998000,0.094000,-68,0.000000,7,8
1,6.000000,5.051000,0.265000,-67,0.000000,7,8
1,6.000000,5.214000,0.138000,-67,0.000000,7,8
1,6.000000,4.801000,0.335000,-66,0.000000,7,8
1,6.000000,5.101000,0.186000,-67,0.000000,7,8
1,6.000000,4.883000,0.305000,-66,0.000000,7,8
1,6.000000,4.951000,0.199000,-66,0.000000,7,8
1,6.000000,4.923000,0.252000,-66,0.000000,7,8
1,6.000000,4.876000,0.304000,-67,0.000000,7,8
1,6.000000,5.101000,0.088000,-67,0.000000,7,8
1,6.000000,5.111000,0.067000,-67,0.000000,7,8
1,6.000000,5.064000,0.083000,-67,0.000000,7,8
1,6.000000,5.008000,0.250000,-67,0.000000,7,8
1,6.000000,4.914000,0.230000,-67,0.000000,7,8
1,6.000000,4.808000,0.296000,-67,0.000000,7,8
1,6.000000,5.079000,0.113000,-67,0.000000,7,8
1,6.000000,5.020000,0.126000,-67,0.000000,7,8
1,6.000000,4.851000,0.345000,-67,0.000000,7,8
1,6.000000,5.026000,0.159000,-67,0.000000,7,8
1,6.000000,4.933000,0.227000,-67,0.000000,7,8
1,6.000000,4.851000,0.293000,-67,0.000000,7,8
1,6.000000,4.886000,0.237000,-67,0.000000,7,8
1,6.000000,4.883000,0.178000,-67,0.000000,7,8
1,6.000000,4.839000,0.168000,-67,0.000000,7,8
1,6.000000,4.767000,0.261000,-66,0.000000,7,8
1,6.000000,5.130000,0.131000,-67,0.000000,7,8
1,6.000000,4.961000,0.163000,-67,0.000000,7,8
1,6.000000,4.839000,0.231000,-67,0.000000,7,8
1,6.000000,4.886000,0.263000,-66,0.000000,7,8
1,6.000000,5.029000,0.207000,-67,0.000000,7,8
1,6.000000,5.167000,0.108000,-66,0.000000,7,8
1,6.000000,4.923000,0.198000,-66,0.000000,7,8
1,6.000000,4.914000,0.232000,-67,0.000000,7,8
1,6.000000,4.886000,0.196000,-66,0.000000,7,8
1,6.000000,4.773000,0.251000,-66,0.000000,7,8
1,6.000000,5.130000,0.046000,-66,0.000000,7,8
1,6.000000,5.083000,0.140000,-67,0.000000,7,8
1,6.000000,5.052000,0.062000,-67,0.000000,7,8
1,6.000000,4.886000,0.166000,-67,0.000000,7,8
1,6.000000,4.886000,0.063000,-67,0.000000,7,8
1,6.000000,4.961000,0.176000,-67,0.000000,7,8
1,6.000000,4.973000,0.156000,-67,0.000000,7,8
1,6.000000,4.876000,0.106000,-67,0.000000,7,8
1,6.000000,4.914000,0.059000,-67,0.000000,7,8
1,6.000000,5.202000,0.176000,-67,0.000000,7,8
1,6.000000,4.876000,0.199000,-67,0.000000,7,8
1,6.000000,5.148000,0.176000,-67,0.000000,7,8
1,6.000000,5.079000,0.253000,-67,0.000000,7,8
1,6.000000,4.886000,0.353000,-67,0.000000,7,8
1,6.000000,5.008000,0.418000,-67,0.000000,7,8
1,6.000000,4.848000,0.489000,-67,0.000000,7,8
1,6.000000,5.214000,0.274000,-67,0.000000,7,8
1,6.000000,4.876000,0.428000,-67,0.000000,7,8
1,6.000000,4.886000,0.353000,-67,0.000000,7,8
1,6.000000,4.801000,0.467000,-67,0.000000,7,8
1,6.000000,5.051000,0.341000,-67,0.000000,7,8
1,6.000000,4.998000,0.309000,-67,0.000000,7,8
1,6.000000,4.914000,0.317000,-67,0.000000,7,8
1,6.000000,5.008000,0.334000,-67,0.000000,7,8
1,6.000000,4.851000,0.376000,-67,0.000000,7,8
1,6.000000,4.895000,0.264000,-67,0.000000,7,8
1,6.000000,4.883000,0.189000,-67,0.000000,7,8
1,6.000000,4.886000,0.180000,-67,0.000000,7,8
1,6.000000,5.115000,0.137000,-67,0.000000,7,8
1,6.000000,4.886000,0.171000,-67,0.000000,7,8
1,6.000000,4.998000,0.116000,-67,0.000000,7,8
1,6.000000,5.130000,0.046000,-67,0.000000,7,8
1,6.000000,5.008000,0.099000,-67,0.000000,7,8
1,6.000000,4.811000,0.260000,-67,0.000000,7,8
1,6.000000,4.970000,0.173000,-67,0.000000,7,8
1,6.000000,5.008000,0.168000,-67,0.000000,7,8
1,6.000000,5.130000,0.050000,-67,0.000000,7,8
1,6.000000,4.923000,0.121000,-66,0.000000,7,8
1,6.000000,4.967000,0.207000,-66,0.000000,7,8
1,6.000000,5.057000,0.081000,-67,0.000000,7,8
1,6.000000,5.130000,0.203000,-67,0.000000,7,8
1,6.000000,4.889000,0.260000,-67,0.000000,7,8
1,6.000000,4.933000,0.385000,-67,0.000000,7,8
1,6.000000,4.967000,0.383000,-67,0.000000,7,8
1,6.000000,5.051000,0.435000,-67,0.000000,7,8
1,6.000000,4.929000,0.419000,-67,0.000000,7,8
1,6.000000,4.848000,0.409000,-67,0.000000,7,8
1,6.000000,5.008000,0.392000,-67,0.000000,7,8
1,6.000000,4.951000,0.278000,-67,0.000000,7,8
1,6.000000,4.845000,0.327000,-67,0.000000,7,8
1,6.000000,5.026000,0.226000,-67,0.000000,7,8
1,6.000000,4.923000,0.275000,-67,0.000000,7,8
1,6.000000,4.876000,0.312000,-67,0.000000,7,8
1,6.000000,4.886000,0.282000,-67,0.000000,7,8
1,6.000000,4.764000,0.238000,-67,0.000000,7,8
1,6.000000,5.139000,0.114000,-67,0.000000,7,8
1,6.000000,4.842000,0.227000,-67,0.000000,7,8
1,6.000000,4.886000,0.229000,-67,0.000000,7,8
1,6.000000,5.130000,0.098000,-66,0.000000,7,8
1,6.000000,4.970000,0.163000,-67,0.000000,7,8
1,6.000000,4.951000,0.109000,-67,0.000000,7,8
1,6.000000,5.167000,0.121000,-67,0.000000,7,8
1,6.000000,4.848000,0.260000,-66,0.000000,7,8
1,6.000000,5.008000,0.153000,-67,0.000000,7,8
1,6.000000,4.729000,0.254000,-65,0.000000,7,8
1,6.000000,5.050000,0.107000,-67,0.000000,7,8
1,6.000000,4.972000,0.168000,-67,0.000000,7,8
1,6.000000,4.876000,0.137000,-67,0.000000,7,8
1,6.000000,4.886000,0.176000,-67,0.000000,7,8
1,6.000000,4.914000,0.121000,-67,0.000000,7,8
1,6.000000,5.008000,0.263000,-67,0.000000,7,8
1,6.000000,5.051000,0.213000,-67,0.000000,7,8
1,6.000000,4.970000,0.241000,-67,0.000000,7,8
1,6.000000,5.130000,0.149000,-66,0.000000,7,8
1,6.000000,4.886000,0.231000,-66,0.000000,7,8
1,6.000000,4.851000,0.294000,-66,0.000000,7,8
1,6.000000,5.111000,0.079000,-66,0.000000,7,8
1,6.000000,4.801000,0.273000,-66,0.000000,7,8
1,6.000000,4.970000,0.215000,-66,0.000000,7,8
1,6.000000,5.045000,0.267000,-66,0.000000,7,8
1,6.000000,4.970000,0.311000,-66,0.000000,7,8
1,6.000000,4.851000,0.376000,-66,0.000000,7,8
1,6.000000,5.214000,0.210000,-66,0.000000,7,8
1,6.000000,5.083000,0.230000,-66,0.000000,7,8
1,6.000000,5.264000,0.176000,-66,0.000000,7,8
1,6.000000,5.130000,0.230000,-66,0.000000,7,8
1,6.000000,4.764000,0.430000,-66,0.000000,7,8
1,6.000000,4.848000,0.356000,-66,0.000000,7,8
1,6.000000,5.008000,0.346000,-66,0.000000,7,8
1,6.000000,4.951000,0.252000,-66,0.000000,7,8
1,6.000000,4.920000,0.288000,-66,0.000000,7,8
1,6.000000,5.051000,0.227000,-66,0.000000,7,8
1,6.000000,5.158000,0.172000,-66,0.000000,7,8
1,6.000000,4.973000,0.333000,-66,0.000000,7,8
1,6.000000,4.967000,0.298000,-66,0.000000,7,8
1,6.000000,5.214000,0.177000,-66,0.000000,7,8
1,6.000000,5.130000,0.240000,-66,0.000000,7,8
1,6.000000,4.970000,0.334000,-65,0.000000,7,8
1,6.000000,5.026000,0.298000,-66,0.000000,7,8
1,6.000000,4.883000,0.351000,-66,0.000000,7,8
1,6.000000,5.130000,0.224000,-66,0.000000,7,8
1,6.000000,5.051000,0.238000,-66,0.000000,7,8
1,6.000000,4.914000,0.315000,-66,0.000000,7,8
1,6.000000,4.895000,0.291000,-66,0.000000,7,8
1,6.000000,4.876000,0.276000,-66,0.000000,7,8
1,6.000000,4.923000,1.229000,-66,0.000000,7,8
1,6.000000,4.811000,0.892000,-66,0.000000,7,8
1,6.000000,5.136000,0.160000,-66,0.000000,7,8
1,6.000000,4.973000,0.329000,-67,0.000000,7,8
1,6.000000,4.929000,0.781000,-66,0.000000,7,8
1,6.000000,4.854000,0.391000,-67,0.000000,7,8
1,6.000000,4.889000,1.004000,-67,0.000000,7,8
1,6.000000,5.008000,0.318000,-67,0.000000,7,8
1,6.000000,4.811000,1.058000,-66,0.000000,7,8
1,6.000000,4.851000,0.355000,-66,0.000000,7,8
1,6.000000,5.130000,0.192000,-67,0.000000,7,8
1,6.000000,5.008000,0.351000,-67,0.000000,7,8
1,6.000000,4.886000,0.205000,-67,0.000000,7,8
1,6.000000,4.951000,0.163000,-67,0.000000,7,8
1,6.000000,4.845000,0.225000,-67,0.000000,7,8
1,6.000000,4.848000,0.215000,-67,0.000000,7,8
1,6.000000,4.998000,0.129000,-67,0.000000,7,8
1,6.000000,5.086000,0.294000,-67,0.000000,7,8
1,6.000000,5.129000,0.215000,-67,0.000000,7,8
1,6.000000,5.136000,0.186000,-67,0.000000,7,8
1,6.000000,4.886000,0.154000,-67,0.000000,7,8
1,6.000000,4.964000,0.156000,-67,0.000000,7,8
1,6.000000,4.930000,0.738000,-66,0.000000,7,8
1,6.000000,5.008000,0.392000,-67,0.000000,7,8
1,6.000000,4.914000,0.181000,-67,0.000000,7,8
1,6.000000,4.920000,0.244000,-67,0.000000,7,8
1,6.000000,4.886000,0.205000,-66,0.000000,7,8
1,6.000000,4.914000,0.206000,-67,0.000000,7,8
1,6.000000,5.136000,0.144000,-67,0.000000,7,8
1,6.000000,5.023000,0.167000,-67,0.000000,7,8
1,6.000000,5.108000,0.168000,-67,0.000000,7,8
1,6.000000,4.886000,0.178000,-67,0.000000,7,8
1,6.000000,4.773000,0.955000,-66,0.000000,7,8
1,6.000000,4.845000,0.691000,-66,0.000000,7,8
1,6.000000,4.951000,0.193000,-66,0.000000,7,8
1,6.000000,4.851000,1.020000,-67,0.000000,7,8
1,6.000000,5.011000,0.617000,-66,0.000000,7,8
1,6.000000,4.773000,1.185000,-66,0.000000,7,8
1,6.000000,4.729000,1.272000,-66,0.000000,7,8
1,6.000000,4.886000,1.162000,-67,0.000000,7,8
1,6.000000,4.851000,1.185000,-66,0.000000,7,8
1,6.000000,4.883000,1.272000,-66,0.000000,7,8
1,6.000000,4.848000,1.273000,-66,0.000000,7,8
1,6.000000,4.951000,1.188000,-67,0.000000,7,8
1,6.000000,4.839000,1.202000,-67,0.000000,7,8
1,6.000000,4.804000,1.205000,-67,0.000000,7,8
1,6.000000,4.886000,1.090000,-67,0.000000,7,8
1,6.000000,4.876000,1.199000,-67,0.000000,7,8
1,6.000000,4.845000,1.167000,-67,0.000000,7,8
1,6.000000,5.098000,1.000000,-67,0.000000,7,8
1,6.000000,5.208000,0.818000,-68,0.000000,7,8
1,6.000000,4.892000,1.052000,-67,0.000000,7,8
1,6.000000,5.011000,0.939000,-67,0.000000,7,8
1,6.000000,5.051000,0.880000,-68,0.000000,7,8
1,6.000000,4.764000,1.225000,-67,0.000000,7,8
1,6.000000,5.136000,0.867000,-66,0.000000,7,8
1,6.000000,5.042000,1.015000,-67,0.000000,7,8
1,6.000000,5.236000,0.717000,-67,0.000000,7,8
1,6.000000,4.886000,1.064000,-67,0.000000,7,8
1,6.000000,4.973000,0.627000,-67,0.000000,7,8
1,6.000000,5.236000,0.758000,-67,0.000000,7,8
1,6.000000,4.845000,1.072000,-67,0.000000,7,8
1,6.000000,4.933000,0.888000,-68,0.000000,7,8
1,6.000000,4.973000,0.843000,-67,0.000000,7,8
1,6.000000,4.773000,1.121000,-68,0.000000,7,8
1,6.000000,4.929000,0.975000,-68,0.000000,7,8
1,6.000000,4.770000,1.206000,-67,0.000000,7,8
1,6.000000,4.973000,1.016000,-67,0.000000,7,8
1,6.000000,5.120000,0.130000,-67,0.000000,7,8
1,6.000000,4.920000,1.226000,-68,0.000000,7,8
1,6.000000,4.845000,1.225000,-67,0.000000,7,8
1,6.000000,5.051000,1.009000,-67,0.000000,7,8
1,6.000000,5.029000,1.137000,-67,0.000000,7,8
1,6.000000,5.296000,0.086000,-67,0.000000,7,8
1,6.000000,5.136000,0.140000,-66,0.000000,7,8
1,6.000000,5.083000,0.257000,-67,0.000000,7,8
1,6.000000,4.929000,0.380000,-67,0.000000,7,8
1,6.000000,5.167000,0.131000,-67,0.000000,7,8
1,6.000000,4.989000,1.863000,-67,0.000000,7,8
1,6.000000,4.995000,2.084000,-67,0.000000,7,8
1,6.000000,4.998000,1.184000,-67,0.000000,7,8
1,6.000000,4.961000,1.359000,-67,0.000000,7,8
1,6.000000,5.139000,1.852000,-68,0.000000,7,8
1,6.000000,5.083000,1.260000,-67,0.000000,7,8
1,6.000000,5.008000,1.890000,-67,0.000000,7,8
1,6.000000,4.923000,1.373000,-67,0.000000,7,8
1,6.000000,5.130000,0.884000,-68,0.000000,7,8
1,6.000000,4.964000,1.275000,-67,0.000000,7,8
1,6.000000,5.130000,0.058000,-68,0.000000,7,8
1,6.000000,4.914000,0.105000,-67,0.000000,7,8
1,6.000000,5.120000,0.004000,-68,0.000000,7,8
1,6.000000,4.773000,0.372000,-68,0.000000,7,8
1,6.000000,4.979000,0.145000,-67,0.000000,7,8
1,6.000000,4.729000,0.308000,-67,0.000000,7,8
1,6.000000,4.811000,0.260000,-67,0.000000,7,8
1,6.000000,4.895000,0.200000,-67,0.000000,7,8
1,6.000000,4.764000,0.124000,-67,0.000000,7,8
1,6.000000,4.842000,0.114000,-67,0.000000,7,8
1,6.000000,5.058000,0.098000,-67,0.000000,7,8
1,6.000000,5.120000,0.055000,-67,0.000000,7,8
1,6.000000,4.973000,0.158000,-67,0.000000,7,8
1,6.000000,5.051000,0.170000,-67,0.000000,7,8
1,6.000000,4.842000,0.114000,-68,0.000000,7,8
1,6.000000,5.029000,0.130000,-67,0.000000,7,8
1,6.000000,4.886000,0.094000,-68,0.000000,7,8
1,6.000000,4.808000,0.245000,-68,0.000000,7,8
1,6.000000,4.986000,0.069000,-68,0.000000,7,8
1,6.000000,4.773000,0.388000,-68,0.000000,7,8
1,6.000000,5.130000,0.081000,-68,0.000000,7,8
1,6.000000,4.726000,0.145000,-68,0.000000,7,8
1,6.000000,4.854000,0.335000,-68,0.000000,7,8
1,6.000000,4.808000,0.177000,-68,0.000000,7,8
1,6.000000,5.023000,0.065000,-68,0.000000,7,8
1,6.000000,4.817000,0.345000,-68,0.000000,7,8
1,6.000000,4.973000,0.230000,-68,0.000000,7,8
1,6.000000,4.773000,0.474000,-68,0.000000,7,8
1,6.000000,4.883000,0.201000,-68,0.000000,7,8
1,6.000000,5.008000,0.406000,-68,0.000000,7,8
1,6.000000,4.892000,0.346000,-68,0.000000,7,8
1,6.000000,4.808000,0.156000,-68,0.000000,7,8
1,6.000000,4.848000,0.243000,-67,0.000000,7,8
1,6.000000,4.848000,0.221000,-68,0.000000,7,8
1,6.000000,4.851000,0.421000,-68,0.000000,7,8
1,6.000000,5.036000,0.720000,-68,0.000000,7,8
1,6.000000,4.970000,0.952000,-67,0.000000,7,8
1,6.000000,4.886000,1.364000,-68,0.000000,7,8
1,6.000000,5.139000,0.127000,-66,0.000000,7,8
1,6.000000,4.914000,0.798000,-67,0.000000,7,8
1,6.000000,5.208000,0.106000,-68,0.000000,7,8
1,6.000000,5.001000,0.685000,-68,0.000000,7,8
1,6.000000,4.886000,0.144000,-68,0.000000,7,8
1,6.000000,4.786000,0.271000,-68,0.000000,7,8
1,6.000000,4.698000,0.423000,-69,0.000000,7,8
1,6.000000,4.661000,0.306000,-70,0.000000,7,8
1,6.000000,4.654000,0.348000,-69,0.000000,7,8
1,6.000000,4.839000,0.904000,-68,0.000000,7,8
1,6.000000,4.845000,1.174000,-69,0.000000,7,8
1,6.000000,5.242000,0.330000,-68,0.000000,7,8
1,6.000000,4.661000,0.453000,-68,0.000000,7,8
1,6.000000,4.895000,0.933000,-67,0.000000,7,8
1,6.000000,4.576000,0.277000,-69,0.000000,7,8
1,6.000000,4.848000,0.282000,-67,0.000000,7,8
1,6.000000,4.651000,0.110000,-68,0.000000,7,8
1,6.000000,4.689000,0.565000,-70,0.000000,7,8
1,6.000000,4.767000,0.547000,-71,0.000000,7,8
1,6.000000,4.614000,0.230000,-70,0.000000,7,8
1,6.000000,4.895000,0.161000,-70,0.000000,7,8
1,6.000000,4.661000,0.180000,-69,0.000000,7,8
1,6.000000,4.830000,0.129000,-69,0.000000,7,8
1,6.000000,4.576000,0.203000,-71,0.000000,7,8
1,6.000000,4.839000,0.231000,-69,0.000000,7,8
1,6.000000,4.623000,0.187000,-68,0.000000,7,8
1,6.000000,4.764000,0.015000,-70,0.000000,7,8
1,6.000000,4.764000,0.210000,-70,0.000000,7,8
1,6.000000,4.873000,0.080000,-69,0.000000,7,8
1,6.000000,5.029000,0.189000,-69,0.000000,7,8
1,6.000000,4.845000,0.591000,-66,0.000000,7,8
1,6.000000,4.811000,0.278000,-69,0.000000,7,8
1,6.000000,4.661000,0.328000,-68,0.000000,7,8
1,6.000000,4.895000,0.754000,-68,0.000000,7,8
1,6.000000,4.811000,0.571000,-69,0.000000,7,8
1,6.000000,4.608000,0.251000,-68,0.000000,7,8
1,6.000000,4.895000,0.784000,-63,0.000000,7,8
1,6.000000,4.576000,0.100000,-69,0.000000,7,8
1,6.000000,4.823000,1.534000,-68,0.000000,7,8
1,6.000000,4.561000,1.883000,-70,0.000000,7,8
1,6.000000,4.695000,1.460000,-65,0.000000,7,8
1,6.000000,4.539000,0.641000,-70,0.000000,7,8
1,6.000000,4.773000,0.300000,-69,0.000000,7,8
1,6.000000,4.980000,0.491000,-69,0.000000,7,8
1,6.000000,4.883000,0.394000,-69,0.000000,7,8
1,6.000000,4.736000,0.721000,-66,0.000000,7,8
1,6.000000,4.698000,0.856000,-67,0.000000,7,8
1,6.000000,5.098000,1.762000,-68,0.000000,7,8
1,6.000000,4.830000,0.078000,-69,0.000000,7,8
1,6.000000,4.998000,0.102000,-71,0.000000,7,8
1,6.000000,4.651000,0.217000,-70,0.000000,7,8
1,6.000000,4.539000,0.166000,-70,0.000000,7,8
1,6.000000,4.895000,0.105000,-69,0.000000,7,8
1,6.000000,4.830000,0.063000,-69,0.000000,7,8
1,6.000000,4.830000,0.077000,-69,0.000000,7,8
1,6.000000,4.895000,0.078000,-69,0.000000,7,8
1,6.000000,5.101000,1.551000,-69,0.000000,7,8
1,6.000000,5.026000,1.629000,-69,0.000000,7,8
1,6.000000,5.064000,0.347000,-69,0.000000,7,8
1,6.000000,5.064000,0.192000,-69,0.000000,7,8
1,6.000000,4.651000,0.420000,-70,0.000000,7,8
1,6.000000,4.873000,0.165000,-71,0.000000,7,8
1,6.000000,4.576000,0.247000,-72,0.000000,7,8
1,6.000000,4.825000,0.186000,-72,0.000000,7,8
1,6.000000,4.801000,0.105000,-72,0.000000,7,8
1,6.000000,4.773000,0.173000,-71,0.000000,7,8
1,6.000000,4.876000,0.017000,-71,0.000000,7,8
1,6.000000,4.764000,0.224000,-71,0.000000,7,8
1,6.000000,4.801000,0.098000,-71,0.000000,7,8
1,6.000000,4.848000,0.186000,-71,0.000000,7,8
1,6.000000,4.839000,0.091000,-70,0.000000,7,8
1,6.000000,5.051000,0.083000,-70,0.000000,7,8
1,6.000000,4.911000,0.139000,-69,0.000000,7,8
1,6.000000,4.848000,0.243000,-69,0.000000,7,8
1,6.000000,4.773000,0.261000,-70,0.000000,7,8
1,6.000000,5.055000,0.060000,-69,0.000000,7,8
1,6.000000,4.839000,0.202000,-70,0.000000,7,8
1,6.000000,4.886000,0.421000,-68,0.000000,7,8
1,6.000000,5.130000,1.819000,-66,0.000000,7,8
1,6.000000,4.614000,0.657000,-68,0.000000,7,8
1,6.000000,4.876000,0.184000,-68,0.000000,7,8
1,6.000000,5.111000,1.109000,-67,0.000000,7,8
1,6.000000,4.801000,1.262000,-66,0.000000,7,8
1,6.000000,4.795000,0.850000,-68,0.000000,7,8
1,6.000000,4.901000,0.796000,-67,0.000000,7,8
1,6.000000,4.651000,0.118000,-69,0.000000,7,8
1,6.000000,4.726000,0.145000,-69,0.000000,7,8
1,6.000000,5.008000,0.976000,-67,0.000000,7,8
1,6.000000,5.136000,0.936000,-69,0.000000,7,8
1,6.000000,4.776000,0.819000,-67,0.000000,7,8
1,6.000000,5.042000,0.220000,-67,0.000000,7,8
1,6.000000,4.692000,0.341000,-69,0.000000,7,8
1,6.000000,4.895000,1.263000,-62,0.000000,7,8
1,6.000000,4.895000,0.297000,-66,0.000000,7,8
1,6.000000,4.973000,0.883000,-67,0.000000,7,8
1,6.000000,4.973000,0.708000,-68,0.000000,7,8
1,6.000000,4.811000,1.378000,-66,0.000000,7,8
1,6.000000,5.208000,1.162000,-65,0.000000,7,8
1,6.000000,4.758000,0.304000,-67,0.000000,7,8
1,6.000000,4.799000,0.178000,-67,0.000000,7,8
1,6.000000,5.086000,0.704000,-66,0.000000,7,8
1,6.000000,4.886000,1.164000,-66,0.000000,7,8
1,6.000000,5.283000,1.731000,-67,0.000000,7,8
1,6.000000,4.848000,0.898000,-66,0.000000,7,8
1,6.000000,4.808000,0.742000,-67,0.000000,7,8
1,6.000000,4.942000,0.338000,-67,0.000000,7,8
1,6.000000,4.773000,0.356000,-67,0.000000,7,8
1,6.000000,4.808000,0.219000,-67,0.000000,7,8
1,6.000000,4.845000,0.208000,-67,0.000000,7,8
1,6.000000,4.886000,0.241000,-66,0.000000,7,8
1,6.000000,5.118000,0.117000,-67,0.000000,7,8
1,6.000000,4.860000,0.174000,-66,0.000000,7,8
1,6.000000,5.101000,0.165000,-68,0.000000,7,8
1,6.000000,4.989000,0.286000,-67,0.000000,7,8
1,6.000000,4.911000,0.453000,-66,0.000000,7,8
1,6.000000,4.817000,0.608000,-66,0.000000,7,8
1,6.000000,4.808000,0.742000,-66,0.000000,7,8
1,6.000000,4.948000,0.625000,-65,0.000000,7,8
1,6.000000,4.651000,0.817000,-65,0.000000,7,8
1,6.000000,4.895000,0.621000,-65,0.000000,7,8
1,6.000000,4.895000,0.541000,-65,0.000000,7,8
1,6.000000,4.808000,0.742000,-65,0.000000,7,8
1,6.000000,4.770000,0.760000,-65,0.000000,7,8
1,6.000000,4.755000,0.735000,-65,0.000000,7,8
1,6.000000,4.729000,0.781000,-65,0.000000,7,8
1,6.000000,4.729000,0.681000,-65,0.000000,7,8
1,6.000000,4.851000,0.519000,-65,0.000000,7,8
1,6.000000,4.929000,0.471000,-66,0.000000,7,8
1,6.000000,4.764000,0.469000,-66,0.000000,7,8
1,6.000000,5.079000,0.161000,-66,0.000000,7,8
1,6.000000,4.839000,0.434000,-66,0.000000,7,8
1,6.000000,4.773000,0.472000,-65,0.000000,7,8
1,6.000000,4.914000,0.282000,-65,0.000000,7,8
1,6.000000,5.051000,0.117000,-65,0.000000,7,8
1,6.000000,4.951000,0.262000,-66,0.000000,7,8
1,6.000000,4.770000,0.416000,-65,0.000000,7,8
1,6.000000,4.770000,0.414000,-65,0.000000,7,8
1,6.000000,4.886000,0.469000,-66,0.000000,7,8
1,6.000000,4.892000,0.381000,-65,0.000000,7,8
1,6.000000,5.058000,0.257000,-65,0.000000,7,8
1,6.000000,4.929000,0.494000,-65,0.000000,7,8
1,6.000000,4.764000,0.660000,-65,0.000000,7,8
1,6.000000,4.973000,0.221000,-65,0.000000,7,8
1,6.000000,4.973000,0.147000,-65,0.000000,7,8
1,6.000000,4.848000,0.605000,-65,0.000000,7,8
1,6.000000,4.895000,0.213000,-65,0.000000,7,8
1,6.000000,4.892000,0.265000,-65,0.000000,7,8
1,6.000000,4.739000,0.397000,-65,0.000000,7,8
1,6.000000,4.726000,0.672000,-66,0.000000,7,8
1,6.000000,4.980000,0.261000,-66,0.000000,7,8
1,6.000000,5.051000,0.228000,-65,0.000000,7,8
1,6.000000,4.811000,0.569000,-66,0.000000,7,8
1,6.000000,4.773000,0.640000,-66,0.000000,7,8
1,6.000000,4.895000,0.338000,-65,0.000000,7,8
1,6.000000,4.817000,0.431000,-65,0.000000,7,8
1,6.000000,4.808000,0.628000,-65,0.000000,7,8
1,6.000000,4.689000,0.698000,-66,0.000000,7,8
1,6.000000,4.804000,0.634000,-65,0.000000,7,8
1,6.000000,4.764000,0.639000,-65,0.000000,7,8
1,6.000000,5.079000,0.083000,-65,0.000000,7,8
1,6.000000,5.051000,0.147000,-66,0.000000,7,8
1,6.000000,4.848000,0.473000,-65,0.000000,7,8
1,6.000000,4.895000,0.268000,-65,0.000000,7,8
1,6.000000,5.098000,0.233000,-65,0.000000,7,8
1,6.000000,4.933000,0.324000,-66,0.000000,7,8
1,6.000000,4.726000,0.528000,-65,0.000000,7,8
1,6.000000,4.773000,0.429000,-65,0.000000,7,8
1,6.000000,5.051000,0.148000,-66,0.000000,7,8
1,6.000000,4.895000,0.212000,-65,0.000000,7,8
1,6.000000,4.970000,0.217000,-65,0.000000,7,8
1,6.000000,4.980000,0.073000,-65,0.000000,7,8
1,6.000000,5.051000,0.106000,-65,0.000000,7,8
1,6.000000,5.051000,0.135000,-65,0.000000,7,8
1,6.000000,4.733000,0.364000,-65,0.000000,7,8
1,6.000000,4.886000,0.237000,-66,0.000000,7,8
1,6.000000,4.905000,0.102000,-65,0.000000,7,8
1,6.000000,4.814000,0.187000,-65,0.000000,7,8
1,6.000000,4.914000,0.115000,-65,0.000000,7,8
1,6.000000,4.942000,0.048000,-66,0.000000,7,8
1,6.000000,4.811000,0.246000,-65,0.000000,7,8
1,6.000000,4.773000,0.229000,-66,0.000000,7,8
1,6.000000,4.933000,0.060000,-66,0.000000,7,8
1,6.000000,4.729000,0.211000,-66,0.000000,7,8
1,6.000000,4.651000,0.281000,-66,0.000000,7,8
1,6.000000,4.801000,0.200000,-65,0.000000,7,8
1,6.000000,4.895000,0.106000,-66,0.000000,7,8
1,6.000000,4.886000,0.237000,-65,0.000000,7,8
1,6.000000,4.892000,0.258000,-65,0.000000,7,8
1,6.000000,4.773000,0.219000,-65,0.000000,7,8
1,6.000000,4.773000,0.219000,-66,0.000000,7,8
1,6.000000,4.895000,0.153000,-65,0.000000,7,8
1,6.000000,4.895000,0.126000,-65,0.000000,7,8
1,6.000000,4.923000,0.185000,-65,0.000000,7,8
1,6.000000,4.980000,0.073000,-66,0.000000,7,8
1,6.000000,4.811000,0.278000,-66,0.000000,7,8
1,6.000000,4.773000,0.356000,-65,0.000000,7,8
1,6.000000,4.651000,0.369000,-66,0.000000,7,8
1,6.000000,4.886000,0.353000,-66,0.000000,7,8
1,6.000000,4.723000,0.375000,-66,0.000000,7,8
1,6.000000,4.901000,0.252000,-65,0.000000,7,8
1,6.000000,4.817000,0.302000,-66,0.000000,7,8
1,6.000000,4.848000,0.409000,-66,0.000000,7,8
1,6.000000,4.895000,0.235000,-65,0.000000,7,8
1,6.000000,4.773000,0.449000,-66,0.000000,7,8
1,6.000000,4.854000,0.443000,-66,0.000000,7,8
1,6.000000,4.886000,0.584000,-65,0.000000,7,8
1,6.000000,4.895000,0.299000,-66,0.000000,7,8
1,6.000000,4.689000,0.726000,-65,0.000000,7,8
1,6.000000,4.895000,0.466000,-66,0.000000,7,8
1,6.000000,4.811000,0.623000,-65,0.000000,7,8
1,6.000000,4.764000,0.676000,-65,0.000000,7,8
1,6.000000,4.901000,0.363000,-65,0.000000,7,8
1,6.000000,4.776000,0.372000,-65,0.000000,7,8
1,6.000000,4.808000,0.397000,-65,0.000000,7,8
1,6.000000,4.839000,0.306000,-65,0.000000,7,8
1,6.000000,4.920000,0.147000,-66,0.000000,7,8
1,6.000000,4.820000,0.141000,-66,0.000000,7,8
1,6.000000,4.811000,0.104000,-66,0.000000,7,8
1,6.000000,4.726000,0.148000,-67,0.000000,7,8
1,6.000000,4.895000,0.047000,-67,0.000000,7,8
1,6.000000,4.773000,0.132000,-67,0.000000,7,8
1,6.000000,4.661000,0.168000,-67,0.000000,7,8
1,6.000000,4.773000,0.266000,-66,0.000000,7,8
1,6.000000,4.940000,0.271000,-66,0.000000,7,8
1,6.000000,5.214000,1.634000,-65,0.000000,7,8
1,6.000000,5.051000,1.603000,-65,0.000000,7,8
1,6.000000,5.051000,1.396000,-65,0.000000,7,8
1,6.000000,4.929000,0.375000,-67,0.000000,7,8
1,6.000000,4.973000,0.334000,-66,0.000000,7,8
1,6.000000,5.392000,1.364000,-65,0.000000,7,8
1,6.000000,5.214000,1.508000,-67,0.000000,7,8
1,6.000000,4.773000,0.195000,-66,0.000000,7,8
1,6.000000,4.951000,1.244000,-65,0.000000,7,8
1,6.000000,5.008000,0.099000,-65,0.000000,7,8
1,6.000000,4.895000,0.077000,-67,0.000000,7,8
1,6.000000,4.773000,0.275000,-65,0.000000,7,8
1,6.000000,4.651000,0.353000,-65,0.000000,7,8
1,6.000000,4.773000,0.721000,-66,0.000000,7,8
1,6.000000,4.767000,0.986000,-68,0.000000,7,8
1,6.000000,4.886000,0.373000,-66,0.000000,7,8
1,6.000000,5.008000,0.378000,-66,0.000000,7,8
1,6.000000,4.858000,0.190000,-68,0.000000,7,8
1,6.000000,5.130000,0.096000,-68,0.000000,7,8
1,6.000000,4.923000,0.541000,-66,0.000000,7,8
1,6.000000,4.933000,0.124000,-67,0.000000,7,8
1,6.000000,5.008000,0.223000,-67,0.000000,7,8
1,6.000000,5.167000,0.136000,-67,0.000000,7,8
1,6.000000,5.008000,0.194000,-67,0.000000,7,8
1,6.000000,5.008000,0.099000,-68,0.000000,7,8
1,6.000000,4.886000,0.124000,-68,0.000000,7,8
1,6.000000,4.801000,0.095000,-67,0.000000,7,8
1,6.000000,4.689000,0.208000,-67,0.000000,7,8
1,6.000000,4.717000,0.075000,-67,0.000000,7,8
1,6.000000,4.726000,1.272000,-66,0.000000,7,8
1,6.000000,4.808000,1.452000,-66,0.000000,7,8
1,6.000000,4.929000,1.291000,-66,0.000000,7,8
1,6.000000,5.948000,0.507000,-66,0.000000,7,8
1,6.000000,5.580000,0.413000,-65,0.000000,7,8
1,6.000000,5.533000,0.365000,-65,0.000000,7,8
1,6.000000,5.076000,0.550000,-66,0.000000,7,8
1,6.000000,4.886000,0.584000,-65,0.000000,7,8
1,6.000000,4.851000,0.606000,-66,0.000000,7,8
1,6.000000,4.729000,0.593000,-65,0.000000,7,8
1,6.000000,4.617000,0.589000,-66,0.000000,7,8
1,6.000000,4.930000,0.374000,-66,0.000000,7,8
1,6.000000,5.130000,0.233000,-66,0.000000,7,8
1,6.000000,4.689000,0.384000,-66,0.000000,7,8
1,6.000000,4.895000,0.276000,-67,0.000000,7,8
1,6.000000,4.773000,0.375000,-67,0.000000,7,8
1,6.000000,4.983000,0.159000,-67,0.000000,7,8
1,6.000000,4.773000,0.392000,-67,0.000000,7,8
1,6.000000,4.651000,0.383000,-67,0.000000,7,8
1,6.000000,4.876000,0.302000,-68,0.000000,7,8
1,6.000000,4.651000,0.408000,-68,0.000000,7,8
1,6.000000,4.839000,0.328000,-68,0.000000,7,8
1,6.000000,4.773000,0.403000,-68,0.000000,7,8
1,6.000000,4.914000,0.303000,-68,0.000000,7,8
1,6.000000,4.764000,0.333000,-68,0.000000,7,8
1,6.000000,4.886000,0.338000,-68,0.000000,7,8
1,6.000000,4.814000,0.359000,-67,0.000000,7,8
1,6.000000,4.848000,0.334000,-67,0.000000,7,8
1,6.000000,5.008000,0.241000,-67,0.000000,7,8
1,6.000000,4.848000,0.194000,-67,0.000000,7,8
1,6.000000,5.059000,0.180000,-67,0.000000,7,8
1,6.000000,4.886000,0.332000,-67,0.000000,7,8
1,6.000000,4.773000,1.132000,-66,0.000000,7,8
1,6.000000,5.020000,1.302000,-67,0.000000,7,8
1,6.000000,4.795000,1.044000,-67,0.000000,7,8
1,6.000000,4.651000,0.285000,-66,0.000000,7,8
1,6.000000,4.686000,0.262000,-66,0.000000,7,8
1,6.000000,4.895000,0.974000,-66,0.000000,7,8
1,6.000000,4.773000,0.363000,-67,0.000000,7,8
1,6.000000,4.739000,1.185000,-65,0.000000,7,8
1,6.000000,4.901000,0.692000,-68,0.000000,7,8
1,6.000000,4.651000,0.268000,-67,0.000000,7,8
1,6.000000,5.130000,0.660000,-66,0.000000,7,8
1,6.000000,4.832000,0.251000,-65,0.000000,7,8
1,6.000000,4.811000,1.233000,-67,0.000000,7,8
1,6.000000,4.698000,0.204000,-66,0.000000,7,8
1,6.000000,4.979000,0.094000,-68,0.000000,7,8
1,6.000000,4.801000,0.144000,-68,0.000000,7,8
1,6.000000,4.801000,0.049000,-69,0.000000,7,8
1,6.000000,4.689000,0.112000,-69,0.000000,7,8
1,6.000000,4.661000,0.057000,-69,0.000000,7,8
1,6.000000,4.667000,0.129000,-70,0.000000,7,8
1,6.000000,4.567000,0.239000,-69,0.000000,7,8
1,6.000000,4.455000,0.314000,-69,0.000000,7,8
1,6.000000,4.455000,0.345000,-69,0.000000,7,8
1,6.000000,4.426000,0.486000,-69,0.000000,7,8
