1,3.000000,2.235000,0.414000,-62,0.000000,7,8
1,3.000000,1.671000,0.087000,-63,0.000000,7,8
1,3.000000,1.605000,0.071000,-64,0.000000,7,8
1,3.000000,1.608000,0.190000,-61,0.000000,7,8
1,3.000000,1.685000,0.121000,-61,0.000000,7,8
1,3.000000,1.725000,0.105000,-59,0.000000,7,8
1,3.000000,1.669000,0.143000,-57,0.000000,7,8
1,3.000000,1.551000,0.172000,-57,0.000000,7,8
1,3.000000,1.257000,0.300000,-57,0.000000,7,8
1,3.000000,1.335000,0.261000,-56,0.000000,7,8
1,3.000000,1.695000,0.113000,-56,0.000000,7,8
1,3.000000,1.482000,0.153000,-56,0.000000,7,8
1,3.000000,1.439000,0.210000,-56,0.000000,7,8
1,3.000000,1.563000,0.138000,-56,0.000000,7,8
1,3.000000,1.317000,0.261000,-58,0.000000,7,8
1,3.000000,1.523000,0.199000,-58,0.000000,7,8
1,3.000000,1.526000,0.227000,-56,0.000000,7,8
1,3.000000,1.448000,0.297000,-56,0.000000,7,8
1,3.000000,1.561000,0.169000,-57,0.000000,7,8
1,3.000000,1.465000,0.233000,-58,0.000000,7,8
1,3.000000,1.324000,0.246000,-58,0.000000,7,8
1,3.000000,1.331000,0.254000,-58,0.000000,7,8
1,3.000000,1.298000,0.280000,-57,0.000000,7,8
1,3.000000,1.500000,0.240000,-57,0.000000,7,8
1,3.000000,1.821000,0.107000,-58,0.000000,7,8
1,3.000000,1.648000,0.127000,-59,0.000000,7,8
1,3.000000,1.873000,0.069000,-58,0.000000,7,8
1,3.000000,1.754000,0.112000,-59,0.000000,7,8
1,3.000000,1.601000,0.113000,-59,0.000000,7,8
1,3.000000,1.732000,0.150000,-59,0.000000,7,8
1,3.000000,1.763000,0.116000,-60,0.000000,7,8
1,3.000000,1.448000,0.323000,-60,0.000000,7,8
1,3.000000,1.535000,0.332000,-60,0.000000,7,8
1,3.000000,1.679000,0.272000,-61,0.000000,7,8
1,3.000000,1.669000,0.261000,-61,0.000000,7,8
1,3.000000,1.810000,0.199000,-61,0.000000,7,8
1,3.000000,1.485000,0.391000,-61,0.000000,7,8
1,3.000000,1.654000,0.291000,-60,0.000000,7,8
1,3.000000,1.644000,0.103000,-58,0.000000,7,8
1,3.000000,1.669000,0.144000,-57,0.000000,7,8
1,3.000000,1.849000,0.120000,-59,0.000000,7,8
1,3.000000,1.781000,0.410000,-56,0.000000,7,8
1,3.000000,1.488000,0.274000,-61,0.000000,7,8
1,3.000000,1.573000,0.173000,-56,0.000000,7,8
1,3.000000,1.832000,0.177000,-60,0.000000,7,8
1,3.000000,1.547000,0.166000,-60,0.000000,7,8
1,3.000000,1.416000,0.184000,-61,0.000000,7,8
1,3.000000,1.260000,0.284000,-56,0.000000,7,8
1,3.000000,1.482000,0.156000,-59,0.000000,7,8
1,3.000000,1.727000,0.063000,-59,0.000000,7,8
1,3.000000,1.619000,0.240000,-60,0.000000,7,8
1,3.000000,1.594000,1.770000,-63,0.000000,7,8
1,3.000000,1.863000,1.173000,-61,0.000000,7,8
1,3.000000,1.810000,0.087000,-61,0.000000,7,8
1,3.000000,1.998000,0.266000,-59,0.000000,7,8
1,3.000000,1.479000,0.134000,-60,0.000000,7,8
1,3.000000,1.437000,0.098000,-64,0.000000,7,8
1,3.000000,1.869000,0.201000,-61,0.000000,7,8
1,3.000000,1.580000,0.218000,-63,0.000000,7,8
1,3.000000,1.554000,0.145000,-62,0.000000,7,8
1,3.000000,1.488000,0.161000,-61,0.000000,7,8
1,3.000000,1.418000,0.284000,-61,0.000000,7,8
1,3.000000,1.373000,0.226000,-60,0.000000,7,8
1,3.000000,1.645000,0.146000,-60,0.000000,7,8
1,3.000000,1.685000,0.136000,-59,0.000000,7,8
1,3.000000,1.624000,0.133000,-59,0.000000,7,8
1,3.000000,1.589000,0.156000,-61,0.000000,7,8
1,3.000000,1.641000,0.168000,-60,0.000000,7,8
1,3.000000,1.589000,0.198000,-57,0.000000,7,8
1,3.000000,1.737000,0.138000,-57,0.000000,7,8
1,3.000000,1.669000,0.167000,-58,0.000000,7,8
1,3.000000,1.706000,0.128000,-60,0.000000,7,8
1,3.000000,1.558000,0.132000,-60,0.000000,7,8
1,3.000000,1.680000,0.140000,-59,0.000000,7,8
1,3.000000,1.691000,0.142000,-61,0.000000,7,8
1,3.000000,1.580000,0.227000,-59,0.000000,7,8
1,3.000000,1.727000,0.155000,-60,0.000000,7,8
1,3.000000,1.529000,0.247000,-61,0.000000,7,8
1,3.000000,1.669000,0.174000,-60,0.000000,7,8
1,3.000000,1.726000,0.175000,-60,0.000000,7,8
1,3.000000,1.671000,0.162000,-62,0.000000,7,8
1,3.000000,1.380000,0.287000,-61,0.000000,7,8
1,3.000000,1.352000,0.226000,-61,0.000000,7,8
1,3.000000,1.584000,0.123000,-59,0.000000,7,8
1,3.000000,1.584000,0.137000,-59,0.000000,7,8
1,3.000000,1.617000,0.156000,-61,0.000000,7,8
1,3.000000,1.669000,0.141000,-61,0.000000,7,8
1,3.000000,1.754000,0.111000,-61,0.000000,7,8
1,3.000000,1.713000,0.082000,-61,0.000000,7,8
1,3.000000,1.448000,0.251000,-59,0.000000,7,8
1,3.000000,1.549000,0.098000,-59,0.000000,7,8
1,3.000000,1.530000,0.187000,-61,0.000000,7,8
1,3.000000,1.474000,0.143000,-60,0.000000,7,8
1,3.000000,1.587000,0.183000,-63,0.000000,7,8
1,3.000000,1.507000,0.264000,-64,0.000000,7,8
1,3.000000,1.680000,0.214000,-64,0.000000,7,8
1,3.000000,1.679000,0.165000,-63,0.000000,7,8
1,3.000000,1.322000,0.310000,-63,0.000000,7,8
1,3.000000,1.326000,0.241000,-61,0.000000,7,8
1,3.000000,1.521000,0.247000,-62,0.000000,7,8
1,3.000000,1.638000,0.174000,-63,0.000000,7,8
1,3.000000,1.638000,0.117000,-62,0.000000,7,8
1,3.000000,1.664000,0.052000,-63,0.000000,7,8
1,3.000000,1.535000,0.398000,-61,0.000000,7,8
1,3.000000,1.380000,0.381000,-60,0.000000,7,8
1,3.000000,1.258000,0.462000,-62,0.000000,7,8
1,3.000000,1.584000,0.387000,-62,0.000000,7,8
1,3.000000,1.270000,0.330000,-62,0.000000,7,8
1,3.000000,1.350000,0.281000,-61,0.000000,7,8
1,3.000000,1.788000,0.136000,-64,0.000000,7,8
1,3.000000,1.641000,0.154000,-62,0.000000,7,8
1,3.000000,1.682000,0.100000,-63,0.000000,7,8
1,3.000000,1.936000,0.077000,-63,0.000000,7,8
1,3.000000,2.035000,0.249000,-64,0.000000,7,8
1,3.000000,1.727000,0.136000,-65,0.000000,7,8
1,3.000000,1.519000,0.191000,-63,0.000000,7,8
1,3.000000,1.910000,0.080000,-60,0.000000,7,8
1,3.000000,1.638000,0.131000,-59,0.000000,7,8
1,3.000000,1.465000,0.203000,-62,0.000000,7,8
1,3.000000,1.682000,0.120000,-63,0.000000,7,8
1,3.000000,1.644000,0.204000,-56,0.000000,7,8
1,3.000000,1.298000,0.174000,-62,0.000000,7,8
1,3.000000,1.200000,0.230000,-60,0.000000,7,8
1,3.000000,1.451000,0.235000,-63,0.000000,7,8
1,3.000000,1.448000,0.251000,-58,0.000000,7,8
1,3.000000,1.369000,0.123000,-60,0.000000,7,8
1,3.000000,1.557000,0.211000,-58,0.000000,7,8
1,3.000000,1.448000,0.162000,-62,0.000000,7,8
1,3.000000,1.519000,0.207000,-60,0.000000,7,8
1,3.000000,1.773000,0.078000,-58,0.000000,7,8
1,3.000000,1.707000,0.194000,-57,0.000000,7,8
1,3.000000,1.798000,0.255000,-55,0.000000,7,8
1,3.000000,1.576000,0.271000,-55,0.000000,7,8
1,3.000000,1.573000,0.216000,-54,0.000000,7,8
1,3.000000,1.732000,0.301000,-59,0.000000,7,8
1,3.000000,1.607000,0.339000,-63,0.000000,7,8
1,3.000000,1.416000,0.323000,-56,0.000000,7,8
1,3.000000,1.732000,0.243000,-59,0.000000,7,8
1,3.000000,1.563000,0.121000,-61,0.000000,7,8
1,3.000000,1.607000,0.403000,-62,0.000000,7,8
1,3.000000,1.454000,0.209000,-57,0.000000,7,8
1,3.000000,1.723000,0.294000,-55,0.000000,7,8
1,3.000000,1.713000,0.253000,-59,0.000000,7,8
1,3.000000,1.416000,0.434000,-62,0.000000,7,8
1,3.000000,1.491000,0.220000,-56,0.000000,7,8
1,3.000000,1.519000,0.267000,-53,0.000000,7,8
1,3.000000,1.685000,0.153000,-55,0.000000,7,8
1,3.000000,1.410000,0.301000,-56,0.000000,7,8
1,3.000000,1.638000,0.130000,-55,0.000000,7,8
1,3.000000,1.691000,0.237000,-55,0.000000,7,8
1,3.000000,1.800000,0.085000,-55,0.000000,7,8
1,3.000000,1.821000,0.082000,-55,0.000000,7,8
1,3.000000,1.530000,0.217000,-57,0.000000,7,8
1,3.000000,1.701000,0.120000,-56,0.000000,7,8
1,3.000000,1.723000,0.150000,-56,0.000000,7,8
1,3.000000,1.723000,0.193000,-55,0.000000,7,8
1,3.000000,1.457000,0.295000,-55,0.000000,7,8
1,3.000000,1.410000,0.270000,-55,0.000000,7,8
1,3.000000,1.473000,0.258000,-55,0.000000,7,8
1,3.000000,1.679000,0.139000,-55,0.000000,7,8
1,3.000000,1.563000,0.129000,-55,0.000000,7,8
1,3.000000,1.523000,0.193000,-55,0.000000,7,8
1,3.000000,1.769000,0.110000,-55,0.000000,7,8
1,3.000000,1.763000,0.110000,-55,0.000000,7,8
1,3.000000,1.838000,0.153000,-55,0.000000,7,8
1,3.000000,1.301000,0.421000,-53,0.000000,7,8
1,3.000000,1.523000,0.271000,-54,0.000000,7,8
1,3.000000,1.732000,0.156000,-59,0.000000,7,8
1,3.000000,2.229000,0.186000,-59,0.000000,7,8
1,3.000000,1.938000,0.282000,-57,0.000000,7,8
1,3.000000,1.529000,0.285000,-56,0.000000,7,8
1,3.000000,1.788000,0.093000,-55,0.000000,7,8
1,3.000000,1.763000,0.126000,-55,0.000000,7,8
1,3.000000,1.645000,0.174000,-60,0.000000,7,8
1,3.000000,1.851000,0.182000,-56,0.000000,7,8
1,3.000000,1.610000,0.154000,-58,0.000000,7,8
1,3.000000,1.760000,0.175000,-58,0.000000,7,8
1,3.000000,1.888000,0.151000,-56,0.000000,7,8
1,3.000000,2.346000,0.153000,-59,0.000000,7,8
1,3.000000,1.798000,0.324000,-54,0.000000,7,8
1,3.000000,1.723000,0.165000,-55,0.000000,7,8
1,3.000000,1.679000,0.162000,-62,0.000000,7,8
1,3.000000,1.632000,0.204000,-62,0.000000,7,8
1,3.000000,2.107000,0.259000,-62,0.000000,7,8
1,3.000000,1.882000,1.004000,-61,0.000000,7,8
1,3.000000,1.826000,0.118000,-62,0.000000,7,8
1,3.000000,1.876000,0.125000,-61,0.000000,7,8
1,3.000000,1.607000,0.223000,-61,0.000000,7,8
1,3.000000,1.535000,0.294000,-61,0.000000,7,8
1,3.000000,1.451000,0.356000,-60,0.000000,7,8
1,3.000000,1.601000,0.152000,-60,0.000000,7,8
1,3.000000,1.757000,0.105000,-59,0.000000,7,8
1,3.000000,1.766000,0.180000,-57,0.000000,7,8
1,3.000000,1.876000,0.104000,-57,0.000000,7,8
1,3.000000,1.910000,0.105000,-57,0.000000,7,8
1,3.000000,2.110000,0.209000,-57,0.000000,7,8
1,3.000000,2.001000,0.116000,-57,0.000000,7,8
1,3.000000,1.966000,0.183000,-57,0.000000,7,8
1,3.000000,2.001000,0.094000,-57,0.000000,7,8
1,3.000000,1.765000,0.187000,-59,0.000000,7,8
1,3.000000,1.821000,0.111000,-61,0.000000,7,8
1,3.000000,1.938000,0.070000,-56,0.000000,7,8
1,3.000000,1.838000,0.176000,-54,0.000000,7,8
1,3.000000,1.948000,0.204000,-53,0.000000,7,8
1,3.000000,2.198000,0.177000,-53,0.000000,7,8
1,3.000000,2.142000,0.863000,-52,0.000000,7,8
1,3.000000,2.259000,0.939000,-52,0.000000,7,8
1,3.000000,2.238000,0.892000,-52,0.000000,7,8
1,3.000000,2.285000,0.870000,-53,0.000000,7,8
1,3.000000,2.257000,0.191000,-53,0.000000,7,8
1,3.000000,2.168000,0.139000,-54,0.000000,7,8
1,3.000000,1.888000,0.185000,-55,0.000000,7,8
1,3.000000,1.694000,0.227000,-56,0.000000,7,8
1,3.000000,1.723000,0.269000,-57,0.000000,7,8
1,3.000000,1.835000,0.250000,-58,0.000000,7,8
1,3.000000,1.888000,0.187000,-58,0.000000,7,8
1,3.000000,1.904000,0.119000,-58,0.000000,7,8
1,3.000000,1.910000,0.102000,-59,0.000000,7,8
1,3.000000,1.676000,0.235000,-62,0.000000,7,8
1,3.000000,1.526000,0.214000,-64,0.000000,7,8
1,3.000000,1.467000,0.263000,-60,0.000000,7,8
1,3.000000,1.919000,0.214000,-57,0.000000,7,8
1,3.000000,1.732000,0.387000,-61,0.000000,7,8
1,3.000000,1.997000,0.288000,-59,0.000000,7,8
1,3.000000,2.086000,0.179000,-56,0.000000,7,8
1,3.000000,1.569000,0.292000,-55,0.000000,7,8
1,3.000000,1.641000,0.209000,-57,0.000000,7,8
1,3.000000,2.001000,0.249000,-63,0.000000,7,8
1,3.000000,2.113000,0.067000,-60,0.000000,7,8
1,3.000000,2.201000,0.173000,-60,0.000000,7,8
1,3.000000,2.456000,0.080000,-61,0.000000,7,8
1,3.000000,2.606000,0.106000,-63,0.000000,7,8
1,3.000000,1.350000,0.787000,-62,0.000000,7,8
1,3.000000,1.844000,0.116000,-56,0.000000,7,8
1,3.000000,1.916000,0.122000,-55,0.000000,7,8
1,3.000000,1.919000,0.148000,-55,0.000000,7,8
1,3.000000,1.869000,0.135000,-55,0.000000,7,8
1,3.000000,1.798000,0.191000,-55,0.000000,7,8
1,3.000000,1.844000,0.153000,-56,0.000000,7,8
1,3.000000,2.157000,0.147000,-56,0.000000,7,8
1,3.000000,1.941000,0.130000,-57,0.000000,7,8
1,3.000000,1.915000,0.161000,-59,0.000000,7,8
1,3.000000,1.615000,0.234000,-60,0.000000,7,8
1,3.000000,1.617000,0.286000,-60,0.000000,7,8
1,3.000000,1.844000,0.131000,-59,0.000000,7,8
1,3.000000,2.112000,0.225000,-58,0.000000,7,8
1,3.000000,2.347000,0.121000,-57,0.000000,7,8
1,3.000000,2.388000,0.139000,-57,0.000000,7,8
1,3.000000,2.513000,0.312000,-57,0.000000,7,8
1,3.000000,2.435000,0.432000,-56,0.000000,7,8
1,3.000000,2.538000,0.424000,-56,0.000000,7,8
1,3.000000,2.732000,0.526000,-57,0.000000,7,8
1,3.000000,2.657000,0.505000,-57,0.000000,7,8
1,3.000000,2.660000,0.529000,-57,0.000000,7,8
1,3.000000,2.694000,0.462000,-57,0.000000,7,8
1,3.000000,2.663000,0.334000,-57,0.000000,7,8
1,3.000000,2.816000,0.515000,-57,0.000000,7,8
1,3.000000,3.060000,0.489000,-58,0.000000,7,8
1,3.000000,3.319000,0.378000,-59,0.000000,7,8
1,3.000000,2.135000,1.405000,-61,0.000000,7,8
1,3.000000,2.346000,1.163000,-62,0.000000,7,8
1,3.000000,2.545000,1.185000,-62,0.000000,7,8
1,3.000000,2.025000,0.103000,-66,0.000000,7,8
1,3.000000,1.500000,0.472000,-62,0.000000,7,8
1,3.000000,1.380000,0.548000,-61,0.000000,7,8
1,3.000000,1.582000,0.386000,-62,0.000000,7,8
1,3.000000,1.556000,0.156000,-63,0.000000,7,8
1,3.000000,1.910000,0.045000,-62,0.000000,7,8
1,3.000000,1.875000,1.092000,-61,0.000000,7,8
1,3.000000,1.903000,0.381000,-63,0.000000,7,8
1,3.000000,1.807000,0.095000,-62,0.000000,7,8
1,3.000000,1.488000,0.319000,-59,0.000000,7,8
1,3.000000,1.638000,0.262000,-58,0.000000,7,8
1,3.000000,1.801000,0.120000,-57,0.000000,7,8
1,3.000000,1.807000,0.106000,-57,0.000000,7,8
1,3.000000,1.741000,0.192000,-58,0.000000,7,8
1,3.000000,1.650000,0.246000,-59,0.000000,7,8
1,3.000000,1.619000,0.285000,-61,0.000000,7,8
1,3.000000,1.704000,0.205000,-61,0.000000,7,8
1,3.000000,1.706000,0.223000,-61,0.000000,7,8
1,3.000000,1.765000,0.117000,-61,0.000000,7,8
1,3.000000,1.704000,0.270000,-61,0.000000,7,8
1,3.000000,1.556000,0.256000,-61,0.000000,7,8
1,3.000000,1.587000,0.221000,-61,0.000000,7,8
1,3.000000,1.732000,0.175000,-61,0.000000,7,8
1,3.000000,1.587000,0.170000,-60,0.000000,7,8
1,3.000000,1.617000,0.197000,-59,0.000000,7,8
1,3.000000,1.619000,0.235000,-59,0.000000,7,8
1,3.000000,1.610000,0.184000,-59,0.000000,7,8
1,3.000000,1.673000,0.187000,-60,0.000000,7,8
1,3.000000,1.554000,0.200000,-60,0.000000,7,8
1,3.000000,1.558000,0.145000,-61,0.000000,7,8
1,3.000000,1.615000,0.223000,-62,0.000000,7,8
1,3.000000,1.619000,0.259000,-62,0.000000,7,8
1,3.000000,1.558000,0.216000,-61,0.000000,7,8
1,3.000000,1.760000,0.094000,-61,0.000000,7,8
1,3.000000,1.816000,0.069000,-58,0.000000,7,8
1,3.000000,1.755000,0.070000,-57,0.000000,7,8
1,3.000000,1.729000,0.189000,-56,0.000000,7,8
1,3.000000,1.557000,0.207000,-57,0.000000,7,8
1,3.000000,1.694000,0.125000,-58,0.000000,7,8
1,3.000000,1.644000,0.151000,-59,0.000000,7,8
1,3.000000,1.801000,0.067000,-59,0.000000,7,8
1,3.000000,1.877000,0.091000,-57,0.000000,7,8
1,3.000000,1.563000,0.232000,-58,0.000000,7,8
1,3.000000,1.641000,0.196000,-59,0.000000,7,8
1,3.000000,1.773000,0.145000,-56,0.000000,7,8
1,3.000000,1.901000,0.087000,-57,0.000000,7,8
1,3.000000,1.758000,0.157000,-58,0.000000,7,8
1,3.000000,1.913000,0.097000,-57,0.000000,7,8
1,3.000000,1.926000,0.055000,-60,0.000000,7,8
1,3.000000,1.404000,0.255000,-61,0.000000,7,8
1,3.000000,1.563000,0.181000,-62,0.000000,7,8
1,3.000000,1.601000,0.168000,-59,0.000000,7,8
1,3.000000,1.838000,0.126000,-59,0.000000,7,8
1,3.000000,1.694000,0.198000,-61,0.000000,7,8
1,3.000000,1.676000,0.146000,-58,0.000000,7,8
1,3.000000,1.641000,0.115000,-58,0.000000,7,8
1,3.000000,1.598000,0.126000,-60,0.000000,7,8
1,3.000000,1.713000,0.097000,-57,0.000000,7,8
1,3.000000,1.763000,0.184000,-57,0.000000,7,8
1,3.000000,1.719000,0.121000,-57,0.000000,7,8
1,3.000000,1.838000,0.113000,-58,0.000000,7,8
1,3.000000,1.644000,0.171000,-59,0.000000,7,8
1,3.000000,1.685000,0.160000,-60,0.000000,7,8
1,3.000000,1.788000,0.096000,-61,0.000000,7,8
1,3.000000,1.794000,0.124000,-63,0.000000,7,8
1,3.000000,1.682000,0.109000,-63,0.000000,7,8
1,3.000000,1.820000,0.204000,-65,0.000000,7,8
1,3.000000,1.852000,0.268000,-65,0.000000,7,8
1,3.000000,1.875000,0.398000,-63,0.000000,7,8
1,3.000000,1.441000,0.195000,-60,0.000000,7,8
1,3.000000,1.638000,0.135000,-61,0.000000,7,8
1,3.000000,1.448000,0.401000,-61,0.000000,7,8
1,3.000000,1.360000,0.232000,-59,0.000000,7,8
1,3.000000,1.294000,0.285000,-59,0.000000,7,8
1,3.000000,1.601000,0.180000,-60,0.000000,7,8
1,3.000000,1.676000,0.183000,-63,0.000000,7,8
1,3.000000,1.829000,0.126000,-65,0.000000,7,8
1,3.000000,1.832000,0.153000,-66,0.000000,7,8
1,3.000000,1.716000,0.107000,-64,0.000000,7,8
1,3.000000,1.641000,0.165000,-63,0.000000,7,8
1,3.000000,1.538000,0.307000,-62,0.000000,7,8
1,3.000000,1.557000,0.390000,-61,0.000000,7,8
1,3.000000,1.604000,0.276000,-61,0.000000,7,8
1,3.000000,1.563000,0.305000,-59,0.000000,7,8
1,3.000000,1.638000,0.241000,-59,0.000000,7,8
1,3.000000,1.488000,0.314000,-59,0.000000,7,8
1,3.000000,1.432000,0.352000,-59,0.000000,7,8
1,3.000000,1.488000,0.381000,-59,0.000000,7,8
1,3.000000,1.488000,0.400000,-59,0.000000,7,8
1,3.000000,1.291000,0.456000,-59,0.000000,7,8
1,3.000000,1.488000,0.421000,-59,0.000000,7,8
1,3.000000,1.944000,0.109000,-58,0.000000,7,8
1,3.000000,1.832000,0.183000,-58,0.000000,7,8
1,3.000000,1.954000,0.176000,-57,0.000000,7,8
1,3.000000,1.957000,0.143000,-57,0.000000,7,8
1,3.000000,1.919000,0.136000,-57,0.000000,7,8
1,3.000000,1.913000,0.210000,-56,0.000000,7,8
1,3.000000,1.919000,0.174000,-57,0.000000,7,8
1,3.000000,1.916000,0.156000,-56,0.000000,7,8
1,3.000000,1.882000,0.172000,-56,0.000000,7,8
1,3.000000,1.957000,0.099000,-56,0.000000,7,8
1,3.000000,1.882000,0.142000,-56,0.000000,7,8
1,3.000000,1.992000,0.112000,-56,0.000000,7,8
1,3.000000,1.957000,0.051000,-56,0.000000,7,8
1,3.000000,1.954000,0.098000,-56,0.000000,7,8
1,3.000000,1.960000,0.128000,-56,0.000000,7,8
1,3.000000,1.926000,0.121000,-56,0.000000,7,8
1,3.000000,1.926000,0.095000,-56,0.000000,7,8
1,3.000000,1.644000,0.212000,-55,0.000000,7,8
1,3.000000,1.448000,0.261000,-56,0.000000,7,8
1,3.000000,1.673000,0.158000,-56,0.000000,7,8
1,3.000000,1.488000,0.403000,-53,0.000000,7,8
1,3.000000,1.903000,0.111000,-56,0.000000,7,8
1,3.000000,1.879000,0.116000,-56,0.000000,7,8
1,3.000000,1.529000,0.207000,-57,0.000000,7,8
1,3.000000,1.821000,0.117000,-62,0.000000,7,8
1,3.000000,1.841000,0.139000,-61,0.000000,7,8
1,3.000000,1.679000,0.109000,-63,0.000000,7,8
1,3.000000,1.638000,0.134000,-65,0.000000,7,8
1,3.000000,1.554000,0.172000,-60,0.000000,7,8
1,3.000000,2.079000,0.708000,-59,0.000000,7,8
1,3.000000,1.769000,0.124000,-58,0.000000,7,8
1,3.000000,1.701000,0.135000,-59,0.000000,7,8
1,3.000000,1.641000,0.081000,-57,0.000000,7,8
1,3.000000,1.638000,0.178000,-61,0.000000,7,8
1,3.000000,1.535000,0.119000,-61,0.000000,7,8
1,3.000000,1.380000,0.187000,-61,0.000000,7,8
1,3.000000,1.332000,0.330000,-60,0.000000,7,8
1,3.000000,1.526000,0.144000,-59,0.000000,7,8
1,3.000000,1.507000,0.283000,-60,0.000000,7,8
1,3.000000,1.291000,0.260000,-61,0.000000,7,8
1,3.000000,1.554000,0.208000,-61,0.000000,7,8
1,3.000000,1.460000,0.169000,-61,0.000000,7,8
1,3.000000,1.607000,0.156000,-60,0.000000,7,8
1,3.000000,1.755000,0.094000,-61,0.000000,7,8
1,3.000000,1.557000,0.196000,-62,0.000000,7,8
1,3.000000,1.691000,0.162000,-62,0.000000,7,8
1,3.000000,1.526000,0.140000,-64,0.000000,7,8
1,3.000000,1.348000,0.200000,-61,0.000000,7,8
1,3.000000,1.523000,0.180000,-61,0.000000,7,8
1,3.000000,1.645000,0.133000,-61,0.000000,7,8
1,3.000000,1.554000,0.163000,-61,0.000000,7,8
1,3.000000,1.644000,0.124000,-60,0.000000,7,8
1,3.000000,1.669000,0.146000,-58,0.000000,7,8
1,3.000000,1.601000,0.141000,-59,0.000000,7,8
1,3.000000,1.610000,0.124000,-58,0.000000,7,8
1,3.000000,1.729000,0.168000,-58,0.000000,7,8
1,3.000000,1.635000,0.185000,-57,0.000000,7,8
1,3.000000,1.604000,0.189000,-58,0.000000,7,8
1,3.000000,1.673000,0.158000,-59,0.000000,7,8
1,3.000000,1.682000,0.130000,-57,0.000000,7,8
1,3.000000,1.798000,0.136000,-58,0.000000,7,8
1,3.000000,1.691000,0.231000,-61,0.000000,7,8
1,3.000000,1.679000,0.095000,-61,0.000000,7,8
1,3.000000,1.439000,0.179000,-63,0.000000,7,8
1,3.000000,1.587000,0.174000,-62,0.000000,7,8
1,3.000000,1.404000,0.220000,-63,0.000000,7,8
1,3.000000,1.556000,0.159000,-63,0.000000,7,8
1,3.000000,1.411000,0.193000,-63,0.000000,7,8
1,3.000000,1.498000,0.155000,-62,0.000000,7,8
1,3.000000,1.460000,0.159000,-62,0.000000,7,8
1,3.000000,1.526000,0.159000,-62,0.000000,7,8
1,3.000000,1.726000,0.109000,-61,0.000000,7,8
1,3.000000,1.604000,0.159000,-61,0.000000,7,8
1,3.000000,1.573000,0.123000,-60,0.000000,7,8
1,3.000000,1.701000,0.127000,-61,0.000000,7,8
1,3.000000,1.669000,0.195000,-61,0.000000,7,8
1,3.000000,1.849000,0.100000,-61,0.000000,7,8
1,3.000000,1.788000,0.112000,-62,0.000000,7,8
1,3.000000,1.612000,0.220000,-62,0.000000,7,8
1,3.000000,1.669000,0.195000,-61,0.000000,7,8
1,3.000000,1.727000,0.146000,-62,0.000000,7,8
1,3.000000,1.882000,0.180000,-61,0.000000,7,8
1,3.000000,1.732000,0.107000,-62,0.000000,7,8
1,3.000000,1.699000,0.166000,-62,0.000000,7,8
1,3.000000,1.734000,0.166000,-63,0.000000,7,8
1,3.000000,1.732000,0.229000,-63,0.000000,7,8
1,3.000000,1.819000,0.108000,-62,0.000000,7,8
1,3.000000,1.589000,0.131000,-64,0.000000,7,8
1,3.000000,1.629000,0.139000,-63,0.000000,7,8
1,3.000000,1.816000,0.117000,-63,0.000000,7,8
1,3.000000,1.812000,0.085000,-63,0.000000,7,8
1,3.000000,1.645000,0.113000,-62,0.000000,7,8
1,3.000000,1.648000,0.167000,-63,0.000000,7,8
1,3.000000,1.500000,0.188000,-63,0.000000,7,8
1,3.000000,1.610000,0.192000,-66,0.000000,7,8
1,3.000000,1.760000,0.139000,-64,0.000000,7,8
1,3.000000,1.580000,0.141000,-64,0.000000,7,8
1,3.000000,1.644000,0.208000,-64,0.000000,7,8
1,3.000000,1.591000,0.204000,-62,0.000000,7,8
1,3.000000,1.467000,0.244000,-61,0.000000,7,8
1,3.000000,1.301000,0.180000,-59,0.000000,7,8
1,3.000000,1.823000,0.669000,-60,0.000000,7,8
1,3.000000,1.491000,0.227000,-63,0.000000,7,8
1,3.000000,1.526000,0.172000,-62,0.000000,7,8
1,3.000000,1.498000,0.240000,-60,0.000000,7,8
1,3.000000,1.235000,0.361000,-63,0.000000,7,8
1,3.000000,1.754000,0.118000,-63,0.000000,7,8
1,3.000000,1.558000,0.169000,-64,0.000000,7,8
1,3.000000,1.604000,0.151000,-63,0.000000,7,8
1,3.000000,1.638000,0.198000,-62,0.000000,7,8
1,3.000000,1.676000,0.138000,-60,0.000000,7,8
1,3.000000,1.612000,0.119000,-60,0.000000,7,8
1,3.000000,1.476000,0.482000,-61,0.000000,7,8
1,3.000000,1.533000,0.179000,-61,0.000000,7,8
1,3.000000,1.441000,0.232000,-63,0.000000,7,8
1,3.000000,1.560000,0.177000,-61,0.000000,7,8
1,3.000000,1.648000,0.201000,-62,0.000000,7,8
1,3.000000,1.794000,1.030000,-60,0.000000,7,8
1,3.000000,1.605000,0.195000,-63,0.000000,7,8
1,3.000000,1.413000,0.236000,-62,0.000000,7,8
1,3.000000,1.467000,0.252000,-62,0.000000,7,8
1,3.000000,1.460000,0.140000,-61,0.000000,7,8
1,3.000000,1.526000,0.168000,-61,0.000000,7,8
1,3.000000,1.462000,0.338000,-64,0.000000,7,8
1,3.000000,1.690000,0.179000,-66,0.000000,7,8
1,3.000000,1.801000,0.114000,-64,0.000000,7,8
1,3.000000,1.460000,0.183000,-63,0.000000,7,8
1,3.000000,1.350000,0.145000,-64,0.000000,7,8
1,3.000000,1.716000,0.180000,-64,0.000000,7,8
1,3.000000,1.723000,0.109000,-65,0.000000,7,8
1,3.000000,1.725000,0.165000,-63,0.000000,7,8
1,3.000000,1.716000,0.088000,-63,0.000000,7,8
1,3.000000,1.676000,0.162000,-64,0.000000,7,8
1,3.000000,1.643000,0.175000,-61,0.000000,7,8
1,3.000000,1.472000,0.376000,-63,0.000000,7,8
1,3.000000,1.563000,0.239000,-62,0.000000,7,8
1,3.000000,1.676000,0.155000,-60,0.000000,7,8
1,3.000000,1.648000,0.157000,-61,0.000000,7,8
1,3.000000,1.701000,0.153000,-64,0.000000,7,8
1,3.000000,1.729000,0.270000,-64,0.000000,7,8
1,3.000000,1.723000,0.145000,-63,0.000000,7,8
1,3.000000,1.854000,0.280000,-62,0.000000,7,8
1,3.000000,1.851000,0.078000,-63,0.000000,7,8
1,3.000000,1.763000,0.105000,-61,0.000000,7,8
1,3.000000,1.801000,0.157000,-62,0.000000,7,8
1,3.000000,1.879000,0.102000,-63,0.000000,7,8
1,3.000000,1.888000,0.080000,-68,0.000000,7,8
1,3.000000,1.882000,0.075000,-66,0.000000,7,8
1,3.000000,1.847000,0.119000,-67,0.000000,7,8
1,3.000000,1.882000,0.116000,-66,0.000000,7,8
1,3.000000,1.832000,0.191000,-67,0.000000,7,8
1,3.000000,1.791000,0.228000,-67,0.000000,7,8
1,3.000000,1.794000,0.104000,-66,0.000000,7,8
1,3.000000,1.849000,0.080000,-65,0.000000,7,8
1,3.000000,1.882000,0.129000,-64,0.000000,7,8
1,3.000000,1.873000,0.079000,-65,0.000000,7,8
1,3.000000,1.873000,0.103000,-64,0.000000,7,8
1,3.000000,1.801000,0.112000,-64,0.000000,7,8
1,3.000000,1.801000,0.098000,-63,0.000000,7,8
1,3.000000,1.760000,0.165000,-63,0.000000,7,8
1,3.000000,1.801000,0.173000,-63,0.000000,7,8
1,3.000000,1.723000,0.325000,-64,0.000000,7,8
1,3.000000,1.676000,0.269000,-65,0.000000,7,8
1,3.000000,1.641000,0.196000,-65,0.000000,7,8
1,3.000000,1.763000,0.174000,-66,0.000000,7,8
1,3.000000,1.801000,0.153000,-66,0.000000,7,8
1,3.000000,1.604000,0.206000,-65,0.000000,7,8
1,3.000000,1.882000,0.130000,-65,0.000000,7,8
1,3.000000,1.679000,0.211000,-66,0.000000,7,8
1,3.000000,1.726000,0.199000,-66,0.000000,7,8
1,3.000000,1.654000,0.259000,-66,0.000000,7,8
1,3.000000,1.604000,0.273000,-66,0.000000,7,8
1,3.000000,1.679000,0.231000,-66,0.000000,7,8
1,3.000000,1.760000,0.212000,-66,0.000000,7,8
1,3.000000,1.801000,0.128000,-66,0.000000,7,8
1,3.000000,1.682000,0.217000,-66,0.000000,7,8
1,3.000000,1.723000,0.201000,-65,0.000000,7,8
1,3.000000,1.876000,0.166000,-65,0.000000,7,8
1,3.000000,1.810000,0.154000,-66,0.000000,7,8
1,3.000000,1.757000,0.181000,-66,0.000000,7,8
1,3.000000,1.804000,0.204000,-66,0.000000,7,8
1,3.000000,1.729000,0.237000,-66,0.000000,7,8
1,3.000000,1.679000,0.189000,-66,0.000000,7,8
1,3.000000,1.757000,0.187000,-66,0.000000,7,8
1,3.000000,1.729000,0.223000,-66,0.000000,7,8
1,3.000000,1.763000,0.177000,-66,0.000000,7,8
1,3.000000,1.682000,0.230000,-67,0.000000,7,8
1,3.000000,1.682000,0.236000,-66,0.000000,7,8
1,3.000000,1.679000,0.212000,-67,0.000000,7,8
1,3.000000,1.685000,0.297000,-66,0.000000,7,8
1,3.000000,1.676000,0.205000,-66,0.000000,7,8
1,3.000000,1.651000,0.255000,-66,0.000000,7,8
1,3.000000,1.794000,0.175000,-66,0.000000,7,8
1,3.000000,1.726000,0.191000,-66,0.000000,7,8
1,3.000000,1.641000,0.211000,-66,0.000000,7,8
1,3.000000,1.672000,0.244000,-66,0.000000,7,8
1,3.000000,1.723000,0.122000,-65,0.000000,7,8
1,3.000000,1.844000,0.151000,-66,0.000000,7,8
1,3.000000,1.694000,0.188000,-65,0.000000,7,8
1,3.000000,1.757000,0.216000,-65,0.000000,7,8
1,3.000000,1.682000,0.195000,-65,0.000000,7,8
1,3.000000,1.732000,0.174000,-64,0.000000,7,8
1,3.000000,1.694000,0.173000,-65,0.000000,7,8
1,3.000000,1.676000,0.180000,-65,0.000000,7,8
1,3.000000,1.610000,0.231000,-65,0.000000,7,8
1,3.000000,1.729000,0.182000,-65,0.000000,7,8
1,3.000000,1.729000,0.213000,-65,0.000000,7,8
1,3.000000,1.638000,0.222000,-66,0.000000,7,8
1,3.000000,1.676000,0.168000,-66,0.000000,7,8
1,3.000000,1.729000,0.194000,-65,0.000000,7,8
1,3.000000,1.729000,0.189000,-65,0.000000,7,8
1,3.000000,1.691000,0.216000,-65,0.000000,7,8
1,3.000000,1.688000,0.236000,-65,0.000000,7,8
1,3.000000,1.654000,0.195000,-65,0.000000,7,8
1,3.000000,1.726000,0.238000,-65,0.000000,7,8
1,3.000000,1.713000,0.132000,-65,0.000000,7,8
1,3.000000,1.682000,0.249000,-65,0.000000,7,8
1,3.000000,1.801000,0.120000,-65,0.000000,7,8
1,3.000000,1.832000,0.154000,-65,0.000000,7,8
1,3.000000,1.682000,0.191000,-65,0.000000,7,8
1,3.000000,1.566000,0.229000,-65,0.000000,7,8
1,3.000000,1.685000,0.228000,-65,0.000000,7,8
1,3.000000,1.676000,0.153000,-65,0.000000,7,8
1,3.000000,1.651000,0.202000,-65,0.000000,7,8
1,3.000000,1.685000,0.139000,-65,0.000000,7,8
1,3.000000,1.751000,0.118000,-65,0.000000,7,8
1,3.000000,1.682000,0.209000,-65,0.000000,7,8
1,3.000000,1.713000,0.110000,-65,0.000000,7,8
1,3.000000,1.751000,0.181000,-64,0.000000,7,8
1,3.000000,1.601000,0.208000,-64,0.000000,7,8
1,3.000000,1.804000,0.214000,-64,0.000000,7,8
1,3.000000,1.691000,0.176000,-64,0.000000,7,8
1,3.000000,1.723000,0.171000,-64,0.000000,7,8
1,3.000000,1.638000,0.148000,-64,0.000000,7,8
1,3.000000,1.557000,0.249000,-64,0.000000,7,8
1,3.000000,1.482000,0.232000,-65,0.000000,7,8
1,3.000000,1.601000,0.194000,-65,0.000000,7,8
1,3.000000,1.688000,0.167000,-65,0.000000,7,8
1,3.000000,1.679000,0.151000,-65,0.000000,7,8
1,3.000000,1.691000,0.185000,-65,0.000000,7,8
1,3.000000,1.679000,0.156000,-66,0.000000,7,8
1,3.000000,1.763000,0.108000,-65,0.000000,7,8
1,3.000000,1.638000,0.149000,-66,0.000000,7,8
1,3.000000,1.529000,0.234000,-65,0.000000,7,8
1,3.000000,1.716000,0.148000,-66,0.000000,7,8
1,3.000000,1.601000,0.152000,-65,0.000000,7,8
1,3.000000,1.685000,0.153000,-66,0.000000,7,8
1,3.000000,1.679000,0.203000,-65,0.000000,7,8
1,3.000000,1.729000,0.152000,-65,0.000000,7,8
1,3.000000,1.763000,0.150000,-65,0.000000,7,8
1,3.000000,1.682000,0.115000,-65,0.000000,7,8
1,3.000000,1.801000,0.100000,-65,0.000000,7,8
1,3.000000,1.801000,0.149000,-65,0.000000,7,8
1,3.000000,1.648000,0.175000,-66,0.000000,7,8
1,3.000000,1.638000,0.146000,-66,0.000000,7,8
1,3.000000,1.763000,0.119000,-67,0.000000,7,8
1,3.000000,1.641000,0.192000,-67,0.000000,7,8
1,3.000000,1.607000,0.157000,-66,0.000000,7,8
1,3.000000,1.638000,0.187000,-66,0.000000,7,8
1,3.000000,1.801000,0.085000,-66,0.000000,7,8
1,3.000000,1.648000,0.190000,-66,0.000000,7,8
1,3.000000,1.694000,0.149000,-66,0.000000,7,8
1,3.000000,1.669000,0.137000,-66,0.000000,7,8
1,3.000000,1.801000,0.126000,-66,0.000000,7,8
1,3.000000,1.679000,0.203000,-66,0.000000,7,8
1,3.000000,1.763000,0.129000,-65,0.000000,7,8
1,3.000000,1.729000,0.180000,-65,0.000000,7,8
1,3.000000,1.794000,0.125000,-65,0.000000,7,8
1,3.000000,1.794000,0.156000,-65,0.000000,7,8
1,3.000000,1.807000,0.148000,-66,0.000000,7,8
1,3.000000,1.732000,0.167000,-66,0.000000,7,8
1,3.000000,1.682000,0.215000,-66,0.000000,7,8
1,3.000000,1.676000,0.195000,-66,0.000000,7,8
1,3.000000,1.729000,0.238000,-66,0.000000,7,8
1,3.000000,1.732000,0.150000,-66,0.000000,7,8
1,3.000000,1.638000,0.296000,-66,0.000000,7,8
1,3.000000,1.676000,0.256000,-66,0.000000,7,8
1,3.000000,1.723000,0.243000,-66,0.000000,7,8
1,3.000000,1.794000,0.201000,-66,0.000000,7,8
1,3.000000,1.676000,0.240000,-65,0.000000,7,8
1,3.000000,1.607000,0.274000,-66,0.000000,7,8
1,3.000000,1.598000,0.360000,-66,0.000000,7,8
1,3.000000,1.638000,0.229000,-66,0.000000,7,8
1,3.000000,1.654000,0.203000,-67,0.000000,7,8
1,3.000000,1.713000,0.142000,-67,0.000000,7,8
1,3.000000,1.638000,0.208000,-67,0.000000,7,8
1,3.000000,1.766000,0.231000,-67,0.000000,7,8
1,3.000000,1.763000,0.162000,-66,0.000000,7,8
1,3.000000,1.801000,0.166000,-65,0.000000,7,8
1,3.000000,1.566000,0.247000,-65,0.000000,7,8
1,3.000000,1.407000,0.378000,-64,0.000000,7,8
1,3.000000,1.560000,0.306000,-64,0.000000,7,8
1,3.000000,1.597000,0.287000,-65,0.000000,7,8
1,3.000000,1.601000,0.348000,-65,0.000000,7,8
1,3.000000,1.679000,0.213000,-65,0.000000,7,8
1,3.000000,1.729000,0.223000,-65,0.000000,7,8
1,3.000000,1.757000,0.168000,-65,0.000000,7,8
1,3.000000,1.760000,0.186000,-65,0.000000,7,8
1,3.000000,1.757000,0.215000,-66,0.000000,7,8
1,3.000000,1.726000,0.208000,-66,0.000000,7,8
1,3.000000,1.801000,0.206000,-65,0.000000,7,8
1,3.000000,1.676000,0.194000,-66,0.000000,7,8
1,3.000000,1.801000,0.128000,-65,0.000000,7,8
1,3.000000,1.679000,0.271000,-65,0.000000,7,8
1,3.000000,1.685000,0.235000,-66,0.000000,7,8
1,3.000000,1.679000,0.257000,-66,0.000000,7,8
1,3.000000,1.801000,0.190000,-66,0.000000,7,8
1,3.000000,1.569000,0.266000,-66,0.000000,7,8
1,3.000000,1.679000,0.263000,-66,0.000000,7,8
1,3.000000,1.641000,0.268000,-67,0.000000,7,8
1,3.000000,1.729000,0.198000,-66,0.000000,7,8
1,3.000000,1.560000,0.296000,-66,0.000000,7,8
1,3.000000,1.563000,0.356000,-67,0.000000,7,8
1,3.000000,1.569000,0.307000,-66,0.000000,7,8
1,3.000000,1.638000,0.256000,-67,0.000000,7,8
1,3.000000,1.723000,0.204000,-66,0.000000,7,8
1,3.000000,1.713000,0.216000,-67,0.000000,7,8
1,3.000000,1.763000,0.202000,-67,0.000000,7,8
1,3.000000,1.573000,0.323000,-67,0.000000,7,8
1,3.000000,1.685000,0.217000,-67,0.000000,7,8
1,3.000000,1.726000,0.255000,-66,0.000000,7,8
1,3.000000,1.726000,0.250000,-66,0.000000,7,8
1,3.000000,1.729000,0.213000,-66,0.000000,7,8
1,3.000000,1.794000,0.127000,-66,0.000000,7,8
1,3.000000,1.719000,0.233000,-66,0.000000,7,8
1,3.000000,1.926000,0.158000,-66,0.000000,7,8
1,3.000000,1.766000,0.202000,-65,0.000000,7,8
1,3.000000,1.732000,0.224000,-66,0.000000,7,8
1,3.000000,1.682000,0.184000,-66,0.000000,7,8
1,3.000000,1.682000,0.222000,-66,0.000000,7,8
1,3.000000,1.713000,0.217000,-66,0.000000,7,8
1,3.000000,1.682000,0.231000,-66,0.000000,7,8
1,3.000000,1.691000,0.288000,-66,0.000000,7,8
1,3.000000,1.672000,0.244000,-66,0.000000,7,8
1,3.000000,1.713000,0.230000,-66,0.000000,7,8
1,3.000000,1.648000,0.221000,-65,0.000000,7,8
1,3.000000,1.763000,0.205000,-65,0.000000,7,8
1,3.000000,1.641000,0.303000,-66,0.000000,7,8
1,3.000000,1.760000,0.191000,-65,0.000000,7,8
1,3.000000,1.604000,0.275000,-65,0.000000,7,8
1,3.000000,1.710000,0.240000,-66,0.000000,7,8
1,3.000000,1.716000,0.191000,-66,0.000000,7,8
1,3.000000,1.682000,0.194000,-66,0.000000,7,8
1,3.000000,1.682000,0.247000,-66,0.000000,7,8
1,3.000000,1.757000,0.181000,-66,0.000000,7,8
1,3.000000,1.719000,0.238000,-67,0.000000,7,8
1,3.000000,1.691000,0.209000,-66,0.000000,7,8
1,3.000000,1.794000,0.214000,-66,0.000000,7,8
1,3.000000,1.757000,0.276000,-66,0.000000,7,8
1,3.000000,1.641000,0.276000,-66,0.000000,7,8
1,3.000000,1.679000,0.219000,-67,0.000000,7,8
1,3.000000,1.644000,0.324000,-67,0.000000,7,8
1,3.000000,1.729000,0.258000,-67,0.000000,7,8
1,3.000000,1.679000,0.236000,-67,0.000000,7,8
1,3.000000,1.601000,0.276000,-67,0.000000,7,8
1,3.000000,1.682000,0.271000,-66,0.000000,7,8
1,3.000000,1.604000,0.308000,-67,0.000000,7,8
1,3.000000,1.716000,0.205000,-66,0.000000,7,8
1,3.000000,1.598000,0.277000,-66,0.000000,7,8
1,3.000000,1.648000,0.218000,-66,0.000000,7,8
1,3.000000,1.726000,0.279000,-66,0.000000,7,8
1,3.000000,1.810000,0.216000,-66,0.000000,7,8
1,3.000000,1.638000,0.202000,-66,0.000000,7,8
1,3.000000,1.716000,0.256000,-66,0.000000,7,8
1,3.000000,1.604000,0.330000,-66,0.000000,7,8
1,3.000000,1.594000,0.294000,-65,0.000000,7,8
1,3.000000,1.604000,0.311000,-65,0.000000,7,8
1,3.000000,1.719000,0.249000,-65,0.000000,7,8
1,3.000000,1.723000,0.285000,-65,0.000000,7,8
1,3.000000,1.763000,0.255000,-65,0.000000,7,8
1,3.000000,1.719000,0.274000,-65,0.000000,7,8
1,3.000000,1.801000,0.230000,-65,0.000000,7,8
1,3.000000,1.791000,0.229000,-65,0.000000,7,8
1,3.000000,1.676000,0.305000,-66,0.000000,7,8
1,3.000000,1.644000,0.245000,-66,0.000000,7,8
1,3.000000,1.757000,0.276000,-66,0.000000,7,8
1,3.000000,1.644000,0.334000,-66,0.000000,7,8
1,3.000000,1.685000,0.304000,-66,0.000000,7,8
1,3.000000,1.685000,0.304000,-66,0.000000,7,8
1,3.000000,1.766000,0.194000,-66,0.000000,7,8
1,3.000000,1.804000,0.259000,-65,0.000000,7,8
1,3.000000,1.691000,0.232000,-65,0.000000,7,8
1,3.000000,1.801000,0.230000,-66,0.000000,7,8
1,3.000000,1.679000,0.311000,-66,0.000000,7,8
1,3.000000,1.560000,0.319000,-67,0.000000,7,8
1,3.000000,1.641000,0.238000,-66,0.000000,7,8
1,3.000000,1.719000,0.301000,-66,0.000000,7,8
1,3.000000,1.691000,0.275000,-67,0.000000,7,8
1,3.000000,1.601000,0.307000,-66,0.000000,7,8
1,3.000000,1.638000,0.258000,-66,0.000000,7,8
1,3.000000,1.682000,0.302000,-66,0.000000,7,8
1,3.000000,1.604000,0.290000,-67,0.000000,7,8
1,3.000000,1.713000,0.247000,-67,0.000000,7,8
1,3.000000,1.682000,0.269000,-66,0.000000,7,8
1,3.000000,1.654000,0.239000,-66,0.000000,7,8
1,3.000000,1.644000,0.253000,-66,0.000000,7,8
1,3.000000,1.676000,0.277000,-65,0.000000,7,8
1,3.000000,1.801000,0.163000,-66,0.000000,7,8
1,3.000000,1.676000,0.250000,-66,0.000000,7,8
1,3.000000,1.644000,0.319000,-66,0.000000,7,8
1,3.000000,1.732000,0.192000,-65,0.000000,7,8
1,3.000000,1.729000,0.259000,-67,0.000000,7,8
1,3.000000,1.801000,0.191000,-67,0.000000,7,8
1,3.000000,1.763000,0.228000,-65,0.000000,7,8
1,3.000000,1.888000,0.159000,-65,0.000000,7,8
1,3.000000,1.882000,0.133000,-65,0.000000,7,8
1,3.000000,1.766000,0.250000,-66,0.000000,7,8
1,3.000000,1.685000,0.234000,-67,0.000000,7,8
1,3.000000,1.838000,0.195000,-66,0.000000,7,8
1,3.000000,1.876000,0.143000,-66,0.000000,7,8
1,3.000000,1.844000,0.164000,-66,0.000000,7,8
1,3.000000,1.754000,0.229000,-66,0.000000,7,8
1,3.000000,1.916000,0.138000,-66,0.000000,7,8
1,3.000000,1.869000,0.177000,-66,0.000000,7,8
1,3.000000,1.919000,0.114000,-66,0.000000,7,8
1,3.000000,1.791000,0.167000,-66,0.000000,7,8
1,3.000000,1.841000,0.205000,-66,0.000000,7,8
1,3.000000,1.719000,0.262000,-65,0.000000,7,8
1,3.000000,1.926000,0.112000,-65,0.000000,7,8
1,3.000000,1.873000,0.137000,-65,0.000000,7,8
1,3.000000,1.904000,0.154000,-66,0.000000,7,8
1,3.000000,1.798000,0.196000,-66,0.000000,7,8
1,3.000000,1.763000,0.123000,-65,0.000000,7,8
1,3.000000,1.788000,0.151000,-65,0.000000,7,8
1,3.000000,1.807000,0.153000,-64,0.000000,7,8
1,3.000000,1.888000,0.075000,-65,0.000000,7,8
1,3.000000,1.719000,0.197000,-65,0.000000,7,8
1,3.000000,1.835000,0.099000,-65,0.000000,7,8
1,3.000000,1.841000,0.188000,-65,0.000000,7,8
1,3.000000,1.807000,0.176000,-65,0.000000,7,8
1,3.000000,1.838000,0.173000,-65,0.000000,7,8
1,3.000000,1.801000,0.198000,-66,0.000000,7,8
1,3.000000,1.838000,0.192000,-66,0.000000,7,8
1,3.000000,1.801000,0.225000,-66,0.000000,7,8
1,3.000000,1.804000,0.191000,-67,0.000000,7,8
1,3.000000,1.723000,0.334000,-67,0.000000,7,8
1,3.000000,1.757000,0.224000,-68,0.000000,7,8
1,3.000000,1.694000,0.277000,-68,0.000000,7,8
1,3.000000,1.648000,0.261000,-68,0.000000,7,8
1,3.000000,1.713000,0.299000,-68,0.000000,7,8
1,3.000000,1.719000,0.297000,-67,0.000000,7,8
1,3.000000,1.676000,0.212000,-68,0.000000,7,8
1,3.000000,1.716000,0.261000,-68,0.000000,7,8
1,3.000000,1.769000,0.188000,-68,0.000000,7,8
1,3.000000,1.729000,0.213000,-68,0.000000,7,8
1,3.000000,1.688000,0.196000,-67,0.000000,7,8
1,3.000000,1.801000,0.151000,-68,0.000000,7,8
1,3.000000,1.648000,0.282000,-67,0.000000,7,8
1,3.000000,1.913000,0.153000,-68,0.000000,7,8
1,3.000000,1.716000,0.266000,-67,0.000000,7,8
1,3.000000,1.770000,0.196000,-67,0.000000,5,8
1,3.000000,1.766000,0.250000,-67,0.000000,7,8
1,3.000000,1.841000,0.146000,-67,0.000000,7,8
1,3.000000,1.801000,0.196000,-66,0.000000,7,8
1,3.000000,1.676000,0.259000,-66,0.000000,7,8
1,3.000000,1.801000,0.211000,-66,0.000000,7,8
1,3.000000,1.688000,0.273000,-67,0.000000,7,8
1,3.000000,1.685000,0.292000,-67,0.000000,7,8
1,3.000000,1.679000,0.263000,-67,0.000000,7,8
1,3.000000,1.682000,0.315000,-67,0.000000,7,8
1,3.000000,1.688000,0.300000,-67,0.000000,7,8
1,3.000000,1.691000,0.301000,-67,0.000000,7,8
1,3.000000,1.719000,0.236000,-67,0.000000,7,8
1,3.000000,1.716000,0.219000,-67,0.000000,7,8
1,3.000000,1.669000,0.260000,-67,0.000000,7,8
1,3.000000,1.679000,0.271000,-67,0.000000,7,8
1,3.000000,1.573000,0.352000,-67,0.000000,7,8
1,3.000000,1.682000,0.283000,-66,0.000000,7,8
1,3.000000,1.729000,0.277000,-66,0.000000,7,8
1,3.000000,1.644000,0.311000,-67,0.000000,7,8
1,3.000000,1.644000,0.281000,-66,0.000000,7,8
1,3.000000,1.716000,0.224000,-66,0.000000,7,8
1,3.000000,1.644000,0.294000,-66,0.000000,7,8
1,3.000000,1.879000,0.143000,-66,0.000000,7,8
1,3.000000,1.798000,0.237000,-66,0.000000,7,8
1,3.000000,1.844000,0.192000,-65,0.000000,7,8
1,3.000000,1.926000,0.186000,-65,0.000000,7,8
1,3.000000,1.691000,0.208000,-66,0.000000,7,8
1,3.000000,1.723000,0.195000,-65,0.000000,7,8
1,3.000000,1.763000,0.165000,-66,0.000000,7,8
1,3.000000,1.679000,0.219000,-65,0.000000,7,8
1,3.000000,1.763000,0.185000,-66,0.000000,7,8
1,3.000000,1.729000,0.281000,-66,0.000000,7,8
1,3.000000,1.804000,0.251000,-66,0.000000,7,8
1,3.000000,1.807000,0.148000,-65,0.000000,7,8
1,3.000000,1.751000,0.235000,-65,0.000000,7,8
1,3.000000,1.682000,0.207000,-67,0.000000,7,8
1,3.000000,1.685000,0.161000,-68,0.000000,7,8
1,3.000000,1.763000,0.122000,-67,0.000000,7,8
1,3.000000,1.766000,0.205000,-67,0.000000,7,8
1,3.000000,1.801000,0.233000,-66,0.000000,7,8
1,3.000000,1.719000,0.228000,-66,0.000000,7,8
1,3.000000,1.754000,0.223000,-66,0.000000,7,8
1,3.000000,1.635000,0.250000,-66,0.000000,7,8
1,3.000000,1.763000,0.184000,-66,0.000000,7,8
1,3.000000,1.766000,0.168000,-66,0.000000,7,8
1,3.000000,1.804000,0.181000,-66,0.000000,7,8
1,3.000000,1.713000,0.173000,-66,0.000000,7,8
1,3.000000,1.801000,0.151000,-66,0.000000,7,8
1,3.000000,1.801000,0.162000,-67,0.000000,7,8
1,3.000000,1.719000,0.212000,-67,0.000000,7,8
1,3.000000,1.754000,0.244000,-67,0.000000,7,8
1,3.000000,1.757000,0.187000,-66,0.000000,7,8
1,3.000000,1.719000,0.232000,-67,0.000000,7,8
1,3.000000,1.719000,0.235000,-67,0.000000,7,8
1,3.000000,1.719000,0.252000,-66,0.000000,7,8
1,3.000000,1.798000,0.169000,-66,0.000000,7,8
1,3.000000,1.835000,0.154000,-65,0.000000,7,8
1,3.000000,1.869000,0.187000,-65,0.000000,7,8
1,3.000000,1.766000,0.202000,-65,0.000000,7,8
1,3.000000,1.916000,0.207000,-65,0.000000,7,8
1,3.000000,1.766000,0.202000,-66,0.000000,7,8
1,3.000000,1.841000,0.156000,-66,0.000000,7,8
1,3.000000,1.679000,0.203000,-66,0.000000,7,8
1,3.000000,1.716000,0.191000,-66,0.000000,7,8
1,3.000000,1.882000,0.097000,-66,0.000000,7,8
1,3.000000,1.713000,0.206000,-66,0.000000,7,8
1,3.000000,1.801000,0.163000,-66,0.000000,7,8
1,3.000000,1.766000,0.173000,-66,0.000000,7,8
1,3.000000,1.760000,0.164000,-65,0.000000,7,8
1,3.000000,1.763000,0.183000,-65,0.000000,7,8
1,3.000000,1.760000,0.211000,-65,0.000000,7,8
1,3.000000,1.716000,0.185000,-65,0.000000,7,8
1,3.000000,1.766000,0.186000,-65,0.000000,7,8
1,3.000000,1.713000,0.226000,-66,0.000000,7,8
1,3.000000,1.801000,0.162000,-66,0.000000,7,8
1,3.000000,1.838000,0.221000,-65,0.000000,7,8
1,3.000000,1.801000,0.192000,-66,0.000000,7,8
1,3.000000,1.716000,0.225000,-65,0.000000,7,8
1,3.000000,1.641000,0.233000,-66,0.000000,7,8
1,3.000000,1.841000,0.161000,-65,0.000000,7,8
1,3.000000,1.679000,0.212000,-65,0.000000,7,8
1,3.000000,1.801000,0.162000,-66,0.000000,7,8
1,3.000000,1.763000,0.215000,-66,0.000000,7,8
1,3.000000,1.729000,0.246000,-66,0.000000,7,8
1,3.000000,1.760000,0.234000,-66,0.000000,7,8
1,3.000000,1.757000,0.175000,-66,0.000000,7,8
1,3.000000,1.801000,0.190000,-66,0.000000,7,8
1,3.000000,1.916000,0.181000,-66,0.000000,7,8
1,3.000000,1.876000,0.185000,-65,0.000000,7,8
1,3.000000,1.801000,0.277000,-66,0.000000,7,8
1,3.000000,1.844000,0.121000,-65,0.000000,7,8
1,3.000000,1.844000,0.139000,-65,0.000000,7,8
1,3.000000,1.804000,0.186000,-65,0.000000,7,8
1,3.000000,1.832000,0.215000,-65,0.000000,7,8
1,3.000000,1.879000,0.157000,-66,0.000000,7,8
1,3.000000,1.794000,0.229000,-66,0.000000,7,8
1,3.000000,1.838000,0.187000,-65,0.000000,7,8
1,3.000000,1.801000,0.194000,-65,0.000000,7,8
1,3.000000,1.826000,0.179000,-66,0.000000,7,8
1,3.000000,1.751000,0.190000,-66,0.000000,7,8
1,3.000000,1.879000,0.199000,-66,0.000000,7,8
1,3.000000,1.685000,0.229000,-66,0.000000,7,8
1,3.000000,1.801000,0.225000,-66,0.000000,7,8
1,3.000000,1.801000,0.153000,-66,0.000000,7,8
1,3.000000,1.726000,0.251000,-66,0.000000,7,8
1,3.000000,1.729000,0.238000,-66,0.000000,7,8
1,3.000000,1.713000,0.183000,-66,0.000000,7,8
1,3.000000,1.707000,0.263000,-66,0.000000,7,8
1,3.000000,1.726000,0.165000,-67,0.000000,7,8
1,3.000000,1.763000,0.209000,-66,0.000000,7,8
1,3.000000,1.726000,0.204000,-66,0.000000,7,8
1,3.000000,1.719000,0.299000,-66,0.000000,7,8
1,3.000000,1.729000,0.276000,-66,0.000000,7,8
1,3.000000,1.691000,0.264000,-66,0.000000,7,8
1,3.000000,1.751000,0.207000,-66,0.000000,7,8
1,3.000000,1.798000,0.187000,-66,0.000000,7,8
1,3.000000,1.838000,0.196000,-65,0.000000,7,8
1,3.000000,1.601000,0.290000,-67,0.000000,7,8
1,3.000000,1.766000,0.250000,-67,0.000000,7,8
1,3.000000,1.801000,0.159000,-66,0.000000,7,8
1,3.000000,1.732000,0.254000,-67,0.000000,7,8
1,3.000000,1.766000,0.281000,-67,0.000000,7,8
1,3.000000,1.601000,0.336000,-67,0.000000,7,8
1,3.000000,1.807000,0.206000,-67,0.000000,7,8
1,3.000000,1.916000,0.181000,-67,0.000000,7,8
1,3.000000,1.879000,0.225000,-68,0.000000,7,8
1,3.000000,1.804000,0.191000,-68,0.000000,7,8
1,3.000000,1.832000,0.211000,-67,0.000000,7,8
1,3.000000,1.832000,0.175000,-68,0.000000,7,8
1,3.000000,1.869000,0.249000,-68,0.000000,7,8
1,3.000000,1.757000,0.274000,-67,0.000000,7,8
1,3.000000,1.835000,0.238000,-67,0.000000,7,8
1,3.000000,1.751000,0.285000,-66,0.000000,7,8
1,3.000000,1.763000,0.241000,-66,0.000000,7,8
1,3.000000,1.641000,0.266000,-66,0.000000,7,8
1,3.000000,1.601000,0.307000,-66,0.000000,7,8
1,3.000000,1.713000,0.289000,-66,0.000000,7,8
1,3.000000,1.757000,0.233000,-67,0.000000,7,8
1,3.000000,1.679000,0.220000,-67,0.000000,7,8
1,3.000000,1.563000,0.300000,-66,0.000000,7,8
1,3.000000,1.729000,0.176000,-66,0.000000,7,8
1,3.000000,1.869000,0.121000,-67,0.000000,7,8
1,3.000000,1.569000,0.200000,-66,0.000000,7,8
1,3.000000,1.488000,0.280000,-66,0.000000,7,8
1,3.000000,1.535000,0.221000,-67,0.000000,7,8
1,3.000000,1.494000,0.294000,-66,0.000000,7,8
1,3.000000,1.635000,0.147000,-65,0.000000,7,8
1,3.000000,1.604000,0.215000,-62,0.000000,7,8
1,3.000000,1.644000,0.161000,-62,0.000000,7,8
1,3.000000,1.482000,0.174000,-60,0.000000,7,8
1,3.000000,1.569000,0.223000,-61,0.000000,7,8
1,3.000000,1.482000,0.244000,-61,0.000000,7,8
1,3.000000,1.529000,0.200000,-60,0.000000,7,8
1,3.000000,1.479000,0.192000,-60,0.000000,7,8
1,3.000000,1.566000,0.191000,-61,0.000000,7,8
1,3.000000,1.522000,0.186000,-61,0.000000,7,8
1,3.000000,1.369000,0.259000,-61,0.000000,7,8
1,3.000000,1.454000,0.238000,-60,0.000000,7,8
1,3.000000,1.821000,0.062000,-60,0.000000,7,8
1,3.000000,1.485000,0.172000,-60,0.000000,7,8
1,3.000000,1.601000,0.157000,-60,0.000000,7,8
1,3.000000,1.407000,0.208000,-59,0.000000,7,8
1,3.000000,1.407000,0.288000,-59,0.000000,7,8
1,3.000000,1.454000,0.207000,-59,0.000000,7,8
1,3.000000,1.676000,0.160000,-60,0.000000,7,8
1,3.000000,1.766000,0.151000,-59,0.000000,7,8
1,3.000000,1.616000,0.231000,-60,0.000000,7,8
1,3.000000,1.732000,0.135000,-60,0.000000,7,8
1,3.000000,1.641000,0.121000,-60,0.000000,7,8
1,3.000000,1.413000,0.196000,-60,0.000000,7,8
1,3.000000,1.529000,0.116000,-59,0.000000,7,8
1,3.000000,1.332000,0.212000,-59,0.000000,7,8
1,3.000000,1.451000,0.205000,-59,0.000000,7,8
1,3.000000,1.326000,0.229000,-59,0.000000,7,8
1,3.000000,1.207000,0.259000,-58,0.000000,7,8
1,3.000000,1.413000,0.190000,-59,0.000000,7,8
1,3.000000,1.451000,0.208000,-59,0.000000,7,8
1,3.000000,1.338000,0.209000,-59,0.000000,7,8
1,3.000000,1.510000,0.144000,-59,0.000000,7,8
1,3.000000,1.576000,0.130000,-59,0.000000,7,8
1,3.000000,1.404000,0.229000,-59,0.000000,7,8
1,3.000000,1.263000,0.253000,-59,0.000000,7,8
1,3.000000,1.526000,0.141000,-60,0.000000,7,8
1,3.000000,1.488000,0.216000,-60,0.000000,7,8
1,3.000000,1.376000,0.223000,-59,0.000000,7,8
1,3.000000,1.491000,0.226000,-59,0.000000,7,8
1,3.000000,1.485000,0.138000,-60,0.000000,7,8
1,3.000000,1.591000,0.128000,-60,0.000000,7,8
1,3.000000,1.444000,0.214000,-60,0.000000,7,8
1,3.000000,1.597000,0.184000,-60,0.000000,7,8
1,3.000000,1.704000,0.137000,-60,0.000000,7,8
1,3.000000,1.569000,0.194000,-60,0.000000,7,8
1,3.000000,1.479000,0.170000,-59,0.000000,7,8
1,3.000000,1.366000,0.216000,-59,0.000000,7,8
1,3.000000,1.369000,0.218000,-60,0.000000,7,8
1,3.000000,1.410000,0.187000,-61,0.000000,7,8
1,3.000000,1.523000,0.151000,-63,0.000000,7,8
1,3.000000,1.610000,0.133000,-62,0.000000,7,8
1,3.000000,1.526000,0.212000,-62,0.000000,7,8
1,3.000000,1.591000,0.292000,-62,0.000000,7,8
1,3.000000,1.619000,0.400000,-62,0.000000,7,8
1,3.000000,1.622000,0.360000,-62,0.000000,7,8
1,3.000000,1.816000,0.096000,-62,0.000000,7,8
1,3.000000,1.676000,0.197000,-61,0.000000,7,8
1,3.000000,1.557000,0.223000,-61,0.000000,7,8
1,3.000000,1.732000,0.132000,-61,0.000000,7,8
1,3.000000,1.601000,0.131000,-62,0.000000,7,8
1,3.000000,1.584000,0.155000,-62,0.000000,7,8
1,3.000000,1.532000,0.138000,-61,0.000000,7,8
1,3.000000,1.754000,0.085000,-60,0.000000,7,8
1,3.000000,1.610000,0.154000,-62,0.000000,7,8
1,3.000000,1.498000,0.191000,-62,0.000000,7,8
1,3.000000,1.682000,0.169000,-63,0.000000,7,8
1,3.000000,1.651000,0.119000,-63,0.000000,7,8
1,3.000000,1.676000,0.168000,-62,0.000000,7,8
1,3.000000,1.679000,0.153000,-62,0.000000,7,8
1,3.000000,1.615000,0.104000,-62,0.000000,7,8
1,3.000000,1.549000,0.159000,-62,0.000000,7,8
1,3.000000,1.676000,0.144000,-61,0.000000,7,8
1,3.000000,1.638000,0.126000,-61,0.000000,7,8
1,3.000000,1.556000,0.182000,-61,0.000000,7,8
1,3.000000,1.704000,0.168000,-61,0.000000,7,8
1,3.000000,1.529000,0.137000,-61,0.000000,7,8
1,3.000000,1.608000,0.096000,-61,0.000000,7,8
1,3.000000,1.607000,0.120000,-61,0.000000,7,8
1,3.000000,1.587000,0.070000,-61,0.000000,7,8
1,3.000000,1.582000,0.151000,-61,0.000000,7,8
1,3.000000,1.643000,0.062000,-62,0.000000,7,8
1,3.000000,1.680000,0.163000,-62,0.000000,7,8
1,3.000000,1.643000,0.102000,-61,0.000000,7,8
1,3.000000,1.704000,0.182000,-61,0.000000,7,8
1,3.000000,1.607000,0.234000,-61,0.000000,7,8
1,3.000000,1.582000,0.152000,-61,0.000000,7,8
1,3.000000,1.641000,0.171000,-61,0.000000,7,8
1,3.000000,1.760000,0.157000,-61,0.000000,7,8
1,3.000000,1.643000,0.041000,-61,0.000000,7,8
1,3.000000,1.673000,0.110000,-61,0.000000,7,8
1,3.000000,1.643000,0.080000,-60,0.000000,7,8
1,3.000000,1.671000,0.057000,-61,0.000000,7,8
1,3.000000,1.669000,0.168000,-61,0.000000,7,8
1,3.000000,1.732000,0.178000,-61,0.000000,7,8
1,3.000000,1.615000,0.076000,-61,0.000000,7,8
1,3.000000,1.726000,0.103000,-61,0.000000,7,8
1,3.000000,1.760000,0.127000,-61,0.000000,7,8
1,3.000000,1.676000,0.172000,-61,0.000000,7,8
1,3.000000,1.754000,0.084000,-61,0.000000,7,8
1,3.000000,1.704000,0.152000,-61,0.000000,7,8
1,3.000000,1.701000,0.120000,-61,0.000000,7,8
1,3.000000,1.679000,0.106000,-60,0.000000,7,8
1,3.000000,1.760000,0.136000,-61,0.000000,7,8
1,3.000000,1.719000,0.139000,-60,0.000000,7,8
1,3.000000,1.726000,0.125000,-60,0.000000,7,8
1,3.000000,1.732000,0.121000,-60,0.000000,7,8
1,3.000000,1.679000,0.142000,-61,0.000000,7,8
1,3.000000,1.607000,0.237000,-61,0.000000,7,8
1,3.000000,1.704000,0.147000,-61,0.000000,7,8
1,3.000000,1.644000,0.075000,-61,0.000000,7,8
1,3.000000,1.694000,0.110000,-61,0.000000,7,8
1,3.000000,1.648000,0.110000,-61,0.000000,7,8
1,3.000000,1.641000,0.123000,-61,0.000000,7,8
1,3.000000,1.716000,0.087000,-61,0.000000,7,8
1,3.000000,1.691000,0.201000,-61,0.000000,7,8
1,3.000000,1.726000,0.086000,-61,0.000000,7,8
1,3.000000,1.573000,0.140000,-61,0.000000,7,8
1,3.000000,1.727000,0.077000,-61,0.000000,7,8
1,3.000000,1.638000,0.149000,-62,0.000000,7,8
1,3.000000,1.607000,0.179000,-61,0.000000,7,8
1,3.000000,1.563000,0.130000,-62,0.000000,7,8
1,3.000000,1.616000,0.215000,-62,0.000000,7,8
1,3.000000,1.563000,0.208000,-62,0.000000,7,8
1,3.000000,1.676000,0.154000,-61,0.000000,7,8
1,3.000000,1.704000,0.155000,-61,0.000000,7,8
1,3.000000,1.643000,0.074000,-61,0.000000,7,8
1,3.000000,1.610000,0.123000,-61,0.000000,7,8
1,3.000000,1.582000,0.151000,-62,0.000000,7,8
1,3.000000,1.610000,0.121000,-62,0.000000,7,8
1,3.000000,1.582000,0.153000,-62,0.000000,7,8
1,3.000000,1.530000,0.154000,-61,0.000000,7,8
1,3.000000,1.526000,0.223000,-61,0.000000,7,8
1,3.000000,1.561000,0.227000,-63,0.000000,7,8
1,3.000000,1.521000,0.122000,-62,0.000000,7,8
1,3.000000,1.671000,0.153000,-62,0.000000,7,8
1,3.000000,1.650000,0.184000,-62,0.000000,7,8
1,3.000000,1.762000,0.140000,-61,0.000000,7,8
1,3.000000,1.732000,0.186000,-63,0.000000,7,8
1,3.000000,1.491000,0.169000,-62,0.000000,7,8
1,3.000000,1.535000,0.182000,-62,0.000000,7,8
1,3.000000,1.723000,0.106000,-62,0.000000,7,8
1,3.000000,1.704000,0.247000,-61,0.000000,7,8
1,3.000000,1.641000,0.147000,-62,0.000000,7,8
1,3.000000,1.554000,0.177000,-63,0.000000,7,8
1,3.000000,1.554000,0.168000,-63,0.000000,7,8
1,3.000000,1.591000,0.201000,-62,0.000000,7,8
1,3.000000,1.638000,0.193000,-64,0.000000,7,8
1,3.000000,1.587000,0.135000,-63,0.000000,7,8
1,3.000000,1.644000,0.111000,-63,0.000000,7,8
1,3.000000,1.694000,0.154000,-62,0.000000,7,8
1,3.000000,1.671000,0.148000,-62,0.000000,7,8
1,3.000000,1.641000,0.095000,-64,0.000000,7,8
1,3.000000,1.604000,0.136000,-64,0.000000,7,8
1,3.000000,1.732000,0.209000,-63,0.000000,7,8
1,3.000000,1.682000,0.126000,-61,0.000000,7,8
1,3.000000,1.644000,0.190000,-64,0.000000,7,8
1,3.000000,1.726000,0.165000,-64,0.000000,7,8
1,3.000000,1.598000,0.163000,-62,0.000000,7,8
1,3.000000,1.676000,0.157000,-62,0.000000,7,8
1,3.000000,1.704000,0.164000,-62,0.000000,7,8
1,3.000000,1.554000,0.166000,-61,0.000000,7,8
1,3.000000,1.582000,0.150000,-62,0.000000,7,8
1,3.000000,1.523000,0.182000,-62,0.000000,7,8
1,3.000000,1.584000,0.172000,-61,0.000000,7,8
1,3.000000,1.648000,0.179000,-62,0.000000,7,8
1,3.000000,1.528000,0.165000,-60,0.000000,7,8
1,3.000000,1.556000,0.134000,-61,0.000000,7,8
1,3.000000,1.500000,0.264000,-60,0.000000,7,8
1,3.000000,1.462000,0.179000,-61,0.000000,7,8
1,3.000000,1.369000,0.190000,-62,0.000000,7,8
1,3.000000,1.500000,0.141000,-62,0.000000,7,8
1,3.000000,1.495000,0.190000,-61,0.000000,7,8
1,3.000000,1.413000,0.220000,-61,0.000000,7,8
1,3.000000,1.469000,0.157000,-61,0.000000,7,8
1,3.000000,1.406000,0.168000,-62,0.000000,7,8
1,3.000000,1.469000,0.192000,-62,0.000000,7,8
1,3.000000,1.350000,0.249000,-61,0.000000,7,8
1,3.000000,1.526000,0.181000,-62,0.000000,7,8
1,3.000000,1.465000,0.176000,-61,0.000000,7,8
1,3.000000,1.408000,0.162000,-61,0.000000,7,8
1,3.000000,1.406000,0.185000,-62,0.000000,7,8
1,3.000000,1.437000,0.173000,-61,0.000000,7,8
1,3.000000,1.418000,0.226000,-61,0.000000,7,8
1,3.000000,1.502000,0.135000,-60,0.000000,7,8
1,3.000000,1.526000,0.168000,-61,0.000000,7,8
1,3.000000,1.498000,0.225000,-61,0.000000,7,8
1,3.000000,1.469000,0.168000,-61,0.000000,7,8
1,3.000000,1.526000,0.195000,-61,0.000000,7,8
1,3.000000,1.444000,0.241000,-61,0.000000,7,8
1,3.000000,1.498000,0.192000,-61,0.000000,7,8
1,3.000000,1.462000,0.168000,-61,0.000000,7,8
1,3.000000,1.472000,0.131000,-61,0.000000,7,8
1,3.000000,1.495000,0.145000,-61,0.000000,7,8
1,3.000000,1.561000,0.219000,-61,0.000000,7,8
1,3.000000,1.528000,0.135000,-61,0.000000,7,8
1,3.000000,1.441000,0.169000,-61,0.000000,7,8
1,3.000000,1.554000,0.196000,-61,0.000000,7,8
1,3.000000,1.498000,0.225000,-61,0.000000,7,8
1,3.000000,1.604000,0.124000,-61,0.000000,7,8
1,3.000000,1.554000,0.135000,-62,0.000000,7,8
1,3.000000,1.526000,0.234000,-61,0.000000,7,8
1,3.000000,1.526000,0.185000,-61,0.000000,7,8
1,3.000000,1.469000,0.255000,-61,0.000000,7,8
1,3.000000,1.554000,0.160000,-61,0.000000,7,8
1,3.000000,1.498000,0.125000,-62,0.000000,7,8
1,3.000000,1.469000,0.192000,-61,0.000000,7,8
1,3.000000,1.582000,0.142000,-61,0.000000,7,8
1,3.000000,1.526000,0.184000,-61,0.000000,7,8
1,3.000000,1.498000,0.133000,-61,0.000000,7,8
1,3.000000,1.526000,0.232000,-61,0.000000,7,8
1,3.000000,1.582000,0.138000,-61,0.000000,7,8
1,3.000000,1.549000,0.117000,-61,0.000000,7,8
1,3.000000,1.498000,0.148000,-61,0.000000,7,8
1,3.000000,1.498000,0.186000,-61,0.000000,7,8
1,3.000000,1.498000,0.159000,-61,0.000000,7,8
1,3.000000,1.516000,0.158000,-61,0.000000,7,8
1,3.000000,1.495000,0.167000,-61,0.000000,7,8
1,3.000000,1.437000,0.179000,-61,0.000000,7,8
1,3.000000,1.469000,0.159000,-61,0.000000,7,8
1,3.000000,1.498000,0.188000,-61,0.000000,7,8
1,3.000000,1.444000,0.138000,-62,0.000000,7,8
1,3.000000,1.582000,0.162000,-61,0.000000,7,8
1,3.000000,1.549000,0.125000,-62,0.000000,7,8
1,3.000000,1.556000,0.149000,-62,0.000000,7,8
1,3.000000,1.582000,0.150000,-62,0.000000,7,8
1,3.000000,1.465000,0.115000,-64,0.000000,7,8
1,3.000000,1.465000,0.169000,-63,0.000000,7,8
1,3.000000,1.587000,0.199000,-63,0.000000,7,8
1,3.000000,1.526000,0.172000,-63,0.000000,7,8
1,3.000000,1.704000,0.127000,-64,0.000000,7,8
1,3.000000,1.676000,0.127000,-63,0.000000,7,8
1,3.000000,1.644000,0.101000,-62,0.000000,7,8
1,3.000000,1.560000,0.127000,-63,0.000000,7,8
1,3.000000,1.319000,0.251000,-63,0.000000,7,8
1,3.000000,1.408000,0.129000,-63,0.000000,7,8
1,3.000000,1.298000,0.221000,-63,0.000000,7,8
1,3.000000,1.383000,0.169000,-63,0.000000,7,8
1,3.000000,1.530000,0.211000,-62,0.000000,7,8
1,3.000000,1.462000,0.197000,-62,0.000000,7,8
1,3.000000,1.485000,0.180000,-61,0.000000,7,8
1,3.000000,1.498000,0.189000,-61,0.000000,7,8
1,3.000000,1.526000,0.186000,-61,0.000000,7,8
1,3.000000,1.491000,0.126000,-61,0.000000,7,8
1,3.000000,1.523000,0.160000,-61,0.000000,7,8
1,3.000000,1.454000,0.141000,-61,0.000000,7,8
1,3.000000,1.491000,0.111000,-61,0.000000,7,8
1,3.000000,1.582000,0.146000,-61,0.000000,7,8
1,3.000000,1.523000,0.146000,-61,0.000000,7,8
1,3.000000,1.457000,0.334000,-60,0.000000,7,8
1,3.000000,1.607000,0.262000,-60,0.000000,7,8
1,3.000000,1.601000,0.168000,-60,0.000000,7,8
1,3.000000,1.383000,0.195000,-63,0.000000,7,8
1,3.000000,1.376000,0.278000,-61,0.000000,7,8
1,3.000000,1.448000,0.200000,-62,0.000000,7,8
1,3.000000,1.526000,0.186000,-61,0.000000,7,8
1,3.000000,1.491000,0.170000,-62,0.000000,7,8
1,3.000000,1.529000,0.151000,-63,0.000000,7,8
1,3.000000,1.485000,0.142000,-64,0.000000,7,8
1,3.000000,1.549000,0.177000,-65,0.000000,7,8
1,3.000000,1.526000,0.128000,-65,0.000000,7,8
1,3.000000,1.498000,0.140000,-64,0.000000,7,8
1,3.000000,1.495000,0.192000,-64,0.000000,7,8
1,3.000000,1.526000,0.177000,-64,0.000000,7,8
1,3.000000,1.467000,0.195000,-63,0.000000,7,8
1,3.000000,1.380000,0.280000,-63,0.000000,7,8
1,3.000000,1.584000,0.201000,-63,0.000000,7,8
1,3.000000,1.418000,0.258000,-63,0.000000,7,8
1,3.000000,1.437000,0.218000,-63,0.000000,7,8
1,3.000000,1.441000,0.193000,-63,0.000000,7,8
1,3.000000,1.406000,0.242000,-63,0.000000,7,8
1,3.000000,1.498000,0.189000,-63,0.000000,7,8
1,3.000000,1.441000,0.184000,-63,0.000000,7,8
1,3.000000,1.491000,0.238000,-63,0.000000,7,8
1,3.000000,1.439000,0.175000,-63,0.000000,7,8
1,3.000000,1.413000,0.225000,-63,0.000000,7,8
1,3.000000,1.498000,0.241000,-63,0.000000,7,8
1,3.000000,1.378000,0.172000,-63,0.000000,7,8
1,3.000000,1.493000,0.246000,-63,0.000000,7,8
1,3.000000,1.376000,0.201000,-63,0.000000,7,8
1,3.000000,1.434000,0.239000,-63,0.000000,7,8
1,3.000000,1.404000,0.211000,-63,0.000000,7,8
1,3.000000,1.500000,0.122000,-63,0.000000,7,8
1,3.000000,1.465000,0.217000,-63,0.000000,7,8
1,3.000000,1.352000,0.199000,-63,0.000000,7,8
1,3.000000,1.467000,0.150000,-63,0.000000,7,8
1,3.000000,1.348000,0.266000,-63,0.000000,7,8
1,3.000000,1.528000,0.209000,-63,0.000000,7,8
1,3.000000,1.413000,0.173000,-63,0.000000,7,8
1,3.000000,1.488000,0.210000,-63,0.000000,7,8
1,3.000000,1.348000,0.245000,-63,0.000000,7,8
1,3.000000,1.317000,0.192000,-63,0.000000,7,8
1,3.000000,1.430000,0.173000,-63,0.000000,7,8
1,3.000000,1.430000,0.233000,-63,0.000000,7,8
1,3.000000,1.404000,0.238000,-63,0.000000,7,8
1,3.000000,1.488000,0.151000,-63,0.000000,7,8
1,3.000000,1.469000,0.198000,-63,0.000000,7,8
1,3.000000,1.406000,0.203000,-63,0.000000,7,8
1,3.000000,1.408000,0.204000,-63,0.000000,7,8
1,3.000000,1.406000,0.139000,-63,0.000000,7,8
1,3.000000,1.439000,0.133000,-63,0.000000,7,8
1,3.000000,1.291000,0.202000,-63,0.000000,7,8
1,3.000000,1.317000,0.160000,-63,0.000000,7,8
1,3.000000,1.326000,0.297000,-63,0.000000,7,8
1,3.000000,1.315000,0.229000,-63,0.000000,7,8
1,3.000000,1.294000,0.171000,-63,0.000000,7,8
1,3.000000,1.296000,0.252000,-63,0.000000,7,8
1,3.000000,1.291000,0.257000,-63,0.000000,7,8
1,3.000000,1.258000,0.241000,-63,0.000000,7,8
1,3.000000,1.237000,0.214000,-63,0.000000,7,8
1,3.000000,1.287000,0.273000,-63,0.000000,7,8
1,3.000000,1.263000,0.219000,-63,0.000000,7,8
1,3.000000,1.291000,0.227000,-63,0.000000,7,8
1,3.000000,1.261000,0.210000,-64,0.000000,7,8
1,3.000000,1.355000,0.228000,-63,0.000000,7,8
1,3.000000,1.355000,0.228000,-63,0.000000,7,8
1,3.000000,1.263000,0.239000,-63,0.000000,7,8
1,3.000000,1.350000,0.230000,-63,0.000000,7,8
1,3.000000,1.319000,0.200000,-63,0.000000,7,8
1,3.000000,1.263000,0.290000,-63,0.000000,7,8
1,3.000000,1.294000,0.233000,-63,0.000000,7,8
1,3.000000,1.319000,0.270000,-63,0.000000,7,8
1,3.000000,1.352000,0.140000,-63,0.000000,7,8
1,3.000000,1.263000,0.263000,-63,0.000000,7,8
1,3.000000,1.401000,0.192000,-63,0.000000,7,8
1,3.000000,1.378000,0.257000,-63,0.000000,7,8
1,3.000000,1.291000,0.277000,-63,0.000000,7,8
1,3.000000,1.319000,0.219000,-63,0.000000,7,8
1,3.000000,1.291000,0.205000,-63,0.000000,7,8
1,3.000000,1.319000,0.245000,-63,0.000000,7,8
1,3.000000,1.348000,0.168000,-63,0.000000,7,8
1,3.000000,1.266000,0.241000,-63,0.000000,7,8
1,3.000000,1.263000,0.249000,-63,0.000000,7,8
1,3.000000,1.324000,0.144000,-63,0.000000,7,8
1,3.000000,1.319000,0.219000,-64,0.000000,7,8
1,3.000000,1.258000,0.180000,-63,0.000000,7,8
1,3.000000,1.296000,0.169000,-63,0.000000,7,8
1,3.000000,1.413000,0.180000,-63,0.000000,7,8
1,3.000000,1.322000,0.272000,-63,0.000000,7,8
1,3.000000,1.291000,0.275000,-63,0.000000,7,8
1,3.000000,1.322000,0.243000,-63,0.000000,7,8
1,3.000000,1.441000,0.197000,-63,0.000000,7,8
1,3.000000,1.355000,0.273000,-63,0.000000,7,8
1,3.000000,1.441000,0.153000,-63,0.000000,7,8
1,3.000000,1.319000,0.198000,-63,0.000000,7,8
1,3.000000,1.385000,0.223000,-63,0.000000,7,8
1,3.000000,1.355000,0.243000,-63,0.000000,7,8
1,3.000000,1.319000,0.234000,-63,0.000000,7,8
1,3.000000,1.385000,0.218000,-63,0.000000,7,8
1,3.000000,1.263000,0.248000,-63,0.000000,7,8
1,3.000000,1.294000,0.234000,-63,0.000000,7,8
1,3.000000,1.291000,0.272000,-63,0.000000,7,8
1,3.000000,1.343000,0.174000,-63,0.000000,7,8
1,3.000000,1.319000,0.180000,-63,0.000000,7,8
1,3.000000,1.289000,0.211000,-63,0.000000,7,8
1,3.000000,1.324000,0.213000,-63,0.000000,7,8
1,3.000000,1.291000,0.272000,-63,0.000000,7,8
1,3.000000,1.294000,0.227000,-63,0.000000,7,8
1,3.000000,1.324000,0.226000,-63,0.000000,7,8
1,3.000000,1.294000,0.212000,-63,0.000000,7,8
1,3.000000,1.380000,0.236000,-64,0.000000,7,8
1,3.000000,1.322000,0.214000,-63,0.000000,7,8
1,3.000000,1.385000,0.255000,-63,0.000000,7,8
1,3.000000,1.319000,0.219000,-63,0.000000,7,8
1,3.000000,1.352000,0.221000,-63,0.000000,7,8
1,3.000000,1.348000,0.235000,-63,0.000000,7,8
1,3.000000,1.348000,0.191000,-63,0.000000,7,8
1,3.000000,1.291000,0.291000,-63,0.000000,7,8
1,3.000000,1.411000,0.233000,-63,0.000000,7,8
1,3.000000,1.296000,0.210000,-63,0.000000,7,8
1,3.000000,1.350000,0.184000,-63,0.000000,7,8
1,3.000000,1.319000,0.211000,-63,0.000000,7,8
1,3.000000,1.404000,0.177000,-63,0.000000,7,8
1,3.000000,1.319000,0.187000,-63,0.000000,7,8
1,3.000000,1.411000,0.230000,-63,0.000000,7,8
1,3.000000,1.376000,0.183000,-64,0.000000,7,8
1,3.000000,1.348000,0.152000,-63,0.000000,7,8
1,3.000000,1.322000,0.172000,-63,0.000000,7,8
1,3.000000,1.343000,0.203000,-63,0.000000,7,8
1,3.000000,1.352000,0.200000,-63,0.000000,7,8
1,3.000000,1.444000,0.217000,-63,0.000000,7,8
1,3.000000,1.460000,0.175000,-63,0.000000,7,8
1,3.000000,1.380000,0.249000,-63,0.000000,7,8
1,3.000000,1.432000,0.177000,-63,0.000000,7,8
1,3.000000,1.434000,0.216000,-63,0.000000,7,8
1,3.000000,1.441000,0.227000,-63,0.000000,7,8
1,3.000000,1.378000,0.215000,-63,0.000000,7,8
1,3.000000,1.502000,0.090000,-63,0.000000,7,8
1,3.000000,1.401000,0.236000,-63,0.000000,7,8
1,3.000000,1.352000,0.240000,-63,0.000000,7,8
1,3.000000,1.408000,0.149000,-63,0.000000,7,8
1,3.000000,1.467000,0.182000,-63,0.000000,7,8
1,3.000000,1.411000,0.251000,-63,0.000000,7,8
1,3.000000,1.498000,0.156000,-63,0.000000,7,8
1,3.000000,1.554000,0.180000,-63,0.000000,7,8
1,3.000000,1.441000,0.228000,-63,0.000000,7,8
1,3.000000,1.383000,0.231000,-63,0.000000,7,8
1,3.000000,1.404000,0.234000,-63,0.000000,7,8
1,3.000000,1.467000,0.265000,-63,0.000000,7,8
1,3.000000,1.350000,0.238000,-63,0.000000,7,8
1,3.000000,1.378000,0.224000,-63,0.000000,7,8
1,3.000000,1.207000,0.222000,-63,0.000000,7,8
1,3.000000,1.467000,0.235000,-63,0.000000,7,8
1,3.000000,1.465000,0.217000,-63,0.000000,7,8
1,3.000000,1.416000,0.233000,-63,0.000000,7,8
1,3.000000,1.413000,0.205000,-63,0.000000,7,8
1,3.000000,1.439000,0.208000,-63,0.000000,7,8
1,3.000000,1.408000,0.259000,-63,0.000000,7,8
1,3.000000,1.380000,0.264000,-63,0.000000,7,8
1,3.000000,1.319000,0.219000,-63,0.000000,7,8
1,3.000000,1.266000,0.229000,-63,0.000000,7,8
1,3.000000,1.322000,0.287000,-62,0.000000,7,8
1,3.000000,1.469000,0.209000,-62,0.000000,7,8
1,3.000000,1.498000,0.220000,-62,0.000000,7,8
1,3.000000,1.556000,0.153000,-63,0.000000,7,8
1,3.000000,1.633000,0.143000,-62,0.000000,7,8
1,3.000000,1.760000,0.112000,-63,0.000000,7,8
1,3.000000,1.730000,0.125000,-63,0.000000,7,8
1,3.000000,1.648000,0.256000,-62,0.000000,7,8
1,3.000000,1.905000,0.080000,-62,0.000000,7,8
1,3.000000,1.766000,0.117000,-64,0.000000,7,8
1,3.000000,1.682000,0.165000,-62,0.000000,7,8
1,3.000000,1.760000,0.154000,-64,0.000000,7,8
1,3.000000,1.933000,0.182000,-63,0.000000,7,8
1,3.000000,1.582000,0.173000,-63,0.000000,7,8
1,3.000000,1.619000,0.300000,-62,0.000000,7,8
1,3.000000,1.648000,0.221000,-63,0.000000,7,8
1,3.000000,1.701000,0.123000,-64,0.000000,7,8
1,3.000000,1.716000,0.080000,-65,0.000000,7,8
1,3.000000,1.604000,0.156000,-64,0.000000,7,8
1,3.000000,1.679000,0.084000,-63,0.000000,7,8
1,3.000000,1.573000,0.189000,-63,0.000000,7,8
1,3.000000,1.485000,0.179000,-63,0.000000,7,8
1,3.000000,1.526000,0.183000,-62,0.000000,7,8
1,3.000000,1.522000,0.191000,-63,0.000000,7,8
1,3.000000,1.488000,0.184000,-64,0.000000,7,8
1,3.000000,1.685000,0.138000,-65,0.000000,7,8
1,3.000000,1.604000,0.176000,-65,0.000000,7,8
1,3.000000,1.607000,0.159000,-65,0.000000,7,8
1,3.000000,1.366000,0.206000,-65,0.000000,7,8
1,3.000000,1.563000,0.131000,-64,0.000000,7,8
1,3.000000,1.641000,0.175000,-65,0.000000,7,8
1,3.000000,1.795000,0.126000,-66,0.000000,7,8
1,3.000000,1.694000,0.125000,-66,0.000000,7,8
1,3.000000,1.719000,0.127000,-66,0.000000,7,8
1,3.000000,1.563000,0.150000,-64,0.000000,7,8
1,3.000000,1.582000,0.097000,-63,0.000000,7,8
1,3.000000,1.532000,0.226000,-64,0.000000,7,8
1,3.000000,1.432000,0.181000,-63,0.000000,7,8
1,3.000000,1.704000,0.128000,-64,0.000000,7,8
1,3.000000,1.558000,0.120000,-65,0.000000,7,8
1,3.000000,1.498000,0.196000,-63,0.000000,7,8
1,3.000000,1.526000,0.162000,-62,0.000000,7,8
1,3.000000,1.495000,0.151000,-63,0.000000,7,8
1,3.000000,1.582000,0.195000,-63,0.000000,7,8
1,3.000000,1.688000,0.173000,-63,0.000000,7,8
1,3.000000,1.760000,0.163000,-65,0.000000,7,8
1,3.000000,1.926000,0.148000,-66,0.000000,7,8
1,3.000000,1.488000,0.195000,-65,0.000000,7,8
1,3.000000,1.535000,0.205000,-63,0.000000,7,8
1,3.000000,1.495000,0.180000,-61,0.000000,7,8
1,3.000000,1.491000,0.217000,-64,0.000000,7,8
1,3.000000,1.604000,0.252000,-64,0.000000,7,8
1,3.000000,1.502000,0.249000,-65,0.000000,7,8
1,3.000000,1.385000,0.271000,-63,0.000000,7,8
1,3.000000,1.404000,0.222000,-61,0.000000,7,8
1,3.000000,1.679000,0.341000,-60,0.000000,7,8
1,3.000000,1.645000,0.076000,-61,0.000000,7,8
1,3.000000,1.729000,0.142000,-62,0.000000,7,8
1,3.000000,1.535000,0.214000,-64,0.000000,7,8
1,3.000000,1.558000,0.097000,-63,0.000000,7,8
1,3.000000,1.528000,0.131000,-62,0.000000,7,8
1,3.000000,1.610000,0.115000,-63,0.000000,7,8
1,3.000000,1.500000,0.206000,-62,0.000000,7,8
1,3.000000,1.498000,0.215000,-62,0.000000,7,8
1,3.000000,1.526000,0.170000,-62,0.000000,7,8
1,3.000000,1.495000,0.143000,-61,0.000000,7,8
1,3.000000,1.469000,0.170000,-61,0.000000,7,8
1,3.000000,1.732000,0.120000,-61,0.000000,7,8
1,3.000000,1.594000,0.208000,-61,0.000000,7,8
1,3.000000,1.650000,0.210000,-62,0.000000,7,8
1,3.000000,1.530000,0.150000,-61,0.000000,7,8
1,3.000000,1.498000,0.206000,-61,0.000000,7,8
1,3.000000,1.474000,0.167000,-60,0.000000,7,8
1,3.000000,1.498000,0.182000,-60,0.000000,7,8
1,3.000000,1.526000,0.158000,-60,0.000000,7,8
1,3.000000,1.526000,0.162000,-60,0.000000,7,8
1,3.000000,1.535000,0.154000,-60,0.000000,7,8
1,3.000000,1.474000,0.191000,-59,0.000000,7,8
1,3.000000,1.491000,0.190000,-59,0.000000,7,8
1,3.000000,1.604000,0.166000,-59,0.000000,7,8
1,3.000000,1.416000,0.203000,-59,0.000000,7,8
1,3.000000,1.554000,0.174000,-60,0.000000,7,8
1,3.000000,1.454000,0.213000,-61,0.000000,7,8
1,3.000000,1.847000,0.076000,-62,0.000000,7,8
1,3.000000,1.688000,0.186000,-62,0.000000,7,8
1,3.000000,1.763000,0.122000,-64,0.000000,7,8
1,3.000000,1.582000,0.179000,-61,0.000000,7,8
1,3.000000,1.678000,0.109000,-62,0.000000,7,8
1,3.000000,1.903000,0.088000,-64,0.000000,7,8
1,3.000000,1.741000,0.137000,-64,0.000000,7,8
1,3.000000,1.546000,0.252000,-65,0.000000,7,8
1,3.000000,1.716000,0.147000,-62,0.000000,7,8
1,3.000000,1.678000,0.198000,-59,0.000000,7,8
1,3.000000,1.716000,0.133000,-60,0.000000,7,8
1,3.000000,1.679000,0.110000,-61,0.000000,7,8
1,3.000000,1.798000,0.112000,-62,0.000000,7,8
1,3.000000,1.719000,0.154000,-63,0.000000,7,8
1,3.000000,1.669000,0.150000,-64,0.000000,7,8
1,3.000000,1.604000,0.159000,-63,0.000000,7,8
1,3.000000,1.607000,0.168000,-63,0.000000,7,8
1,3.000000,1.732000,0.124000,-64,0.000000,7,8
1,3.000000,1.676000,0.136000,-63,0.000000,7,8
1,3.000000,1.498000,0.213000,-61,0.000000,7,8
1,3.000000,1.726000,0.137000,-62,0.000000,7,8
1,3.000000,1.615000,0.153000,-64,0.000000,7,8
1,3.000000,1.582000,0.116000,-64,0.000000,7,8
1,3.000000,1.673000,0.104000,-62,0.000000,7,8
1,3.000000,1.694000,0.116000,-63,0.000000,7,8
1,3.000000,1.408000,0.157000,-65,0.000000,7,8
1,3.000000,1.591000,0.196000,-64,0.000000,7,8
1,3.000000,1.357000,0.303000,-64,0.000000,7,8
1,3.000000,1.357000,0.298000,-65,0.000000,7,8
1,3.000000,1.582000,0.147000,-62,0.000000,7,8
1,3.000000,1.529000,0.171000,-61,0.000000,7,8
1,3.000000,1.296000,0.298000,-64,0.000000,7,8
1,3.000000,1.641000,0.111000,-59,0.000000,7,8
1,3.000000,1.500000,0.241000,-61,0.000000,7,8
1,3.000000,1.469000,0.249000,-58,0.000000,7,8
1,3.000000,1.560000,0.155000,-63,0.000000,7,8
1,3.000000,1.235000,0.346000,-63,0.000000,7,8
1,3.000000,1.610000,0.129000,-58,0.000000,7,8
1,3.000000,1.598000,0.126000,-61,0.000000,7,8
1,3.000000,1.376000,0.247000,-56,0.000000,7,8
1,3.000000,1.254000,0.252000,-57,0.000000,7,8
1,3.000000,1.604000,0.145000,-60,0.000000,7,8
1,3.000000,1.669000,0.105000,-63,0.000000,7,8
1,3.000000,1.411000,0.189000,-59,0.000000,7,8
1,3.000000,1.641000,0.123000,-59,0.000000,7,8
1,3.000000,1.619000,0.189000,-60,0.000000,7,8
1,3.000000,1.498000,0.176000,-58,0.000000,7,8
1,3.000000,1.601000,0.147000,-58,0.000000,7,8
1,3.000000,1.237000,0.242000,-59,0.000000,7,8
1,3.000000,1.413000,0.174000,-60,0.000000,7,8
1,3.000000,1.573000,0.164000,-59,0.000000,7,8
1,3.000000,1.566000,0.080000,-60,0.000000,7,8
1,3.000000,1.472000,0.148000,-60,0.000000,7,8
1,3.000000,1.469000,0.125000,-60,0.000000,7,8
1,3.000000,1.446000,0.199000,-61,0.000000,7,8
1,3.000000,1.556000,0.148000,-60,0.000000,7,8
1,3.000000,1.413000,0.250000,-61,0.000000,7,8
1,3.000000,1.641000,0.131000,-61,0.000000,7,8
1,3.000000,1.679000,0.056000,-58,0.000000,7,8
1,3.000000,1.676000,0.219000,-59,0.000000,7,8
1,3.000000,1.493000,0.228000,-59,0.000000,7,8
1,3.000000,1.691000,0.164000,-57,0.000000,7,8
1,3.000000,1.354000,0.198000,-60,0.000000,7,8
1,3.000000,1.719000,0.139000,-60,0.000000,7,8
1,3.000000,1.645000,0.153000,-59,0.000000,7,8
1,3.000000,1.622000,0.215000,-58,0.000000,7,8
1,3.000000,1.498000,0.117000,-60,0.000000,7,8
1,3.000000,1.469000,0.161000,-60,0.000000,7,8
1,3.000000,1.594000,0.168000,-60,0.000000,7,8
1,3.000000,1.610000,0.197000,-61,0.000000,7,8
1,3.000000,1.554000,0.171000,-60,0.000000,7,8
1,3.000000,1.488000,0.198000,-60,0.000000,7,8
1,3.000000,1.554000,0.158000,-60,0.000000,7,8
1,3.000000,1.451000,0.061000,-60,0.000000,7,8
1,3.000000,1.469000,0.214000,-60,0.000000,7,8
1,3.000000,1.469000,0.182000,-60,0.000000,7,8
1,3.000000,1.521000,0.108000,-60,0.000000,7,8
1,3.000000,1.498000,0.168000,-60,0.000000,7,8
1,3.000000,1.498000,0.180000,-60,0.000000,7,8
1,3.000000,1.457000,0.172000,-59,0.000000,7,8
1,3.000000,1.526000,0.157000,-60,0.000000,7,8
1,3.000000,1.498000,0.188000,-61,0.000000,7,8
1,3.000000,1.469000,0.211000,-60,0.000000,7,8
1,3.000000,1.408000,0.158000,-60,0.000000,7,8
1,3.000000,1.493000,0.084000,-60,0.000000,7,8
1,3.000000,1.441000,0.163000,-60,0.000000,7,8
1,3.000000,1.469000,0.187000,-60,0.000000,7,8
1,3.000000,1.385000,0.182000,-60,0.000000,7,8
1,3.000000,1.495000,0.198000,-60,0.000000,7,8
1,3.000000,1.500000,0.205000,-60,0.000000,7,8
1,3.000000,1.587000,0.114000,-60,0.000000,7,8
1,3.000000,1.554000,0.143000,-60,0.000000,7,8
1,3.000000,1.446000,0.171000,-60,0.000000,7,8
1,3.000000,1.441000,0.164000,-60,0.000000,7,8
1,3.000000,1.380000,0.135000,-60,0.000000,7,8
1,3.000000,1.526000,0.176000,-60,0.000000,7,8
1,3.000000,1.465000,0.129000,-60,0.000000,7,8
1,3.000000,1.498000,0.170000,-60,0.000000,7,8
1,3.000000,1.526000,0.112000,-60,0.000000,7,8
1,3.000000,1.474000,0.152000,-60,0.000000,7,8
1,3.000000,1.380000,0.159000,-60,0.000000,7,8
1,3.000000,1.441000,0.197000,-60,0.000000,7,8
1,3.000000,1.530000,0.104000,-60,0.000000,7,8
1,3.000000,1.441000,0.173000,-60,0.000000,7,8
1,3.000000,1.385000,0.195000,-60,0.000000,7,8
1,3.000000,1.413000,0.164000,-60,0.000000,7,8
1,3.000000,1.493000,0.119000,-61,0.000000,7,8
1,3.000000,1.498000,0.214000,-61,0.000000,7,8
1,3.000000,1.502000,0.132000,-60,0.000000,7,8
1,3.000000,1.500000,0.153000,-60,0.000000,7,8
1,3.000000,1.498000,0.140000,-60,0.000000,7,8
1,3.000000,1.413000,0.165000,-60,0.000000,7,8
1,3.000000,1.441000,0.193000,-60,0.000000,7,8
1,3.000000,1.505000,0.228000,-60,0.000000,7,8
1,3.000000,1.469000,0.213000,-60,0.000000,7,8
1,3.000000,1.530000,0.154000,-60,0.000000,7,8
1,3.000000,1.469000,0.221000,-60,0.000000,7,8
1,3.000000,1.526000,0.208000,-60,0.000000,7,8
1,3.000000,1.448000,0.129000,-60,0.000000,7,8
1,3.000000,1.502000,0.092000,-60,0.000000,7,8
1,3.000000,1.465000,0.136000,-60,0.000000,7,8
1,3.000000,1.498000,0.191000,-59,0.000000,7,8
1,3.000000,1.498000,0.184000,-59,0.000000,7,8
1,3.000000,1.469000,0.165000,-61,0.000000,7,8
1,3.000000,1.556000,0.178000,-60,0.000000,7,8
1,3.000000,1.441000,0.221000,-60,0.000000,7,8
1,3.000000,1.502000,0.120000,-59,0.000000,7,8
1,3.000000,1.498000,0.175000,-59,0.000000,7,8
1,3.000000,1.469000,0.219000,-60,0.000000,7,8
1,3.000000,1.413000,0.147000,-59,0.000000,7,8
1,3.000000,1.523000,0.174000,-60,0.000000,7,8
1,3.000000,1.498000,0.213000,-60,0.000000,7,8
1,3.000000,1.441000,0.234000,-60,0.000000,7,8
1,3.000000,1.563000,0.185000,-60,0.000000,7,8
1,3.000000,1.495000,0.137000,-59,0.000000,7,8
1,3.000000,1.495000,0.191000,-60,0.000000,7,8
1,3.000000,1.589000,0.146000,-60,0.000000,7,8
1,3.000000,1.482000,0.155000,-59,0.000000,7,8
1,3.000000,1.526000,0.195000,-60,0.000000,7,8
1,3.000000,1.635000,0.151000,-60,0.000000,7,8
1,3.000000,1.535000,0.207000,-60,0.000000,7,8
1,3.000000,1.493000,0.161000,-60,0.000000,7,8
1,3.000000,1.526000,0.235000,-60,0.000000,7,8
1,3.000000,1.441000,0.161000,-60,0.000000,7,8
1,3.000000,1.498000,0.211000,-60,0.000000,7,8
1,3.000000,1.528000,0.186000,-60,0.000000,7,8
1,3.000000,1.469000,0.228000,-60,0.000000,7,8
1,3.000000,1.444000,0.182000,-60,0.000000,7,8
1,3.000000,1.615000,0.105000,-60,0.000000,7,8
1,3.000000,1.465000,0.113000,-60,0.000000,7,8
1,3.000000,1.526000,0.166000,-60,0.000000,7,8
1,3.000000,1.532000,0.201000,-60,0.000000,7,8
1,3.000000,1.502000,0.115000,-60,0.000000,7,8
1,3.000000,1.551000,0.116000,-60,0.000000,7,8
1,3.000000,1.638000,0.133000,-60,0.000000,7,8
1,3.000000,1.526000,0.221000,-60,0.000000,7,8
1,3.000000,1.591000,0.160000,-60,0.000000,7,8
1,3.000000,1.469000,0.197000,-60,0.000000,7,8
1,3.000000,1.561000,0.148000,-60,0.000000,7,8
1,3.000000,1.472000,0.196000,-60,0.000000,7,8
1,3.000000,1.563000,0.188000,-60,0.000000,7,8
1,3.000000,1.498000,0.201000,-60,0.000000,7,8
1,3.000000,1.469000,0.208000,-60,0.000000,7,8
1,3.000000,1.494000,0.178000,-60,0.000000,7,8
1,3.000000,1.498000,0.216000,-60,0.000000,7,8
1,3.000000,1.498000,0.126000,-60,0.000000,7,8
1,3.000000,1.526000,0.182000,-60,0.000000,7,8
1,3.000000,1.526000,0.141000,-60,0.000000,7,8
1,3.000000,1.495000,0.174000,-60,0.000000,7,8
1,3.000000,1.498000,0.215000,-60,0.000000,7,8
1,3.000000,1.413000,0.192000,-60,0.000000,7,8
1,3.000000,1.551000,0.122000,-60,0.000000,7,8
1,3.000000,1.558000,0.090000,-60,0.000000,7,8
1,3.000000,1.528000,0.211000,-60,0.000000,7,8
1,3.000000,1.491000,0.157000,-60,0.000000,7,8
1,3.000000,1.587000,0.109000,-60,0.000000,7,8
1,3.000000,1.549000,0.190000,-60,0.000000,7,8
1,3.000000,1.469000,0.197000,-60,0.000000,7,8
1,3.000000,1.535000,0.210000,-60,0.000000,7,8
1,3.000000,1.556000,0.231000,-60,0.000000,7,8
1,3.000000,1.676000,0.224000,-60,0.000000,7,8
1,3.000000,1.528000,0.178000,-60,0.000000,7,8
1,3.000000,1.494000,0.141000,-60,0.000000,7,8
1,3.000000,1.467000,0.156000,-60,0.000000,7,8
1,3.000000,1.584000,0.194000,-60,0.000000,7,8
1,3.000000,1.615000,0.149000,-60,0.000000,7,8
1,3.000000,1.498000,0.181000,-60,0.000000,7,8
1,3.000000,1.530000,0.145000,-60,0.000000,7,8
1,3.000000,1.502000,0.149000,-60,0.000000,7,8
1,3.000000,1.523000,0.137000,-60,0.000000,7,8
1,3.000000,1.437000,0.147000,-60,0.000000,7,8
1,3.000000,1.372000,0.191000,-60,0.000000,7,8
1,3.000000,1.369000,0.213000,-60,0.000000,7,8
1,3.000000,1.563000,0.196000,-60,0.000000,7,8
1,3.000000,1.498000,0.211000,-60,0.000000,7,8
1,3.000000,1.610000,0.176000,-60,0.000000,7,8
1,3.000000,1.554000,0.162000,-60,0.000000,7,8
1,3.000000,1.530000,0.164000,-60,0.000000,7,8
1,3.000000,1.498000,0.192000,-60,0.000000,7,8
1,3.000000,1.498000,0.206000,-60,0.000000,7,8
1,3.000000,1.498000,0.226000,-60,0.000000,7,8
1,3.000000,1.526000,0.193000,-60,0.000000,7,8
1,3.000000,1.554000,0.164000,-60,0.000000,7,8
1,3.000000,1.437000,0.145000,-60,0.000000,7,8
1,3.000000,1.498000,0.168000,-60,0.000000,7,8
1,3.000000,1.591000,0.228000,-60,0.000000,7,8
1,3.000000,1.444000,0.153000,-60,0.000000,7,8
1,3.000000,1.505000,0.159000,-60,0.000000,7,8
1,3.000000,1.641000,0.141000,-60,0.000000,7,8
1,3.000000,1.530000,0.120000,-60,0.000000,7,8
1,3.000000,1.498000,0.211000,-60,0.000000,7,8
1,3.000000,1.498000,0.181000,-60,0.000000,7,8
1,3.000000,1.526000,0.218000,-60,0.000000,7,8
1,3.000000,1.530000,0.119000,-60,0.000000,7,8
1,3.000000,1.413000,0.180000,-60,0.000000,7,8
1,3.000000,1.526000,0.169000,-60,0.000000,7,8
1,3.000000,1.528000,0.192000,-60,0.000000,7,8
1,3.000000,1.582000,0.186000,-60,0.000000,7,8
1,3.000000,1.526000,0.172000,-60,0.000000,7,8
1,3.000000,1.507000,0.259000,-60,0.000000,7,8
1,3.000000,1.526000,0.194000,-60,0.000000,7,8
1,3.000000,1.521000,0.117000,-60,0.000000,7,8
1,3.000000,1.469000,0.229000,-60,0.000000,7,8
1,3.000000,1.472000,0.156000,-60,0.000000,7,8
1,3.000000,1.530000,0.118000,-60,0.000000,7,8
1,3.000000,1.532000,0.196000,-60,0.000000,7,8
1,3.000000,1.432000,0.192000,-60,0.000000,7,8
1,3.000000,1.566000,0.219000,-60,0.000000,7,8
1,3.000000,1.554000,0.232000,-60,0.000000,7,8
1,3.000000,1.521000,0.108000,-60,0.000000,7,8
1,3.000000,1.554000,0.198000,-60,0.000000,7,8
1,3.000000,1.502000,0.131000,-60,0.000000,7,8
1,3.000000,1.617000,0.112000,-60,0.000000,7,8
1,3.000000,1.526000,0.189000,-60,0.000000,7,8
1,3.000000,1.498000,0.169000,-60,0.000000,7,8
1,3.000000,1.469000,0.172000,-60,0.000000,7,8
1,3.000000,1.413000,0.151000,-60,0.000000,7,8
1,3.000000,1.582000,0.156000,-60,0.000000,7,8
1,3.000000,1.502000,0.103000,-60,0.000000,7,8
1,3.000000,1.563000,0.180000,-60,0.000000,7,8
1,3.000000,1.493000,0.105000,-60,0.000000,7,8
1,3.000000,1.498000,0.175000,-60,0.000000,7,8
1,3.000000,1.498000,0.175000,-60,0.000000,7,8
1,3.000000,1.587000,0.131000,-60,0.000000,7,8
1,3.000000,1.533000,0.167000,-60,0.000000,7,8
1,3.000000,1.482000,0.202000,-60,0.000000,7,8
1,3.000000,1.557000,0.099000,-60,0.000000,7,8
1,3.000000,1.615000,0.104000,-60,0.000000,7,8
1,3.000000,1.441000,0.218000,-60,0.000000,7,8
1,3.000000,1.437000,0.128000,-60,0.000000,7,8
1,3.000000,1.558000,0.139000,-60,0.000000,7,8
1,3.000000,1.469000,0.184000,-60,0.000000,7,8
1,3.000000,1.441000,0.166000,-60,0.000000,7,8
1,3.000000,1.560000,0.165000,-60,0.000000,7,8
1,3.000000,1.413000,0.192000,-60,0.000000,7,8
1,3.000000,1.610000,0.154000,-60,0.000000,7,8
1,3.000000,1.526000,0.204000,-60,0.000000,7,8
1,3.000000,1.502000,0.133000,-60,0.000000,7,8
1,3.000000,1.500000,0.171000,-60,0.000000,7,8
1,3.000000,1.498000,0.179000,-60,0.000000,7,8
1,3.000000,1.582000,0.136000,-60,0.000000,7,8
1,3.000000,1.498000,0.188000,-60,0.000000,7,8
1,3.000000,1.472000,0.204000,-60,0.000000,7,8
1,3.000000,1.469000,0.230000,-60,0.000000,7,8
1,3.000000,1.558000,0.120000,-60,0.000000,7,8
1,3.000000,1.498000,0.213000,-60,0.000000,7,8
1,3.000000,1.507000,0.218000,-60,0.000000,7,8
1,3.000000,1.472000,0.172000,-60,0.000000,7,8
1,3.000000,1.563000,0.188000,-60,0.000000,7,8
1,3.000000,1.587000,0.138000,-60,0.000000,7,8
1,3.000000,1.563000,0.181000,-60,0.000000,7,8
1,3.000000,1.610000,0.148000,-60,0.000000,7,8
1,3.000000,1.554000,0.168000,-60,0.000000,7,8
1,3.000000,1.617000,0.164000,-60,0.000000,7,8
1,3.000000,1.498000,0.176000,-60,0.000000,7,8
1,3.000000,1.533000,0.163000,-60,0.000000,7,8
1,3.000000,1.554000,0.174000,-60,0.000000,7,8
1,3.000000,1.521000,0.130000,-60,0.000000,7,8
1,3.000000,1.472000,0.163000,-60,0.000000,7,8
1,3.000000,1.528000,0.150000,-60,0.000000,7,8
1,3.000000,1.554000,0.179000,-60,0.000000,7,8
1,3.000000,1.502000,0.131000,-60,0.000000,7,8
1,3.000000,1.526000,0.158000,-60,0.000000,7,8
1,3.000000,1.498000,0.194000,-60,0.000000,7,8
1,3.000000,1.498000,0.205000,-60,0.000000,7,8
1,3.000000,1.554000,0.117000,-60,0.000000,7,8
1,3.000000,1.528000,0.178000,-60,0.000000,7,8
1,3.000000,1.558000,0.147000,-60,0.000000,7,8
1,3.000000,1.556000,0.147000,-60,0.000000,7,8
1,3.000000,1.491000,0.159000,-60,0.000000,7,8
1,3.000000,1.554000,0.132000,-60,0.000000,7,8
1,3.000000,1.526000,0.209000,-60,0.000000,7,8
1,3.000000,1.526000,0.239000,-60,0.000000,7,8
1,3.000000,1.498000,0.192000,-60,0.000000,7,8
1,3.000000,1.469000,0.226000,-60,0.000000,7,8
1,3.000000,1.413000,0.175000,-60,0.000000,7,8
1,3.000000,1.502000,0.124000,-60,0.000000,7,8
1,3.000000,1.528000,0.206000,-60,0.000000,7,8
1,3.000000,1.469000,0.187000,-60,0.000000,7,8
1,3.000000,1.528000,0.144000,-60,0.000000,7,8
1,3.000000,1.526000,0.156000,-60,0.000000,7,8
1,3.000000,1.472000,0.172000,-60,0.000000,7,8
1,3.000000,1.350000,0.204000,-60,0.000000,7,8
1,3.000000,1.610000,0.139000,-60,0.000000,7,8
1,3.000000,1.591000,0.235000,-60,0.000000,7,8
1,3.000000,1.535000,0.209000,-60,0.000000,7,8
1,3.000000,1.437000,0.144000,-60,0.000000,7,8
1,3.000000,1.563000,0.179000,-60,0.000000,7,8
1,3.000000,1.472000,0.160000,-60,0.000000,7,8
1,3.000000,1.498000,0.213000,-60,0.000000,7,8
1,3.000000,1.556000,0.141000,-60,0.000000,7,8
1,3.000000,1.416000,0.193000,-60,0.000000,7,8
1,3.000000,1.526000,0.171000,-60,0.000000,7,8
1,3.000000,1.582000,0.135000,-60,0.000000,7,8
1,3.000000,1.582000,0.145000,-60,0.000000,7,8
1,3.000000,1.495000,0.123000,-60,0.000000,7,8
1,3.000000,1.469000,0.256000,-60,0.000000,7,8
1,3.000000,1.704000,0.136000,-60,0.000000,7,8
1,3.000000,1.472000,0.167000,-60,0.000000,7,8
1,3.000000,1.469000,0.201000,-60,0.000000,7,8
1,3.000000,1.441000,0.216000,-60,0.000000,7,8
1,3.000000,1.523000,0.131000,-60,0.000000,7,8
1,3.000000,1.498000,0.216000,-60,0.000000,7,8
1,3.000000,1.469000,0.230000,-60,0.000000,7,8
1,3.000000,1.498000,0.179000,-60,0.000000,7,8
1,3.000000,1.437000,0.108000,-60,0.000000,7,8
1,3.000000,1.441000,0.194000,-60,0.000000,7,8
1,3.000000,1.558000,0.144000,-60,0.000000,7,8
1,3.000000,1.498000,0.169000,-60,0.000000,7,8
1,3.000000,1.437000,0.125000,-60,0.000000,7,8
1,3.000000,1.523000,0.167000,-60,0.000000,7,8
1,3.000000,1.498000,0.252000,-60,0.000000,7,8
1,3.000000,1.556000,0.146000,-60,0.000000,7,8
1,3.000000,1.460000,0.165000,-60,0.000000,7,8
1,3.000000,1.526000,0.193000,-60,0.000000,7,8
1,3.000000,1.502000,0.136000,-60,0.000000,7,8
1,3.000000,1.554000,0.170000,-60,0.000000,7,8
1,3.000000,1.528000,0.205000,-60,0.000000,7,8
1,3.000000,1.437000,0.142000,-60,0.000000,7,8
1,3.000000,1.413000,0.192000,-60,0.000000,7,8
1,3.000000,1.582000,0.189000,-60,0.000000,7,8
1,3.000000,1.441000,0.193000,-60,0.000000,7,8
1,3.000000,1.594000,0.187000,-60,0.000000,7,8
1,3.000000,1.474000,0.149000,-60,0.000000,7,8
1,3.000000,1.505000,0.196000,-60,0.000000,7,8
1,3.000000,1.573000,0.130000,-60,0.000000,7,8
1,3.000000,1.554000,0.203000,-60,0.000000,7,8
1,3.000000,1.500000,0.097000,-60,0.000000,7,8
1,3.000000,1.444000,0.167000,-60,0.000000,7,8
1,3.000000,1.495000,0.198000,-60,0.000000,7,8
1,3.000000,1.416000,0.167000,-60,0.000000,7,8
1,3.000000,1.554000,0.136000,-60,0.000000,7,8
1,3.000000,1.521000,0.162000,-60,0.000000,7,8
1,3.000000,1.444000,0.218000,-60,0.000000,7,8
1,3.000000,1.526000,0.202000,-60,0.000000,7,8
1,3.000000,1.474000,0.160000,-60,0.000000,7,8
1,3.000000,1.519000,0.209000,-60,0.000000,7,8
1,3.000000,1.523000,0.137000,-60,0.000000,7,8
1,3.000000,1.444000,0.155000,-60,0.000000,7,8
1,3.000000,1.446000,0.154000,-60,0.000000,7,8
1,3.000000,1.507000,0.222000,-60,0.000000,7,8
1,3.000000,1.526000,0.186000,-60,0.000000,7,8
1,3.000000,1.498000,0.211000,-60,0.000000,7,8
1,3.000000,1.533000,0.175000,-60,0.000000,7,8
1,3.000000,1.498000,0.217000,-60,0.000000,7,8
1,3.000000,1.526000,0.183000,-60,0.000000,7,8
1,3.000000,1.519000,0.213000,-60,0.000000,7,8
1,3.000000,1.413000,0.192000,-60,0.000000,7,8
1,3.000000,1.528000,0.135000,-60,0.000000,7,8
1,3.000000,1.549000,0.117000,-60,0.000000,7,8
1,3.000000,1.502000,0.137000,-60,0.000000,7,8
1,3.000000,1.584000,0.151000,-60,0.000000,7,8
1,3.000000,1.465000,0.118000,-60,0.000000,7,8
1,3.000000,1.498000,0.187000,-60,0.000000,7,8
1,3.000000,1.479000,0.189000,-60,0.000000,7,8
1,3.000000,1.437000,0.145000,-60,0.000000,7,8
1,3.000000,1.554000,0.170000,-60,0.000000,7,8
1,3.000000,1.500000,0.144000,-60,0.000000,7,8
1,3.000000,1.530000,0.115000,-60,0.000000,7,8
1,3.000000,1.526000,0.238000,-60,0.000000,7,8
1,3.000000,1.385000,0.175000,-60,0.000000,7,8
1,3.000000,1.469000,0.193000,-60,0.000000,7,8
1,3.000000,1.528000,0.187000,-60,0.000000,7,8
1,3.000000,1.469000,0.241000,-60,0.000000,7,8
1,3.000000,1.558000,0.164000,-60,0.000000,7,8
1,3.000000,1.476000,0.193000,-60,0.000000,7,8
1,3.000000,1.526000,0.107000,-60,0.000000,7,8
1,3.000000,1.495000,0.194000,-60,0.000000,7,8
1,3.000000,1.502000,0.121000,-60,0.000000,7,8
1,3.000000,1.533000,0.189000,-60,0.000000,7,8
1,3.000000,1.554000,0.172000,-60,0.000000,7,8
1,3.000000,1.554000,0.232000,-60,0.000000,7,8
1,3.000000,1.413000,0.162000,-60,0.000000,7,8
1,3.000000,1.526000,0.158000,-60,0.000000,7,8
1,3.000000,1.498000,0.189000,-60,0.000000,7,8
1,3.000000,1.523000,0.162000,-60,0.000000,7,8
1,3.000000,1.474000,0.145000,-60,0.000000,7,8
1,3.000000,1.556000,0.180000,-60,0.000000,7,8
1,3.000000,1.444000,0.222000,-60,0.000000,7,8
1,3.000000,1.498000,0.206000,-60,0.000000,7,8
1,3.000000,1.446000,0.156000,-60,0.000000,7,8
1,3.000000,1.576000,0.125000,-60,0.000000,7,8
1,3.000000,1.558000,0.138000,-60,0.000000,7,8
1,3.000000,1.498000,0.147000,-60,0.000000,7,8
1,3.000000,1.469000,0.128000,-60,0.000000,7,8
1,3.000000,1.472000,0.148000,-60,0.000000,7,8
1,3.000000,1.533000,0.122000,-60,0.000000,7,8
1,3.000000,1.469000,0.219000,-60,0.000000,7,8
1,3.000000,1.587000,0.131000,-60,0.000000,7,8
1,3.000000,1.498000,0.229000,-60,0.000000,7,8
1,3.000000,1.498000,0.195000,-60,0.000000,7,8
1,3.000000,1.619000,0.172000,-60,0.000000,7,8
1,3.000000,1.498000,0.182000,-60,0.000000,7,8
1,3.000000,1.635000,0.123000,-60,0.000000,7,8
1,3.000000,1.493000,0.119000,-60,0.000000,7,8
1,3.000000,1.498000,0.211000,-60,0.000000,7,8
1,3.000000,1.556000,0.145000,-60,0.000000,7,8
1,3.000000,1.526000,0.194000,-60,0.000000,7,8
1,3.000000,1.558000,0.083000,-60,0.000000,7,8
1,3.000000,1.493000,0.183000,-60,0.000000,7,8
1,3.000000,1.385000,0.222000,-60,0.000000,7,8
1,3.000000,1.530000,0.091000,-60,0.000000,7,8
1,3.000000,1.615000,0.138000,-60,0.000000,7,8
1,3.000000,1.467000,0.224000,-60,0.000000,7,8
1,3.000000,1.530000,0.116000,-60,0.000000,7,8
1,3.000000,1.444000,0.169000,-60,0.000000,7,8
1,3.000000,1.591000,0.219000,-60,0.000000,7,8
1,3.000000,1.551000,0.160000,-60,0.000000,7,8
1,3.000000,1.498000,0.191000,-60,0.000000,7,8
1,3.000000,1.462000,0.173000,-60,0.000000,7,8
1,3.000000,1.439000,0.169000,-60,0.000000,7,8
1,3.000000,1.554000,0.181000,-60,0.000000,7,8
1,3.000000,1.498000,0.192000,-60,0.000000,7,8
1,3.000000,1.533000,0.175000,-60,0.000000,7,8
1,3.000000,1.380000,0.210000,-60,0.000000,7,8
1,3.000000,1.558000,0.092000,-60,0.000000,7,8
1,3.000000,1.561000,0.136000,-60,0.000000,7,8
1,3.000000,1.535000,0.209000,-60,0.000000,7,8
1,3.000000,1.465000,0.136000,-60,0.000000,7,8
1,3.000000,1.519000,0.161000,-60,0.000000,7,8
1,3.000000,1.619000,0.148000,-60,0.000000,7,8
1,3.000000,1.526000,0.163000,-60,0.000000,7,8
1,3.000000,1.467000,0.197000,-60,0.000000,7,8
1,3.000000,1.535000,0.206000,-60,0.000000,7,8
1,3.000000,1.587000,0.104000,-60,0.000000,7,8
1,3.000000,1.666000,0.150000,-60,0.000000,7,8
1,3.000000,1.495000,0.200000,-60,0.000000,7,8
1,3.000000,1.533000,0.122000,-60,0.000000,7,8
1,3.000000,1.416000,0.164000,-60,0.000000,7,8
1,3.000000,1.561000,0.145000,-60,0.000000,7,8
1,3.000000,1.523000,0.172000,-60,0.000000,7,8
1,3.000000,1.558000,0.083000,-60,0.000000,7,8
1,3.000000,1.498000,0.184000,-60,0.000000,7,8
1,3.000000,1.601000,0.113000,-60,0.000000,7,8
1,3.000000,1.441000,0.186000,-60,0.000000,7,8
1,3.000000,1.604000,0.100000,-60,0.000000,7,8
1,3.000000,1.617000,0.133000,-60,0.000000,7,8
1,3.000000,1.472000,0.184000,-60,0.000000,7,8
1,3.000000,1.500000,0.190000,-60,0.000000,7,8
1,3.000000,1.587000,0.127000,-60,0.000000,7,8
1,3.000000,1.563000,0.217000,-60,0.000000,7,8
1,3.000000,1.561000,0.178000,-60,0.000000,7,8
1,3.000000,1.529000,0.188000,-60,0.000000,7,8
1,3.000000,1.561000,0.103000,-60,0.000000,7,8
1,3.000000,1.558000,0.119000,-60,0.000000,7,8
1,3.000000,1.608000,0.136000,-60,0.000000,7,8
1,3.000000,1.619000,0.182000,-60,0.000000,7,8
1,3.000000,1.472000,0.204000,-60,0.000000,7,8
1,3.000000,1.467000,0.180000,-60,0.000000,7,8
1,3.000000,1.469000,0.152000,-60,0.000000,7,8
1,3.000000,1.523000,0.147000,-60,0.000000,7,8
1,3.000000,1.469000,0.206000,-60,0.000000,7,8
1,3.000000,1.530000,0.103000,-60,0.000000,7,8
1,3.000000,1.597000,0.130000,-60,0.000000,7,8
1,3.000000,1.529000,0.145000,-60,0.000000,7,8
1,3.000000,1.469000,0.238000,-60,0.000000,7,8
1,3.000000,1.500000,0.185000,-60,0.000000,7,8
1,3.000000,1.587000,0.131000,-60,0.000000,7,8
1,3.000000,1.533000,0.210000,-60,0.000000,7,8
1,3.000000,1.648000,0.166000,-60,0.000000,7,8
1,3.000000,1.587000,0.229000,-60,0.000000,7,8
1,3.000000,1.561000,0.173000,-60,0.000000,7,8
1,3.000000,1.530000,0.116000,-60,0.000000,7,8
1,3.000000,1.610000,0.089000,-60,0.000000,7,8
1,3.000000,1.528000,0.190000,-60,0.000000,7,8
1,3.000000,1.533000,0.210000,-60,0.000000,7,8
1,3.000000,1.498000,0.203000,-60,0.000000,7,8
1,3.000000,1.533000,0.145000,-60,0.000000,7,8
1,3.000000,1.591000,0.168000,-60,0.000000,7,8
1,3.000000,1.587000,0.126000,-60,0.000000,7,8
1,3.000000,1.416000,0.256000,-60,0.000000,7,8
1,3.000000,1.563000,0.187000,-60,0.000000,7,8
1,3.000000,1.624000,0.164000,-60,0.000000,7,8
1,3.000000,1.498000,0.192000,-60,0.000000,7,8
1,3.000000,1.502000,0.123000,-60,0.000000,7,8
1,3.000000,1.648000,0.610000,-60,0.000000,7,8
1,3.000000,1.472000,0.196000,-60,0.000000,7,8
1,3.000000,1.469000,0.174000,-60,0.000000,7,8
1,3.000000,1.563000,0.221000,-60,0.000000,7,8
1,3.000000,1.587000,0.140000,-60,0.000000,7,8
1,3.000000,1.498000,0.235000,-60,0.000000,7,8
1,3.000000,1.498000,0.189000,-60,0.000000,7,8
1,3.000000,1.556000,0.179000,-60,0.000000,7,8
1,3.000000,1.556000,0.216000,-60,0.000000,7,8
1,3.000000,1.556000,0.148000,-60,0.000000,7,8
1,3.000000,1.521000,0.143000,-60,0.000000,7,8
1,3.000000,1.610000,0.141000,-60,0.000000,7,8
1,3.000000,1.444000,0.195000,-60,0.000000,7,8
1,3.000000,1.441000,0.210000,-60,0.000000,7,8
1,3.000000,1.523000,0.160000,-60,0.000000,7,8
1,3.000000,1.476000,0.192000,-60,0.000000,7,8
1,3.000000,1.538000,0.242000,-60,0.000000,7,8
1,3.000000,1.528000,0.157000,-60,0.000000,7,8
1,3.000000,1.498000,0.144000,-60,0.000000,7,8
1,3.000000,1.535000,0.237000,-60,0.000000,7,8
1,3.000000,1.591000,0.184000,-60,0.000000,7,8
1,3.000000,1.528000,0.187000,-60,0.000000,7,8
1,3.000000,1.441000,0.164000,-60,0.000000,7,8
1,3.000000,1.591000,0.204000,-60,0.000000,7,8
1,3.000000,1.500000,0.189000,-60,0.000000,7,8
1,3.000000,1.444000,0.160000,-60,0.000000,7,8
1,3.000000,1.638000,0.117000,-60,0.000000,7,8
1,3.000000,1.533000,0.133000,-60,0.000000,7,8
1,3.000000,1.526000,0.193000,-60,0.000000,7,8
1,3.000000,1.561000,0.178000,-60,0.000000,7,8
1,3.000000,1.498000,0.240000,-60,0.000000,7,8
1,3.000000,1.498000,0.175000,-60,0.000000,7,8
1,3.000000,1.472000,0.163000,-60,0.000000,7,8
1,3.000000,1.385000,0.238000,-60,0.000000,7,8
1,3.000000,1.554000,0.158000,-60,0.000000,7,8
1,3.000000,1.441000,0.234000,-60,0.000000,7,8
1,3.000000,1.500000,0.206000,-60,0.000000,7,8
1,3.000000,1.502000,0.172000,-60,0.000000,7,8
1,3.000000,1.587000,0.123000,-60,0.000000,7,8
1,3.000000,1.474000,0.174000,-60,0.000000,7,8
1,3.000000,1.612000,0.160000,-60,0.000000,7,8
1,3.000000,1.498000,0.192000,-60,0.000000,7,8
1,3.000000,1.474000,0.134000,-60,0.000000,7,8
1,3.000000,1.554000,0.164000,-60,0.000000,7,8
1,3.000000,1.556000,0.175000,-60,0.000000,7,8
1,3.000000,1.413000,0.183000,-60,0.000000,7,8
1,3.000000,1.526000,0.199000,-60,0.000000,7,8
1,3.000000,1.566000,0.110000,-60,0.000000,7,8
1,3.000000,1.505000,0.149000,-60,0.000000,7,8
1,3.000000,1.472000,0.184000,-60,0.000000,7,8
1,3.000000,1.482000,0.198000,-60,0.000000,7,8
1,3.000000,1.446000,0.154000,-60,0.000000,7,8
1,3.000000,1.582000,0.168000,-60,0.000000,7,8
1,3.000000,1.408000,0.163000,-60,0.000000,7,8
1,3.000000,1.558000,0.080000,-60,0.000000,7,8
1,3.000000,1.561000,0.170000,-60,0.000000,7,8
1,3.000000,1.439000,0.205000,-60,0.000000,7,8
1,3.000000,1.584000,0.102000,-60,0.000000,7,8
1,3.000000,1.502000,0.131000,-60,0.000000,7,8
1,3.000000,1.610000,0.154000,-60,0.000000,7,8
1,3.000000,1.474000,0.204000,-60,0.000000,7,8
