1,21.000000,19.500999,0.314000,-64,0.000000,7,8
1,21.000000,19.417000,0.236000,-66,0.000000,7,8
1,21.000000,19.426001,0.384000,-65,0.000000,7,8
1,21.000000,19.539000,0.240000,-66,0.000000,7,8
1,21.000000,19.426001,0.389000,-65,0.000000,7,8
1,21.000000,19.539000,0.328000,-66,0.000000,7,8
1,21.000000,19.511000,0.350000,-66,0.000000,7,8
1,21.000000,19.539000,0.312000,-66,0.000000,7,8
1,21.000000,19.500999,0.314000,-66,0.000000,7,8
1,21.000000,19.539000,0.295000,-66,0.000000,7,8
1,21.000000,19.492001,0.393000,-66,0.000000,7,8
1,21.000000,19.570000,0.405000,-66,0.000000,7,8
1,21.000000,19.511000,0.256000,-66,0.000000,7,8
1,21.000000,19.361000,0.323000,-66,0.000000,7,8
1,21.000000,19.417000,0.240000,-66,0.000000,7,8
1,21.000000,19.275999,0.466000,-67,0.000000,7,8
1,21.000000,19.183001,0.379000,-67,0.000000,7,8
1,21.000000,19.445000,0.331000,-66,0.000000,7,8
1,21.000000,19.426001,0.466000,-65,0.000000,7,8
1,21.000000,19.530001,0.424000,-66,0.000000,7,8
1,21.000000,19.583000,0.430000,-66,0.000000,7,8
1,21.000000,19.708000,0.151000,-66,0.000000,7,8
1,21.000000,19.464001,0.331000,-67,0.000000,7,8
1,21.000000,19.230000,0.503000,-67,0.000000,7,8
1,21.000000,19.530001,0.350000,-66,0.000000,7,8
1,21.000000,19.455000,0.305000,-67,0.000000,7,8
1,21.000000,19.530001,0.373000,-65,0.000000,7,8
1,21.000000,19.417000,0.350000,-66,0.000000,7,8
1,21.000000,19.492001,0.380000,-66,0.000000,7,8
1,21.000000,19.436001,0.258000,-67,0.000000,7,8
1,21.000000,19.566999,0.145000,-66,0.000000,7,8
1,21.000000,19.473000,0.291000,-66,0.000000,7,8
1,21.000000,19.511000,0.350000,-67,0.000000,7,8
1,21.000000,19.500999,0.331000,-67,0.000000,7,8
1,21.000000,19.539000,0.355000,-67,0.000000,7,8
1,21.000000,19.426001,0.451000,-67,0.000000,7,8
1,21.000000,19.417000,0.350000,-67,0.000000,7,8
1,21.000000,19.464001,0.331000,-66,0.000000,7,8
1,21.000000,19.426001,0.451000,-66,0.000000,7,8
1,21.000000,19.589001,0.262000,-66,0.000000,7,8
1,21.000000,19.339001,0.438000,-66,0.000000,7,8
1,21.000000,19.382999,0.435000,-67,0.000000,7,8
1,21.000000,19.382999,0.435000,-66,0.000000,7,8
1,21.000000,19.379999,0.501000,-65,0.000000,7,8
1,21.000000,19.426001,0.466000,-65,0.000000,7,8
1,21.000000,19.426001,0.451000,-66,0.000000,7,8
1,21.000000,19.464001,0.450000,-66,0.000000,7,8
1,21.000000,19.736000,0.318000,-65,0.000000,7,8
1,21.000000,19.745001,0.268000,-66,0.000000,7,8
1,21.000000,19.660999,0.303000,-66,0.000000,7,8
1,21.000000,19.426001,0.466000,-66,0.000000,7,8
1,21.000000,19.539000,0.384000,-66,0.000000,7,8
1,21.000000,19.333000,0.454000,-66,0.000000,7,8
1,21.000000,19.461000,0.398000,-66,0.000000,7,8
1,21.000000,19.530001,0.255000,-66,0.000000,7,8
1,21.000000,19.605000,0.151000,-65,0.000000,7,8
1,21.000000,19.594999,0.294000,-66,0.000000,7,8
1,21.000000,19.500999,0.433000,-65,0.000000,7,8
1,21.000000,19.583000,0.393000,-65,0.000000,7,8
1,21.000000,19.801001,0.280000,-65,0.000000,7,8
1,21.000000,19.739000,0.321000,-65,0.000000,7,8
1,21.000000,19.867001,0.214000,-65,0.000000,7,8
1,21.000000,19.614000,0.342000,-65,0.000000,7,8
1,21.000000,19.660999,0.350000,-65,0.000000,7,8
1,21.000000,19.719999,0.260000,-66,0.000000,7,8
1,21.000000,19.601000,0.292000,-67,0.000000,7,8
1,21.000000,19.576000,0.400000,-67,0.000000,7,8
1,21.000000,19.650999,0.312000,-66,0.000000,7,8
1,21.000000,19.761000,0.321000,-66,0.000000,7,8
1,21.000000,19.844999,0.260000,-65,0.000000,7,8
1,21.000000,19.801001,0.297000,-66,0.000000,7,8
1,21.000000,19.680000,0.344000,-65,0.000000,7,8
1,21.000000,19.723000,0.363000,-65,0.000000,7,8
1,21.000000,19.561001,0.374000,-65,0.000000,7,8
1,21.000000,19.289000,0.521000,-66,0.000000,7,8
1,21.000000,19.464001,0.481000,-66,0.000000,7,8
1,21.000000,19.660999,0.421000,-66,0.000000,7,8
1,21.000000,19.745001,0.355000,-65,0.000000,7,8
1,21.000000,19.650999,0.401000,-65,0.000000,7,8
1,21.000000,19.785999,0.318000,-66,0.000000,7,8
1,21.000000,19.716999,0.317000,-65,0.000000,7,8
1,21.000000,19.795000,0.265000,-65,0.000000,7,8
1,21.000000,19.739000,0.309000,-65,0.000000,7,8
1,21.000000,19.688999,0.280000,-65,0.000000,7,8
1,21.000000,19.523001,0.398000,-66,0.000000,7,8
1,21.000000,19.398001,0.501000,-65,0.000000,7,8
1,21.000000,19.539000,0.466000,-65,0.000000,7,8
1,21.000000,19.492001,0.306000,-66,0.000000,7,8
1,21.000000,19.660999,0.336000,-66,0.000000,7,8
1,21.000000,19.745001,0.231000,-65,0.000000,7,8
1,21.000000,19.792000,0.386000,-66,0.000000,7,8
1,21.000000,19.764000,0.288000,-65,0.000000,7,8
1,21.000000,19.589001,0.409000,-66,0.000000,7,8
1,21.000000,19.773001,0.300000,-65,0.000000,7,8
1,21.000000,19.566999,0.410000,-65,0.000000,7,8
1,21.000000,19.632999,0.461000,-66,0.000000,7,8
1,21.000000,19.739000,0.405000,-65,0.000000,7,8
1,21.000000,19.688999,0.297000,-65,0.000000,7,8
1,21.000000,19.511000,0.388000,-66,0.000000,7,8
1,21.000000,19.408001,0.566000,-65,0.000000,7,8
1,21.000000,19.426001,0.482000,-65,0.000000,7,8
1,21.000000,19.688999,0.331000,-66,0.000000,7,8
1,21.000000,19.539000,0.467000,-66,0.000000,7,8
1,21.000000,19.745001,0.356000,-66,0.000000,7,8
1,21.000000,19.614000,0.301000,-66,0.000000,7,8
1,21.000000,19.745001,0.318000,-66,0.000000,7,8
1,21.000000,19.576000,0.451000,-67,0.000000,7,8
1,21.000000,19.745001,0.355000,-66,0.000000,7,8
1,21.000000,19.688999,0.327000,-66,0.000000,7,8
1,21.000000,19.801001,0.253000,-66,0.000000,7,8
1,21.000000,19.576000,0.280000,-65,0.000000,7,8
1,21.000000,19.773001,0.299000,-65,0.000000,7,8
1,21.000000,19.688999,0.280000,-66,0.000000,7,8
1,21.000000,19.867001,0.253000,-66,0.000000,7,8
1,21.000000,19.872999,0.208000,-66,0.000000,7,8
1,21.000000,19.775999,0.276000,-65,0.000000,7,8
1,21.000000,19.767000,0.230000,-66,0.000000,7,8
1,21.000000,19.811001,0.285000,-65,0.000000,7,8
1,21.000000,19.650999,0.295000,-67,0.000000,7,8
1,21.000000,19.895000,0.244000,-67,0.000000,7,8
1,21.000000,19.785999,0.266000,-66,0.000000,7,8
1,21.000000,19.492001,0.472000,-67,0.000000,7,8
1,21.000000,19.688999,0.326000,-67,0.000000,7,8
1,21.000000,19.886000,0.134000,-66,0.000000,7,8
1,21.000000,19.726000,0.297000,-66,0.000000,7,8
1,21.000000,19.648001,0.295000,-66,0.000000,7,8
1,21.000000,19.680000,0.367000,-67,0.000000,7,8
1,21.000000,19.905001,0.131000,-67,0.000000,7,8
1,21.000000,19.844999,0.169000,-66,0.000000,7,8
1,21.000000,19.660999,0.336000,-66,0.000000,7,8
1,21.000000,19.539000,0.466000,-67,0.000000,7,8
1,21.000000,19.801001,0.267000,-66,0.000000,7,8
1,21.000000,19.726000,0.276000,-66,0.000000,7,8
1,21.000000,19.773001,0.299000,-66,0.000000,7,8
1,21.000000,19.688999,0.267000,-66,0.000000,7,8
1,21.000000,19.830000,0.251000,-65,0.000000,7,8
1,21.000000,19.914000,0.221000,-66,0.000000,7,8
1,21.000000,19.933001,0.141000,-66,0.000000,7,8
1,21.000000,19.683001,0.320000,-66,0.000000,7,8
1,21.000000,19.648001,0.341000,-66,0.000000,7,8
1,21.000000,19.864000,0.178000,-67,0.000000,7,8
1,21.000000,19.750999,0.160000,-67,0.000000,7,8
1,21.000000,19.688999,0.297000,-66,0.000000,7,8
1,21.000000,19.736000,0.318000,-66,0.000000,7,8
1,21.000000,19.688999,0.297000,-66,0.000000,7,8
1,21.000000,19.726000,0.264000,-66,0.000000,7,8
1,21.000000,19.614000,0.384000,-66,0.000000,7,8
1,21.000000,19.775999,0.276000,-66,0.000000,7,8
1,21.000000,19.688999,0.280000,-66,0.000000,7,8
1,21.000000,19.658001,0.373000,-66,0.000000,7,8
1,21.000000,19.660999,0.350000,-66,0.000000,7,8
1,21.000000,19.650999,0.328000,-66,0.000000,7,8
1,21.000000,19.698000,0.306000,-66,0.000000,7,8
1,21.000000,19.688999,0.280000,-66,0.000000,7,8
1,21.000000,19.801001,0.244000,-66,0.000000,7,8
1,21.000000,19.688999,0.226000,-67,0.000000,7,8
1,21.000000,19.848000,0.251000,-66,0.000000,7,8
1,21.000000,19.773001,0.299000,-66,0.000000,7,8
1,21.000000,19.785999,0.252000,-67,0.000000,7,8
1,21.000000,19.923000,0.136000,-66,0.000000,7,8
1,21.000000,19.895000,0.163000,-66,0.000000,7,8
1,21.000000,19.941999,0.097000,-66,0.000000,7,8
1,21.000000,19.905001,0.084000,-65,0.000000,7,8
1,21.000000,19.980000,0.112000,-66,0.000000,7,8
1,21.000000,19.830000,0.171000,-66,0.000000,7,8
1,21.000000,19.764000,0.201000,-66,0.000000,7,8
1,21.000000,19.886000,0.180000,-65,0.000000,7,8
1,21.000000,19.886000,0.154000,-65,0.000000,7,8
1,21.000000,19.910999,0.093000,-65,0.000000,7,8
1,21.000000,19.980000,0.081000,-65,0.000000,7,8
1,21.000000,19.764000,0.211000,-65,0.000000,7,8
1,21.000000,19.773001,0.255000,-66,0.000000,7,8
1,21.000000,19.642000,0.247000,-66,0.000000,7,8
1,21.000000,19.726000,0.281000,-66,0.000000,7,8
1,21.000000,19.605000,0.325000,-66,0.000000,7,8
1,21.000000,19.895000,0.163000,-66,0.000000,7,8
1,21.000000,19.660999,0.321000,-66,0.000000,7,8
1,21.000000,19.530001,0.368000,-66,0.000000,7,8
1,21.000000,19.566999,0.351000,-67,0.000000,7,8
1,21.000000,19.688999,0.327000,-67,0.000000,7,8
1,21.000000,19.726000,0.331000,-66,0.000000,7,8
1,21.000000,19.792000,0.258000,-66,0.000000,7,8
1,21.000000,19.688999,0.313000,-66,0.000000,7,8
1,21.000000,19.764000,0.269000,-67,0.000000,7,8
1,21.000000,19.650999,0.295000,-66,0.000000,7,8
1,21.000000,19.905001,0.216000,-66,0.000000,7,8
1,21.000000,19.686001,0.370000,-67,0.000000,7,8
1,21.000000,19.830000,0.220000,-67,0.000000,7,8
1,21.000000,19.530001,0.474000,-67,0.000000,7,8
1,21.000000,19.539000,0.443000,-66,0.000000,7,8
1,21.000000,19.941999,0.216000,-66,0.000000,7,8
1,21.000000,19.695000,0.279000,-66,0.000000,7,8
1,21.000000,19.614000,0.360000,-67,0.000000,7,8
1,21.000000,19.642000,0.401000,-66,0.000000,7,8
1,21.000000,19.539000,0.486000,-66,0.000000,7,8
1,21.000000,19.923000,0.270000,-66,0.000000,7,8
1,21.000000,19.754999,0.311000,-66,0.000000,7,8
1,21.000000,19.900999,0.245000,-66,0.000000,7,8
1,21.000000,19.645000,0.347000,-66,0.000000,7,8
1,21.000000,19.764000,0.318000,-66,0.000000,7,8
1,21.000000,19.761000,0.325000,-66,0.000000,7,8
1,21.000000,19.650999,0.379000,-66,0.000000,7,8
1,21.000000,19.688999,0.351000,-66,0.000000,7,8
1,21.000000,19.650999,0.342000,-66,0.000000,7,8
1,21.000000,19.539000,0.443000,-66,0.000000,7,8
1,21.000000,19.650999,0.328000,-66,0.000000,7,8
1,21.000000,19.617001,0.409000,-66,0.000000,7,8
1,21.000000,19.660999,0.350000,-66,0.000000,7,8
1,21.000000,19.698000,0.334000,-66,0.000000,7,8
1,21.000000,19.660999,0.321000,-67,0.000000,7,8
1,21.000000,19.645000,0.403000,-66,0.000000,7,8
1,21.000000,19.680000,0.388000,-66,0.000000,7,8
1,21.000000,19.583000,0.393000,-66,0.000000,7,8
1,21.000000,19.539000,0.428000,-66,0.000000,7,8
1,21.000000,19.698000,0.321000,-66,0.000000,7,8
1,21.000000,19.844999,0.313000,-66,0.000000,7,8
1,21.000000,19.660999,0.350000,-66,0.000000,7,8
1,21.000000,19.539000,0.453000,-66,0.000000,7,8
1,21.000000,19.726000,0.361000,-66,0.000000,7,8
1,21.000000,19.539000,0.416000,-66,0.000000,7,8
1,21.000000,19.750999,0.373000,-67,0.000000,7,8
1,21.000000,19.539000,0.470000,-67,0.000000,7,8
1,21.000000,19.455000,0.519000,-67,0.000000,7,8
1,21.000000,19.680000,0.509000,-66,0.000000,7,8
1,21.000000,19.785999,0.384000,-66,0.000000,7,8
1,21.000000,19.614000,0.442000,-66,0.000000,7,8
1,21.000000,19.492001,0.516000,-67,0.000000,7,8
1,21.000000,19.754999,0.328000,-67,0.000000,7,8
1,21.000000,19.795000,0.333000,-67,0.000000,7,8
1,21.000000,19.611000,0.393000,-66,0.000000,7,8
1,21.000000,19.539000,0.466000,-66,0.000000,7,8
1,21.000000,19.650999,0.342000,-66,0.000000,7,8
1,21.000000,19.739000,0.294000,-66,0.000000,7,8
1,21.000000,19.660999,0.350000,-67,0.000000,7,8
1,21.000000,19.650999,0.295000,-66,0.000000,7,8
1,21.000000,19.864000,0.211000,-67,0.000000,7,8
1,21.000000,19.688999,0.311000,-67,0.000000,7,8
1,21.000000,19.795000,0.239000,-67,0.000000,7,8
1,21.000000,19.698000,0.334000,-67,0.000000,7,8
1,21.000000,19.816999,0.261000,-67,0.000000,7,8
1,21.000000,19.695000,0.336000,-66,0.000000,7,8
1,21.000000,19.792000,0.224000,-67,0.000000,7,8
1,21.000000,19.895000,0.202000,-66,0.000000,7,8
1,21.000000,19.836000,0.285000,-66,0.000000,7,8
1,21.000000,19.676001,0.348000,-66,0.000000,7,8
1,21.000000,19.839001,0.228000,-66,0.000000,7,8
1,21.000000,19.660999,0.336000,-66,0.000000,7,8
1,21.000000,19.617001,0.392000,-66,0.000000,7,8
1,21.000000,19.617001,0.423000,-66,0.000000,7,8
1,21.000000,19.660999,0.336000,-66,0.000000,7,8
1,21.000000,19.614000,0.314000,-66,0.000000,7,8
1,21.000000,19.839001,0.281000,-66,0.000000,7,8
1,21.000000,19.726000,0.361000,-66,0.000000,7,8
1,21.000000,19.754999,0.364000,-67,0.000000,7,8
1,21.000000,19.716999,0.406000,-67,0.000000,7,8
1,21.000000,19.688999,0.336000,-66,0.000000,7,8
1,21.000000,19.688999,0.297000,-66,0.000000,7,8
1,21.000000,19.530001,0.390000,-67,0.000000,7,8
1,21.000000,19.839001,0.287000,-66,0.000000,7,8
1,21.000000,19.767000,0.323000,-66,0.000000,7,8
1,21.000000,19.811001,0.351000,-66,0.000000,7,8
1,21.000000,19.992001,0.458000,-66,0.000000,7,8
1,21.000000,19.851000,0.393000,-66,0.000000,7,8
1,21.000000,19.660999,0.270000,-67,0.000000,7,8
1,21.000000,19.680000,0.292000,-67,0.000000,7,8
1,21.000000,19.583000,0.356000,-67,0.000000,7,8
1,21.000000,19.905001,0.233000,-66,0.000000,7,8
1,21.000000,19.867001,0.329000,-66,0.000000,7,8
1,21.000000,19.872999,0.159000,-66,0.000000,7,8
1,21.000000,19.773001,0.316000,-66,0.000000,7,8
1,21.000000,19.658001,0.373000,-67,0.000000,7,8
1,21.000000,19.614000,0.314000,-67,0.000000,7,8
1,21.000000,19.561001,0.294000,-67,0.000000,7,8
1,21.000000,19.951000,0.271000,-66,0.000000,7,8
1,21.000000,19.848000,0.305000,-66,0.000000,7,8
1,21.000000,19.914000,0.155000,-66,0.000000,7,8
1,21.000000,19.830000,0.396000,-67,0.000000,7,8
1,21.000000,19.642000,0.247000,-67,0.000000,7,8
1,21.000000,19.844999,0.328000,-67,0.000000,7,8
1,21.000000,19.801001,0.313000,-67,0.000000,7,8
1,21.000000,19.688999,0.423000,-67,0.000000,7,8
1,21.000000,19.614000,0.379000,-67,0.000000,7,8
1,21.000000,19.650999,0.387000,-67,0.000000,7,8
1,21.000000,19.539000,0.466000,-67,0.000000,7,8
1,21.000000,19.530001,0.391000,-67,0.000000,7,8
1,21.000000,19.801001,0.260000,-66,0.000000,7,8
1,21.000000,19.614000,0.390000,-66,0.000000,7,8
1,21.000000,19.792000,0.310000,-67,0.000000,7,8
1,21.000000,19.660999,0.321000,-67,0.000000,7,8
1,21.000000,19.566999,0.291000,-66,0.000000,7,8
1,21.000000,19.839001,0.155000,-66,0.000000,7,8
1,21.000000,19.839001,0.237000,-65,0.000000,7,8
1,21.000000,19.933001,0.293000,-66,0.000000,7,8
1,21.000000,19.895000,0.261000,-65,0.000000,7,8
1,21.000000,19.691999,0.415000,-66,0.000000,7,8
1,21.000000,19.754999,0.345000,-66,0.000000,7,8
1,21.000000,19.650999,0.288000,-66,0.000000,7,8
1,21.000000,19.798000,0.199000,-66,0.000000,7,8
1,21.000000,19.500999,0.366000,-67,0.000000,7,8
1,21.000000,19.492001,0.457000,-67,0.000000,7,8
1,21.000000,19.530001,0.497000,-67,0.000000,7,8
1,21.000000,19.801001,0.237000,-66,0.000000,7,8
1,21.000000,19.854000,0.263000,-66,0.000000,7,8
1,21.000000,19.698000,0.334000,-66,0.000000,7,8
1,21.000000,19.839001,0.194000,-66,0.000000,7,8
1,21.000000,19.980000,0.110000,-66,0.000000,7,8
1,21.000000,19.733000,0.352000,-66,0.000000,7,8
1,21.000000,19.951000,0.117000,-66,0.000000,7,8
1,21.000000,19.617001,0.423000,-67,0.000000,7,8
1,21.000000,19.773001,0.322000,-66,0.000000,7,8
1,21.000000,19.686001,0.350000,-66,0.000000,7,8
1,21.000000,19.642000,0.399000,-66,0.000000,7,8
1,21.000000,19.792000,0.210000,-66,0.000000,7,8
1,21.000000,19.754999,0.328000,-66,0.000000,7,8
1,21.000000,19.688999,0.297000,-66,0.000000,7,8
1,21.000000,19.650999,0.342000,-66,0.000000,7,8
1,21.000000,19.801001,0.286000,-66,0.000000,7,8
1,21.000000,19.801001,0.297000,-65,0.000000,7,8
1,21.000000,19.795000,0.320000,-66,0.000000,7,8
1,21.000000,19.683001,0.400000,-66,0.000000,7,8
1,21.000000,19.611000,0.406000,-67,0.000000,7,8
1,21.000000,19.754999,0.330000,-66,0.000000,7,8
1,21.000000,19.785999,0.347000,-67,0.000000,7,8
1,21.000000,19.698000,0.351000,-66,0.000000,7,8
1,21.000000,19.683001,0.409000,-66,0.000000,7,8
1,21.000000,19.816999,0.236000,-67,0.000000,7,8
1,21.000000,19.736000,0.305000,-66,0.000000,7,8
1,21.000000,19.660999,0.350000,-66,0.000000,7,8
1,21.000000,19.695000,0.322000,-66,0.000000,7,8
1,21.000000,19.745001,0.251000,-66,0.000000,7,8
1,21.000000,19.844999,0.328000,-66,0.000000,7,8
1,21.000000,19.650999,0.348000,-66,0.000000,7,8
1,21.000000,19.660999,0.336000,-67,0.000000,7,8
1,21.000000,19.905001,0.204000,-66,0.000000,7,8
1,21.000000,19.795000,0.277000,-66,0.000000,7,8
1,21.000000,19.951000,0.190000,-66,0.000000,7,8
1,21.000000,19.716999,0.260000,-66,0.000000,7,8
1,21.000000,19.716999,0.341000,-66,0.000000,7,8
1,21.000000,19.773001,0.337000,-66,0.000000,7,8
1,21.000000,19.614000,0.411000,-67,0.000000,7,8
1,21.000000,19.767000,0.271000,-67,0.000000,7,8
1,21.000000,19.726000,0.319000,-66,0.000000,7,8
1,21.000000,19.773001,0.299000,-66,0.000000,7,8
1,21.000000,19.695000,0.364000,-66,0.000000,7,8
1,21.000000,19.576000,0.369000,-67,0.000000,7,8
1,21.000000,19.941999,0.196000,-66,0.000000,7,8
1,21.000000,19.941999,0.173000,-66,0.000000,7,8
1,21.000000,19.795000,0.265000,-66,0.000000,7,8
1,21.000000,19.754999,0.299000,-67,0.000000,7,8
1,21.000000,19.614000,0.346000,-66,0.000000,7,8
1,21.000000,19.726000,0.319000,-66,0.000000,7,8
1,21.000000,19.773001,0.316000,-67,0.000000,7,8
1,21.000000,19.650999,0.353000,-66,0.000000,7,8
1,21.000000,19.660999,0.350000,-66,0.000000,7,8
1,21.000000,19.686001,0.321000,-66,0.000000,7,8
1,21.000000,19.667000,0.236000,-66,0.000000,7,8
1,21.000000,19.561001,0.327000,-66,0.000000,7,8
1,21.000000,19.660999,0.336000,-66,0.000000,7,8
1,21.000000,19.708000,0.232000,-66,0.000000,7,8
1,21.000000,19.816999,0.261000,-66,0.000000,7,8
1,21.000000,19.726000,0.331000,-67,0.000000,7,8
1,21.000000,19.736000,0.335000,-66,0.000000,7,8
1,21.000000,19.716999,0.265000,-67,0.000000,7,8
1,21.000000,19.539000,0.328000,-66,0.000000,7,8
1,21.000000,19.726000,0.287000,-67,0.000000,7,8
1,21.000000,19.900999,0.197000,-66,0.000000,7,8
1,21.000000,19.614000,0.352000,-67,0.000000,7,8
1,21.000000,19.844999,0.361000,-67,0.000000,7,8
1,21.000000,19.764000,0.387000,-66,0.000000,7,8
1,21.000000,19.736000,0.350000,-66,0.000000,7,8
1,21.000000,19.900999,0.301000,-66,0.000000,7,8
1,21.000000,19.716999,0.405000,-66,0.000000,7,8
1,21.000000,19.650999,0.398000,-66,0.000000,7,8
1,21.000000,19.736000,0.335000,-66,0.000000,7,8
1,21.000000,19.773001,0.322000,-66,0.000000,7,8
1,21.000000,19.716999,0.311000,-66,0.000000,7,8
1,21.000000,19.660999,0.365000,-66,0.000000,7,8
1,21.000000,19.614000,0.331000,-66,0.000000,7,8
1,21.000000,19.801001,0.237000,-66,0.000000,7,8
1,21.000000,19.745001,0.287000,-67,0.000000,7,8
1,21.000000,19.867001,0.312000,-66,0.000000,7,8
1,21.000000,19.792000,0.155000,-66,0.000000,7,8
1,21.000000,19.608000,0.380000,-67,0.000000,7,8
1,21.000000,19.617001,0.423000,-66,0.000000,7,8
1,21.000000,19.792000,0.218000,-66,0.000000,7,8
1,21.000000,19.660999,0.365000,-66,0.000000,7,8
1,21.000000,19.823000,0.339000,-66,0.000000,7,8
1,21.000000,19.500999,0.457000,-66,0.000000,7,8
1,21.000000,19.895000,0.316000,-66,0.000000,7,8
1,21.000000,19.895000,0.242000,-66,0.000000,7,8
1,21.000000,19.745001,0.300000,-67,0.000000,7,8
1,21.000000,19.688999,0.267000,-67,0.000000,7,8
1,21.000000,19.500999,0.457000,-67,0.000000,7,8
1,21.000000,19.714001,0.267000,-67,0.000000,7,8
1,21.000000,19.617001,0.423000,-66,0.000000,7,8
1,21.000000,19.895000,0.261000,-66,0.000000,7,8
1,21.000000,19.726000,0.331000,-66,0.000000,7,8
1,21.000000,19.795000,0.306000,-67,0.000000,7,8
1,21.000000,19.775999,0.303000,-66,0.000000,7,8
1,21.000000,19.660999,0.350000,-66,0.000000,7,8
1,21.000000,19.645000,0.377000,-66,0.000000,7,8
1,21.000000,19.576000,0.412000,-66,0.000000,7,8
1,21.000000,19.789000,0.322000,-66,0.000000,7,8
1,21.000000,19.761000,0.355000,-67,0.000000,7,8
1,21.000000,19.726000,0.287000,-66,0.000000,7,8
1,21.000000,19.688999,0.345000,-67,0.000000,7,8
1,21.000000,19.795000,0.296000,-67,0.000000,7,8
1,21.000000,19.844999,0.253000,-66,0.000000,7,8
1,21.000000,19.688999,0.348000,-66,0.000000,7,8
1,21.000000,19.773001,0.316000,-66,0.000000,7,8
1,21.000000,19.650999,0.423000,-66,0.000000,7,8
1,21.000000,19.830000,0.239000,-66,0.000000,7,8
1,21.000000,19.611000,0.393000,-67,0.000000,7,8
1,21.000000,19.795000,0.266000,-66,0.000000,7,8
1,21.000000,19.726000,0.251000,-66,0.000000,7,8
1,21.000000,19.648001,0.414000,-66,0.000000,7,8
1,21.000000,19.605000,0.375000,-66,0.000000,7,8
1,21.000000,19.980000,0.265000,-66,0.000000,7,8
1,21.000000,19.773001,0.337000,-67,0.000000,7,8
1,21.000000,19.836000,0.374000,-66,0.000000,7,8
1,21.000000,19.764000,0.301000,-66,0.000000,7,8
1,21.000000,20.028999,0.204000,-66,0.000000,7,8
1,21.000000,19.539000,0.429000,-67,0.000000,7,8
1,21.000000,19.611000,0.349000,-66,0.000000,7,8
1,21.000000,19.558001,0.396000,-67,0.000000,7,8
1,21.000000,19.645000,0.321000,-66,0.000000,7,8
1,21.000000,19.660999,0.336000,-66,0.000000,7,8
1,21.000000,19.660999,0.350000,-66,0.000000,7,8
1,21.000000,19.754999,0.360000,-66,0.000000,7,8
1,21.000000,19.614000,0.331000,-67,0.000000,7,8
1,21.000000,19.801001,0.297000,-66,0.000000,7,8
1,21.000000,19.806999,0.318000,-66,0.000000,7,8
1,21.000000,19.716999,0.209000,-66,0.000000,7,8
1,21.000000,19.660999,0.350000,-66,0.000000,7,8
1,21.000000,19.816999,0.359000,-66,0.000000,7,8
1,21.000000,19.660999,0.353000,-66,0.000000,7,8
1,21.000000,19.836000,0.309000,-66,0.000000,7,8
1,21.000000,19.923000,0.258000,-66,0.000000,7,8
1,21.000000,19.830000,0.306000,-66,0.000000,7,8
1,21.000000,19.698000,0.321000,-66,0.000000,7,8
1,21.000000,19.723000,0.333000,-66,0.000000,7,8
1,21.000000,19.660999,0.303000,-66,0.000000,7,8
1,21.000000,19.757999,0.276000,-66,0.000000,7,8
1,21.000000,19.844999,0.206000,-66,0.000000,7,8
1,21.000000,19.764000,0.263000,-66,0.000000,7,8
1,21.000000,19.650999,0.342000,-66,0.000000,7,8
1,21.000000,19.733000,0.371000,-66,0.000000,7,8
1,21.000000,19.614000,0.457000,-66,0.000000,7,8
1,21.000000,19.773001,0.316000,-66,0.000000,7,8
1,21.000000,19.875999,0.328000,-65,0.000000,7,8
1,21.000000,19.698000,0.398000,-66,0.000000,7,8
1,21.000000,19.736000,0.335000,-66,0.000000,7,8
1,21.000000,19.729000,0.356000,-66,0.000000,7,8
1,21.000000,19.864000,0.336000,-67,0.000000,7,8
1,21.000000,19.716999,0.315000,-66,0.000000,7,8
1,21.000000,19.716999,0.361000,-66,0.000000,7,8
1,21.000000,19.785999,0.326000,-66,0.000000,7,8
1,21.000000,19.576000,0.427000,-66,0.000000,7,8
1,21.000000,19.688999,0.327000,-66,0.000000,7,8
1,21.000000,19.905001,0.202000,-66,0.000000,7,8
1,21.000000,19.716999,0.275000,-66,0.000000,7,8
1,21.000000,19.726000,0.301000,-66,0.000000,7,8
1,21.000000,19.736000,0.350000,-66,0.000000,7,8
1,21.000000,19.716999,0.363000,-66,0.000000,7,8
1,21.000000,19.736000,0.350000,-66,0.000000,7,8
1,21.000000,19.539000,0.439000,-66,0.000000,7,8
1,21.000000,19.867001,0.238000,-66,0.000000,7,8
1,21.000000,19.773001,0.316000,-66,0.000000,7,8
1,21.000000,19.905001,0.120000,-65,0.000000,7,8
1,21.000000,19.698000,0.334000,-66,0.000000,7,8
1,21.000000,19.650999,0.392000,-67,0.000000,7,8
1,21.000000,19.611000,0.378000,-67,0.000000,7,8
1,21.000000,19.723000,0.385000,-66,0.000000,7,8
1,21.000000,19.844999,0.253000,-66,0.000000,7,8
1,21.000000,19.951000,0.117000,-66,0.000000,7,8
1,21.000000,19.844999,0.253000,-67,0.000000,7,8
1,21.000000,19.830000,0.291000,-66,0.000000,7,8
1,21.000000,19.826000,0.216000,-66,0.000000,7,8
1,21.000000,19.650999,0.339000,-66,0.000000,7,8
1,21.000000,19.598000,0.436000,-67,0.000000,7,8
1,21.000000,19.683001,0.320000,-66,0.000000,7,8
1,21.000000,19.716999,0.396000,-66,0.000000,7,8
1,21.000000,19.629000,0.387000,-66,0.000000,7,8
1,21.000000,19.561001,0.314000,-66,0.000000,7,8
1,21.000000,19.417000,0.453000,-67,0.000000,7,8
1,21.000000,19.417000,0.523000,-67,0.000000,7,8
1,21.000000,19.535999,0.355000,-67,0.000000,7,8
1,21.000000,19.379999,0.422000,-66,0.000000,7,8
1,21.000000,19.563999,0.398000,-67,0.000000,7,8
1,21.000000,19.650999,0.329000,-66,0.000000,7,8
1,21.000000,19.716999,0.344000,-66,0.000000,7,8
1,21.000000,19.611000,0.470000,-65,0.000000,7,8
1,21.000000,19.417000,0.497000,-66,0.000000,7,8
1,21.000000,19.403999,0.463000,-66,0.000000,7,8
1,21.000000,19.436001,0.465000,-66,0.000000,7,8
1,21.000000,19.576000,0.364000,-66,0.000000,7,8
1,21.000000,19.398001,0.460000,-66,0.000000,7,8
1,21.000000,19.973000,0.130000,-67,0.000000,7,8
1,21.000000,20.028999,0.080000,-66,0.000000,7,8
1,21.000000,19.614000,0.301000,-66,0.000000,7,8
1,21.000000,19.660999,0.336000,-67,0.000000,7,8
1,21.000000,19.576000,0.345000,-67,0.000000,7,8
1,21.000000,19.867001,0.180000,-66,0.000000,7,8
1,21.000000,19.816999,0.261000,-66,0.000000,7,8
1,21.000000,19.698000,0.334000,-67,0.000000,7,8
1,21.000000,19.844999,0.282000,-67,0.000000,7,8
1,21.000000,19.726000,0.301000,-66,0.000000,7,8
1,21.000000,19.844999,0.294000,-67,0.000000,7,8
1,21.000000,19.736000,0.318000,-67,0.000000,7,8
1,21.000000,19.872999,0.266000,-66,0.000000,7,8
1,21.000000,19.698000,0.334000,-67,0.000000,7,8
1,21.000000,19.795000,0.351000,-66,0.000000,7,8
1,21.000000,19.775999,0.366000,-66,0.000000,7,8
1,21.000000,19.471001,0.477000,-66,0.000000,7,8
1,21.000000,19.660999,0.303000,-67,0.000000,7,8
1,21.000000,19.770000,0.274000,-67,0.000000,7,8
1,21.000000,19.879000,0.269000,-66,0.000000,7,8
1,21.000000,20.129999,0.241000,-67,0.000000,7,8
1,21.000000,19.839001,0.457000,-67,0.000000,7,8
1,21.000000,20.000999,0.319000,-66,0.000000,7,8
1,21.000000,20.028999,0.238000,-67,0.000000,7,8
1,21.000000,19.844999,0.256000,-67,0.000000,7,8
1,21.000000,20.011000,0.155000,-66,0.000000,7,8
1,21.000000,20.313999,0.157000,-67,0.000000,7,8
1,21.000000,20.423000,0.143000,-67,0.000000,7,8
1,21.000000,20.188999,0.328000,-67,0.000000,7,8
1,21.000000,20.323000,0.306000,-67,0.000000,7,8
1,21.000000,20.313999,0.346000,-66,0.000000,7,8
1,21.000000,20.153999,0.304000,-67,0.000000,7,8
1,21.000000,20.242001,0.281000,-67,0.000000,7,8
1,21.000000,20.176001,0.361000,-67,0.000000,7,8
1,21.000000,19.804001,0.421000,-68,0.000000,7,8
1,21.000000,19.804001,0.302000,-68,0.000000,7,8
1,21.000000,19.495001,0.408000,-68,0.000000,7,8
1,21.000000,19.410999,0.390000,-68,0.000000,7,8
1,21.000000,19.426001,0.466000,-67,0.000000,7,8
1,21.000000,19.423000,0.430000,-66,0.000000,7,8
1,21.000000,19.417000,0.385000,-65,0.000000,7,8
1,21.000000,19.426001,0.435000,-66,0.000000,7,8
1,21.000000,19.500999,0.449000,-66,0.000000,7,8
1,21.000000,19.426001,0.451000,-66,0.000000,7,8
1,21.000000,19.417000,0.452000,-66,0.000000,7,8
1,21.000000,19.426001,0.466000,-67,0.000000,7,8
1,21.000000,19.417000,0.511000,-67,0.000000,7,8
1,21.000000,19.504000,0.436000,-67,0.000000,7,8
1,21.000000,19.464001,0.467000,-66,0.000000,7,8
1,21.000000,19.426001,0.466000,-66,0.000000,7,8
1,21.000000,19.455000,0.481000,-66,0.000000,7,8
1,21.000000,19.539000,0.363000,-66,0.000000,7,8
1,21.000000,19.455000,0.481000,-66,0.000000,7,8
1,21.000000,19.561001,0.381000,-65,0.000000,7,8
1,21.000000,19.426001,0.482000,-67,0.000000,7,8
1,21.000000,19.660999,0.336000,-66,0.000000,7,8
1,21.000000,19.617001,0.378000,-67,0.000000,7,8
1,21.000000,19.905001,0.167000,-67,0.000000,7,8
1,21.000000,20.079000,0.279000,-67,0.000000,7,8
1,21.000000,20.205000,0.233000,-67,0.000000,7,8
1,21.000000,20.042000,0.226000,-67,0.000000,7,8
1,21.000000,20.205000,0.247000,-67,0.000000,7,8
1,21.000000,20.025999,0.480000,-68,0.000000,7,8
1,21.000000,20.089001,0.381000,-67,0.000000,7,8
1,21.000000,19.914000,0.454000,-67,0.000000,7,8
1,21.000000,19.698000,0.439000,-67,0.000000,7,8
1,21.000000,19.951000,0.407000,-68,0.000000,7,8
1,21.000000,19.726000,0.457000,-67,0.000000,7,8
1,21.000000,19.500999,0.457000,-68,0.000000,7,8
1,21.000000,19.583000,0.430000,-67,0.000000,7,8
1,21.000000,19.757999,0.390000,-67,0.000000,7,8
1,21.000000,19.504000,0.422000,-66,0.000000,7,8
1,21.000000,19.539000,0.453000,-65,0.000000,7,8
1,21.000000,19.830000,0.310000,-65,0.000000,7,8
1,21.000000,19.754999,0.422000,-66,0.000000,7,8
1,21.000000,19.716999,0.407000,-67,0.000000,7,8
1,21.000000,19.542000,0.417000,-67,0.000000,7,8
1,21.000000,19.816999,0.268000,-68,0.000000,7,8
1,21.000000,19.726000,0.301000,-67,0.000000,7,8
1,21.000000,19.830000,0.236000,-67,0.000000,7,8
1,21.000000,19.660999,0.336000,-67,0.000000,7,8
1,21.000000,19.698000,0.334000,-67,0.000000,7,8
1,21.000000,19.642000,0.403000,-67,0.000000,7,8
1,21.000000,19.726000,0.352000,-67,0.000000,7,8
1,21.000000,19.660999,0.321000,-67,0.000000,7,8
1,21.000000,19.875999,0.263000,-67,0.000000,7,8
1,21.000000,19.995001,0.189000,-66,0.000000,7,8
1,21.000000,19.767000,0.224000,-65,0.000000,7,8
1,21.000000,19.598000,0.189000,-65,0.000000,7,8
1,21.000000,19.523001,0.351000,-65,0.000000,7,8
1,21.000000,19.726000,0.331000,-65,0.000000,7,8
1,21.000000,19.617001,0.436000,-65,0.000000,7,8
1,21.000000,19.660999,0.350000,-66,0.000000,7,8
1,21.000000,19.973000,0.228000,-66,0.000000,7,8
1,21.000000,19.823000,0.356000,-66,0.000000,7,8
1,21.000000,19.539000,0.497000,-66,0.000000,7,8
1,21.000000,19.801001,0.327000,-66,0.000000,7,8
1,21.000000,19.895000,0.333000,-66,0.000000,7,8
1,21.000000,19.764000,0.360000,-66,0.000000,7,8
1,21.000000,19.848000,0.248000,-66,0.000000,7,8
1,21.000000,19.733000,0.371000,-66,0.000000,7,8
1,21.000000,19.923000,0.314000,-67,0.000000,7,8
1,21.000000,19.745001,0.409000,-66,0.000000,7,8
1,21.000000,20.061001,0.149000,-67,0.000000,7,8
1,21.000000,19.764000,0.360000,-67,0.000000,7,8
1,21.000000,19.726000,0.346000,-66,0.000000,7,8
1,21.000000,19.736000,0.350000,-66,0.000000,7,8
1,21.000000,19.660999,0.336000,-66,0.000000,7,8
1,21.000000,20.042000,0.195000,-66,0.000000,7,8
1,21.000000,19.905001,0.107000,-66,0.000000,7,8
1,21.000000,19.773001,0.255000,-66,0.000000,7,8
1,21.000000,19.611000,0.331000,-66,0.000000,7,8
1,21.000000,19.795000,0.296000,-66,0.000000,7,8
1,21.000000,19.798000,0.210000,-67,0.000000,7,8
1,21.000000,19.775999,0.303000,-66,0.000000,7,8
1,21.000000,19.642000,0.427000,-66,0.000000,7,8
1,21.000000,19.966999,0.211000,-66,0.000000,7,8
1,21.000000,19.576000,0.364000,-66,0.000000,7,8
1,21.000000,19.789000,0.252000,-67,0.000000,7,8
1,21.000000,19.923000,0.149000,-66,0.000000,7,8
1,21.000000,19.614000,0.346000,-66,0.000000,7,8
1,21.000000,19.770000,0.373000,-66,0.000000,7,8
1,21.000000,19.688999,0.327000,-66,0.000000,7,8
1,21.000000,19.808001,0.353000,-66,0.000000,7,8
1,21.000000,19.660999,0.321000,-66,0.000000,7,8
1,21.000000,19.808001,0.330000,-66,0.000000,7,8
1,21.000000,19.676001,0.265000,-66,0.000000,7,8
1,21.000000,19.739000,0.246000,-66,0.000000,7,8
1,21.000000,19.867001,0.328000,-66,0.000000,7,8
1,21.000000,19.642000,0.272000,-66,0.000000,7,8
1,21.000000,19.867001,0.319000,-66,0.000000,7,8
1,21.000000,19.539000,0.428000,-67,0.000000,7,8
1,21.000000,19.714001,0.312000,-66,0.000000,7,8
1,21.000000,19.611000,0.421000,-67,0.000000,7,8
1,21.000000,19.688999,0.327000,-66,0.000000,7,8
1,21.000000,19.650999,0.366000,-66,0.000000,7,8
1,21.000000,19.864000,0.331000,-66,0.000000,7,8
1,21.000000,19.691999,0.332000,-66,0.000000,7,8
1,21.000000,19.764000,0.301000,-66,0.000000,7,8
1,21.000000,19.576000,0.412000,-67,0.000000,7,8
1,21.000000,19.773001,0.316000,-66,0.000000,7,8
1,21.000000,19.716999,0.350000,-66,0.000000,7,8
1,21.000000,19.670000,0.364000,-67,0.000000,7,8
1,21.000000,19.792000,0.267000,-66,0.000000,7,8
1,21.000000,19.764000,0.318000,-66,0.000000,7,8
1,21.000000,19.716999,0.345000,-66,0.000000,7,8
1,21.000000,19.695000,0.374000,-67,0.000000,7,8
1,21.000000,19.789000,0.284000,-66,0.000000,7,8
1,21.000000,19.739000,0.336000,-66,0.000000,7,8
1,21.000000,19.736000,0.335000,-66,0.000000,7,8
1,21.000000,19.614000,0.346000,-66,0.000000,7,8
1,21.000000,19.836000,0.215000,-66,0.000000,7,8
1,21.000000,19.698000,0.373000,-66,0.000000,7,8
1,21.000000,19.795000,0.333000,-67,0.000000,7,8
1,21.000000,19.980000,0.214000,-66,0.000000,7,8
1,21.000000,19.792000,0.248000,-66,0.000000,7,8
1,21.000000,19.729000,0.295000,-66,0.000000,7,8
1,21.000000,19.726000,0.287000,-66,0.000000,7,8
1,21.000000,19.650999,0.348000,-66,0.000000,7,8
1,21.000000,19.608000,0.380000,-67,0.000000,7,8
1,21.000000,19.867001,0.186000,-66,0.000000,7,8
1,21.000000,19.795000,0.341000,-67,0.000000,7,8
1,21.000000,19.785999,0.304000,-66,0.000000,7,8
1,21.000000,19.867001,0.279000,-66,0.000000,7,8
1,21.000000,19.795000,0.296000,-66,0.000000,7,8
1,21.000000,19.688999,0.336000,-67,0.000000,7,8
1,21.000000,19.611000,0.365000,-66,0.000000,7,8
1,21.000000,19.617001,0.423000,-66,0.000000,7,8
1,21.000000,19.726000,0.331000,-66,0.000000,7,8
1,21.000000,19.614000,0.352000,-66,0.000000,7,8
1,21.000000,19.566999,0.410000,-66,0.000000,7,8
1,21.000000,19.658001,0.373000,-66,0.000000,7,8
1,21.000000,19.650999,0.348000,-66,0.000000,7,8
1,21.000000,19.605000,0.387000,-66,0.000000,7,8
1,21.000000,19.695000,0.374000,-66,0.000000,7,8
1,21.000000,19.726000,0.297000,-66,0.000000,7,8
1,21.000000,19.754999,0.264000,-66,0.000000,7,8
1,21.000000,19.747999,0.318000,-66,0.000000,7,8
1,21.000000,19.650999,0.342000,-67,0.000000,7,8
1,21.000000,19.688999,0.333000,-66,0.000000,7,8
1,21.000000,19.773001,0.299000,-66,0.000000,7,8
1,21.000000,19.792000,0.275000,-66,0.000000,7,8
1,21.000000,19.795000,0.297000,-66,0.000000,7,8
1,21.000000,19.723000,0.322000,-66,0.000000,7,8
1,21.000000,19.816999,0.274000,-66,0.000000,7,8
1,21.000000,19.795000,0.284000,-66,0.000000,7,8
1,21.000000,19.698000,0.334000,-67,0.000000,7,8
1,21.000000,19.688999,0.320000,-66,0.000000,7,8
1,21.000000,19.795000,0.296000,-66,0.000000,7,8
1,21.000000,19.867001,0.235000,-66,0.000000,7,8
1,21.000000,19.754999,0.305000,-66,0.000000,7,8
1,21.000000,19.830000,0.248000,-66,0.000000,7,8
1,21.000000,19.660999,0.336000,-66,0.000000,7,8
1,21.000000,19.798000,0.300000,-67,0.000000,7,8
1,21.000000,19.750999,0.304000,-66,0.000000,7,8
1,21.000000,19.816999,0.281000,-66,0.000000,7,8
1,21.000000,19.686001,0.366000,-66,0.000000,7,8
1,21.000000,19.775999,0.276000,-66,0.000000,7,8
1,21.000000,19.653999,0.390000,-66,0.000000,7,8
1,21.000000,19.726000,0.319000,-65,0.000000,7,8
1,21.000000,19.716999,0.326000,-66,0.000000,7,8
1,21.000000,19.683001,0.328000,-67,0.000000,7,8
1,21.000000,19.773001,0.316000,-66,0.000000,7,8
1,21.000000,19.645000,0.377000,-66,0.000000,7,8
1,21.000000,19.823000,0.291000,-67,0.000000,7,8
1,21.000000,19.611000,0.349000,-66,0.000000,7,8
1,21.000000,19.695000,0.358000,-66,0.000000,7,8
1,21.000000,19.951000,0.245000,-66,0.000000,7,8
1,21.000000,19.660999,0.350000,-66,0.000000,7,8
1,21.000000,19.683001,0.320000,-66,0.000000,7,8
1,21.000000,19.660999,0.350000,-66,0.000000,7,8
1,21.000000,19.642000,0.373000,-66,0.000000,7,8
1,21.000000,19.688999,0.327000,-66,0.000000,7,8
1,21.000000,19.867001,0.242000,-66,0.000000,7,8
1,21.000000,19.767000,0.329000,-66,0.000000,7,8
1,21.000000,19.864000,0.257000,-66,0.000000,7,8
1,21.000000,19.716999,0.311000,-66,0.000000,7,8
1,21.000000,19.719999,0.311000,-66,0.000000,7,8
1,21.000000,19.660999,0.350000,-66,0.000000,7,8
1,21.000000,19.680000,0.358000,-66,0.000000,7,8
1,21.000000,19.799000,0.304000,-67,0.000000,7,8
1,21.000000,19.614000,0.366000,-66,0.000000,7,8
1,21.000000,19.614000,0.366000,-66,0.000000,7,8
1,21.000000,19.867001,0.231000,-66,0.000000,7,8
1,21.000000,19.792000,0.279000,-66,0.000000,7,8
1,21.000000,19.826000,0.274000,-66,0.000000,7,8
1,21.000000,19.830000,0.246000,-66,0.000000,7,8
1,21.000000,19.642000,0.408000,-66,0.000000,7,8
1,21.000000,19.688999,0.363000,-66,0.000000,7,8
1,21.000000,19.688999,0.346000,-66,0.000000,7,8
1,21.000000,19.658001,0.389000,-66,0.000000,7,8
1,21.000000,19.688999,0.313000,-66,0.000000,7,8
1,21.000000,19.650999,0.348000,-66,0.000000,7,8
1,21.000000,19.764000,0.328000,-66,0.000000,7,8
1,21.000000,19.716999,0.306000,-66,0.000000,7,8
1,21.000000,19.680000,0.347000,-66,0.000000,7,8
1,21.000000,19.723000,0.334000,-66,0.000000,7,8
1,21.000000,19.660999,0.350000,-66,0.000000,7,8
1,21.000000,19.792000,0.280000,-66,0.000000,7,8
1,21.000000,19.736000,0.335000,-66,0.000000,7,8
1,21.000000,19.688999,0.327000,-66,0.000000,7,8
1,21.000000,19.795000,0.301000,-66,0.000000,7,8
1,21.000000,19.823000,0.287000,-66,0.000000,7,8
1,21.000000,19.688999,0.336000,-67,0.000000,7,8
1,21.000000,19.617001,0.399000,-66,0.000000,7,8
1,21.000000,19.695000,0.374000,-67,0.000000,7,8
1,21.000000,19.688999,0.327000,-66,0.000000,7,8
1,21.000000,19.576000,0.400000,-67,0.000000,7,8
1,21.000000,19.723000,0.364000,-66,0.000000,7,8
1,21.000000,19.698000,0.334000,-66,0.000000,7,8
1,21.000000,19.775999,0.276000,-66,0.000000,7,8
1,21.000000,19.844999,0.294000,-66,0.000000,7,8
1,21.000000,19.688999,0.333000,-66,0.000000,7,8
1,21.000000,19.680000,0.333000,-67,0.000000,7,8
1,21.000000,19.792000,0.303000,-66,0.000000,7,8
1,21.000000,19.680000,0.351000,-66,0.000000,7,8
1,21.000000,19.679001,0.369000,-66,0.000000,7,8
1,21.000000,19.716999,0.339000,-66,0.000000,7,8
1,21.000000,19.767000,0.254000,-66,0.000000,7,8
1,21.000000,19.614000,0.352000,-66,0.000000,7,8
1,21.000000,19.761000,0.335000,-66,0.000000,7,8
1,21.000000,19.872999,0.264000,-66,0.000000,7,8
1,21.000000,19.726000,0.331000,-66,0.000000,7,8
1,21.000000,19.688999,0.326000,-66,0.000000,7,8
1,21.000000,19.726000,0.301000,-66,0.000000,7,8
1,21.000000,19.905001,0.232000,-66,0.000000,7,8
1,21.000000,19.698000,0.334000,-66,0.000000,7,8
1,21.000000,19.830000,0.231000,-66,0.000000,7,8
1,21.000000,19.698000,0.321000,-66,0.000000,7,8
1,21.000000,19.773001,0.316000,-66,0.000000,7,8
1,21.000000,19.566999,0.383000,-65,0.000000,7,8
1,21.000000,19.754999,0.264000,-66,0.000000,7,8
1,21.000000,19.688999,0.331000,-66,0.000000,7,8
1,21.000000,19.686001,0.361000,-67,0.000000,7,8
1,21.000000,19.816999,0.286000,-66,0.000000,7,8
1,21.000000,19.660999,0.350000,-66,0.000000,7,8
1,21.000000,19.745001,0.306000,-66,0.000000,7,8
1,21.000000,19.905001,0.203000,-66,0.000000,7,8
1,21.000000,19.900999,0.249000,-65,0.000000,7,8
1,21.000000,19.680000,0.234000,-66,0.000000,7,8
1,21.000000,19.864000,0.304000,-66,0.000000,7,8
1,21.000000,19.653999,0.323000,-66,0.000000,7,8
1,21.000000,19.698000,0.321000,-66,0.000000,7,8
1,21.000000,19.695000,0.393000,-66,0.000000,7,8
1,21.000000,19.716999,0.342000,-66,0.000000,7,8
1,21.000000,19.872999,0.266000,-67,0.000000,7,8
1,21.000000,19.614000,0.437000,-67,0.000000,7,8
1,21.000000,19.698000,0.334000,-67,0.000000,7,8
1,21.000000,19.566999,0.299000,-65,0.000000,7,8
1,21.000000,19.844999,0.273000,-67,0.000000,5,8
1,21.000000,19.570000,0.367000,-67,0.000000,7,8
1,21.000000,19.583000,0.393000,-67,0.000000,7,8
1,21.000000,19.639000,0.281000,-67,0.000000,7,8
1,21.000000,19.576000,0.348000,-66,0.000000,7,8
1,21.000000,19.785999,0.221000,-67,0.000000,7,8
1,21.000000,19.632999,0.249000,-66,0.000000,7,8
1,21.000000,19.500999,0.366000,-67,0.000000,7,8
1,21.000000,19.650999,0.298000,-66,0.000000,7,8
1,21.000000,19.614000,0.314000,-66,0.000000,7,8
1,21.000000,19.660999,0.321000,-67,0.000000,7,8
1,21.000000,19.620001,0.371000,-67,0.000000,7,8
1,21.000000,19.785999,0.212000,-66,0.000000,7,8
1,21.000000,19.530001,0.384000,-66,0.000000,7,8
1,21.000000,19.539000,0.411000,-67,0.000000,7,8
1,21.000000,19.792000,0.368000,-66,0.000000,7,8
1,21.000000,19.679001,0.402000,-66,0.000000,7,8
1,21.000000,19.736000,0.350000,-66,0.000000,7,8
1,21.000000,19.773001,0.316000,-67,0.000000,7,8
1,21.000000,19.736000,0.318000,-67,0.000000,7,8
1,21.000000,19.542000,0.396000,-67,0.000000,7,8
1,21.000000,19.500999,0.410000,-66,0.000000,7,8
1,21.000000,19.886000,0.271000,-66,0.000000,7,8
1,21.000000,19.605000,0.272000,-66,0.000000,7,8
1,21.000000,19.716999,0.350000,-66,0.000000,7,8
1,21.000000,19.714001,0.267000,-66,0.000000,7,8
1,21.000000,19.905001,0.288000,-67,0.000000,7,8
1,21.000000,19.875999,0.221000,-67,0.000000,7,8
1,21.000000,19.500999,0.437000,-67,0.000000,7,8
1,21.000000,19.683001,0.340000,-66,0.000000,7,8
1,21.000000,19.576000,0.437000,-67,0.000000,7,8
1,21.000000,19.688999,0.403000,-66,0.000000,7,8
1,21.000000,19.614000,0.352000,-66,0.000000,7,8
1,21.000000,19.726000,0.287000,-66,0.000000,7,8
1,21.000000,19.620001,0.371000,-66,0.000000,7,8
1,21.000000,19.836000,0.272000,-66,0.000000,7,8
1,21.000000,19.729000,0.346000,-66,0.000000,7,8
1,21.000000,19.650999,0.295000,-66,0.000000,7,8
1,21.000000,19.750999,0.315000,-67,0.000000,7,8
1,21.000000,19.900999,0.229000,-67,0.000000,7,8
1,21.000000,19.764000,0.318000,-67,0.000000,7,8
1,21.000000,19.872999,0.282000,-67,0.000000,7,8
1,21.000000,19.801001,0.336000,-66,0.000000,7,8
1,21.000000,19.608000,0.354000,-67,0.000000,7,8
1,21.000000,19.576000,0.349000,-66,0.000000,7,8
1,21.000000,19.739000,0.294000,-66,0.000000,7,8
1,21.000000,19.714001,0.285000,-66,0.000000,7,8
1,21.000000,19.875999,0.299000,-66,0.000000,7,8
1,21.000000,19.736000,0.318000,-66,0.000000,7,8
1,21.000000,19.723000,0.354000,-66,0.000000,7,8
1,21.000000,19.683001,0.318000,-66,0.000000,7,8
1,21.000000,19.642000,0.379000,-67,0.000000,7,8
1,21.000000,19.816999,0.231000,-66,0.000000,7,8
1,21.000000,19.716999,0.308000,-66,0.000000,7,8
1,21.000000,19.576000,0.338000,-66,0.000000,7,8
1,21.000000,19.816999,0.231000,-67,0.000000,7,8
1,21.000000,19.576000,0.383000,-67,0.000000,7,8
1,21.000000,19.811001,0.340000,-66,0.000000,7,8
1,21.000000,19.530001,0.280000,-67,0.000000,7,8
1,21.000000,19.816999,0.330000,-67,0.000000,7,8
1,21.000000,19.716999,0.245000,-66,0.000000,7,8
1,21.000000,19.733000,0.368000,-66,0.000000,7,8
1,21.000000,19.754999,0.328000,-67,0.000000,7,8
1,21.000000,19.576000,0.423000,-66,0.000000,7,8
1,21.000000,19.614000,0.320000,-67,0.000000,7,8
1,21.000000,19.660999,0.321000,-66,0.000000,7,8
1,21.000000,19.688999,0.348000,-66,0.000000,7,8
1,21.000000,19.905001,0.259000,-67,0.000000,7,8
1,21.000000,19.795000,0.296000,-66,0.000000,7,8
1,21.000000,19.653999,0.306000,-66,0.000000,7,8
1,21.000000,19.770000,0.321000,-66,0.000000,7,8
1,21.000000,19.761000,0.260000,-66,0.000000,7,8
1,21.000000,19.716999,0.353000,-67,0.000000,7,8
1,21.000000,19.844999,0.282000,-67,0.000000,7,8
1,21.000000,19.716999,0.319000,-66,0.000000,7,8
1,21.000000,19.716999,0.311000,-67,0.000000,7,8
1,21.000000,19.660999,0.336000,-66,0.000000,7,8
1,21.000000,19.698000,0.321000,-66,0.000000,7,8
1,21.000000,19.688999,0.331000,-66,0.000000,7,8
1,21.000000,19.839001,0.297000,-66,0.000000,7,8
1,21.000000,19.795000,0.267000,-66,0.000000,7,8
1,21.000000,19.653999,0.380000,-66,0.000000,7,8
1,21.000000,19.614000,0.331000,-66,0.000000,7,8
1,21.000000,19.650999,0.328000,-67,0.000000,7,8
1,21.000000,19.830000,0.291000,-67,0.000000,7,8
1,21.000000,19.830000,0.253000,-66,0.000000,7,8
1,21.000000,19.980000,0.188000,-67,0.000000,7,8
1,21.000000,19.726000,0.331000,-66,0.000000,7,8
1,21.000000,19.785999,0.326000,-66,0.000000,7,8
1,21.000000,19.645000,0.383000,-66,0.000000,7,8
1,21.000000,19.726000,0.307000,-66,0.000000,7,8
1,21.000000,19.736000,0.318000,-66,0.000000,7,8
1,21.000000,19.789000,0.303000,-66,0.000000,7,8
1,21.000000,19.785999,0.329000,-66,0.000000,7,8
1,21.000000,19.795000,0.296000,-66,0.000000,7,8
1,21.000000,19.653999,0.380000,-66,0.000000,7,8
1,21.000000,19.795000,0.285000,-67,0.000000,7,8
1,21.000000,19.719999,0.310000,-66,0.000000,7,8
1,21.000000,19.716999,0.311000,-66,0.000000,7,8
1,21.000000,19.650999,0.334000,-66,0.000000,7,8
1,21.000000,19.576000,0.396000,-66,0.000000,7,8
1,21.000000,19.716999,0.334000,-66,0.000000,7,8
1,21.000000,19.739000,0.309000,-66,0.000000,7,8
1,21.000000,19.614000,0.379000,-66,0.000000,7,8
1,21.000000,19.614000,0.385000,-66,0.000000,7,8
1,21.000000,19.642000,0.378000,-66,0.000000,7,8
1,21.000000,19.617001,0.370000,-66,0.000000,7,8
1,21.000000,19.576000,0.412000,-66,0.000000,7,8
1,21.000000,19.539000,0.453000,-67,0.000000,7,8
1,21.000000,19.795000,0.296000,-66,0.000000,7,8
1,21.000000,19.653999,0.364000,-66,0.000000,7,8
1,21.000000,19.767000,0.329000,-66,0.000000,7,8
1,21.000000,19.716999,0.325000,-66,0.000000,7,8
1,21.000000,19.688999,0.326000,-67,0.000000,7,8
1,21.000000,19.614000,0.395000,-66,0.000000,7,8
1,21.000000,19.680000,0.368000,-66,0.000000,7,8
1,21.000000,19.617001,0.400000,-66,0.000000,7,8
1,21.000000,19.844999,0.294000,-66,0.000000,7,8
1,21.000000,19.798000,0.301000,-66,0.000000,7,8
1,21.000000,19.539000,0.443000,-66,0.000000,7,8
1,21.000000,19.686001,0.344000,-66,0.000000,7,8
1,21.000000,19.836000,0.293000,-66,0.000000,7,8
1,21.000000,19.754999,0.306000,-66,0.000000,7,8
1,21.000000,19.660999,0.350000,-66,0.000000,7,8
1,21.000000,19.754999,0.287000,-66,0.000000,7,8
1,21.000000,19.941999,0.219000,-67,0.000000,7,8
1,21.000000,19.688999,0.348000,-66,0.000000,7,8
1,21.000000,19.660999,0.350000,-66,0.000000,7,8
1,21.000000,19.905001,0.200000,-66,0.000000,7,8
1,21.000000,19.650999,0.328000,-66,0.000000,7,8
1,21.000000,19.867001,0.254000,-66,0.000000,7,8
1,21.000000,19.739000,0.294000,-66,0.000000,7,8
1,21.000000,19.614000,0.346000,-66,0.000000,7,8
1,21.000000,19.650999,0.328000,-66,0.000000,7,8
1,21.000000,19.605000,0.361000,-66,0.000000,7,8
1,21.000000,19.691999,0.344000,-66,0.000000,7,8
1,21.000000,19.795000,0.265000,-66,0.000000,7,8
1,21.000000,19.844999,0.282000,-66,0.000000,7,8
1,21.000000,19.642000,0.385000,-66,0.000000,7,8
1,21.000000,19.576000,0.423000,-66,0.000000,7,8
1,21.000000,19.653999,0.404000,-66,0.000000,7,8
1,21.000000,19.795000,0.320000,-66,0.000000,7,8
1,21.000000,19.761000,0.309000,-66,0.000000,7,8
1,21.000000,19.823000,0.276000,-66,0.000000,7,8
1,21.000000,19.886000,0.284000,-66,0.000000,7,8
1,21.000000,19.683001,0.345000,-66,0.000000,7,8
1,21.000000,19.736000,0.335000,-66,0.000000,7,8
1,21.000000,19.823000,0.308000,-66,0.000000,7,8
1,21.000000,19.733000,0.336000,-66,0.000000,7,8
1,21.000000,19.736000,0.335000,-66,0.000000,7,8
1,21.000000,19.726000,0.331000,-66,0.000000,7,8
1,21.000000,19.867001,0.222000,-66,0.000000,7,8
1,21.000000,19.698000,0.334000,-66,0.000000,7,8
1,21.000000,19.792000,0.282000,-66,0.000000,7,8
1,21.000000,19.614000,0.346000,-66,0.000000,7,8
1,21.000000,19.830000,0.281000,-66,0.000000,7,8
1,21.000000,19.917000,0.214000,-66,0.000000,7,8
1,21.000000,19.830000,0.272000,-66,0.000000,7,8
1,21.000000,19.864000,0.256000,-66,0.000000,7,8
1,21.000000,19.764000,0.294000,-66,0.000000,7,8
1,21.000000,19.826000,0.270000,-66,0.000000,7,8
1,21.000000,19.660999,0.350000,-66,0.000000,7,8
1,21.000000,19.830000,0.268000,-67,0.000000,7,8
1,21.000000,19.754999,0.286000,-66,0.000000,7,8
1,21.000000,19.688999,0.326000,-66,0.000000,7,8
1,21.000000,19.736000,0.318000,-66,0.000000,7,8
1,21.000000,19.698000,0.334000,-66,0.000000,7,8
1,21.000000,19.688999,0.332000,-66,0.000000,7,8
1,21.000000,19.660999,0.350000,-66,0.000000,7,8
1,21.000000,19.650999,0.342000,-66,0.000000,7,8
1,21.000000,19.867001,0.255000,-67,0.000000,7,8
1,21.000000,19.650999,0.348000,-66,0.000000,7,8
1,21.000000,19.830000,0.271000,-66,0.000000,7,8
1,21.000000,19.816999,0.330000,-66,0.000000,7,8
1,21.000000,19.683001,0.326000,-66,0.000000,7,8
1,21.000000,19.653999,0.380000,-66,0.000000,7,8
1,21.000000,19.686001,0.337000,-66,0.000000,7,8
1,21.000000,19.653999,0.364000,-66,0.000000,7,8
1,21.000000,19.695000,0.342000,-66,0.000000,7,8
1,21.000000,19.745001,0.334000,-66,0.000000,7,8
1,21.000000,19.695000,0.374000,-66,0.000000,7,8
1,21.000000,19.617001,0.394000,-66,0.000000,7,8
1,21.000000,19.864000,0.274000,-66,0.000000,7,8
1,21.000000,19.736000,0.318000,-66,0.000000,7,8
1,21.000000,19.941999,0.224000,-66,0.000000,7,8
1,21.000000,19.754999,0.274000,-66,0.000000,7,8
1,21.000000,19.830000,0.232000,-66,0.000000,7,8
1,21.000000,19.614000,0.367000,-66,0.000000,7,8
1,21.000000,19.614000,0.384000,-66,0.000000,7,8
1,21.000000,19.767000,0.319000,-66,0.000000,7,8
1,21.000000,19.617001,0.399000,-66,0.000000,7,8
1,21.000000,19.653999,0.380000,-66,0.000000,7,8
1,21.000000,19.695000,0.388000,-66,0.000000,7,8
1,21.000000,19.761000,0.309000,-67,0.000000,7,8
1,21.000000,19.801001,0.313000,-66,0.000000,7,8
1,21.000000,19.736000,0.305000,-66,0.000000,7,8
1,21.000000,19.698000,0.334000,-66,0.000000,7,8
1,21.000000,19.688999,0.332000,-66,0.000000,7,8
1,21.000000,19.716999,0.305000,-66,0.000000,7,8
1,21.000000,19.798000,0.288000,-66,0.000000,7,8
1,21.000000,19.726000,0.331000,-66,0.000000,7,8
1,21.000000,19.726000,0.288000,-66,0.000000,7,8
1,21.000000,19.688999,0.333000,-66,0.000000,7,8
1,21.000000,19.650999,0.342000,-66,0.000000,7,8
1,21.000000,19.739000,0.360000,-66,0.000000,7,8
1,21.000000,19.642000,0.296000,-66,0.000000,7,8
1,21.000000,19.757999,0.342000,-66,0.000000,7,8
1,21.000000,19.745001,0.301000,-67,0.000000,7,8
1,21.000000,19.745001,0.355000,-66,0.000000,7,8
1,21.000000,19.695000,0.358000,-66,0.000000,7,8
1,21.000000,19.864000,0.257000,-66,0.000000,7,8
1,21.000000,19.688999,0.336000,-66,0.000000,7,8
1,21.000000,19.698000,0.334000,-66,0.000000,7,8
1,21.000000,19.726000,0.301000,-66,0.000000,7,8
1,21.000000,19.576000,0.383000,-66,0.000000,7,8
1,21.000000,19.650999,0.333000,-66,0.000000,7,8
1,21.000000,19.576000,0.412000,-66,0.000000,7,8
1,21.000000,19.792000,0.280000,-66,0.000000,7,8
1,21.000000,19.754999,0.322000,-66,0.000000,7,8
1,21.000000,19.739000,0.294000,-66,0.000000,7,8
1,21.000000,19.816999,0.280000,-66,0.000000,7,8
1,21.000000,19.754999,0.306000,-66,0.000000,7,8
1,21.000000,19.642000,0.388000,-66,0.000000,7,8
1,21.000000,19.614000,0.395000,-66,0.000000,7,8
1,21.000000,19.795000,0.296000,-66,0.000000,7,8
1,21.000000,19.539000,0.428000,-66,0.000000,7,8
1,21.000000,19.539000,0.399000,-66,0.000000,7,8
1,21.000000,19.716999,0.325000,-66,0.000000,7,8
1,21.000000,19.757999,0.291000,-66,0.000000,7,8
1,21.000000,19.645000,0.348000,-66,0.000000,7,8
1,21.000000,19.716999,0.339000,-66,0.000000,7,8
1,21.000000,19.844999,0.280000,-66,0.000000,7,8
1,21.000000,19.795000,0.296000,-66,0.000000,7,8
1,21.000000,19.695000,0.374000,-66,0.000000,7,8
1,21.000000,19.617001,0.399000,-66,0.000000,7,8
1,21.000000,19.844999,0.280000,-66,0.000000,7,8
1,21.000000,19.844999,0.260000,-66,0.000000,7,8
1,21.000000,19.680000,0.322000,-66,0.000000,7,8
1,21.000000,19.645000,0.359000,-66,0.000000,7,8
1,21.000000,19.795000,0.301000,-66,0.000000,7,8
1,21.000000,19.761000,0.303000,-66,0.000000,7,8
1,21.000000,19.836000,0.294000,-66,0.000000,7,8
1,21.000000,19.764000,0.333000,-66,0.000000,7,8
1,21.000000,19.726000,0.314000,-66,0.000000,7,8
1,21.000000,19.698000,0.334000,-66,0.000000,7,8
1,21.000000,19.688999,0.345000,-66,0.000000,7,8
1,21.000000,19.726000,0.331000,-66,0.000000,7,8
1,21.000000,19.688999,0.327000,-66,0.000000,7,8
1,21.000000,19.614000,0.366000,-66,0.000000,7,8
1,21.000000,19.792000,0.291000,-66,0.000000,7,8
1,21.000000,19.576000,0.412000,-66,0.000000,7,8
1,21.000000,19.795000,0.296000,-66,0.000000,7,8
1,21.000000,19.826000,0.256000,-66,0.000000,7,8
1,21.000000,19.750999,0.352000,-66,0.000000,7,8
1,21.000000,19.660999,0.351000,-66,0.000000,7,8
1,21.000000,19.830000,0.272000,-66,0.000000,7,8
1,21.000000,19.605000,0.361000,-66,0.000000,7,8
1,21.000000,19.576000,0.383000,-66,0.000000,7,8
1,21.000000,19.614000,0.384000,-66,0.000000,7,8
1,21.000000,19.719999,0.302000,-66,0.000000,7,8
1,21.000000,19.645000,0.360000,-66,0.000000,7,8
1,21.000000,19.745001,0.306000,-66,0.000000,7,8
1,21.000000,19.658001,0.389000,-66,0.000000,7,8
1,21.000000,19.761000,0.320000,-67,0.000000,7,8
1,21.000000,19.747999,0.332000,-66,0.000000,7,8
1,21.000000,19.801001,0.297000,-66,0.000000,7,8
1,21.000000,19.566999,0.410000,-66,0.000000,7,8
1,21.000000,19.767000,0.315000,-66,0.000000,7,8
1,21.000000,19.719999,0.351000,-66,0.000000,7,8
1,21.000000,19.816999,0.281000,-66,0.000000,7,8
1,21.000000,19.792000,0.288000,-66,0.000000,7,8
1,21.000000,19.867001,0.244000,-66,0.000000,7,8
1,21.000000,19.773001,0.305000,-66,0.000000,7,8
1,21.000000,19.695000,0.374000,-66,0.000000,7,8
1,21.000000,19.754999,0.279000,-66,0.000000,7,8
1,21.000000,19.716999,0.329000,-66,0.000000,7,8
1,21.000000,19.826000,0.268000,-66,0.000000,7,8
1,21.000000,19.761000,0.327000,-66,0.000000,7,8
1,21.000000,19.576000,0.412000,-66,0.000000,7,8
1,21.000000,19.739000,0.309000,-66,0.000000,7,8
1,21.000000,19.736000,0.318000,-66,0.000000,7,8
1,21.000000,19.864000,0.225000,-66,0.000000,7,8
1,21.000000,19.872999,0.266000,-66,0.000000,7,8
1,21.000000,19.576000,0.412000,-66,0.000000,7,8
1,21.000000,19.660999,0.353000,-66,0.000000,7,8
1,21.000000,19.650999,0.328000,-66,0.000000,7,8
1,21.000000,19.864000,0.264000,-66,0.000000,7,8
1,21.000000,19.683001,0.368000,-67,0.000000,7,8
1,21.000000,19.614000,0.366000,-66,0.000000,7,8
1,21.000000,19.905001,0.231000,-66,0.000000,7,8
1,21.000000,19.764000,0.318000,-66,0.000000,7,8
1,21.000000,19.645000,0.387000,-66,0.000000,7,8
1,21.000000,19.739000,0.321000,-66,0.000000,7,8
1,21.000000,19.726000,0.332000,-67,0.000000,7,8
1,21.000000,19.844999,0.276000,-66,0.000000,7,8
1,21.000000,19.754999,0.271000,-66,0.000000,7,8
1,21.000000,19.905001,0.234000,-66,0.000000,7,8
1,21.000000,19.726000,0.331000,-66,0.000000,7,8
1,21.000000,19.764000,0.333000,-66,0.000000,7,8
1,21.000000,19.795000,0.296000,-66,0.000000,7,8
1,21.000000,19.683001,0.351000,-66,0.000000,7,8
1,21.000000,19.739000,0.316000,-66,0.000000,7,8
1,21.000000,19.660999,0.350000,-66,0.000000,7,8
1,21.000000,19.698000,0.351000,-66,0.000000,7,8
1,21.000000,19.683001,0.340000,-66,0.000000,7,8
1,21.000000,19.739000,0.336000,-66,0.000000,7,8
1,21.000000,19.830000,0.276000,-66,0.000000,7,8
1,21.000000,19.726000,0.346000,-66,0.000000,7,8
1,21.000000,19.757999,0.321000,-66,0.000000,7,8
1,21.000000,19.614000,0.395000,-66,0.000000,7,8
1,21.000000,19.754999,0.317000,-66,0.000000,7,8
1,21.000000,19.830000,0.253000,-66,0.000000,7,8
1,21.000000,19.660999,0.350000,-66,0.000000,7,8
1,21.000000,19.836000,0.314000,-66,0.000000,7,8
1,21.000000,19.867001,0.254000,-66,0.000000,7,8
1,21.000000,19.683001,0.367000,-67,0.000000,7,8
1,21.000000,19.680000,0.351000,-66,0.000000,7,8
1,21.000000,19.660999,0.336000,-66,0.000000,7,8
1,21.000000,19.698000,0.334000,-66,0.000000,7,8
1,21.000000,19.739000,0.294000,-67,0.000000,7,8
1,21.000000,19.792000,0.280000,-66,0.000000,7,8
1,21.000000,19.658001,0.389000,-66,0.000000,7,8
1,21.000000,19.614000,0.366000,-66,0.000000,7,8
1,21.000000,19.867001,0.235000,-66,0.000000,7,8
1,21.000000,19.941999,0.232000,-66,0.000000,7,8
1,21.000000,19.914000,0.244000,-66,0.000000,7,8
1,21.000000,19.576000,0.383000,-66,0.000000,7,8
1,21.000000,19.576000,0.383000,-66,0.000000,7,8
1,21.000000,19.660999,0.350000,-66,0.000000,7,8
1,21.000000,19.688999,0.363000,-66,0.000000,7,8
1,21.000000,19.658001,0.373000,-66,0.000000,7,8
1,21.000000,19.823000,0.308000,-66,0.000000,7,8
1,21.000000,19.764000,0.318000,-66,0.000000,7,8
1,21.000000,19.900999,0.250000,-66,0.000000,7,8
1,21.000000,19.683001,0.351000,-66,0.000000,7,8
1,21.000000,19.745001,0.306000,-66,0.000000,7,8
1,21.000000,19.576000,0.400000,-66,0.000000,7,8
1,21.000000,19.830000,0.252000,-66,0.000000,7,8
1,21.000000,19.688999,0.331000,-66,0.000000,7,8
1,21.000000,19.698000,0.351000,-66,0.000000,7,8
1,21.000000,19.653999,0.364000,-66,0.000000,7,8
1,21.000000,19.754999,0.306000,-66,0.000000,7,8
1,21.000000,19.688999,0.345000,-67,0.000000,7,8
1,21.000000,19.830000,0.261000,-66,0.000000,7,8
1,21.000000,19.826000,0.256000,-66,0.000000,7,8
1,21.000000,19.683001,0.363000,-66,0.000000,7,8
1,21.000000,19.844999,0.280000,-66,0.000000,7,8
1,21.000000,19.539000,0.398000,-66,0.000000,7,8
1,21.000000,19.650999,0.333000,-66,0.000000,7,8
1,21.000000,19.905001,0.234000,-66,0.000000,7,8
1,21.000000,19.864000,0.282000,-66,0.000000,7,8
1,21.000000,19.826000,0.263000,-66,0.000000,7,8
1,21.000000,19.764000,0.295000,-66,0.000000,7,8
1,21.000000,19.680000,0.336000,-66,0.000000,7,8
1,21.000000,19.816999,0.253000,-66,0.000000,7,8
1,21.000000,19.767000,0.303000,-66,0.000000,7,8
1,21.000000,19.739000,0.321000,-66,0.000000,7,8
1,21.000000,19.698000,0.321000,-66,0.000000,7,8
1,21.000000,19.764000,0.288000,-66,0.000000,7,8
1,21.000000,19.864000,0.264000,-66,0.000000,7,8
1,21.000000,19.645000,0.387000,-66,0.000000,7,8
1,21.000000,19.757999,0.298000,-66,0.000000,7,8
1,21.000000,19.830000,0.260000,-66,0.000000,7,8
1,21.000000,19.826000,0.267000,-67,0.000000,7,8
1,21.000000,19.650999,0.342000,-66,0.000000,7,8
1,21.000000,19.764000,0.312000,-66,0.000000,7,8
1,21.000000,19.773001,0.299000,-66,0.000000,7,8
1,21.000000,19.620001,0.387000,-67,0.000000,7,8
1,21.000000,19.733000,0.342000,-66,0.000000,7,8
1,21.000000,19.795000,0.257000,-66,0.000000,7,8
1,21.000000,19.716999,0.265000,-66,0.000000,7,8
1,21.000000,19.754999,0.294000,-66,0.000000,7,8
1,21.000000,19.914000,0.187000,-66,0.000000,7,8
1,21.000000,19.723000,0.340000,-66,0.000000,7,8
1,21.000000,19.688999,0.296000,-66,0.000000,7,8
1,21.000000,19.683001,0.336000,-66,0.000000,7,8
1,21.000000,19.617001,0.351000,-66,0.000000,7,8
1,21.000000,19.719999,0.269000,-66,0.000000,7,8
1,21.000000,19.688999,0.336000,-66,0.000000,7,8
1,21.000000,19.789000,0.278000,-67,0.000000,7,8
1,21.000000,19.688999,0.348000,-66,0.000000,7,8
1,21.000000,19.708000,0.361000,-66,0.000000,7,8
1,21.000000,19.605000,0.403000,-66,0.000000,7,8
1,21.000000,19.816999,0.261000,-66,0.000000,7,8
1,21.000000,19.611000,0.378000,-66,0.000000,7,8
1,21.000000,19.698000,0.321000,-66,0.000000,7,8
1,21.000000,19.698000,0.334000,-66,0.000000,7,8
1,21.000000,19.726000,0.331000,-66,0.000000,7,8
1,21.000000,19.688999,0.348000,-67,0.000000,7,8
1,21.000000,19.872999,0.289000,-66,0.000000,7,8
1,21.000000,19.767000,0.303000,-66,0.000000,7,8
1,21.000000,19.895000,0.297000,-66,0.000000,7,8
1,21.000000,19.754999,0.363000,-66,0.000000,7,8
1,21.000000,19.739000,0.309000,-67,0.000000,7,8
1,21.000000,19.660999,0.321000,-66,0.000000,7,8
1,21.000000,19.750999,0.295000,-67,0.000000,7,8
1,21.000000,19.650999,0.312000,-66,0.000000,7,8
1,21.000000,19.650999,0.334000,-67,0.000000,7,8
1,21.000000,19.660999,0.321000,-66,0.000000,7,8
1,21.000000,19.614000,0.366000,-66,0.000000,7,8
1,21.000000,19.614000,0.366000,-67,0.000000,7,8
1,21.000000,19.688999,0.313000,-66,0.000000,7,8
1,21.000000,19.688999,0.313000,-67,0.000000,7,8
1,21.000000,19.698000,0.351000,-66,0.000000,7,8
1,21.000000,19.872999,0.218000,-66,0.000000,7,8
1,21.000000,19.761000,0.269000,-67,0.000000,7,8
1,21.000000,19.642000,0.344000,-67,0.000000,7,8
1,21.000000,19.688999,0.283000,-67,0.000000,7,8
1,21.000000,19.539000,0.387000,-66,0.000000,7,8
1,21.000000,19.754999,0.254000,-66,0.000000,7,8
1,21.000000,19.660999,0.336000,-67,0.000000,7,8
1,21.000000,19.698000,0.321000,-66,0.000000,7,8
1,21.000000,19.830000,0.247000,-66,0.000000,7,8
1,21.000000,19.726000,0.297000,-66,0.000000,7,8
1,21.000000,19.658001,0.358000,-66,0.000000,7,8
1,21.000000,19.653999,0.364000,-66,0.000000,7,8
1,21.000000,19.579000,0.387000,-67,0.000000,7,8
1,21.000000,19.642000,0.264000,-66,0.000000,7,8
1,21.000000,19.733000,0.326000,-66,0.000000,7,8
1,21.000000,19.683001,0.313000,-67,0.000000,7,8
1,21.000000,19.617001,0.365000,-66,0.000000,7,8
1,21.000000,19.716999,0.339000,-67,0.000000,7,8
1,21.000000,19.539000,0.372000,-66,0.000000,7,8
1,21.000000,19.614000,0.320000,-66,0.000000,7,8
1,21.000000,19.576000,0.345000,-66,0.000000,7,8
1,21.000000,19.688999,0.319000,-67,0.000000,7,8
1,21.000000,19.576000,0.383000,-67,0.000000,7,8
1,21.000000,19.614000,0.366000,-66,0.000000,7,8
1,21.000000,19.716999,0.294000,-66,0.000000,7,8
1,21.000000,19.617001,0.370000,-66,0.000000,7,8
1,21.000000,19.683001,0.318000,-66,0.000000,7,8
1,21.000000,19.844999,0.294000,-67,0.000000,7,8
1,21.000000,19.836000,0.368000,-66,0.000000,7,8
1,21.000000,19.875999,0.251000,-67,0.000000,7,8
1,21.000000,19.844999,0.163000,-66,0.000000,7,8
1,21.000000,19.757999,0.297000,-66,0.000000,7,8
1,21.000000,19.716999,0.393000,-66,0.000000,7,8
1,21.000000,19.795000,0.240000,-66,0.000000,7,8
1,21.000000,19.530001,0.421000,-66,0.000000,7,8
1,21.000000,19.695000,0.388000,-66,0.000000,7,8
1,21.000000,19.951000,0.229000,-66,0.000000,7,8
1,21.000000,19.773001,0.316000,-66,0.000000,7,8
1,21.000000,19.964001,0.203000,-66,0.000000,7,8
1,21.000000,19.761000,0.229000,-66,0.000000,7,8
1,21.000000,19.745001,0.275000,-66,0.000000,7,8
1,21.000000,19.773001,0.299000,-65,0.000000,7,8
1,21.000000,19.905001,0.176000,-66,0.000000,7,8
1,21.000000,19.867001,0.202000,-66,0.000000,7,8
1,21.000000,19.905001,0.138000,-65,0.000000,7,8
1,21.000000,19.729000,0.250000,-65,0.000000,7,8
1,21.000000,19.973000,0.195000,-66,0.000000,7,8
1,21.000000,20.000999,0.231000,-65,0.000000,7,8
1,21.000000,19.872999,0.282000,-66,0.000000,7,8
1,21.000000,20.079000,0.179000,-66,0.000000,7,8
1,21.000000,20.028999,0.158000,-66,0.000000,7,8
1,21.000000,19.851000,0.270000,-65,0.000000,7,8
1,21.000000,19.895000,0.236000,-66,0.000000,7,8
1,21.000000,19.933001,0.247000,-65,0.000000,7,8
1,21.000000,19.770000,0.363000,-66,0.000000,7,8
1,21.000000,20.025999,0.192000,-66,0.000000,7,8
1,21.000000,19.910999,0.252000,-66,0.000000,7,8
1,21.000000,19.726000,0.319000,-66,0.000000,7,8
1,21.000000,19.739000,0.316000,-66,0.000000,7,8
1,21.000000,19.795000,0.314000,-66,0.000000,7,8
1,21.000000,19.695000,0.397000,-66,0.000000,7,8
1,21.000000,19.617001,0.424000,-66,0.000000,7,8
1,21.000000,19.811001,0.291000,-66,0.000000,7,8
1,21.000000,19.645000,0.373000,-66,0.000000,7,8
1,21.000000,19.836000,0.294000,-66,0.000000,7,8
1,21.000000,19.816999,0.235000,-66,0.000000,7,8
1,21.000000,19.614000,0.352000,-67,0.000000,7,8
1,21.000000,19.539000,0.443000,-66,0.000000,7,8
1,21.000000,19.716999,0.306000,-66,0.000000,7,8
1,21.000000,19.576000,0.400000,-66,0.000000,7,8
1,21.000000,19.767000,0.256000,-66,0.000000,7,8
1,21.000000,19.923000,0.251000,-66,0.000000,7,8
1,21.000000,19.620001,0.403000,-67,0.000000,7,8
1,21.000000,19.795000,0.311000,-66,0.000000,7,8
1,21.000000,19.905001,0.269000,-66,0.000000,7,8
1,21.000000,19.579000,0.399000,-67,0.000000,7,8
1,21.000000,19.688999,0.331000,-66,0.000000,7,8
1,21.000000,19.726000,0.235000,-66,0.000000,7,8
1,21.000000,19.764000,0.318000,-66,0.000000,7,8
1,21.000000,19.658001,0.357000,-66,0.000000,7,8
1,21.000000,19.954000,0.247000,-65,0.000000,7,8
1,21.000000,19.698000,0.351000,-66,0.000000,7,8
1,21.000000,19.826000,0.313000,-66,0.000000,7,8
1,21.000000,19.695000,0.342000,-66,0.000000,7,8
1,21.000000,19.698000,0.321000,-66,0.000000,7,8
1,21.000000,19.736000,0.318000,-66,0.000000,7,8
1,21.000000,19.826000,0.312000,-66,0.000000,7,8
1,21.000000,19.645000,0.388000,-66,0.000000,7,8
1,21.000000,19.872999,0.238000,-66,0.000000,7,8
1,21.000000,19.579000,0.406000,-66,0.000000,7,8
1,21.000000,19.579000,0.376000,-66,0.000000,7,8
1,21.000000,19.539000,0.412000,-66,0.000000,7,8
1,21.000000,19.653999,0.346000,-66,0.000000,7,8
1,21.000000,19.761000,0.316000,-66,0.000000,7,8
1,21.000000,19.733000,0.357000,-66,0.000000,7,8
1,21.000000,19.895000,0.264000,-66,0.000000,7,8
1,21.000000,19.757999,0.337000,-66,0.000000,7,8
1,21.000000,19.688999,0.351000,-66,0.000000,7,8
1,21.000000,19.767000,0.335000,-66,0.000000,7,8
1,21.000000,19.739000,0.395000,-66,0.000000,7,8
1,21.000000,19.650999,0.380000,-66,0.000000,7,8
1,21.000000,19.660999,0.394000,-66,0.000000,7,8
1,21.000000,19.739000,0.364000,-66,0.000000,7,8
1,21.000000,19.726000,0.321000,-66,0.000000,7,8
1,21.000000,19.726000,0.368000,-65,0.000000,7,8
1,21.000000,19.698000,0.321000,-66,0.000000,7,8
1,21.000000,19.680000,0.424000,-66,0.000000,7,8
1,21.000000,19.867001,0.305000,-66,0.000000,7,8
1,21.000000,19.754999,0.339000,-66,0.000000,7,8
1,21.000000,19.941999,0.174000,-66,0.000000,7,8
1,21.000000,19.980000,0.189000,-65,0.000000,7,8
1,21.000000,19.576000,0.407000,-66,0.000000,7,8
1,21.000000,19.698000,0.334000,-66,0.000000,7,8
1,21.000000,19.941999,0.097000,-66,0.000000,7,8
1,21.000000,19.775999,0.366000,-66,0.000000,7,8
1,21.000000,19.698000,0.334000,-66,0.000000,7,8
1,21.000000,19.650999,0.301000,-66,0.000000,7,8
1,21.000000,19.698000,0.321000,-66,0.000000,7,8
1,21.000000,19.867001,0.128000,-65,0.000000,7,8
1,21.000000,19.764000,0.282000,-66,0.000000,7,8
1,21.000000,19.739000,0.412000,-67,0.000000,7,8
1,21.000000,19.792000,0.252000,-66,0.000000,7,8
1,21.000000,19.688999,0.313000,-66,0.000000,7,8
1,21.000000,19.792000,0.144000,-67,0.000000,7,8
1,21.000000,19.539000,0.300000,-67,0.000000,7,8
1,21.000000,19.576000,0.503000,-66,0.000000,7,8
1,21.000000,19.639000,0.446000,-66,0.000000,7,8
1,21.000000,19.639000,0.535000,-66,0.000000,7,8
1,21.000000,19.667000,0.516000,-66,0.000000,7,8
1,21.000000,19.589001,0.487000,-66,0.000000,7,8
1,21.000000,19.500999,0.472000,-66,0.000000,7,8
1,21.000000,19.500999,0.472000,-66,0.000000,7,8
1,21.000000,19.492001,0.520000,-66,0.000000,7,8
1,21.000000,19.539000,0.466000,-66,0.000000,7,8
1,21.000000,19.500999,0.489000,-67,0.000000,7,8
1,21.000000,19.576000,0.481000,-66,0.000000,7,8
1,21.000000,19.511000,0.550000,-66,0.000000,7,8
1,21.000000,19.539000,0.510000,-66,0.000000,7,8
1,21.000000,19.650999,0.453000,-66,0.000000,7,8
1,21.000000,19.576000,0.503000,-66,0.000000,7,8
1,21.000000,19.504000,0.561000,-66,0.000000,7,8
1,21.000000,19.576000,0.520000,-66,0.000000,7,8
1,21.000000,19.632999,0.570000,-66,0.000000,7,8
1,21.000000,19.533001,0.558000,-66,0.000000,7,8
1,21.000000,19.455000,0.565000,-66,0.000000,7,8
1,21.000000,19.495001,0.507000,-66,0.000000,7,8
1,21.000000,19.476000,0.568000,-66,0.000000,7,8
1,21.000000,19.426001,0.529000,-66,0.000000,7,8
1,21.000000,19.445000,0.528000,-67,0.000000,7,8
1,21.000000,19.500999,0.472000,-67,0.000000,7,8
1,21.000000,19.576000,0.466000,-67,0.000000,7,8
1,21.000000,19.492001,0.501000,-67,0.000000,7,8
1,21.000000,19.566999,0.489000,-67,0.000000,7,8
1,21.000000,19.500999,0.472000,-67,0.000000,7,8
1,21.000000,19.576000,0.467000,-67,0.000000,7,8
1,21.000000,19.492001,0.501000,-67,0.000000,7,8
1,21.000000,19.539000,0.482000,-66,0.000000,7,8
1,21.000000,19.500999,0.489000,-67,0.000000,7,8
1,21.000000,19.566999,0.522000,-66,0.000000,7,8
1,21.000000,19.605000,0.475000,-66,0.000000,7,8
1,21.000000,19.642000,0.486000,-66,0.000000,7,8
1,21.000000,19.539000,0.482000,-66,0.000000,7,8
1,21.000000,19.576000,0.466000,-66,0.000000,7,8
1,21.000000,19.566999,0.493000,-66,0.000000,7,8
1,21.000000,19.573000,0.484000,-66,0.000000,7,8
1,21.000000,19.561001,0.512000,-66,0.000000,7,8
1,21.000000,19.601000,0.506000,-66,0.000000,7,8
1,21.000000,19.523001,0.532000,-67,0.000000,7,8
1,21.000000,19.561001,0.504000,-67,0.000000,7,8
1,21.000000,19.561001,0.512000,-66,0.000000,7,8
1,21.000000,19.576000,0.470000,-67,0.000000,7,8
1,21.000000,19.611000,0.463000,-66,0.000000,7,8
1,21.000000,19.561001,0.512000,-67,0.000000,7,8
1,21.000000,19.561001,0.512000,-66,0.000000,7,8
1,21.000000,19.566999,0.485000,-66,0.000000,7,8
1,21.000000,19.611000,0.471000,-66,0.000000,7,8
1,21.000000,19.566999,0.481000,-66,0.000000,7,8
1,21.000000,19.642000,0.457000,-66,0.000000,7,8
1,21.000000,19.464001,0.494000,-66,0.000000,7,8
1,21.000000,19.476000,0.562000,-66,0.000000,7,8
1,21.000000,19.455000,0.507000,-66,0.000000,7,8
1,21.000000,19.561001,0.535000,-66,0.000000,7,8
1,21.000000,19.495001,0.501000,-66,0.000000,7,8
1,21.000000,19.614000,0.442000,-67,0.000000,7,8
1,21.000000,19.583000,0.490000,-66,0.000000,7,8
1,21.000000,19.539000,0.482000,-67,0.000000,7,8
1,21.000000,19.525999,0.573000,-67,0.000000,7,8
1,21.000000,19.611000,0.471000,-67,0.000000,7,8
1,21.000000,19.523001,0.545000,-67,0.000000,7,8
1,21.000000,19.589001,0.501000,-67,0.000000,7,8
1,21.000000,19.566999,0.466000,-66,0.000000,7,8
1,21.000000,19.426001,0.524000,-67,0.000000,7,8
1,21.000000,19.479000,0.601000,-66,0.000000,7,8
1,21.000000,19.650999,0.453000,-67,0.000000,7,8
1,21.000000,19.605000,0.516000,-67,0.000000,7,8
1,21.000000,19.539000,0.482000,-67,0.000000,7,8
1,21.000000,19.530001,0.497000,-67,0.000000,7,8
1,21.000000,19.605000,0.453000,-67,0.000000,7,8
1,21.000000,19.561001,0.510000,-67,0.000000,7,8
1,21.000000,19.589001,0.500000,-67,0.000000,7,8
1,21.000000,19.455000,0.489000,-67,0.000000,7,8
1,21.000000,19.530001,0.474000,-67,0.000000,7,8
1,21.000000,19.573000,0.466000,-67,0.000000,7,8
1,21.000000,19.426001,0.541000,-66,0.000000,7,8
1,21.000000,19.573000,0.481000,-67,0.000000,7,8
1,21.000000,19.558001,0.563000,-67,0.000000,7,8
1,21.000000,19.533001,0.532000,-66,0.000000,7,8
1,21.000000,19.614000,0.457000,-66,0.000000,7,8
1,21.000000,19.611000,0.463000,-66,0.000000,7,8
1,21.000000,19.611000,0.494000,-67,0.000000,7,8
1,21.000000,19.566999,0.506000,-67,0.000000,7,8
1,21.000000,19.539000,0.482000,-66,0.000000,7,8
1,21.000000,19.680000,0.454000,-66,0.000000,7,8
1,21.000000,19.639000,0.467000,-67,0.000000,7,8
1,21.000000,19.500999,0.486000,-67,0.000000,7,8
1,21.000000,19.642000,0.456000,-67,0.000000,7,8
1,21.000000,19.566999,0.489000,-67,0.000000,7,8
1,21.000000,19.539000,0.466000,-66,0.000000,7,8
1,21.000000,19.566999,0.510000,-66,0.000000,7,8
1,21.000000,19.680000,0.481000,-66,0.000000,7,8
1,21.000000,19.642000,0.501000,-66,0.000000,7,8
1,21.000000,19.561001,0.512000,-66,0.000000,7,8
1,21.000000,19.464001,0.476000,-66,0.000000,7,8
1,21.000000,19.492001,0.516000,-66,0.000000,7,8
1,21.000000,19.601000,0.490000,-66,0.000000,7,8
1,21.000000,19.492001,0.520000,-66,0.000000,7,8
1,21.000000,19.492001,0.517000,-66,0.000000,7,8
1,21.000000,19.455000,0.519000,-66,0.000000,7,8
1,21.000000,19.495001,0.491000,-67,0.000000,7,8
1,21.000000,19.629000,0.464000,-67,0.000000,7,8
1,21.000000,19.583000,0.430000,-67,0.000000,7,8
1,21.000000,19.535999,0.414000,-67,0.000000,7,8
1,21.000000,19.523001,0.474000,-66,0.000000,7,8
1,21.000000,19.504000,0.480000,-67,0.000000,7,8
1,21.000000,19.611000,0.433000,-66,0.000000,7,8
1,21.000000,19.576000,0.454000,-67,0.000000,7,8
1,21.000000,19.583000,0.466000,-66,0.000000,7,8
1,21.000000,19.504000,0.526000,-66,0.000000,7,8
1,21.000000,19.533001,0.501000,-66,0.000000,7,8
1,21.000000,19.614000,0.472000,-66,0.000000,7,8
1,21.000000,19.492001,0.530000,-66,0.000000,7,8
1,21.000000,19.605000,0.489000,-66,0.000000,7,8
1,21.000000,19.591999,0.532000,-66,0.000000,7,8
1,21.000000,19.455000,0.519000,-66,0.000000,7,8
1,21.000000,19.716999,0.418000,-66,0.000000,7,8
1,21.000000,19.570000,0.498000,-66,0.000000,7,8
1,21.000000,19.632999,0.540000,-66,0.000000,7,8
1,21.000000,19.426001,0.541000,-66,0.000000,7,8
1,21.000000,19.583000,0.509000,-66,0.000000,7,8
1,21.000000,19.576000,0.479000,-66,0.000000,7,8
1,21.000000,19.601000,0.534000,-66,0.000000,7,8
1,21.000000,19.642000,0.474000,-66,0.000000,7,8
1,21.000000,19.561001,0.526000,-66,0.000000,7,8
1,21.000000,19.539000,0.482000,-66,0.000000,7,8
1,21.000000,19.417000,0.582000,-66,0.000000,7,8
1,21.000000,19.539000,0.470000,-66,0.000000,7,8
1,21.000000,19.533001,0.531000,-66,0.000000,7,8
1,21.000000,19.594999,0.574000,-66,0.000000,7,8
1,21.000000,19.673000,0.523000,-66,0.000000,7,8
1,21.000000,19.504000,0.543000,-66,0.000000,7,8
1,21.000000,19.497999,0.533000,-66,0.000000,7,8
1,21.000000,19.486000,0.633000,-66,0.000000,7,8
1,21.000000,19.530001,0.581000,-66,0.000000,7,8
1,21.000000,19.455000,0.580000,-66,0.000000,7,8
1,21.000000,19.464001,0.508000,-66,0.000000,7,8
1,21.000000,19.500999,0.490000,-66,0.000000,7,8
1,21.000000,19.530001,0.487000,-66,0.000000,7,8
1,21.000000,19.458000,0.532000,-66,0.000000,7,8
1,21.000000,19.379999,0.575000,-66,0.000000,7,8
1,21.000000,19.535999,0.493000,-66,0.000000,7,8
1,21.000000,19.483000,0.603000,-66,0.000000,7,8
1,21.000000,19.576000,0.489000,-67,0.000000,7,8
1,21.000000,19.533001,0.508000,-67,0.000000,7,8
1,21.000000,19.561001,0.481000,-67,0.000000,7,8
1,21.000000,19.561001,0.477000,-66,0.000000,7,8
1,21.000000,19.642000,0.473000,-67,0.000000,7,8
1,21.000000,19.611000,0.452000,-67,0.000000,7,8
1,21.000000,19.611000,0.438000,-66,0.000000,7,8
1,21.000000,19.539000,0.482000,-66,0.000000,7,8
1,21.000000,19.566999,0.489000,-67,0.000000,7,8
1,21.000000,19.539000,0.482000,-67,0.000000,7,8
1,21.000000,19.561001,0.477000,-66,0.000000,7,8
1,21.000000,19.566999,0.493000,-66,0.000000,7,8
1,21.000000,19.539000,0.453000,-67,0.000000,7,8
1,21.000000,19.642000,0.456000,-66,0.000000,7,8
1,21.000000,19.530001,0.466000,-66,0.000000,7,8
1,21.000000,19.566999,0.496000,-67,0.000000,7,8
1,21.000000,19.476000,0.507000,-66,0.000000,7,8
1,21.000000,19.492001,0.505000,-67,0.000000,7,8
1,21.000000,19.476000,0.518000,-67,0.000000,7,8
1,21.000000,19.500999,0.490000,-66,0.000000,7,8
1,21.000000,19.500999,0.472000,-67,0.000000,7,8
1,21.000000,19.426001,0.503000,-67,0.000000,7,8
1,21.000000,19.591999,0.449000,-67,0.000000,7,8
1,21.000000,19.504000,0.466000,-66,0.000000,7,8
1,21.000000,19.591999,0.499000,-66,0.000000,7,8
1,21.000000,19.495001,0.507000,-66,0.000000,7,8
1,21.000000,19.458000,0.532000,-66,0.000000,7,8
1,21.000000,19.426001,0.541000,-66,0.000000,7,8
1,21.000000,19.426001,0.482000,-67,0.000000,7,8
1,21.000000,19.523001,0.502000,-66,0.000000,7,8
1,21.000000,19.454000,0.500000,-66,0.000000,7,8
1,21.000000,19.520000,0.540000,-66,0.000000,7,8
1,21.000000,19.504000,0.498000,-66,0.000000,7,8
1,21.000000,19.420000,0.558000,-66,0.000000,7,8
1,21.000000,19.533001,0.508000,-66,0.000000,7,8
1,21.000000,19.497999,0.519000,-66,0.000000,7,8
1,21.000000,19.563999,0.523000,-66,0.000000,7,8
1,21.000000,19.611000,0.479000,-66,0.000000,7,8
1,21.000000,19.448000,0.572000,-66,0.000000,7,8
1,21.000000,19.533001,0.486000,-66,0.000000,7,8
1,21.000000,19.601000,0.489000,-66,0.000000,7,8
1,21.000000,19.636000,0.475000,-66,0.000000,7,8
1,21.000000,19.539000,0.466000,-66,0.000000,7,8
1,21.000000,19.611000,0.486000,-66,0.000000,7,8
1,21.000000,19.539000,0.497000,-66,0.000000,7,8
1,21.000000,19.500999,0.501000,-66,0.000000,7,8
1,21.000000,19.566999,0.525000,-65,0.000000,7,8
1,21.000000,19.500999,0.501000,-65,0.000000,7,8
1,21.000000,19.473000,0.567000,-66,0.000000,7,8
1,21.000000,19.667000,0.490000,-66,0.000000,7,8
1,21.000000,19.639000,0.490000,-66,0.000000,7,8
1,21.000000,19.539000,0.467000,-65,0.000000,7,8
1,21.000000,19.500999,0.485000,-66,0.000000,7,8
1,21.000000,19.539000,0.470000,-66,0.000000,7,8
1,21.000000,19.561001,0.512000,-66,0.000000,7,8
1,21.000000,19.561001,0.481000,-66,0.000000,7,8
1,21.000000,19.566999,0.537000,-66,0.000000,7,8
1,21.000000,19.539000,0.453000,-66,0.000000,7,8
1,21.000000,19.591999,0.558000,-66,0.000000,7,8
1,21.000000,19.573000,0.468000,-66,0.000000,7,8
1,21.000000,19.464001,0.508000,-66,0.000000,7,8
1,21.000000,19.594999,0.589000,-66,0.000000,7,8
1,21.000000,19.604000,0.591000,-66,0.000000,7,8
1,21.000000,19.464001,0.536000,-65,0.000000,7,8
1,21.000000,19.679001,0.550000,-66,0.000000,7,8
1,21.000000,19.594999,0.575000,-66,0.000000,7,8
1,21.000000,19.495001,0.550000,-66,0.000000,7,8
1,21.000000,19.495001,0.532000,-66,0.000000,7,8
1,21.000000,19.504000,0.510000,-66,0.000000,7,8
1,21.000000,19.611000,0.441000,-67,0.000000,7,8
1,21.000000,19.579000,0.389000,-67,0.000000,7,8
1,21.000000,19.579000,0.399000,-67,0.000000,7,8
1,21.000000,19.745001,0.372000,-67,0.000000,7,8
1,21.000000,19.688999,0.396000,-66,0.000000,7,8
1,21.000000,19.570000,0.443000,-66,0.000000,7,8
1,21.000000,19.711000,0.398000,-66,0.000000,7,8
1,21.000000,19.611000,0.419000,-67,0.000000,7,8
1,21.000000,19.622999,0.335000,-67,0.000000,7,8
1,21.000000,19.867001,0.158000,-66,0.000000,7,8
1,21.000000,19.660999,0.321000,-67,0.000000,7,8
1,21.000000,19.650999,0.313000,-66,0.000000,7,8
1,21.000000,19.792000,0.259000,-66,0.000000,7,8
1,21.000000,19.576000,0.369000,-66,0.000000,7,8
1,21.000000,19.767000,0.254000,-66,0.000000,7,8
1,21.000000,19.816999,0.231000,-66,0.000000,7,8
1,21.000000,19.660999,0.303000,-66,0.000000,7,8
1,21.000000,19.680000,0.201000,-66,0.000000,7,8
1,21.000000,19.688999,0.247000,-66,0.000000,7,8
1,21.000000,19.539000,0.360000,-67,0.000000,7,8
1,21.000000,19.683001,0.320000,-66,0.000000,7,8
1,21.000000,19.695000,0.358000,-66,0.000000,7,8
1,21.000000,19.872999,0.256000,-66,0.000000,7,8
1,21.000000,19.844999,0.260000,-67,0.000000,7,8
1,21.000000,19.726000,0.346000,-66,0.000000,7,8
1,21.000000,19.726000,0.319000,-66,0.000000,7,8
1,21.000000,19.660999,0.350000,-66,0.000000,7,8
1,21.000000,19.754999,0.188000,-66,0.000000,7,8
1,21.000000,19.867001,0.146000,-66,0.000000,7,8
1,21.000000,19.688999,0.269000,-67,0.000000,7,8
1,21.000000,19.716999,0.227000,-66,0.000000,7,8
1,21.000000,19.570000,0.136000,-66,0.000000,7,8
1,21.000000,19.500999,0.314000,-67,0.000000,7,8
1,21.000000,19.535999,0.214000,-67,0.000000,7,8
1,21.000000,19.504000,0.332000,-67,0.000000,7,8
1,21.000000,19.566999,0.057000,-67,0.000000,7,8
1,21.000000,19.639000,0.214000,-67,0.000000,7,8
1,21.000000,19.872999,0.181000,-66,0.000000,7,8
1,21.000000,19.761000,0.335000,-66,0.000000,7,8
1,21.000000,19.736000,0.356000,-66,0.000000,7,8
1,21.000000,19.698000,0.381000,-66,0.000000,7,8
1,21.000000,19.941999,0.277000,-66,0.000000,7,8
1,21.000000,19.576000,0.475000,-66,0.000000,7,8
1,21.000000,19.653999,0.415000,-66,0.000000,7,8
1,21.000000,19.923000,0.281000,-66,0.000000,7,8
1,21.000000,19.801001,0.363000,-65,0.000000,7,8
1,21.000000,19.764000,0.363000,-66,0.000000,7,8
1,21.000000,19.739000,0.384000,-66,0.000000,7,8
1,21.000000,19.688999,0.412000,-65,0.000000,7,8
1,21.000000,19.770000,0.363000,-66,0.000000,7,8
1,21.000000,19.773001,0.350000,-66,0.000000,7,8
1,21.000000,19.736000,0.356000,-66,0.000000,7,8
1,21.000000,19.688999,0.423000,-66,0.000000,7,8
1,21.000000,19.614000,0.457000,-66,0.000000,7,8
1,21.000000,19.723000,0.380000,-66,0.000000,7,8
1,21.000000,19.660999,0.396000,-66,0.000000,7,8
1,21.000000,19.642000,0.425000,-66,0.000000,7,8
1,21.000000,19.570000,0.479000,-66,0.000000,7,8
1,21.000000,19.764000,0.363000,-66,0.000000,7,8
1,21.000000,19.754999,0.361000,-66,0.000000,7,8
1,21.000000,19.754999,0.345000,-66,0.000000,7,8
1,21.000000,19.576000,0.454000,-65,0.000000,7,8
1,21.000000,19.798000,0.350000,-66,0.000000,7,8
1,21.000000,19.801001,0.336000,-66,0.000000,7,8
1,21.000000,19.905001,0.299000,-65,0.000000,7,8
1,21.000000,19.775999,0.342000,-66,0.000000,7,8
1,21.000000,19.614000,0.424000,-66,0.000000,7,8
1,21.000000,19.653999,0.427000,-66,0.000000,7,8
1,21.000000,19.923000,0.324000,-66,0.000000,7,8
1,21.000000,19.830000,0.348000,-66,0.000000,7,8
1,21.000000,19.650999,0.439000,-66,0.000000,7,8
1,21.000000,19.767000,0.400000,-66,0.000000,7,8
1,21.000000,19.795000,0.401000,-66,0.000000,7,8
1,21.000000,19.867001,0.379000,-66,0.000000,7,8
1,21.000000,19.688999,0.441000,-66,0.000000,7,8
1,21.000000,19.816999,0.398000,-66,0.000000,7,8
1,21.000000,19.844999,0.361000,-66,0.000000,7,8
1,21.000000,19.764000,0.388000,-66,0.000000,7,8
1,21.000000,19.736000,0.387000,-65,0.000000,7,8
1,21.000000,19.739000,0.435000,-66,0.000000,7,8
1,21.000000,19.716999,0.475000,-66,0.000000,7,8
1,21.000000,19.686001,0.422000,-66,0.000000,7,8
1,21.000000,19.686001,0.436000,-65,0.000000,7,8
1,21.000000,19.905001,0.404000,-66,0.000000,7,8
1,21.000000,19.726000,0.449000,-66,0.000000,7,8
1,21.000000,19.539000,0.512000,-66,0.000000,7,8
1,21.000000,19.895000,0.333000,-66,0.000000,7,8
1,21.000000,19.875999,0.347000,-66,0.000000,7,8
1,21.000000,19.773001,0.337000,-66,0.000000,7,8
1,21.000000,19.739000,0.396000,-66,0.000000,7,8
1,21.000000,19.830000,0.382000,-66,0.000000,7,8
1,21.000000,19.801001,0.363000,-66,0.000000,7,8
1,21.000000,19.801001,0.342000,-66,0.000000,7,8
1,21.000000,19.698000,0.392000,-66,0.000000,7,8
1,21.000000,19.739000,0.384000,-66,0.000000,7,8
1,21.000000,19.973000,0.274000,-66,0.000000,7,8
1,21.000000,19.653999,0.426000,-66,0.000000,7,8
1,21.000000,19.658001,0.416000,-66,0.000000,7,8
1,21.000000,19.736000,0.356000,-66,0.000000,7,8
1,21.000000,19.660999,0.415000,-66,0.000000,7,8
1,21.000000,19.726000,0.371000,-66,0.000000,7,8
1,21.000000,19.870001,0.367000,-66,0.000000,7,8
1,21.000000,19.795000,0.338000,-66,0.000000,7,8
1,21.000000,19.798000,0.320000,-66,0.000000,7,8
1,21.000000,19.872999,0.291000,-65,0.000000,7,8
1,21.000000,19.801001,0.335000,-66,0.000000,7,8
1,21.000000,20.079000,0.213000,-66,0.000000,7,8
1,21.000000,19.813999,0.311000,-66,0.000000,7,8
1,21.000000,19.867001,0.313000,-66,0.000000,7,8
1,21.000000,19.833000,0.349000,-66,0.000000,7,8
1,21.000000,19.757999,0.387000,-66,0.000000,7,8
1,21.000000,19.653999,0.442000,-66,0.000000,7,8
1,21.000000,19.617001,0.440000,-66,0.000000,7,8
1,21.000000,19.726000,0.370000,-66,0.000000,7,8
1,21.000000,19.980000,0.186000,-66,0.000000,7,8
1,21.000000,19.867001,0.158000,-66,0.000000,7,8
1,21.000000,19.933001,0.203000,-65,0.000000,7,8
1,21.000000,20.079000,0.100000,-66,0.000000,7,8
1,21.000000,20.076000,0.103000,-66,0.000000,7,8
1,21.000000,19.933001,0.190000,-66,0.000000,7,8
1,21.000000,19.841999,0.200000,-66,0.000000,7,8
1,21.000000,19.951000,0.119000,-66,0.000000,7,8
1,21.000000,19.914000,0.153000,-66,0.000000,7,8
1,21.000000,19.813999,0.270000,-66,0.000000,7,8
1,21.000000,19.895000,0.151000,-66,0.000000,7,8
1,21.000000,20.079000,0.111000,-66,0.000000,7,8
1,21.000000,19.811001,0.285000,-66,0.000000,7,8
1,21.000000,19.839001,0.221000,-66,0.000000,7,8
1,21.000000,19.854000,0.266000,-66,0.000000,7,8
1,21.000000,20.051001,0.123000,-66,0.000000,7,8
1,21.000000,19.914000,0.066000,-66,0.000000,7,8
1,21.000000,19.801001,0.205000,-66,0.000000,7,8
1,21.000000,19.941999,0.060000,-66,0.000000,7,8
1,21.000000,19.816999,0.236000,-66,0.000000,7,8
1,21.000000,19.691999,0.355000,-66,0.000000,7,8
1,21.000000,19.954000,0.223000,-66,0.000000,7,8
1,21.000000,20.028999,0.175000,-66,0.000000,7,8
1,21.000000,19.816999,0.330000,-66,0.000000,7,8
1,21.000000,19.611000,0.342000,-66,0.000000,7,8
1,21.000000,19.530001,0.407000,-66,0.000000,7,8
1,21.000000,19.726000,0.280000,-66,0.000000,7,8
1,21.000000,19.698000,0.351000,-66,0.000000,7,8
1,21.000000,19.650999,0.333000,-67,0.000000,7,8
1,21.000000,19.680000,0.244000,-66,0.000000,7,8
1,21.000000,19.757999,0.198000,-66,0.000000,7,8
1,21.000000,19.767000,0.254000,-66,0.000000,7,8
1,21.000000,19.698000,0.334000,-66,0.000000,7,8
1,21.000000,19.726000,0.314000,-67,0.000000,7,8
1,21.000000,19.691999,0.350000,-66,0.000000,7,8
1,21.000000,20.000999,0.211000,-66,0.000000,7,8
1,21.000000,19.839001,0.161000,-66,0.000000,7,8
1,21.000000,19.660999,0.497000,-67,0.000000,7,8
1,21.000000,19.642000,0.488000,-66,0.000000,7,8
1,21.000000,19.566999,0.506000,-66,0.000000,7,8
1,21.000000,19.523001,0.483000,-66,0.000000,7,8
1,21.000000,19.558001,0.484000,-67,0.000000,7,8
1,21.000000,19.542000,0.447000,-67,0.000000,7,8
1,21.000000,19.539000,0.443000,-67,0.000000,7,8
1,21.000000,19.436001,0.454000,-67,0.000000,7,8
1,21.000000,19.464001,0.451000,-67,0.000000,7,8
1,21.000000,19.558001,0.313000,-67,0.000000,7,8
1,21.000000,19.486000,0.359000,-67,0.000000,7,8
1,21.000000,19.660999,0.270000,-67,0.000000,7,8
1,21.000000,19.539000,0.360000,-67,0.000000,7,8
1,21.000000,19.530001,0.350000,-67,0.000000,7,8
1,21.000000,19.455000,0.359000,-67,0.000000,7,8
1,21.000000,19.561001,0.245000,-67,0.000000,7,8
1,21.000000,19.563999,0.203000,-67,0.000000,7,8
1,21.000000,19.530001,0.254000,-67,0.000000,7,8
1,21.000000,19.605000,0.195000,-67,0.000000,7,8
1,21.000000,19.611000,0.246000,-67,0.000000,7,8
1,21.000000,19.583000,0.363000,-67,0.000000,7,8
1,21.000000,19.576000,0.297000,-67,0.000000,7,8
1,21.000000,19.561001,0.271000,-67,0.000000,7,8
1,21.000000,19.591999,0.238000,-67,0.000000,7,8
1,21.000000,19.464001,0.380000,-67,0.000000,7,8
1,21.000000,19.650999,0.239000,-67,0.000000,7,8
1,21.000000,19.614000,0.301000,-67,0.000000,7,8
1,21.000000,19.576000,0.280000,-67,0.000000,7,8
1,21.000000,19.539000,0.295000,-66,0.000000,7,8
1,21.000000,19.533001,0.232000,-67,0.000000,7,8
1,21.000000,19.611000,0.279000,-67,0.000000,7,8
1,21.000000,19.642000,0.170000,-67,0.000000,7,8
1,21.000000,19.680000,0.131000,-66,0.000000,7,8
1,21.000000,19.648001,0.192000,-67,0.000000,7,8
1,21.000000,19.629000,0.163000,-67,0.000000,7,8
1,21.000000,19.561001,0.197000,-67,0.000000,7,8
1,21.000000,19.660999,0.270000,-66,0.000000,7,8
1,21.000000,19.576000,0.297000,-66,0.000000,7,8
1,21.000000,19.680000,0.144000,-66,0.000000,7,8
1,21.000000,19.670000,0.141000,-67,0.000000,7,8
1,21.000000,19.614000,0.297000,-67,0.000000,7,8
1,21.000000,19.530001,0.197000,-67,0.000000,7,8
1,21.000000,19.576000,0.280000,-67,0.000000,7,8
1,21.000000,19.500999,0.352000,-66,0.000000,7,8
1,21.000000,19.573000,0.283000,-67,0.000000,7,8
1,21.000000,19.561001,0.204000,-67,0.000000,7,8
1,21.000000,19.601000,0.217000,-67,0.000000,7,8
1,21.000000,19.561001,0.290000,-67,0.000000,7,8
1,21.000000,19.511000,0.305000,-67,0.000000,7,8
1,21.000000,19.500999,0.410000,-66,0.000000,7,8
1,21.000000,19.495001,0.335000,-67,0.000000,7,8
1,21.000000,19.539000,0.328000,-67,0.000000,7,8
1,21.000000,19.539000,0.348000,-67,0.000000,7,8
1,21.000000,19.530001,0.293000,-67,0.000000,7,8
1,21.000000,19.436001,0.324000,-67,0.000000,7,8
1,21.000000,19.554001,0.248000,-67,0.000000,7,8
1,21.000000,19.558001,0.246000,-67,0.000000,7,8
1,21.000000,19.483000,0.312000,-67,0.000000,7,8
1,21.000000,19.483000,0.297000,-67,0.000000,7,8
1,21.000000,19.561001,0.279000,-67,0.000000,7,8
1,21.000000,19.500999,0.366000,-67,0.000000,7,8
1,21.000000,19.511000,0.324000,-67,0.000000,7,8
1,21.000000,19.511000,0.338000,-67,0.000000,7,8
1,21.000000,19.517000,0.357000,-67,0.000000,7,8
1,21.000000,19.504000,0.398000,-67,0.000000,7,8
1,21.000000,19.535999,0.355000,-67,0.000000,7,8
1,21.000000,19.583000,0.345000,-67,0.000000,7,8
1,21.000000,19.576000,0.345000,-67,0.000000,7,8
1,21.000000,19.525999,0.379000,-67,0.000000,7,8
1,21.000000,19.539000,0.348000,-67,0.000000,7,8
1,21.000000,19.451000,0.385000,-67,0.000000,7,8
1,21.000000,19.500999,0.443000,-67,0.000000,7,8
1,21.000000,19.464001,0.450000,-67,0.000000,7,8
1,21.000000,19.426001,0.451000,-67,0.000000,7,8
1,21.000000,19.495001,0.371000,-67,0.000000,7,8
1,21.000000,19.539000,0.342000,-67,0.000000,7,8
1,21.000000,19.561001,0.348000,-67,0.000000,7,8
1,21.000000,19.539000,0.393000,-67,0.000000,7,8
1,21.000000,19.414000,0.479000,-67,0.000000,7,8
1,21.000000,19.426001,0.451000,-67,0.000000,7,8
1,21.000000,19.533001,0.387000,-67,0.000000,7,8
1,21.000000,19.611000,0.299000,-67,0.000000,7,8
1,21.000000,19.455000,0.369000,-67,0.000000,7,8
1,21.000000,19.500999,0.433000,-67,0.000000,7,8
1,21.000000,19.583000,0.363000,-67,0.000000,7,8
1,21.000000,19.539000,0.342000,-67,0.000000,7,8
1,21.000000,19.511000,0.305000,-67,0.000000,7,8
1,21.000000,19.513000,0.227000,-67,0.000000,7,8
1,21.000000,19.426001,0.466000,-67,0.000000,7,8
1,21.000000,19.670000,0.185000,-67,0.000000,7,8
1,21.000000,19.561001,0.316000,-67,0.000000,7,8
1,21.000000,19.511000,0.305000,-67,0.000000,7,8
1,21.000000,19.464001,0.410000,-67,0.000000,7,8
1,21.000000,19.660999,0.321000,-67,0.000000,7,8
1,21.000000,19.650999,0.274000,-66,0.000000,7,8
1,21.000000,19.566999,0.201000,-67,0.000000,7,8
1,21.000000,19.511000,0.292000,-67,0.000000,7,8
1,21.000000,19.504000,0.422000,-67,0.000000,7,8
1,21.000000,19.614000,0.301000,-67,0.000000,7,8
1,21.000000,19.511000,0.322000,-67,0.000000,7,8
1,21.000000,19.436001,0.285000,-67,0.000000,7,8
1,21.000000,19.554001,0.217000,-67,0.000000,7,8
1,21.000000,19.539000,0.328000,-67,0.000000,7,8
1,21.000000,19.561001,0.300000,-67,0.000000,7,8
1,21.000000,19.473000,0.298000,-67,0.000000,7,8
1,21.000000,19.611000,0.331000,-67,0.000000,7,8
1,21.000000,19.492001,0.253000,-67,0.000000,7,8
1,21.000000,19.441999,0.305000,-67,0.000000,7,8
1,21.000000,19.576000,0.327000,-67,0.000000,7,8
1,21.000000,19.486000,0.276000,-67,0.000000,7,8
1,21.000000,19.566999,0.276000,-67,0.000000,7,8
1,21.000000,19.473000,0.324000,-67,0.000000,7,8
1,21.000000,19.535999,0.350000,-67,0.000000,7,8
1,21.000000,19.539000,0.342000,-67,0.000000,7,8
1,21.000000,19.511000,0.233000,-67,0.000000,7,8
1,21.000000,19.464001,0.391000,-67,0.000000,7,8
1,21.000000,19.660999,0.282000,-67,0.000000,7,8
1,21.000000,19.539000,0.313000,-67,0.000000,7,8
1,21.000000,19.479000,0.264000,-67,0.000000,7,8
1,21.000000,19.594999,0.277000,-67,0.000000,7,8
1,21.000000,19.563999,0.422000,-67,0.000000,7,8
1,21.000000,19.500999,0.472000,-67,0.000000,7,8
1,21.000000,19.455000,0.423000,-67,0.000000,7,8
1,21.000000,19.535999,0.355000,-67,0.000000,7,8
1,21.000000,19.525999,0.274000,-67,0.000000,7,8
1,21.000000,19.500999,0.314000,-67,0.000000,7,8
1,21.000000,19.554001,0.170000,-67,0.000000,7,8
1,21.000000,19.576000,0.252000,-66,0.000000,7,8
1,21.000000,19.539000,0.295000,-67,0.000000,7,8
1,21.000000,19.563999,0.194000,-67,0.000000,7,8
1,21.000000,19.517000,0.336000,-67,0.000000,7,8
1,21.000000,19.517000,0.472000,-67,0.000000,7,8
1,21.000000,19.573000,0.455000,-67,0.000000,7,8
1,21.000000,19.500999,0.449000,-67,0.000000,7,8
1,21.000000,19.492001,0.394000,-67,0.000000,7,8
1,21.000000,19.533001,0.369000,-67,0.000000,7,8
1,21.000000,19.614000,0.287000,-67,0.000000,7,8
1,21.000000,19.716999,0.183000,-67,0.000000,7,8
1,21.000000,19.653999,0.312000,-67,0.000000,7,8
1,21.000000,19.650999,0.295000,-66,0.000000,7,8
1,21.000000,19.614000,0.366000,-66,0.000000,7,8
1,21.000000,19.795000,0.353000,-66,0.000000,7,8
1,21.000000,19.764000,0.416000,-66,0.000000,7,8
1,21.000000,19.941999,0.388000,-66,0.000000,7,8
1,21.000000,19.886000,0.368000,-66,0.000000,7,8
1,21.000000,19.886000,0.418000,-66,0.000000,7,8
1,21.000000,19.983000,0.398000,-66,0.000000,7,8
1,21.000000,19.948000,0.442000,-66,0.000000,7,8
1,21.000000,19.951000,0.437000,-66,0.000000,7,8
1,21.000000,20.000999,0.425000,-65,0.000000,7,8
1,21.000000,19.933001,0.348000,-66,0.000000,7,8
1,21.000000,19.642000,0.235000,-67,0.000000,7,8
1,21.000000,19.364000,0.370000,-67,0.000000,7,8
1,21.000000,19.370001,0.424000,-67,0.000000,7,8
1,21.000000,19.500999,0.449000,-67,0.000000,7,8
1,21.000000,19.417000,0.452000,-67,0.000000,7,8
1,21.000000,19.483000,0.357000,-67,0.000000,7,8
1,21.000000,19.410999,0.352000,-67,0.000000,7,8
1,21.000000,19.539000,0.334000,-67,0.000000,7,8
1,21.000000,19.726000,0.235000,-66,0.000000,7,8
1,21.000000,19.954000,0.396000,-66,0.000000,7,8
1,21.000000,19.886000,0.452000,-65,0.000000,7,8
1,21.000000,19.811001,0.436000,-66,0.000000,7,8
1,21.000000,19.879000,0.358000,-66,0.000000,7,8
1,21.000000,20.011000,0.414000,-65,0.000000,7,8
1,21.000000,19.864000,0.287000,-66,0.000000,7,8
1,21.000000,19.716999,0.153000,-67,0.000000,7,8
1,21.000000,19.576000,0.297000,-66,0.000000,7,8
1,21.000000,19.570000,0.291000,-67,0.000000,7,8
1,21.000000,19.650999,0.295000,-66,0.000000,7,8
1,21.000000,19.676001,0.168000,-67,0.000000,7,8
1,21.000000,19.539000,0.366000,-66,0.000000,7,8
1,21.000000,19.620001,0.357000,-66,0.000000,7,8
1,21.000000,19.605000,0.251000,-66,0.000000,7,8
1,21.000000,19.726000,0.235000,-66,0.000000,7,8
1,21.000000,19.660999,0.321000,-66,0.000000,7,8
1,21.000000,19.767000,0.294000,-66,0.000000,7,8
1,21.000000,19.914000,0.285000,-66,0.000000,7,8
1,21.000000,19.736000,0.422000,-66,0.000000,7,8
1,21.000000,19.879000,0.404000,-65,0.000000,7,8
1,21.000000,19.923000,0.450000,-66,0.000000,7,8
1,21.000000,20.129999,0.435000,-65,0.000000,7,8
1,21.000000,19.764000,0.499000,-66,0.000000,7,8
1,21.000000,20.011000,0.461000,-66,0.000000,7,8
1,21.000000,19.895000,0.443000,-66,0.000000,7,8
1,21.000000,19.848000,0.323000,-66,0.000000,7,8
1,21.000000,19.830000,0.102000,-66,0.000000,7,8
1,21.000000,19.660999,0.247000,-66,0.000000,7,8
1,21.000000,19.554001,0.159000,-66,0.000000,7,8
1,21.000000,19.673000,0.124000,-67,0.000000,7,8
1,21.000000,19.614000,0.228000,-66,0.000000,7,8
1,21.000000,19.645000,0.183000,-66,0.000000,7,8
1,21.000000,19.844999,0.163000,-66,0.000000,7,8
1,21.000000,20.000999,0.252000,-66,0.000000,7,8
1,21.000000,19.910999,0.410000,-65,0.000000,7,8
1,21.000000,19.914000,0.435000,-66,0.000000,7,8
1,21.000000,20.000999,0.359000,-65,0.000000,7,8
1,21.000000,19.826000,0.257000,-66,0.000000,7,8
1,21.000000,19.561001,0.234000,-67,0.000000,7,8
1,21.000000,19.660999,0.282000,-66,0.000000,7,8
1,21.000000,19.576000,0.333000,-67,0.000000,7,8
1,21.000000,19.605000,0.475000,-67,0.000000,7,8
1,21.000000,19.417000,0.545000,-67,0.000000,7,8
1,21.000000,19.576000,0.470000,-66,0.000000,7,8
1,21.000000,19.680000,0.368000,-67,0.000000,7,8
1,21.000000,19.745001,0.287000,-67,0.000000,7,8
1,21.000000,19.867001,0.313000,-66,0.000000,7,8
1,21.000000,19.954000,0.199000,-66,0.000000,7,8
1,21.000000,19.733000,0.357000,-66,0.000000,7,8
1,21.000000,19.773001,0.316000,-66,0.000000,7,8
1,21.000000,19.830000,0.291000,-66,0.000000,7,8
1,21.000000,19.792000,0.443000,-67,0.000000,7,8
1,21.000000,19.754999,0.481000,-66,0.000000,7,8
1,21.000000,19.895000,0.373000,-67,0.000000,7,8
1,21.000000,19.923000,0.316000,-66,0.000000,7,8
1,21.000000,19.698000,0.334000,-67,0.000000,7,8
1,21.000000,19.688999,0.313000,-66,0.000000,7,8
1,21.000000,19.754999,0.175000,-66,0.000000,7,8
1,21.000000,19.739000,0.245000,-66,0.000000,7,8
1,21.000000,19.719999,0.346000,-66,0.000000,7,8
1,21.000000,19.951000,0.304000,-66,0.000000,7,8
1,21.000000,19.764000,0.377000,-66,0.000000,7,8
1,21.000000,19.739000,0.405000,-66,0.000000,7,8
1,21.000000,19.617001,0.423000,-66,0.000000,7,8
1,21.000000,19.614000,0.390000,-67,0.000000,7,8
1,21.000000,19.576000,0.369000,-66,0.000000,7,8
1,21.000000,19.617001,0.409000,-66,0.000000,7,8
1,21.000000,19.801001,0.353000,-67,0.000000,7,8
1,21.000000,19.691999,0.376000,-66,0.000000,7,8
1,21.000000,19.836000,0.288000,-66,0.000000,7,8
1,21.000000,19.698000,0.351000,-66,0.000000,7,8
1,21.000000,19.739000,0.309000,-66,0.000000,7,8
1,21.000000,19.757999,0.229000,-66,0.000000,7,8
1,21.000000,19.826000,0.241000,-66,0.000000,7,8
1,21.000000,19.954000,0.238000,-66,0.000000,7,8
1,21.000000,19.650999,0.377000,-67,0.000000,7,8
1,21.000000,19.785999,0.266000,-66,0.000000,7,8
1,21.000000,19.830000,0.140000,-67,0.000000,7,8
1,21.000000,19.716999,0.239000,-66,0.000000,7,8
1,21.000000,19.736000,0.273000,-67,0.000000,7,8
1,21.000000,19.614000,0.302000,-66,0.000000,7,8
1,21.000000,19.617001,0.302000,-66,0.000000,7,8
1,21.000000,19.695000,0.279000,-66,0.000000,7,8
1,21.000000,19.688999,0.243000,-66,0.000000,7,8
1,21.000000,19.792000,0.166000,-66,0.000000,7,8
1,21.000000,19.767000,0.254000,-66,0.000000,7,8
1,21.000000,19.773001,0.255000,-66,0.000000,7,8
1,21.000000,19.867001,0.175000,-66,0.000000,7,8
1,21.000000,19.754999,0.177000,-66,0.000000,7,8
1,21.000000,19.683001,0.197000,-66,0.000000,7,8
1,21.000000,19.872999,0.170000,-66,0.000000,7,8
1,21.000000,19.688999,0.243000,-66,0.000000,7,8
1,21.000000,19.650999,0.282000,-66,0.000000,7,8
1,21.000000,19.923000,0.149000,-66,0.000000,7,8
1,21.000000,19.951000,0.169000,-66,0.000000,7,8
1,21.000000,19.941999,0.130000,-66,0.000000,7,8
1,21.000000,19.895000,0.185000,-66,0.000000,7,8
1,21.000000,19.773001,0.255000,-66,0.000000,7,8
1,21.000000,19.764000,0.226000,-66,0.000000,7,8
1,21.000000,19.650999,0.295000,-66,0.000000,7,8
1,21.000000,19.695000,0.291000,-66,0.000000,7,8
1,21.000000,19.823000,0.191000,-66,0.000000,7,8
1,21.000000,19.736000,0.273000,-66,0.000000,7,8
1,21.000000,19.736000,0.318000,-66,0.000000,7,8
1,21.000000,19.767000,0.210000,-66,0.000000,7,8
1,21.000000,19.844999,0.262000,-66,0.000000,7,8
1,21.000000,19.773001,0.316000,-66,0.000000,7,8
1,21.000000,19.688999,0.383000,-66,0.000000,7,8
1,21.000000,19.992001,0.247000,-66,0.000000,7,8
1,21.000000,19.739000,0.316000,-66,0.000000,7,8
1,21.000000,19.761000,0.290000,-66,0.000000,7,8
1,21.000000,19.836000,0.226000,-66,0.000000,7,8
1,21.000000,19.698000,0.306000,-66,0.000000,7,8
1,21.000000,19.816999,0.211000,-67,0.000000,7,8
1,21.000000,19.617001,0.339000,-66,0.000000,7,8
1,21.000000,19.726000,0.211000,-67,0.000000,7,8
1,21.000000,19.830000,0.124000,-66,0.000000,7,8
1,21.000000,19.816999,0.199000,-66,0.000000,7,8
1,21.000000,19.844999,0.154000,-66,0.000000,7,8
1,21.000000,19.736000,0.175000,-66,0.000000,7,8
1,21.000000,19.813999,0.195000,-66,0.000000,7,8
1,21.000000,19.844999,0.216000,-66,0.000000,7,8
1,21.000000,19.617001,0.356000,-66,0.000000,7,8
1,21.000000,19.736000,0.306000,-66,0.000000,7,8
1,21.000000,19.726000,0.336000,-66,0.000000,7,8
1,21.000000,19.870001,0.361000,-65,0.000000,7,8
1,21.000000,19.844999,0.295000,-67,0.000000,7,8
1,21.000000,19.830000,0.123000,-66,0.000000,7,8
1,21.000000,19.650999,0.318000,-66,0.000000,7,8
1,21.000000,19.785999,0.250000,-67,0.000000,7,8
1,21.000000,19.775999,0.276000,-66,0.000000,7,8
1,21.000000,19.757999,0.208000,-66,0.000000,7,8
1,21.000000,19.764000,0.239000,-66,0.000000,7,8
1,21.000000,19.839001,0.281000,-66,0.000000,7,8
1,21.000000,19.830000,0.367000,-65,0.000000,7,8
1,21.000000,19.798000,0.312000,-66,0.000000,7,8
1,21.000000,19.992001,0.152000,-66,0.000000,7,8
1,21.000000,19.764000,0.252000,-66,0.000000,7,8
1,21.000000,19.945000,0.174000,-66,0.000000,7,8
1,21.000000,19.948000,0.119000,-65,0.000000,7,8
1,21.000000,19.973000,0.186000,-65,0.000000,7,8
1,21.000000,20.028999,0.206000,-66,0.000000,7,8
1,21.000000,19.892000,0.283000,-66,0.000000,7,8
1,21.000000,19.680000,0.436000,-66,0.000000,7,8
1,21.000000,19.645000,0.277000,-67,0.000000,7,8
1,21.000000,19.736000,0.318000,-67,0.000000,7,8
1,21.000000,19.754999,0.307000,-66,0.000000,7,8
1,21.000000,19.757999,0.239000,-66,0.000000,7,8
1,21.000000,19.608000,0.408000,-67,0.000000,7,8
1,21.000000,19.867001,0.265000,-66,0.000000,7,8
1,21.000000,19.650999,0.333000,-67,0.000000,7,8
1,21.000000,19.844999,0.231000,-66,0.000000,7,8
1,21.000000,19.723000,0.348000,-67,0.000000,7,8
1,21.000000,19.650999,0.347000,-66,0.000000,7,8
1,21.000000,19.754999,0.388000,-67,0.000000,7,8
1,21.000000,19.844999,0.345000,-66,0.000000,7,8
1,21.000000,19.895000,0.299000,-67,0.000000,7,8
1,21.000000,19.726000,0.331000,-67,0.000000,7,8
1,21.000000,19.660999,0.350000,-67,0.000000,7,8
