1,11.000000,13.323000,0.337000,-69,0.000000,7,8
1,11.000000,13.319000,0.442000,-67,0.000000,7,8
1,11.000000,13.181000,0.296000,-67,0.000000,7,8
1,11.000000,12.422000,0.527000,-66,0.000000,7,8
1,11.000000,12.450000,0.588000,-66,0.000000,7,8
1,11.000000,12.544000,0.720000,-65,0.000000,7,8
1,11.000000,12.333000,0.562000,-64,0.000000,7,8
1,11.000000,12.305000,0.596000,-64,0.000000,7,8
1,11.000000,12.741000,0.466000,-66,0.000000,7,8
1,11.000000,13.045000,0.199000,-65,0.000000,7,8
1,11.000000,13.183000,0.187000,-64,0.000000,7,8
1,11.000000,13.169000,0.144000,-64,0.000000,7,8
1,11.000000,12.616000,0.250000,-64,0.000000,7,8
1,11.000000,12.900000,0.171000,-64,0.000000,7,8
1,11.000000,12.724000,0.398000,-65,0.000000,7,8
1,11.000000,12.898000,0.395000,-64,0.000000,7,8
1,11.000000,12.891000,0.130000,-64,0.000000,7,8
1,11.000000,13.212000,0.225000,-66,0.000000,7,8
1,11.000000,12.984000,0.351000,-66,0.000000,7,8
1,11.000000,12.741000,0.411000,-65,0.000000,7,8
1,11.000000,12.312000,0.601000,-66,0.000000,7,8
1,11.000000,12.309000,0.624000,-66,0.000000,7,8
1,11.000000,12.194000,0.599000,-64,0.000000,7,8
1,11.000000,12.366000,0.353000,-64,0.000000,7,8
1,11.000000,12.192000,0.365000,-64,0.000000,7,8
1,11.000000,12.417000,0.241000,-64,0.000000,7,8
1,11.000000,12.834000,0.232000,-66,0.000000,7,8
1,11.000000,12.916000,0.139000,-66,0.000000,7,8
1,11.000000,12.600000,0.389000,-67,0.000000,7,8
1,11.000000,12.565000,0.331000,-66,0.000000,7,8
1,11.000000,12.750000,0.264000,-66,0.000000,7,8
1,11.000000,12.188000,0.409000,-65,0.000000,7,8
1,11.000000,11.726000,0.667000,-64,0.000000,7,8
1,11.000000,11.294000,1.029000,-64,0.000000,7,8
1,11.000000,12.119000,0.941000,-64,0.000000,7,8
1,11.000000,13.160000,0.344000,-65,0.000000,7,8
1,11.000000,12.023000,0.382000,-65,0.000000,7,8
1,11.000000,11.027000,0.378000,-65,0.000000,7,8
1,11.000000,11.276000,0.211000,-65,0.000000,7,8
1,11.000000,11.484000,0.451000,-66,0.000000,7,8
1,11.000000,11.763000,0.469000,-65,0.000000,7,8
1,11.000000,11.454000,0.199000,-65,0.000000,7,8
1,11.000000,11.426000,0.614000,-65,0.000000,7,8
1,11.000000,12.354000,0.441000,-66,0.000000,7,8
1,11.000000,11.773000,0.391000,-65,0.000000,7,8
1,11.000000,11.294000,1.354000,-67,0.000000,7,8
1,11.000000,11.298000,1.573000,-66,0.000000,7,8
1,11.000000,11.566000,0.376000,-64,0.000000,7,8
1,11.000000,12.063000,0.376000,-66,0.000000,7,8
1,11.000000,11.129000,0.259000,-65,0.000000,7,8
1,11.000000,11.329000,0.244000,-64,0.000000,7,8
1,11.000000,12.188000,0.348000,-65,0.000000,7,8
1,11.000000,13.092000,0.237000,-63,0.000000,7,8
1,11.000000,13.166000,0.621000,-65,0.000000,7,8
1,11.000000,12.541000,0.311000,-65,0.000000,7,8
1,11.000000,12.337000,0.653000,-65,0.000000,7,8
1,11.000000,12.019000,0.903000,-67,0.000000,7,8
1,11.000000,12.779000,0.326000,-67,0.000000,7,8
1,11.000000,13.366000,0.219000,-65,0.000000,7,8
1,11.000000,12.504000,0.441000,-63,0.000000,7,8
1,11.000000,12.602000,0.592000,-64,0.000000,7,8
1,11.000000,11.777000,0.760000,-63,0.000000,7,8
1,11.000000,13.176000,0.146000,-65,0.000000,7,8
1,11.000000,12.335000,0.694000,-64,0.000000,7,8
1,11.000000,12.823000,0.213000,-63,0.000000,7,8
1,11.000000,12.194000,0.520000,-67,0.000000,7,8
1,11.000000,12.891000,0.122000,-64,0.000000,7,8
1,11.000000,11.906000,0.752000,-63,0.000000,7,8
1,11.000000,12.726000,0.168000,-65,0.000000,7,8
1,11.000000,12.480000,0.348000,-66,0.000000,7,8
1,11.000000,12.947000,0.361000,-64,0.000000,7,8
1,11.000000,12.773000,0.198000,-68,0.000000,7,8
1,11.000000,12.973000,0.545000,-63,0.000000,7,8
1,11.000000,11.288000,0.946000,-67,0.000000,7,8
1,11.000000,12.194000,0.563000,-66,0.000000,7,8
1,11.000000,13.626000,0.385000,-68,0.000000,7,8
1,11.000000,12.921000,0.338000,-67,0.000000,7,8
1,11.000000,12.949000,0.550000,-70,0.000000,7,8
1,11.000000,12.262000,0.684000,-65,0.000000,7,8
1,11.000000,12.337000,0.310000,-68,0.000000,7,8
1,11.000000,12.860000,0.295000,-66,0.000000,7,8
1,11.000000,12.827000,0.504000,-64,0.000000,7,8
1,11.000000,11.207000,1.794000,-66,0.000000,7,8
1,11.000000,13.360000,0.349000,-64,0.000000,7,8
1,11.000000,11.176000,1.122000,-67,0.000000,7,8
1,11.000000,11.213000,0.905000,-63,0.000000,7,8
1,11.000000,11.169000,1.013000,-64,0.000000,7,8
1,11.000000,12.435000,0.758000,-66,0.000000,7,8
1,11.000000,10.316000,1.812000,-67,0.000000,7,8
1,11.000000,12.382000,0.659000,-71,0.000000,7,8
1,11.000000,13.066000,0.340000,-66,0.000000,7,8
1,11.000000,13.910000,0.617000,-67,0.000000,7,8
1,11.000000,12.898000,0.274000,-68,0.000000,7,8
1,11.000000,13.516000,0.179000,-67,0.000000,7,8
1,11.000000,12.588000,0.435000,-67,0.000000,7,8
1,11.000000,12.498000,0.510000,-65,0.000000,7,8
1,11.000000,12.704000,0.243000,-70,0.000000,7,8
1,11.000000,12.463000,0.515000,-61,0.000000,7,8
1,11.000000,13.473000,1.785000,-67,0.000000,7,8
1,11.000000,12.779000,1.670000,-69,0.000000,7,8
1,11.000000,12.808000,0.482000,-65,0.000000,7,8
1,11.000000,12.432000,0.683000,-67,0.000000,7,8
1,11.000000,11.757000,0.694000,-67,0.000000,7,8
1,11.000000,14.113000,0.564000,-64,0.000000,7,8
1,11.000000,12.304000,0.775000,-67,0.000000,7,8
1,11.000000,13.041000,0.107000,-65,0.000000,7,8
1,11.000000,12.776000,0.771000,-66,0.000000,7,8
1,11.000000,12.989000,0.332000,-67,0.000000,7,8
1,11.000000,13.741000,1.686000,-69,0.000000,7,8
1,11.000000,12.104000,0.596000,-66,0.000000,7,8
1,11.000000,13.687000,0.261000,-67,0.000000,7,8
1,11.000000,13.045000,0.238000,-63,0.000000,7,8
1,11.000000,12.834000,0.284000,-63,0.000000,7,8
1,11.000000,12.744000,1.798000,-68,0.000000,7,8
1,11.000000,13.382000,0.803000,-67,0.000000,7,8
1,11.000000,13.148000,0.363000,-66,0.000000,7,8
1,11.000000,13.362000,0.480000,-67,0.000000,7,8
1,11.000000,12.310000,0.773000,-67,0.000000,7,8
1,11.000000,11.832000,2.755000,-68,0.000000,7,8
1,11.000000,12.669000,2.269000,-68,0.000000,7,8
1,11.000000,12.232000,1.966000,-68,0.000000,7,8
1,11.000000,12.541000,1.098000,-67,0.000000,7,8
1,11.000000,12.619000,0.215000,-65,0.000000,7,8
1,11.000000,13.010000,0.879000,-65,0.000000,7,8
1,11.000000,12.782000,1.172000,-66,0.000000,7,8
1,11.000000,13.016000,1.326000,-68,0.000000,7,8
1,11.000000,14.147000,0.615000,-66,0.000000,7,8
1,11.000000,13.179000,0.505000,-66,0.000000,7,8
1,11.000000,13.099000,0.249000,-67,0.000000,7,8
1,11.000000,13.366000,0.270000,-66,0.000000,7,8
1,11.000000,12.579000,0.509000,-67,0.000000,7,8
1,11.000000,13.573000,0.294000,-66,0.000000,7,8
1,11.000000,12.582000,0.443000,-64,0.000000,7,8
1,11.000000,13.158000,0.239000,-66,0.000000,7,8
1,11.000000,11.882000,0.884000,-68,0.000000,7,8
1,11.000000,13.320000,0.251000,-68,0.000000,7,8
1,11.000000,13.094000,0.343000,-66,0.000000,7,8
1,11.000000,12.783000,0.471000,-66,0.000000,7,8
1,11.000000,12.466000,0.289000,-67,0.000000,7,8
1,11.000000,12.862000,0.194000,-67,0.000000,7,8
1,11.000000,13.153000,0.321000,-66,0.000000,7,8
1,11.000000,13.214000,0.507000,-67,0.000000,7,8
1,11.000000,13.221000,0.310000,-66,0.000000,7,8
1,11.000000,12.921000,0.134000,-66,0.000000,7,8
1,11.000000,12.860000,1.334000,-68,0.000000,7,8
1,11.000000,12.613000,0.390000,-66,0.000000,7,8
1,11.000000,12.582000,1.234000,-67,0.000000,7,8
1,11.000000,13.351000,0.434000,-65,0.000000,7,8
1,11.000000,13.481000,0.293000,-64,0.000000,7,8
1,11.000000,13.798000,0.221000,-65,0.000000,7,8
1,11.000000,13.754000,0.158000,-64,0.000000,7,8
1,11.000000,13.682000,0.235000,-65,0.000000,7,8
1,11.000000,13.716000,0.756000,-66,0.000000,7,8
1,11.000000,13.638000,0.793000,-66,0.000000,7,8
1,11.000000,13.485000,1.062000,-66,0.000000,7,8
1,11.000000,13.054000,0.801000,-67,0.000000,7,8
1,11.000000,12.854000,0.215000,-66,0.000000,7,8
1,11.000000,12.857000,0.257000,-66,0.000000,7,8
1,11.000000,12.966000,0.119000,-66,0.000000,7,8
1,11.000000,12.860000,0.555000,-66,0.000000,7,8
1,11.000000,12.510000,0.343000,-65,0.000000,7,8
1,11.000000,12.891000,0.170000,-66,0.000000,7,8
1,11.000000,12.616000,0.201000,-66,0.000000,7,8
1,11.000000,12.666000,0.230000,-66,0.000000,7,8
1,11.000000,12.504000,0.298000,-66,0.000000,7,8
1,11.000000,12.426000,0.300000,-66,0.000000,7,8
1,11.000000,12.351000,0.391000,-66,0.000000,7,8
1,11.000000,12.354000,0.377000,-66,0.000000,7,8
1,11.000000,12.154000,0.434000,-66,0.000000,7,8
1,11.000000,12.413000,0.398000,-66,0.000000,7,8
1,11.000000,12.144000,0.529000,-66,0.000000,7,8
1,11.000000,11.991000,0.523000,-65,0.000000,7,8
1,11.000000,11.757000,0.639000,-65,0.000000,7,8
1,11.000000,11.916000,0.532000,-65,0.000000,7,8
1,11.000000,11.598000,1.287000,-65,0.000000,7,8
1,11.000000,11.404000,1.364000,-65,0.000000,7,8
1,11.000000,11.569000,1.377000,-65,0.000000,7,8
1,11.000000,11.560000,0.642000,-65,0.000000,7,8
1,11.000000,12.198000,0.388000,-65,0.000000,7,8
1,11.000000,11.957000,0.430000,-64,0.000000,7,8
1,11.000000,12.335000,0.362000,-65,0.000000,7,8
1,11.000000,12.666000,0.320000,-65,0.000000,7,8
1,11.000000,12.188000,0.476000,-65,0.000000,7,8
1,11.000000,11.838000,0.568000,-65,0.000000,7,8
1,11.000000,11.848000,0.612000,-65,0.000000,7,8
1,11.000000,12.110000,0.496000,-65,0.000000,7,8
1,11.000000,11.844000,0.559000,-65,0.000000,7,8
1,11.000000,12.191000,0.518000,-65,0.000000,7,8
1,11.000000,12.257000,0.444000,-65,0.000000,7,8
1,11.000000,11.876000,0.547000,-65,0.000000,7,8
1,11.000000,12.504000,0.467000,-65,0.000000,7,8
1,11.000000,12.469000,0.396000,-65,0.000000,7,8
1,11.000000,12.266000,0.420000,-65,0.000000,7,8
1,11.000000,12.416000,0.363000,-65,0.000000,7,8
1,11.000000,12.891000,0.171000,-65,0.000000,7,8
1,11.000000,12.666000,0.330000,-65,0.000000,7,8
1,11.000000,12.823000,0.363000,-65,0.000000,7,8
1,11.000000,13.062000,0.194000,-65,0.000000,7,8
1,11.000000,12.501000,0.466000,-65,0.000000,7,8
1,11.000000,12.148000,0.422000,-65,0.000000,7,8
1,11.000000,12.579000,0.819000,-65,0.000000,7,8
1,11.000000,12.544000,0.484000,-65,0.000000,7,8
1,11.000000,12.154000,0.417000,-66,0.000000,7,8
1,11.000000,12.741000,1.163000,-66,0.000000,7,8
1,11.000000,12.857000,1.262000,-66,0.000000,7,8
1,11.000000,12.691000,1.302000,-67,0.000000,7,8
1,11.000000,13.666000,0.886000,-67,0.000000,7,8
1,11.000000,13.898000,1.052000,-67,0.000000,7,8
1,11.000000,13.904000,0.725000,-67,0.000000,7,8
1,11.000000,13.832000,0.775000,-66,0.000000,7,8
1,11.000000,13.407000,0.984000,-66,0.000000,7,8
1,11.000000,12.973000,0.904000,-66,0.000000,7,8
1,11.000000,13.129000,0.769000,-66,0.000000,7,8
1,11.000000,13.085000,0.869000,-66,0.000000,7,8
1,11.000000,12.073000,0.482000,-65,0.000000,7,8
1,11.000000,12.144000,0.478000,-65,0.000000,7,8
1,11.000000,13.151000,0.652000,-66,0.000000,7,8
1,11.000000,13.015000,0.561000,-66,0.000000,7,8
1,11.000000,12.188000,0.604000,-66,0.000000,7,8
1,11.000000,11.869000,0.681000,-65,0.000000,7,8
1,11.000000,11.598000,0.797000,-65,0.000000,7,8
1,11.000000,11.604000,0.740000,-65,0.000000,7,8
1,11.000000,12.616000,0.606000,-67,0.000000,7,8
1,11.000000,13.310000,0.279000,-66,0.000000,7,8
1,11.000000,13.130000,0.490000,-65,0.000000,7,8
1,11.000000,13.005000,0.885000,-66,0.000000,7,8
1,11.000000,12.816000,1.123000,-67,0.000000,7,8
1,11.000000,11.294000,1.201000,-68,0.000000,7,8
1,11.000000,12.710000,0.585000,-69,0.000000,7,8
1,11.000000,13.158000,0.466000,-70,0.000000,7,8
1,11.000000,12.832000,0.951000,-68,0.000000,7,8
1,11.000000,11.941000,0.597000,-67,0.000000,7,8
1,11.000000,13.423000,0.415000,-68,0.000000,7,8
1,11.000000,13.873000,1.043000,-68,0.000000,7,8
1,11.000000,13.919000,0.879000,-68,0.000000,7,8
1,11.000000,13.716000,0.869000,-68,0.000000,7,8
1,11.000000,13.944000,0.951000,-67,0.000000,7,8
1,11.000000,13.209000,0.262000,-67,0.000000,7,8
1,11.000000,12.928000,0.387000,-66,0.000000,7,8
1,11.000000,13.001000,0.810000,-68,0.000000,7,8
1,11.000000,13.282000,0.721000,-66,0.000000,7,8
1,11.000000,13.298000,0.717000,-66,0.000000,7,8
1,11.000000,13.201000,0.847000,-67,0.000000,7,8
1,11.000000,12.989000,0.890000,-69,0.000000,7,8
1,11.000000,11.801000,0.768000,-69,0.000000,7,8
1,11.000000,11.866000,0.636000,-68,0.000000,7,8
1,11.000000,11.797000,0.615000,-67,0.000000,7,8
1,11.000000,14.023000,0.781000,-66,0.000000,7,8
1,11.000000,13.427000,0.765000,-65,0.000000,7,8
1,11.000000,13.301000,0.244000,-66,0.000000,7,8
1,11.000000,13.533000,0.261000,-67,0.000000,7,8
1,11.000000,12.345000,0.553000,-67,0.000000,7,8
1,11.000000,11.398000,0.841000,-65,0.000000,7,8
1,11.000000,11.563000,0.874000,-66,0.000000,7,8
1,11.000000,12.429000,1.662000,-68,0.000000,7,8
1,11.000000,13.085000,1.863000,-69,0.000000,7,8
1,11.000000,13.554000,0.165000,-66,0.000000,7,8
1,11.000000,13.912000,0.260000,-67,0.000000,7,8
1,11.000000,13.173000,0.738000,-65,0.000000,7,8
1,11.000000,12.977000,0.261000,-64,0.000000,7,8
1,11.000000,13.335000,1.134000,-67,0.000000,7,8
1,11.000000,13.644000,0.863000,-68,0.000000,7,8
1,11.000000,12.469000,0.515000,-65,0.000000,7,8
1,11.000000,12.066000,0.538000,-64,0.000000,7,8
1,11.000000,13.399000,0.735000,-68,0.000000,7,8
1,11.000000,12.651000,0.595000,-67,0.000000,7,8
1,11.000000,11.329000,1.084000,-67,0.000000,7,8
1,11.000000,12.573000,0.420000,-65,0.000000,7,8
1,11.000000,13.138000,0.245000,-67,0.000000,7,8
1,11.000000,13.751000,0.325000,-70,0.000000,7,8
1,11.000000,14.069000,0.438000,-69,0.000000,7,8
1,11.000000,11.988000,0.873000,-69,0.000000,7,8
1,11.000000,13.401000,1.885000,-69,0.000000,7,8
1,11.000000,13.995000,0.695000,-69,0.000000,7,8
1,11.000000,14.067000,0.203000,-69,0.000000,7,8
1,11.000000,13.425000,0.300000,-69,0.000000,7,8
1,11.000000,13.282000,0.478000,-69,0.000000,7,8
1,11.000000,12.926000,0.573000,-68,0.000000,7,8
1,11.000000,12.799000,0.574000,-69,0.000000,7,8
1,11.000000,12.771000,0.812000,-70,0.000000,7,8
1,11.000000,12.865000,0.520000,-70,0.000000,7,8
1,11.000000,13.008000,0.700000,-69,0.000000,7,8
1,11.000000,13.125000,0.454000,-70,0.000000,7,8
1,11.000000,13.008000,0.437000,-70,0.000000,7,8
1,11.000000,13.069000,0.347000,-70,0.000000,7,8
1,11.000000,13.153000,0.280000,-70,0.000000,7,8
1,11.000000,12.916000,0.589000,-70,0.000000,7,8
1,11.000000,13.130000,0.239000,-70,0.000000,7,8
1,11.000000,13.101000,0.411000,-70,0.000000,7,8
1,11.000000,13.275000,0.408000,-71,0.000000,7,8
1,11.000000,13.207000,0.344000,-70,0.000000,7,8
1,11.000000,13.167000,0.500000,-71,0.000000,7,8
1,11.000000,12.862000,0.767000,-71,0.000000,7,8
1,11.000000,13.043000,0.721000,-71,0.000000,7,8
1,11.000000,12.712000,0.783000,-70,0.000000,7,8
1,11.000000,12.658000,0.833000,-70,0.000000,7,8
1,11.000000,12.839000,0.784000,-70,0.000000,7,8
1,11.000000,13.257000,0.311000,-70,0.000000,7,8
1,11.000000,12.894000,1.362000,-69,0.000000,7,8
1,11.000000,12.779000,0.246000,-66,0.000000,7,8
1,11.000000,12.979000,0.683000,-65,0.000000,7,8
1,11.000000,12.548000,1.047000,-67,0.000000,7,8
1,11.000000,12.429000,0.739000,-68,0.000000,7,8
1,11.000000,12.904000,1.005000,-68,0.000000,7,8
1,11.000000,12.454000,0.710000,-69,0.000000,7,8
1,11.000000,12.956000,0.209000,-66,0.000000,7,8
1,11.000000,13.248000,1.031000,-67,0.000000,7,8
1,11.000000,12.854000,0.184000,-66,0.000000,7,8
1,11.000000,12.457000,0.356000,-66,0.000000,7,8
1,11.000000,12.973000,0.409000,-67,0.000000,7,8
1,11.000000,13.101000,0.325000,-67,0.000000,7,8
1,11.000000,13.198000,0.374000,-68,0.000000,7,8
1,11.000000,12.891000,0.334000,-68,0.000000,7,8
1,11.000000,13.130000,0.358000,-69,0.000000,7,8
1,11.000000,12.804000,0.691000,-67,0.000000,7,8
1,11.000000,13.791000,0.915000,-67,0.000000,7,8
1,11.000000,13.101000,0.408000,-66,0.000000,7,8
1,11.000000,13.188000,0.417000,-65,0.000000,7,8
1,11.000000,14.063000,0.843000,-67,0.000000,7,8
1,11.000000,13.519000,0.601000,-67,0.000000,7,8
1,11.000000,12.923000,0.235000,-65,0.000000,7,8
1,11.000000,13.064000,0.404000,-64,0.000000,7,8
1,11.000000,13.069000,0.337000,-65,0.000000,7,8
1,11.000000,13.214000,0.141000,-65,0.000000,7,8
1,11.000000,13.207000,0.216000,-65,0.000000,7,8
1,11.000000,12.891000,0.186000,-65,0.000000,7,8
1,11.000000,13.010000,0.189000,-65,0.000000,7,8
1,11.000000,13.057000,0.219000,-65,0.000000,7,8
1,11.000000,13.216000,0.195000,-65,0.000000,7,8
1,11.000000,13.204000,0.151000,-66,0.000000,7,8
1,11.000000,13.132000,0.174000,-65,0.000000,7,8
1,11.000000,13.285000,0.216000,-65,0.000000,7,8
1,11.000000,13.165000,0.297000,-64,0.000000,7,8
1,11.000000,13.132000,0.292000,-64,0.000000,7,8
1,11.000000,13.209000,0.360000,-64,0.000000,7,8
1,11.000000,13.216000,0.306000,-65,0.000000,7,8
1,11.000000,12.979000,0.156000,-66,0.000000,7,8
1,11.000000,12.813000,0.202000,-66,0.000000,7,8
1,11.000000,12.857000,0.255000,-68,0.000000,7,8
1,11.000000,12.701000,0.296000,-69,0.000000,7,8
1,11.000000,12.929000,0.549000,-70,0.000000,7,8
1,11.000000,13.166000,0.315000,-70,0.000000,7,8
1,11.000000,13.010000,0.344000,-69,0.000000,7,8
1,11.000000,13.566000,0.224000,-68,0.000000,7,8
1,11.000000,12.857000,0.333000,-67,0.000000,7,8
1,11.000000,13.010000,0.314000,-67,0.000000,7,8
1,11.000000,12.335000,0.414000,-67,0.000000,7,8
1,11.000000,12.485000,0.216000,-67,0.000000,7,8
1,11.000000,12.600000,0.217000,-69,0.000000,7,8
1,11.000000,12.348000,0.190000,-68,0.000000,7,8
1,11.000000,12.348000,0.136000,-68,0.000000,7,8
1,11.000000,12.073000,0.256000,-67,0.000000,7,8
1,11.000000,12.538000,0.245000,-67,0.000000,7,8
1,11.000000,12.310000,0.229000,-66,0.000000,7,8
1,11.000000,12.651000,0.296000,-66,0.000000,7,8
1,11.000000,11.879000,0.305000,-66,0.000000,7,8
1,11.000000,12.498000,0.245000,-67,0.000000,7,8
1,11.000000,12.004000,0.494000,-67,0.000000,7,8
1,11.000000,11.798000,0.626000,-68,0.000000,7,8
1,11.000000,11.566000,0.885000,-68,0.000000,7,8
1,11.000000,13.444000,0.440000,-69,0.000000,7,8
1,11.000000,13.535000,0.378000,-69,0.000000,7,8
1,11.000000,13.323000,1.233000,-70,0.000000,7,8
1,11.000000,11.873000,0.852000,-70,0.000000,7,8
1,11.000000,11.754000,0.627000,-67,0.000000,7,8
1,11.000000,11.991000,0.617000,-66,0.000000,7,8
1,11.000000,12.773000,0.244000,-66,0.000000,7,8
1,11.000000,13.329000,0.651000,-66,0.000000,7,8
1,11.000000,13.679000,0.664000,-66,0.000000,7,8
1,11.000000,13.532000,0.887000,-67,0.000000,7,8
1,11.000000,13.331000,0.115000,-65,0.000000,7,8
1,11.000000,13.207000,0.274000,-66,0.000000,7,8
1,11.000000,13.362000,0.208000,-67,0.000000,7,8
1,11.000000,13.195000,0.410000,-67,0.000000,7,8
1,11.000000,13.031000,0.356000,-67,0.000000,7,8
1,11.000000,12.260000,0.630000,-67,0.000000,7,8
1,11.000000,12.867000,0.295000,-68,0.000000,7,8
1,11.000000,13.359000,0.279000,-66,0.000000,7,8
1,11.000000,13.641000,0.776000,-66,0.000000,7,8
1,11.000000,13.216000,0.317000,-66,0.000000,7,8
1,11.000000,13.094000,0.205000,-66,0.000000,7,8
1,11.000000,13.127000,0.213000,-65,0.000000,7,8
1,11.000000,13.244000,0.385000,-65,0.000000,7,8
1,11.000000,12.773000,0.530000,-66,0.000000,7,8
1,11.000000,12.885000,0.211000,-67,0.000000,7,8
1,11.000000,12.932000,0.391000,-68,0.000000,7,8
1,11.000000,12.807000,0.099000,-62,0.000000,7,8
1,11.000000,13.313000,0.502000,-67,0.000000,7,8
1,11.000000,12.429000,0.737000,-66,0.000000,7,8
1,11.000000,13.214000,0.921000,-65,0.000000,7,8
1,11.000000,13.134000,0.182000,-67,0.000000,7,8
1,11.000000,12.432000,0.589000,-67,0.000000,7,8
1,11.000000,13.088000,0.868000,-67,0.000000,7,8
1,11.000000,13.438000,1.326000,-68,0.000000,7,8
1,11.000000,13.708000,0.784000,-66,0.000000,7,8
1,11.000000,12.544000,0.524000,-65,0.000000,7,8
1,11.000000,12.548000,0.529000,-68,0.000000,7,8
1,11.000000,12.541000,0.428000,-66,0.000000,7,8
1,11.000000,13.044000,0.252000,-65,0.000000,7,8
1,11.000000,12.460000,0.509000,-65,0.000000,7,8
1,11.000000,12.266000,0.579000,-67,0.000000,7,8
1,11.000000,13.079000,0.341000,-65,0.000000,7,8
1,11.000000,12.707000,0.480000,-65,0.000000,7,8
1,11.000000,12.579000,0.435000,-65,0.000000,7,8
1,11.000000,12.888000,0.332000,-65,0.000000,7,8
1,11.000000,12.241000,0.609000,-65,0.000000,7,8
1,11.000000,12.101000,0.632000,-65,0.000000,7,8
1,11.000000,12.029000,0.715000,-65,0.000000,7,8
1,11.000000,12.576000,0.459000,-66,0.000000,7,8
1,11.000000,11.913000,0.751000,-66,0.000000,7,8
1,11.000000,12.226000,0.631000,-66,0.000000,7,8
1,11.000000,12.554000,0.506000,-66,0.000000,7,8
1,11.000000,11.916000,0.780000,-66,0.000000,7,8
1,11.000000,11.804000,0.790000,-65,0.000000,7,8
1,11.000000,11.841000,0.781000,-66,0.000000,7,8
1,11.000000,11.951000,0.691000,-66,0.000000,7,8
1,11.000000,11.726000,0.842000,-65,0.000000,7,8
1,11.000000,11.613000,0.885000,-65,0.000000,7,8
1,11.000000,11.679000,0.849000,-66,0.000000,7,8
1,11.000000,11.757000,0.748000,-65,0.000000,7,8
1,11.000000,11.991000,0.697000,-65,0.000000,7,8
1,11.000000,11.566000,0.856000,-65,0.000000,7,8
1,11.000000,11.907000,0.669000,-65,0.000000,7,8
1,11.000000,12.507000,0.522000,-64,0.000000,7,8
1,11.000000,13.123000,0.382000,-64,0.000000,7,8
1,11.000000,13.073000,0.538000,-63,0.000000,7,8
1,11.000000,13.242000,0.247000,-63,0.000000,7,8
1,11.000000,13.291000,0.174000,-65,0.000000,7,8
1,11.000000,13.132000,0.190000,-64,0.000000,7,8
1,11.000000,12.782000,0.203000,-64,0.000000,7,8
1,11.000000,12.830000,0.535000,-67,0.000000,7,8
1,11.000000,13.513000,1.842000,-69,0.000000,7,8
1,11.000000,12.891000,0.378000,-69,0.000000,7,8
1,11.000000,12.977000,0.447000,-66,0.000000,7,8
1,11.000000,12.813000,0.305000,-64,0.000000,7,8
1,11.000000,13.362000,0.212000,-65,0.000000,7,8
1,11.000000,11.910000,0.760000,-66,0.000000,7,8
1,11.000000,13.635000,0.258000,-68,0.000000,7,8
1,11.000000,13.557000,0.845000,-66,0.000000,7,8
1,11.000000,13.948000,0.158000,-66,0.000000,7,8
1,11.000000,13.774000,0.336000,-65,0.000000,7,8
1,11.000000,13.425000,0.408000,-64,0.000000,7,8
1,11.000000,12.854000,0.197000,-64,0.000000,7,8
1,11.000000,13.209000,0.285000,-66,0.000000,7,8
1,11.000000,13.273000,0.655000,-66,0.000000,7,8
1,11.000000,13.076000,0.183000,-66,0.000000,7,8
1,11.000000,12.348000,1.580000,-67,0.000000,7,8
1,11.000000,13.138000,0.986000,-64,0.000000,7,8
1,11.000000,13.129000,0.784000,-66,0.000000,7,8
1,11.000000,13.016000,1.135000,-66,0.000000,7,8
1,11.000000,12.694000,0.336000,-66,0.000000,7,8
1,11.000000,13.418000,0.417000,-66,0.000000,7,8
1,11.000000,12.588000,0.561000,-65,0.000000,7,8
1,11.000000,14.454000,1.523000,-68,0.000000,7,8
1,11.000000,13.191000,0.260000,-65,0.000000,7,8
1,11.000000,12.894000,0.439000,-67,0.000000,7,8
1,11.000000,13.158000,0.191000,-65,0.000000,7,8
1,11.000000,13.568000,0.354000,-67,0.000000,7,8
1,11.000000,13.132000,0.209000,-65,0.000000,7,8
1,11.000000,13.516000,1.015000,-68,0.000000,7,8
1,11.000000,13.166000,0.862000,-66,0.000000,7,8
1,11.000000,12.941000,0.635000,-65,0.000000,7,8
1,11.000000,13.045000,0.193000,-67,0.000000,7,8
1,11.000000,12.616000,0.988000,-66,0.000000,7,8
1,11.000000,13.392000,0.422000,-68,0.000000,7,8
1,11.000000,12.541000,0.387000,-69,0.000000,7,8
1,11.000000,12.704000,0.676000,-71,0.000000,7,8
1,11.000000,12.260000,0.416000,-68,0.000000,7,8
1,11.000000,12.660000,0.248000,-69,0.000000,7,8
1,11.000000,12.154000,0.230000,-69,0.000000,7,8
1,11.000000,12.605000,0.271000,-67,0.000000,7,8
1,11.000000,11.638000,1.158000,-65,0.000000,7,8
1,11.000000,10.951000,1.202000,-68,0.000000,7,8
1,11.000000,12.895000,0.247000,-65,0.000000,7,8
1,11.000000,12.460000,0.452000,-67,0.000000,7,8
1,11.000000,11.682000,0.639000,-63,0.000000,7,8
1,11.000000,10.826000,0.789000,-65,0.000000,7,8
1,11.000000,11.332000,0.521000,-64,0.000000,7,8
1,11.000000,10.910000,1.015000,-68,0.000000,7,8
1,11.000000,11.376000,0.784000,-66,0.000000,7,8
1,11.000000,11.954000,0.623000,-70,0.000000,7,8
1,11.000000,12.544000,0.689000,-66,0.000000,7,8
1,11.000000,11.682000,0.610000,-69,0.000000,7,8
1,11.000000,12.684000,0.267000,-63,0.000000,7,8
1,11.000000,12.151000,0.208000,-65,0.000000,7,8
1,11.000000,11.410000,0.630000,-64,0.000000,7,8
1,11.000000,11.919000,0.183000,-67,0.000000,7,8
1,11.000000,11.480000,0.633000,-67,0.000000,7,8
1,11.000000,12.040000,0.280000,-65,0.000000,7,8
1,11.000000,11.548000,0.438000,-65,0.000000,7,8
1,11.000000,11.773000,0.672000,-64,0.000000,7,8
1,11.000000,11.604000,0.883000,-63,0.000000,7,8
1,11.000000,11.508000,0.789000,-65,0.000000,7,8
1,11.000000,11.548000,0.807000,-66,0.000000,7,8
1,11.000000,11.869000,0.789000,-65,0.000000,7,8
1,11.000000,11.918000,0.526000,-64,0.000000,7,8
1,11.000000,12.077000,0.458000,-65,0.000000,7,8
1,11.000000,12.366000,0.395000,-66,0.000000,7,8
1,11.000000,12.389000,0.193000,-66,0.000000,7,8
1,11.000000,12.741000,0.151000,-66,0.000000,7,8
1,11.000000,12.507000,0.286000,-65,0.000000,7,8
1,11.000000,12.459000,0.253000,-65,0.000000,7,8
1,11.000000,12.544000,0.569000,-65,0.000000,7,8
1,11.000000,12.113000,0.591000,-66,0.000000,7,8
1,11.000000,12.305000,0.202000,-66,0.000000,7,8
1,11.000000,12.337000,0.352000,-68,0.000000,7,8
1,11.000000,12.923000,0.339000,-66,0.000000,7,8
1,11.000000,12.544000,0.178000,-64,0.000000,7,8
1,11.000000,12.498000,0.488000,-65,0.000000,7,8
1,11.000000,12.116000,0.317000,-66,0.000000,7,8
1,11.000000,13.130000,0.390000,-67,0.000000,7,8
1,11.000000,12.982000,0.557000,-66,0.000000,7,8
1,11.000000,12.819000,0.252000,-69,0.000000,7,8
1,11.000000,13.394000,0.186000,-66,0.000000,7,8
1,11.000000,13.354000,0.442000,-68,0.000000,7,8
1,11.000000,13.020000,0.762000,-67,0.000000,7,8
1,11.000000,13.123000,0.401000,-70,0.000000,7,8
1,11.000000,12.929000,0.197000,-71,0.000000,7,8
1,11.000000,12.901000,0.914000,-69,0.000000,7,8
1,11.000000,12.732000,0.490000,-69,0.000000,7,8
1,11.000000,12.348000,0.997000,-68,0.000000,7,8
1,11.000000,12.666000,0.503000,-67,0.000000,7,8
1,11.000000,12.891000,0.565000,-67,0.000000,7,8
1,11.000000,12.816000,0.513000,-69,0.000000,7,8
1,11.000000,12.938000,0.427000,-68,0.000000,7,8
1,11.000000,12.977000,0.268000,-69,0.000000,7,8
1,11.000000,12.748000,0.188000,-68,0.000000,7,8
1,11.000000,12.857000,0.227000,-67,0.000000,7,8
1,11.000000,12.969000,0.271000,-67,0.000000,7,8
1,11.000000,12.661000,0.464000,-69,0.000000,7,8
1,11.000000,12.893000,0.328000,-68,0.000000,7,8
1,11.000000,12.687000,0.356000,-67,0.000000,7,8
1,11.000000,12.248000,0.861000,-70,0.000000,7,8
1,11.000000,12.164000,0.764000,-70,0.000000,7,8
1,11.000000,12.073000,0.853000,-69,0.000000,7,8
1,11.000000,11.548000,0.675000,-69,0.000000,7,8
1,11.000000,11.904000,0.819000,-71,0.000000,7,8
1,11.000000,13.438000,0.994000,-67,0.000000,7,8
1,11.000000,13.238000,0.242000,-67,0.000000,7,8
1,11.000000,12.979000,0.157000,-67,0.000000,7,8
1,11.000000,12.885000,0.394000,-67,0.000000,7,8
1,11.000000,13.204000,1.084000,-68,0.000000,7,8
1,11.000000,13.285000,1.243000,-69,0.000000,7,8
1,11.000000,12.687000,0.486000,-68,0.000000,7,8
1,11.000000,13.015000,0.285000,-67,0.000000,7,8
1,11.000000,12.541000,0.379000,-67,0.000000,7,8
1,11.000000,12.403000,0.401000,-67,0.000000,7,8
1,11.000000,12.778000,0.301000,-67,0.000000,7,8
1,11.000000,12.895000,0.394000,-67,0.000000,7,8
1,11.000000,12.778000,0.348000,-67,0.000000,7,8
1,11.000000,12.916000,0.196000,-66,0.000000,7,8
1,11.000000,12.839000,0.363000,-67,0.000000,7,8
1,11.000000,13.214000,0.121000,-67,0.000000,7,8
1,11.000000,13.088000,0.177000,-66,0.000000,7,8
1,11.000000,12.969000,0.268000,-66,0.000000,7,8
1,11.000000,12.854000,0.262000,-66,0.000000,7,8
1,11.000000,13.007000,0.324000,-66,0.000000,7,8
1,11.000000,13.207000,0.232000,-67,0.000000,7,8
1,11.000000,13.138000,0.360000,-67,0.000000,7,8
1,11.000000,12.976000,0.301000,-67,0.000000,7,8
1,11.000000,13.176000,0.328000,-67,0.000000,7,8
1,11.000000,13.251000,0.326000,-68,0.000000,7,8
1,11.000000,12.935000,0.261000,-67,0.000000,7,8
1,11.000000,13.163000,0.208000,-67,0.000000,7,8
1,11.000000,13.057000,0.345000,-67,0.000000,7,8
1,11.000000,12.782000,0.359000,-67,0.000000,7,8
1,11.000000,13.179000,0.360000,-68,0.000000,7,8
1,11.000000,12.932000,0.426000,-67,0.000000,7,8
1,11.000000,13.048000,0.202000,-67,0.000000,7,8
1,11.000000,12.898000,0.216000,-67,0.000000,7,8
1,11.000000,13.048000,0.210000,-68,0.000000,7,8
1,11.000000,13.008000,0.312000,-67,0.000000,7,8
1,11.000000,13.045000,0.168000,-67,0.000000,7,8
1,11.000000,12.973000,0.178000,-67,0.000000,7,8
1,11.000000,12.975000,0.321000,-67,0.000000,7,8
1,11.000000,12.954000,0.146000,-66,0.000000,7,8
1,11.000000,12.954000,0.465000,-66,0.000000,7,8
1,11.000000,12.806000,0.370000,-67,0.000000,7,8
1,11.000000,12.579000,0.178000,-68,0.000000,7,8
1,11.000000,12.510000,0.302000,-67,0.000000,7,8
1,11.000000,12.832000,0.276000,-67,0.000000,7,8
1,11.000000,12.623000,0.278000,-66,0.000000,7,8
1,11.000000,12.663000,0.266000,-67,0.000000,7,8
1,11.000000,12.748000,0.242000,-67,0.000000,7,8
1,11.000000,12.860000,0.292000,-67,0.000000,7,8
1,11.000000,12.801000,0.354000,-67,0.000000,7,8
1,11.000000,12.982000,0.189000,-68,0.000000,7,8
1,11.000000,12.860000,0.326000,-67,0.000000,7,8
1,11.000000,12.947000,0.407000,-66,0.000000,7,8
1,11.000000,12.778000,0.219000,-68,0.000000,7,8
1,11.000000,12.698000,0.270000,-69,0.000000,7,8
1,11.000000,12.602000,0.250000,-67,0.000000,7,8
1,11.000000,12.729000,0.396000,-68,0.000000,7,8
1,11.000000,12.309000,0.603000,-68,0.000000,7,8
1,11.000000,12.748000,0.295000,-68,0.000000,7,8
1,11.000000,13.201000,0.285000,-67,0.000000,7,8
1,11.000000,12.398000,0.350000,-67,0.000000,7,8
1,11.000000,12.658000,0.269000,-67,0.000000,7,8
1,11.000000,12.613000,0.370000,-67,0.000000,7,8
1,11.000000,13.169000,0.410000,-67,0.000000,7,8
1,11.000000,13.373000,0.337000,-66,0.000000,7,8
1,11.000000,13.085000,0.343000,-65,0.000000,7,8
1,11.000000,13.085000,0.307000,-67,0.000000,7,8
1,11.000000,13.036000,0.337000,-66,0.000000,7,8
1,11.000000,12.898000,0.480000,-67,0.000000,7,8
1,11.000000,12.816000,0.173000,-69,0.000000,7,8
1,11.000000,13.007000,0.207000,-68,0.000000,7,8
1,11.000000,13.106000,0.178000,-68,0.000000,7,8
1,11.000000,12.862000,0.210000,-69,0.000000,7,8
1,11.000000,12.891000,0.426000,-68,0.000000,7,8
1,11.000000,12.691000,0.353000,-67,0.000000,7,8
1,11.000000,12.919000,0.283000,-67,0.000000,7,8
1,11.000000,12.834000,0.283000,-67,0.000000,7,8
1,11.000000,12.806000,0.247000,-67,0.000000,7,8
1,11.000000,12.827000,0.284000,-67,0.000000,7,8
1,11.000000,12.799000,0.289000,-67,0.000000,7,8
1,11.000000,12.591000,0.235000,-67,0.000000,7,8
1,11.000000,12.691000,0.353000,-66,0.000000,7,8
1,11.000000,12.947000,0.301000,-67,0.000000,7,8
1,11.000000,12.867000,0.354000,-66,0.000000,7,8
1,11.000000,13.123000,0.203000,-66,0.000000,7,8
1,11.000000,13.066000,0.247000,-66,0.000000,7,8
1,11.000000,13.099000,0.194000,-66,0.000000,7,8
1,11.000000,13.280000,0.179000,-67,0.000000,7,8
1,11.000000,13.303000,0.272000,-66,0.000000,7,8
1,11.000000,13.135000,0.271000,-66,0.000000,7,8
1,11.000000,13.085000,0.158000,-66,0.000000,7,8
1,11.000000,13.282000,0.185000,-66,0.000000,7,8
1,11.000000,13.420000,0.249000,-66,0.000000,7,8
1,11.000000,13.201000,0.218000,-66,0.000000,7,8
1,11.000000,13.488000,0.312000,-67,0.000000,7,8
1,11.000000,13.641000,0.198000,-68,0.000000,7,8
1,11.000000,13.036000,0.347000,-68,0.000000,7,8
1,11.000000,12.663000,0.542000,-69,0.000000,7,8
1,11.000000,12.131000,0.734000,-70,0.000000,7,8
1,11.000000,12.035000,0.682000,-69,0.000000,7,8
1,11.000000,12.218000,0.545000,-68,0.000000,7,8
1,11.000000,13.138000,0.280000,-69,0.000000,7,8
1,11.000000,12.895000,0.329000,-68,0.000000,7,8
1,11.000000,12.504000,0.363000,-69,0.000000,7,8
1,11.000000,12.688000,0.336000,-69,0.000000,7,8
1,11.000000,12.941000,0.246000,-69,0.000000,7,8
1,11.000000,13.035000,0.333000,-68,0.000000,7,8
1,11.000000,12.951000,0.278000,-69,0.000000,7,8
1,11.000000,13.158000,0.174000,-69,0.000000,7,8
1,11.000000,12.976000,0.350000,-67,0.000000,7,8
1,11.000000,12.697000,0.392000,-66,0.000000,7,8
1,11.000000,12.857000,0.182000,-65,0.000000,7,8
1,11.000000,12.750000,0.272000,-66,0.000000,7,8
1,11.000000,12.694000,0.177000,-65,0.000000,7,8
1,11.000000,12.804000,0.660000,-66,0.000000,7,8
1,11.000000,12.801000,0.169000,-67,0.000000,7,8
1,11.000000,12.382000,0.346000,-65,0.000000,7,8
1,11.000000,12.738000,0.222000,-66,0.000000,7,8
1,11.000000,13.158000,0.121000,-68,0.000000,7,8
1,11.000000,12.658000,0.294000,-69,0.000000,7,8
1,11.000000,12.851000,0.176000,-68,0.000000,7,8
1,11.000000,12.776000,0.939000,-68,0.000000,7,8
1,11.000000,13.135000,1.816000,-68,0.000000,7,8
1,11.000000,12.894000,1.478000,-67,0.000000,7,8
1,11.000000,12.779000,0.378000,-66,0.000000,7,8
1,11.000000,12.848000,0.257000,-66,0.000000,7,8
1,11.000000,12.660000,0.352000,-66,0.000000,7,8
1,11.000000,12.923000,0.231000,-66,0.000000,7,8
1,11.000000,12.810000,0.242000,-65,0.000000,7,8
1,11.000000,12.616000,0.254000,-66,0.000000,7,8
1,11.000000,12.738000,0.265000,-67,0.000000,7,8
1,11.000000,12.246000,0.334000,-67,0.000000,7,8
1,11.000000,12.452000,0.361000,-67,0.000000,7,8
1,11.000000,12.898000,0.490000,-67,0.000000,7,8
1,11.000000,12.579000,0.249000,-67,0.000000,7,8
1,11.000000,12.776000,0.214000,-67,0.000000,7,8
1,11.000000,12.735000,0.198000,-66,0.000000,7,8
1,11.000000,12.694000,0.231000,-66,0.000000,7,8
1,11.000000,12.623000,0.185000,-66,0.000000,7,8
1,11.000000,12.598000,0.169000,-66,0.000000,7,8
1,11.000000,12.661000,0.255000,-66,0.000000,7,8
1,11.000000,12.804000,0.366000,-66,0.000000,7,8
1,11.000000,12.832000,0.332000,-66,0.000000,7,8
1,11.000000,12.504000,0.250000,-66,0.000000,7,8
1,11.000000,13.010000,0.344000,-66,0.000000,7,8
1,11.000000,12.548000,0.388000,-66,0.000000,7,8
1,11.000000,12.673000,0.413000,-66,0.000000,7,8
1,11.000000,12.548000,0.335000,-66,0.000000,7,8
1,11.000000,12.782000,0.351000,-67,0.000000,7,8
1,11.000000,12.894000,0.246000,-68,0.000000,7,8
1,11.000000,12.375000,0.400000,-68,0.000000,7,8
1,11.000000,12.450000,0.434000,-68,0.000000,7,8
1,11.000000,12.341000,0.567000,-68,0.000000,7,8
1,11.000000,12.660000,0.264000,-68,0.000000,7,8
1,11.000000,12.894000,0.198000,-68,0.000000,7,8
1,11.000000,12.773000,0.180000,-67,0.000000,7,8
1,11.000000,12.185000,1.042000,-66,0.000000,7,8
1,11.000000,12.588000,0.342000,-66,0.000000,7,8
1,11.000000,12.862000,0.249000,-66,0.000000,7,8
1,11.000000,12.541000,0.458000,-67,0.000000,7,8
1,11.000000,12.229000,0.428000,-63,0.000000,7,8
1,11.000000,12.660000,0.252000,-67,0.000000,7,8
1,11.000000,13.481000,0.301000,-64,0.000000,7,8
1,11.000000,12.848000,0.512000,-64,0.000000,7,8
1,11.000000,12.361000,0.237000,-65,0.000000,7,8
1,11.000000,11.953000,0.621000,-67,0.000000,7,8
1,11.000000,11.879000,0.207000,-66,0.000000,7,8
1,11.000000,11.013000,0.848000,-67,0.000000,7,8
1,11.000000,13.012000,0.456000,-64,0.000000,7,8
1,11.000000,13.446000,0.361000,-63,0.000000,7,8
1,11.000000,13.186000,0.376000,-63,0.000000,7,8
1,11.000000,13.130000,0.447000,-62,0.000000,7,8
1,11.000000,12.654000,0.750000,-63,0.000000,7,8
1,11.000000,12.460000,0.646000,-65,0.000000,7,8
1,11.000000,12.345000,0.354000,-66,0.000000,7,8
1,11.000000,12.026000,0.715000,-67,0.000000,7,8
1,11.000000,12.038000,0.897000,-66,0.000000,7,8
1,11.000000,12.341000,0.641000,-66,0.000000,7,8
1,11.000000,12.116000,0.758000,-66,0.000000,7,8
1,11.000000,12.307000,0.598000,-65,0.000000,7,8
1,11.000000,12.772000,0.339000,-65,0.000000,7,8
1,11.000000,12.979000,0.146000,-64,0.000000,7,8
1,11.000000,13.127000,0.221000,-64,0.000000,7,8
1,11.000000,13.010000,0.266000,-64,0.000000,7,8
1,11.000000,13.277000,0.215000,-65,0.000000,7,8
1,11.000000,13.244000,0.198000,-65,0.000000,7,8
1,11.000000,12.954000,0.506000,-65,0.000000,7,8
1,11.000000,12.891000,0.479000,-65,0.000000,7,8
1,11.000000,12.666000,0.671000,-64,0.000000,7,8
1,11.000000,13.282000,0.114000,-65,0.000000,7,8
1,11.000000,13.273000,0.155000,-64,0.000000,7,8
1,11.000000,13.043000,0.501000,-64,0.000000,7,8
1,11.000000,13.326000,0.260000,-64,0.000000,7,8
1,11.000000,13.212000,0.247000,-64,0.000000,7,8
1,11.000000,12.661000,0.733000,-64,0.000000,7,8
1,11.000000,11.953000,0.869000,-66,0.000000,7,8
1,11.000000,12.110000,0.657000,-66,0.000000,7,8
1,11.000000,12.159000,0.408000,-67,0.000000,7,8
1,11.000000,12.281000,0.451000,-66,0.000000,7,8
1,11.000000,12.307000,0.465000,-66,0.000000,7,8
1,11.000000,12.246000,0.525000,-67,0.000000,7,8
1,11.000000,12.330000,0.550000,-67,0.000000,7,8
1,11.000000,12.246000,0.532000,-68,0.000000,7,8
1,11.000000,12.452000,0.632000,-67,0.000000,7,8
1,11.000000,12.333000,0.365000,-68,0.000000,7,8
1,11.000000,12.182000,0.392000,-64,0.000000,7,8
1,11.000000,12.194000,0.282000,-63,0.000000,7,8
1,11.000000,11.754000,0.366000,-67,0.000000,7,8
1,11.000000,13.326000,0.270000,-67,0.000000,7,8
1,11.000000,12.541000,0.652000,-64,0.000000,7,8
1,11.000000,12.478000,0.345000,-66,0.000000,7,8
1,11.000000,12.689000,0.611000,-68,0.000000,7,8
1,11.000000,12.302000,0.673000,-65,0.000000,7,8
1,11.000000,12.246000,0.522000,-63,0.000000,7,8
1,11.000000,12.345000,0.239000,-65,0.000000,7,8
1,11.000000,12.151000,1.027000,-67,0.000000,7,8
1,11.000000,12.307000,0.303000,-66,0.000000,7,8
1,11.000000,12.305000,0.298000,-66,0.000000,7,8
1,11.000000,12.691000,0.279000,-66,0.000000,7,8
1,11.000000,12.455000,0.805000,-66,0.000000,7,8
1,11.000000,12.581000,0.239000,-65,0.000000,7,8
1,11.000000,12.387000,0.603000,-66,0.000000,7,8
1,11.000000,12.935000,0.314000,-67,0.000000,7,8
1,11.000000,12.429000,0.510000,-67,0.000000,7,8
1,11.000000,13.163000,0.229000,-64,0.000000,7,8
1,11.000000,13.331000,0.268000,-67,0.000000,7,8
1,11.000000,12.169000,0.451000,-68,0.000000,7,8
1,11.000000,12.213000,0.736000,-68,0.000000,7,8
1,11.000000,12.079000,0.760000,-68,0.000000,7,8
1,11.000000,11.866000,0.259000,-67,0.000000,7,8
1,11.000000,12.466000,0.690000,-65,0.000000,7,8
1,11.000000,13.007000,0.322000,-66,0.000000,7,8
1,11.000000,13.008000,0.350000,-63,0.000000,7,8
1,11.000000,12.279000,0.551000,-63,0.000000,7,8
1,11.000000,12.801000,0.357000,-65,0.000000,7,8
1,11.000000,12.452000,0.450000,-66,0.000000,7,8
1,11.000000,12.687000,0.216000,-65,0.000000,7,8
1,11.000000,12.722000,0.212000,-65,0.000000,7,8
1,11.000000,12.651000,0.237000,-65,0.000000,7,8
1,11.000000,12.541000,0.243000,-65,0.000000,7,8
1,11.000000,12.480000,0.268000,-65,0.000000,7,8
1,11.000000,12.480000,0.337000,-65,0.000000,7,8
1,11.000000,12.487000,0.217000,-64,0.000000,7,8
1,11.000000,12.508000,0.342000,-65,0.000000,7,8
1,11.000000,12.419000,0.555000,-66,0.000000,7,8
1,11.000000,12.398000,0.328000,-66,0.000000,7,8
1,11.000000,12.401000,0.309000,-67,0.000000,7,8
1,11.000000,12.424000,0.425000,-69,0.000000,7,8
1,11.000000,12.211000,0.286000,-69,0.000000,7,8
1,11.000000,12.225000,0.422000,-70,0.000000,7,8
1,11.000000,12.342000,0.296000,-70,0.000000,7,8
1,11.000000,12.398000,0.308000,-69,0.000000,7,8
1,11.000000,12.219000,0.421000,-68,0.000000,7,8
1,11.000000,12.307000,0.319000,-67,0.000000,7,8
1,11.000000,12.807000,0.376000,-67,0.000000,7,8
1,11.000000,12.898000,0.302000,-66,0.000000,7,8
1,11.000000,12.779000,0.315000,-66,0.000000,7,8
1,11.000000,12.933000,0.448000,-66,0.000000,7,8
1,11.000000,12.748000,0.384000,-66,0.000000,7,8
1,11.000000,12.722000,0.253000,-65,0.000000,7,8
1,11.000000,12.668000,0.312000,-66,0.000000,7,8
1,11.000000,12.698000,0.287000,-64,0.000000,7,8
1,11.000000,12.752000,0.251000,-66,0.000000,7,8
1,11.000000,12.513000,0.473000,-66,0.000000,7,8
1,11.000000,12.628000,0.686000,-65,0.000000,7,8
1,11.000000,12.694000,0.747000,-64,0.000000,7,8
1,11.000000,12.951000,0.367000,-67,0.000000,7,8
1,11.000000,12.894000,0.470000,-68,0.000000,7,8
1,11.000000,12.938000,0.297000,-68,0.000000,7,8
1,11.000000,13.166000,0.288000,-66,0.000000,7,8
1,11.000000,12.717000,0.325000,-68,0.000000,7,8
1,11.000000,12.138000,0.571000,-67,0.000000,7,8
1,11.000000,11.991000,0.729000,-67,0.000000,7,8
1,11.000000,12.363000,0.354000,-66,0.000000,7,8
1,11.000000,12.429000,0.263000,-65,0.000000,7,8
1,11.000000,12.485000,0.391000,-65,0.000000,7,8
1,11.000000,12.546000,0.336000,-67,0.000000,7,8
1,11.000000,12.741000,0.398000,-67,0.000000,7,8
1,11.000000,12.921000,0.247000,-69,0.000000,7,8
1,11.000000,12.220000,0.514000,-69,0.000000,7,8
1,11.000000,12.073000,0.429000,-68,0.000000,7,8
1,11.000000,12.666000,0.252000,-68,0.000000,7,8
1,11.000000,12.066000,0.376000,-67,0.000000,7,8
1,11.000000,12.107000,0.385000,-67,0.000000,7,8
1,11.000000,12.928000,0.222000,-68,0.000000,7,8
1,11.000000,12.260000,1.013000,-68,0.000000,7,8
1,11.000000,12.298000,0.682000,-68,0.000000,7,8
1,11.000000,12.112000,0.322000,-66,0.000000,7,8
1,11.000000,12.105000,0.364000,-67,0.000000,7,8
1,11.000000,12.966000,0.297000,-67,0.000000,7,8
1,11.000000,12.244000,0.438000,-67,0.000000,7,8
1,11.000000,12.813000,0.305000,-66,0.000000,7,8
1,11.000000,12.598000,0.207000,-64,0.000000,7,8
1,11.000000,12.857000,0.258000,-66,0.000000,7,8
1,11.000000,12.385000,0.390000,-66,0.000000,7,8
1,11.000000,12.949000,0.224000,-66,0.000000,7,8
1,11.000000,12.894000,0.323000,-65,0.000000,7,8
1,11.000000,12.598000,0.300000,-65,0.000000,7,8
1,11.000000,13.071000,0.152000,-64,0.000000,7,8
1,11.000000,12.862000,0.201000,-66,0.000000,7,8
1,11.000000,12.537000,0.449000,-66,0.000000,7,8
1,11.000000,12.888000,0.264000,-64,0.000000,7,8
1,11.000000,12.935000,0.212000,-66,0.000000,7,8
1,11.000000,12.219000,0.164000,-65,0.000000,7,8
1,11.000000,12.771000,0.141000,-65,0.000000,7,8
1,11.000000,12.576000,0.459000,-66,0.000000,7,8
1,11.000000,12.223000,0.149000,-65,0.000000,7,8
1,11.000000,12.358000,0.283000,-63,0.000000,7,8
1,11.000000,11.794000,0.460000,-64,0.000000,7,8
1,11.000000,11.598000,0.443000,-64,0.000000,7,8
1,11.000000,11.479000,0.389000,-63,0.000000,7,8
1,11.000000,11.369000,0.630000,-63,0.000000,7,8
1,11.000000,11.516000,0.480000,-63,0.000000,7,8
1,11.000000,11.760000,0.419000,-63,0.000000,7,8
1,11.000000,12.391000,0.208000,-64,0.000000,7,8
1,11.000000,11.841000,0.169000,-64,0.000000,7,8
1,11.000000,11.879000,0.124000,-64,0.000000,7,8
1,11.000000,11.835000,0.260000,-65,0.000000,7,8
1,11.000000,12.330000,0.215000,-63,0.000000,7,8
1,11.000000,12.232000,0.053000,-64,0.000000,7,8
1,11.000000,12.154000,0.217000,-65,0.000000,7,8
1,11.000000,11.836000,0.175000,-67,0.000000,7,8
1,11.000000,11.791000,0.154000,-66,0.000000,7,8
1,11.000000,11.641000,0.375000,-66,0.000000,7,8
1,11.000000,11.441000,0.259000,-65,0.000000,7,8
1,11.000000,11.519000,0.185000,-64,0.000000,7,8
1,11.000000,11.520000,0.278000,-64,0.000000,7,8
1,11.000000,11.835000,0.193000,-64,0.000000,7,8
1,11.000000,12.238000,0.168000,-65,0.000000,7,8
1,11.000000,11.676000,0.169000,-65,0.000000,7,8
1,11.000000,11.332000,0.197000,-66,0.000000,7,8
1,11.000000,11.601000,0.221000,-66,0.000000,7,8
1,11.000000,11.369000,0.429000,-64,0.000000,7,8
1,11.000000,11.373000,0.280000,-63,0.000000,7,8
1,11.000000,11.516000,0.099000,-64,0.000000,7,8
1,11.000000,11.057000,0.343000,-64,0.000000,7,8
1,11.000000,11.569000,0.334000,-65,0.000000,7,8
1,11.000000,11.523000,0.247000,-64,0.000000,7,8
1,11.000000,11.101000,0.257000,-63,0.000000,7,8
1,11.000000,11.335000,0.233000,-63,0.000000,7,8
1,11.000000,11.326000,0.242000,-64,0.000000,7,8
1,11.000000,11.482000,0.115000,-64,0.000000,7,8
1,11.000000,11.641000,0.092000,-64,0.000000,7,8
1,11.000000,11.804000,0.143000,-64,0.000000,7,8
1,11.000000,11.844000,0.272000,-65,0.000000,7,8
1,11.000000,11.597000,0.273000,-65,0.000000,7,8
1,11.000000,11.899000,0.133000,-66,0.000000,7,8
1,11.000000,12.424000,0.195000,-63,0.000000,7,8
1,11.000000,11.794000,0.344000,-64,0.000000,7,8
1,11.000000,11.216000,0.287000,-64,0.000000,7,8
1,11.000000,11.569000,0.209000,-63,0.000000,7,8
1,11.000000,11.329000,0.223000,-64,0.000000,7,8
1,11.000000,11.404000,0.110000,-65,0.000000,7,8
1,11.000000,11.335000,0.534000,-65,0.000000,7,8
1,11.000000,11.607000,0.579000,-65,0.000000,7,8
1,11.000000,12.813000,0.398000,-66,0.000000,7,8
1,11.000000,12.839000,0.123000,-64,0.000000,7,8
1,11.000000,12.661000,0.267000,-64,0.000000,7,8
1,11.000000,12.598000,0.207000,-65,0.000000,7,8
1,11.000000,12.218000,0.267000,-64,0.000000,7,8
1,11.000000,12.504000,0.304000,-65,0.000000,7,8
1,11.000000,12.717000,0.545000,-65,0.000000,7,8
1,11.000000,11.094000,0.855000,-65,0.000000,7,8
1,11.000000,11.682000,0.398000,-64,0.000000,7,8
1,11.000000,12.191000,0.306000,-63,0.000000,7,8
1,11.000000,12.810000,0.205000,-63,0.000000,7,8
1,11.000000,12.780000,0.189000,-64,0.000000,7,8
1,11.000000,12.154000,0.413000,-64,0.000000,7,8
1,11.000000,12.585000,0.260000,-66,0.000000,7,8
1,11.000000,12.429000,0.389000,-67,0.000000,7,8
1,11.000000,12.813000,0.264000,-66,0.000000,7,8
1,11.000000,12.154000,0.194000,-65,0.000000,7,8
1,11.000000,11.716000,0.349000,-65,0.000000,7,8
1,11.000000,11.648000,0.344000,-66,0.000000,7,8
1,11.000000,11.607000,0.473000,-66,0.000000,7,8
1,11.000000,11.573000,0.414000,-66,0.000000,7,8
1,11.000000,12.001000,0.378000,-67,0.000000,7,8
1,11.000000,12.494000,0.265000,-66,0.000000,7,8
1,11.000000,11.807000,0.522000,-65,0.000000,7,8
1,11.000000,12.110000,0.575000,-65,0.000000,7,8
1,11.000000,13.123000,0.366000,-66,0.000000,7,8
1,11.000000,13.357000,0.276000,-67,0.000000,7,8
1,11.000000,13.090000,0.307000,-67,0.000000,7,8
1,11.000000,13.390000,0.291000,-67,0.000000,7,8
1,11.000000,12.960000,0.329000,-67,0.000000,7,8
1,11.000000,12.460000,0.361000,-66,0.000000,7,8
1,11.000000,13.051000,1.668000,-68,0.000000,7,8
1,11.000000,12.491000,0.193000,-68,0.000000,7,8
1,11.000000,12.463000,0.191000,-66,0.000000,7,8
1,11.000000,12.569000,0.209000,-66,0.000000,7,8
1,11.000000,12.688000,0.355000,-67,0.000000,7,8
1,11.000000,12.651000,0.368000,-69,0.000000,7,8
1,11.000000,12.501000,0.561000,-68,0.000000,7,8
1,11.000000,12.810000,0.312000,-69,0.000000,7,8
1,11.000000,12.773000,0.147000,-69,0.000000,7,8
1,11.000000,12.830000,0.271000,-68,0.000000,7,8
1,11.000000,12.919000,0.231000,-69,0.000000,7,8
1,11.000000,12.923000,0.118000,-68,0.000000,7,8
1,11.000000,13.160000,0.219000,-68,0.000000,7,8
1,11.000000,12.949000,0.295000,-68,0.000000,7,8
1,11.000000,12.744000,0.136000,-68,0.000000,7,8
1,11.000000,12.388000,0.283000,-67,0.000000,7,8
1,11.000000,12.266000,0.479000,-69,0.000000,7,8
1,11.000000,12.191000,0.270000,-67,0.000000,7,8
1,11.000000,12.691000,0.691000,-68,0.000000,7,8
1,11.000000,12.743000,0.295000,-68,0.000000,7,8
1,11.000000,12.541000,0.321000,-68,0.000000,7,8
1,11.000000,12.508000,0.367000,-68,0.000000,7,8
1,11.000000,12.389000,0.392000,-67,0.000000,7,8
1,11.000000,12.159000,0.365000,-68,0.000000,7,8
1,11.000000,11.951000,0.233000,-67,0.000000,7,8
1,11.000000,12.274000,0.389000,-67,0.000000,7,8
1,11.000000,12.366000,0.666000,-68,0.000000,7,8
1,11.000000,12.689000,0.454000,-67,0.000000,7,8
1,11.000000,12.537000,0.355000,-67,0.000000,7,8
1,11.000000,12.766000,0.330000,-68,0.000000,7,8
1,11.000000,13.038000,0.221000,-67,0.000000,7,8
1,11.000000,13.010000,0.133000,-67,0.000000,7,8
1,11.000000,13.016000,0.770000,-68,0.000000,7,8
1,11.000000,12.825000,0.099000,-67,0.000000,7,8
1,11.000000,12.710000,0.131000,-67,0.000000,7,8
1,11.000000,12.313000,0.201000,-66,0.000000,7,8
1,11.000000,12.185000,0.202000,-67,0.000000,7,8
1,11.000000,12.513000,0.129000,-67,0.000000,7,8
1,11.000000,12.804000,0.197000,-68,0.000000,7,8
1,11.000000,13.148000,0.470000,-68,0.000000,7,8
1,11.000000,13.241000,0.566000,-67,0.000000,7,8
1,11.000000,13.010000,0.194000,-66,0.000000,7,8
1,11.000000,12.874000,0.339000,-66,0.000000,7,8
1,11.000000,12.613000,0.185000,-66,0.000000,7,8
1,11.000000,12.654000,0.135000,-66,0.000000,7,8
1,11.000000,12.626000,0.179000,-66,0.000000,7,8
1,11.000000,12.537000,0.210000,-66,0.000000,7,8
1,11.000000,12.600000,0.152000,-66,0.000000,7,8
1,11.000000,12.569000,0.258000,-67,0.000000,7,8
1,11.000000,12.973000,0.362000,-68,0.000000,7,8
1,11.000000,12.921000,0.578000,-67,0.000000,7,8
1,11.000000,12.328000,0.408000,-68,0.000000,7,8
1,11.000000,12.513000,0.316000,-67,0.000000,7,8
1,11.000000,12.598000,0.433000,-67,0.000000,7,8
1,11.000000,12.607000,0.649000,-68,0.000000,7,8
1,11.000000,12.748000,0.681000,-67,0.000000,7,8
1,11.000000,12.916000,0.712000,-67,0.000000,7,8
1,11.000000,12.628000,0.304000,-67,0.000000,7,8
1,11.000000,12.689000,0.525000,-67,0.000000,7,8
1,11.000000,12.391000,0.331000,-67,0.000000,7,8
1,11.000000,13.016000,0.516000,-68,0.000000,7,8
1,11.000000,13.212000,0.525000,-68,0.000000,7,8
1,11.000000,12.888000,0.454000,-67,0.000000,7,8
1,11.000000,12.916000,0.540000,-67,0.000000,7,8
1,11.000000,12.827000,0.607000,-68,0.000000,7,8
1,11.000000,12.513000,0.449000,-67,0.000000,7,8
1,11.000000,12.717000,0.400000,-67,0.000000,7,8
1,11.000000,12.576000,0.615000,-67,0.000000,7,8
1,11.000000,12.569000,0.495000,-67,0.000000,7,8
1,11.000000,12.459000,0.388000,-67,0.000000,7,8
1,11.000000,12.506000,0.421000,-67,0.000000,7,8
1,11.000000,12.658000,0.492000,-67,0.000000,7,8
1,11.000000,12.687000,0.515000,-68,0.000000,7,8
1,11.000000,12.605000,0.296000,-67,0.000000,7,8
1,11.000000,12.867000,0.502000,-68,0.000000,7,8
1,11.000000,12.687000,0.318000,-67,0.000000,7,8
1,11.000000,12.623000,0.448000,-67,0.000000,7,8
1,11.000000,12.633000,0.215000,-67,0.000000,7,8
1,11.000000,12.560000,0.371000,-67,0.000000,7,8
1,11.000000,12.066000,0.366000,-67,0.000000,7,8
1,11.000000,12.413000,0.389000,-67,0.000000,7,8
1,11.000000,11.916000,0.363000,-67,0.000000,7,8
1,11.000000,11.791000,0.349000,-67,0.000000,7,8
1,11.000000,11.838000,0.372000,-67,0.000000,7,8
1,11.000000,11.766000,0.404000,-67,0.000000,7,8
1,11.000000,11.641000,0.355000,-67,0.000000,7,8
1,11.000000,12.082000,0.451000,-66,0.000000,7,8
1,11.000000,12.188000,0.363000,-67,0.000000,7,8
1,11.000000,11.607000,0.375000,-67,0.000000,7,8
1,11.000000,11.648000,0.376000,-67,0.000000,7,8
1,11.000000,12.445000,0.315000,-67,0.000000,7,8
1,11.000000,11.685000,0.327000,-66,0.000000,7,8
1,11.000000,11.607000,0.434000,-66,0.000000,7,8
1,11.000000,12.375000,0.430000,-67,0.000000,7,8
1,11.000000,11.673000,0.407000,-66,0.000000,7,8
1,11.000000,11.801000,0.300000,-66,0.000000,7,8
1,11.000000,12.450000,0.390000,-67,0.000000,7,8
1,11.000000,11.648000,0.430000,-67,0.000000,7,8
1,11.000000,11.913000,0.368000,-66,0.000000,7,8
1,11.000000,12.073000,0.404000,-66,0.000000,7,8
1,11.000000,12.001000,0.637000,-66,0.000000,7,8
1,11.000000,11.716000,0.427000,-67,0.000000,7,8
1,11.000000,11.873000,0.360000,-66,0.000000,7,8
1,11.000000,11.376000,0.497000,-66,0.000000,7,8
1,11.000000,11.713000,0.438000,-66,0.000000,7,8
1,11.000000,11.644000,0.500000,-66,0.000000,7,8
1,11.000000,11.754000,0.470000,-67,0.000000,7,8
1,11.000000,11.482000,0.474000,-67,0.000000,7,8
1,11.000000,11.494000,0.531000,-66,0.000000,7,8
1,11.000000,11.410000,0.548000,-67,0.000000,7,8
1,11.000000,11.295000,0.484000,-66,0.000000,7,8
1,11.000000,11.519000,0.688000,-67,0.000000,7,8
1,11.000000,11.220000,0.555000,-67,0.000000,7,8
1,11.000000,11.248000,0.498000,-66,0.000000,7,8
1,11.000000,11.607000,0.518000,-67,0.000000,7,8
1,11.000000,11.526000,0.443000,-67,0.000000,7,8
1,11.000000,11.376000,0.466000,-67,0.000000,7,8
1,11.000000,11.607000,0.582000,-67,0.000000,7,8
1,11.000000,11.716000,0.452000,-67,0.000000,7,8
1,11.000000,11.638000,0.414000,-66,0.000000,7,8
1,11.000000,12.085000,0.444000,-66,0.000000,7,8
1,11.000000,11.923000,0.350000,-67,0.000000,7,8
1,11.000000,11.919000,0.401000,-67,0.000000,7,8
1,11.000000,11.688000,0.310000,-66,0.000000,7,8
1,11.000000,11.760000,0.283000,-66,0.000000,7,8
1,11.000000,12.163000,0.384000,-66,0.000000,7,8
1,11.000000,12.398000,0.529000,-67,0.000000,7,8
1,11.000000,12.305000,0.406000,-67,0.000000,7,8
1,11.000000,12.300000,0.365000,-67,0.000000,7,8
1,11.000000,12.415000,0.200000,-67,0.000000,7,8
1,11.000000,12.361000,0.484000,-67,0.000000,7,8
1,11.000000,12.312000,0.379000,-67,0.000000,7,8
1,11.000000,12.185000,0.147000,-67,0.000000,7,8
1,11.000000,12.185000,0.247000,-67,0.000000,7,8
1,11.000000,12.300000,0.181000,-66,0.000000,7,8
1,11.000000,12.396000,0.322000,-67,0.000000,7,8
1,11.000000,12.422000,0.421000,-67,0.000000,7,8
1,11.000000,12.389000,0.327000,-66,0.000000,7,8
1,11.000000,12.459000,0.391000,-67,0.000000,7,8
1,11.000000,12.457000,0.401000,-67,0.000000,7,8
1,11.000000,12.569000,0.467000,-67,0.000000,7,8
1,11.000000,12.445000,0.510000,-67,0.000000,7,8
1,11.000000,12.532000,0.670000,-67,0.000000,7,8
1,11.000000,12.593000,0.418000,-67,0.000000,7,8
1,11.000000,12.567000,0.378000,-67,0.000000,7,8
1,11.000000,12.719000,0.556000,-67,0.000000,7,8
1,11.000000,12.602000,0.383000,-67,0.000000,7,8
1,11.000000,12.698000,0.551000,-67,0.000000,7,8
1,11.000000,12.668000,0.442000,-67,0.000000,7,8
1,11.000000,12.654000,0.633000,-67,0.000000,7,8
1,11.000000,12.426000,0.466000,-67,0.000000,7,8
1,11.000000,12.573000,0.437000,-67,0.000000,7,8
1,11.000000,12.595000,0.351000,-67,0.000000,7,8
1,11.000000,12.541000,0.547000,-67,0.000000,7,8
1,11.000000,12.476000,0.518000,-66,0.000000,7,8
1,11.000000,12.269000,0.587000,-67,0.000000,7,8
1,11.000000,12.628000,0.532000,-67,0.000000,7,8
1,11.000000,12.423000,0.513000,-67,0.000000,7,8
1,11.000000,11.910000,0.414000,-67,0.000000,7,8
1,11.000000,12.179000,0.458000,-67,0.000000,7,8
1,11.000000,12.741000,0.523000,-67,0.000000,7,8
1,11.000000,12.198000,0.460000,-67,0.000000,7,8
1,11.000000,12.544000,0.631000,-67,0.000000,7,8
1,11.000000,12.044000,0.454000,-67,0.000000,7,8
1,11.000000,12.119000,0.528000,-67,0.000000,7,8
1,11.000000,12.823000,0.566000,-67,0.000000,7,8
1,11.000000,12.335000,0.642000,-67,0.000000,7,8
1,11.000000,12.113000,0.548000,-67,0.000000,7,8
1,11.000000,13.010000,0.564000,-67,0.000000,7,8
1,11.000000,12.973000,0.586000,-68,0.000000,7,8
1,11.000000,12.895000,0.738000,-67,0.000000,7,8
1,11.000000,13.048000,0.595000,-67,0.000000,7,8
1,11.000000,12.923000,0.552000,-67,0.000000,7,8
1,11.000000,12.949000,0.616000,-67,0.000000,7,8
1,11.000000,12.783000,0.502000,-67,0.000000,7,8
1,11.000000,12.569000,0.872000,-67,0.000000,7,8
1,11.000000,12.682000,0.351000,-67,0.000000,7,8
1,11.000000,12.185000,0.418000,-66,0.000000,7,8
1,11.000000,12.719000,0.233000,-67,0.000000,7,8
1,11.000000,12.738000,0.163000,-66,0.000000,7,8
1,11.000000,12.363000,0.307000,-67,0.000000,7,8
1,11.000000,12.544000,0.238000,-66,0.000000,7,8
1,11.000000,12.539000,0.203000,-66,0.000000,7,8
1,11.000000,12.356000,0.241000,-66,0.000000,7,8
1,11.000000,12.463000,0.398000,-67,0.000000,7,8
1,11.000000,12.344000,0.129000,-66,0.000000,7,8
1,11.000000,12.567000,0.257000,-66,0.000000,7,8
1,11.000000,12.298000,0.235000,-67,0.000000,7,8
1,11.000000,12.541000,1.024000,-67,0.000000,7,8
1,11.000000,12.785000,0.262000,-66,0.000000,7,8
1,11.000000,13.054000,0.797000,-66,0.000000,7,8
1,11.000000,12.501000,0.198000,-66,0.000000,7,8
1,11.000000,12.338000,0.882000,-67,0.000000,7,8
1,11.000000,12.113000,0.213000,-66,0.000000,7,8
1,11.000000,12.719000,0.166000,-67,0.000000,7,8
1,11.000000,12.532000,0.235000,-66,0.000000,7,8
1,11.000000,12.307000,0.245000,-66,0.000000,7,8
1,11.000000,12.366000,0.338000,-66,0.000000,7,8
1,11.000000,12.238000,0.312000,-66,0.000000,7,8
1,11.000000,11.994000,0.213000,-66,0.000000,7,8
1,11.000000,12.063000,0.179000,-66,0.000000,7,8
1,11.000000,11.763000,0.253000,-65,0.000000,7,8
1,11.000000,12.080000,0.308000,-66,0.000000,7,8
1,11.000000,11.991000,0.188000,-66,0.000000,7,8
1,11.000000,12.547000,0.351000,-65,0.000000,7,8
1,11.000000,12.579000,0.281000,-65,0.000000,7,8
1,11.000000,12.155000,0.142000,-65,0.000000,7,8
1,11.000000,11.960000,0.210000,-66,0.000000,7,8
1,11.000000,12.120000,0.112000,-66,0.000000,7,8
1,11.000000,12.744000,0.204000,-66,0.000000,7,8
1,11.000000,11.654000,0.379000,-65,0.000000,7,8
1,11.000000,12.492000,0.436000,-66,0.000000,7,8
1,11.000000,12.656000,0.337000,-66,0.000000,7,8
1,11.000000,11.838000,0.356000,-66,0.000000,7,8
1,11.000000,12.379000,0.320000,-66,0.000000,7,8
1,11.000000,12.107000,0.304000,-65,0.000000,7,8
1,11.000000,12.269000,0.257000,-65,0.000000,7,8
1,11.000000,12.426000,0.301000,-65,0.000000,7,8
1,11.000000,12.567000,0.222000,-66,0.000000,7,8
1,11.000000,12.223000,0.141000,-65,0.000000,7,8
1,11.000000,12.032000,0.174000,-65,0.000000,7,8
1,11.000000,12.385000,0.389000,-66,0.000000,7,8
1,11.000000,12.119000,0.195000,-66,0.000000,7,8
1,11.000000,12.226000,0.181000,-65,0.000000,7,8
1,11.000000,12.506000,0.236000,-66,0.000000,7,8
1,11.000000,12.480000,0.491000,-66,0.000000,7,8
1,11.000000,12.605000,0.241000,-66,0.000000,7,8
1,11.000000,12.630000,0.176000,-66,0.000000,7,8
1,11.000000,12.623000,0.178000,-66,0.000000,7,8
1,11.000000,12.457000,0.080000,-65,0.000000,7,8
1,11.000000,12.576000,0.173000,-66,0.000000,7,8
1,11.000000,12.454000,0.126000,-66,0.000000,7,8
1,11.000000,12.388000,0.169000,-65,0.000000,7,8
1,11.000000,12.605000,0.150000,-66,0.000000,7,8
1,11.000000,12.629000,0.176000,-66,0.000000,7,8
1,11.000000,12.480000,0.133000,-66,0.000000,7,8
1,11.000000,12.501000,0.201000,-66,0.000000,7,8
1,11.000000,12.588000,0.229000,-66,0.000000,7,8
1,11.000000,12.416000,0.217000,-66,0.000000,7,8
1,11.000000,12.569000,0.120000,-66,0.000000,7,8
1,11.000000,12.529000,0.171000,-66,0.000000,7,8
1,11.000000,12.419000,0.143000,-65,0.000000,7,8
1,11.000000,12.385000,0.124000,-65,0.000000,7,8
1,11.000000,12.463000,0.182000,-66,0.000000,7,8
1,11.000000,12.354000,0.210000,-66,0.000000,7,8
1,11.000000,12.110000,0.126000,-66,0.000000,7,8
1,11.000000,12.419000,0.150000,-67,0.000000,7,8
1,11.000000,12.344000,0.352000,-66,0.000000,7,8
1,11.000000,11.951000,0.277000,-66,0.000000,7,8
1,11.000000,12.191000,0.158000,-66,0.000000,7,8
1,11.000000,12.573000,0.371000,-66,0.000000,7,8
1,11.000000,12.223000,0.138000,-66,0.000000,7,8
1,11.000000,12.773000,0.267000,-66,0.000000,7,8
1,11.000000,12.029000,0.181000,-66,0.000000,7,8
1,11.000000,12.185000,0.147000,-67,0.000000,7,8
1,11.000000,12.773000,0.326000,-68,0.000000,7,8
1,11.000000,12.654000,0.333000,-67,0.000000,7,8
1,11.000000,12.801000,0.372000,-66,0.000000,7,8
1,11.000000,12.928000,0.469000,-66,0.000000,7,8
1,11.000000,12.888000,0.754000,-68,0.000000,7,8
1,11.000000,12.748000,0.756000,-67,0.000000,7,8
1,11.000000,12.602000,0.715000,-67,0.000000,7,8
1,11.000000,12.513000,0.641000,-67,0.000000,7,8
1,11.000000,12.480000,0.488000,-67,0.000000,7,8
1,11.000000,12.338000,0.165000,-67,0.000000,7,8
1,11.000000,12.396000,0.637000,-68,0.000000,7,8
1,11.000000,12.366000,0.446000,-67,0.000000,7,8
1,11.000000,12.452000,0.486000,-68,0.000000,7,8
1,11.000000,12.511000,0.903000,-68,0.000000,7,8
1,11.000000,12.572000,0.530000,-67,0.000000,7,8
1,11.000000,12.623000,0.646000,-67,0.000000,7,8
1,11.000000,12.539000,0.828000,-68,0.000000,7,8
1,11.000000,12.682000,0.763000,-67,0.000000,7,8
1,11.000000,12.511000,0.760000,-66,0.000000,7,8
1,11.000000,12.394000,0.338000,-66,0.000000,7,8
1,11.000000,12.626000,0.493000,-67,0.000000,7,8
1,11.000000,12.445000,0.417000,-67,0.000000,7,8
1,11.000000,12.569000,0.488000,-66,0.000000,7,8
1,11.000000,12.485000,0.287000,-67,0.000000,7,8
1,11.000000,12.839000,0.324000,-68,0.000000,7,8
1,11.000000,12.663000,0.223000,-66,0.000000,7,8
1,11.000000,12.354000,0.219000,-66,0.000000,7,8
1,11.000000,12.223000,0.118000,-66,0.000000,7,8
1,11.000000,12.246000,0.345000,-66,0.000000,7,8
1,11.000000,12.341000,0.238000,-66,0.000000,7,8
1,11.000000,12.361000,0.115000,-66,0.000000,7,8
1,11.000000,12.628000,0.304000,-66,0.000000,7,8
1,11.000000,12.691000,0.311000,-67,0.000000,7,8
1,11.000000,12.687000,0.147000,-67,0.000000,7,8
1,11.000000,12.633000,0.269000,-67,0.000000,7,8
1,11.000000,12.778000,0.279000,-67,0.000000,7,8
1,11.000000,12.745000,0.312000,-67,0.000000,7,8
1,11.000000,12.816000,0.361000,-68,0.000000,7,8
1,11.000000,12.562000,0.123000,-67,0.000000,7,8
1,11.000000,12.574000,0.112000,-67,0.000000,7,8
1,11.000000,12.769000,0.210000,-67,0.000000,7,8
1,11.000000,12.661000,0.205000,-67,0.000000,7,8
1,11.000000,12.546000,0.178000,-67,0.000000,7,8
1,11.000000,12.598000,0.145000,-67,0.000000,7,8
1,11.000000,12.661000,0.308000,-67,0.000000,7,8
1,11.000000,12.623000,0.384000,-66,0.000000,7,8
1,11.000000,12.546000,0.251000,-67,0.000000,7,8
1,11.000000,12.677000,0.309000,-66,0.000000,7,8
1,11.000000,12.485000,0.317000,-66,0.000000,7,8
1,11.000000,12.452000,0.114000,-67,0.000000,7,8
1,11.000000,12.229000,0.396000,-65,0.000000,7,8
1,11.000000,12.188000,0.157000,-67,0.000000,7,8
1,11.000000,12.082000,0.374000,-67,0.000000,7,8
1,11.000000,12.460000,0.281000,-67,0.000000,7,8
1,11.000000,12.229000,0.257000,-67,0.000000,7,8
1,11.000000,11.798000,0.537000,-66,0.000000,7,8
1,11.000000,12.576000,0.280000,-66,0.000000,7,8
1,11.000000,12.654000,0.228000,-68,0.000000,7,8
1,11.000000,12.038000,0.216000,-66,0.000000,7,8
1,11.000000,12.490000,0.263000,-67,0.000000,7,8
1,11.000000,12.654000,0.165000,-68,0.000000,7,8
1,11.000000,12.855000,0.138000,-66,0.000000,7,8
1,11.000000,13.118000,0.362000,-67,0.000000,7,8
1,11.000000,13.125000,0.401000,-67,0.000000,7,8
1,11.000000,12.799000,0.622000,-68,0.000000,7,8
1,11.000000,12.274000,0.314000,-68,0.000000,7,8
1,11.000000,12.216000,0.351000,-67,0.000000,7,8
1,11.000000,12.185000,0.279000,-66,0.000000,7,8
1,11.000000,12.183000,0.165000,-67,0.000000,7,8
1,11.000000,12.379000,0.815000,-68,0.000000,7,8
1,11.000000,12.801000,0.227000,-67,0.000000,7,8
1,11.000000,12.630000,0.167000,-67,0.000000,7,8
1,11.000000,13.051000,0.185000,-67,0.000000,7,8
1,11.000000,13.038000,0.201000,-67,0.000000,7,8
1,11.000000,12.701000,0.381000,-68,0.000000,7,8
1,11.000000,12.501000,0.409000,-68,0.000000,7,8
1,11.000000,12.513000,0.277000,-68,0.000000,7,8
1,11.000000,12.771000,0.238000,-69,0.000000,7,8
1,11.000000,12.588000,0.334000,-66,0.000000,7,8
1,11.000000,12.654000,0.252000,-68,0.000000,7,8
1,11.000000,12.483000,0.289000,-68,0.000000,7,8
1,11.000000,12.281000,0.101000,-69,0.000000,7,8
1,11.000000,12.185000,0.307000,-69,0.000000,7,8
1,11.000000,12.613000,0.143000,-70,0.000000,7,8
1,11.000000,12.498000,0.394000,-68,0.000000,7,8
1,11.000000,11.838000,0.627000,-67,0.000000,7,8
1,11.000000,11.960000,0.418000,-66,0.000000,7,8
1,11.000000,11.876000,0.474000,-65,0.000000,7,8
1,11.000000,12.904000,0.240000,-66,0.000000,7,8
1,11.000000,12.729000,0.429000,-66,0.000000,7,8
1,11.000000,12.079000,0.237000,-67,0.000000,7,8
1,11.000000,11.960000,0.425000,-67,0.000000,7,8
1,11.000000,12.448000,0.486000,-67,0.000000,7,8
1,11.000000,11.094000,1.002000,-65,0.000000,7,8
1,11.000000,11.563000,0.783000,-65,0.000000,7,8
1,11.000000,12.345000,0.414000,-66,0.000000,7,8
1,11.000000,13.104000,0.217000,-66,0.000000,7,8
1,11.000000,12.717000,0.218000,-66,0.000000,7,8
1,11.000000,12.654000,0.121000,-66,0.000000,7,8
1,11.000000,11.832000,0.140000,-65,0.000000,7,8
1,11.000000,11.829000,0.160000,-66,0.000000,7,8
1,11.000000,12.450000,0.257000,-67,0.000000,7,8
1,11.000000,12.776000,0.481000,-68,0.000000,7,8
1,11.000000,12.773000,0.251000,-67,0.000000,7,8
1,11.000000,12.576000,0.096000,-66,0.000000,7,8
1,11.000000,12.582000,0.106000,-66,0.000000,7,8
1,11.000000,12.616000,0.144000,-67,0.000000,7,8
1,11.000000,12.804000,0.084000,-69,0.000000,7,8
1,11.000000,12.598000,0.160000,-68,0.000000,7,8
1,11.000000,12.159000,0.229000,-68,0.000000,7,8
1,11.000000,12.682000,0.228000,-67,0.000000,7,8
1,11.000000,12.748000,0.277000,-69,0.000000,7,8
1,11.000000,12.743000,0.185000,-70,0.000000,7,8
1,11.000000,12.689000,0.246000,-69,0.000000,7,8
1,11.000000,13.132000,0.343000,-68,0.000000,7,8
1,11.000000,13.092000,0.404000,-69,0.000000,7,8
1,11.000000,13.188000,0.182000,-68,0.000000,7,8
1,11.000000,13.129000,0.131000,-65,0.000000,7,8
1,11.000000,13.249000,0.177000,-66,0.000000,7,8
1,11.000000,13.118000,0.215000,-65,0.000000,7,8
1,11.000000,12.771000,0.213000,-65,0.000000,7,8
1,11.000000,11.210000,0.342000,-66,0.000000,7,8
1,11.000000,11.688000,0.272000,-65,0.000000,7,8
1,11.000000,11.719000,0.334000,-65,0.000000,7,8
1,11.000000,11.491000,0.204000,-66,0.000000,7,8
1,11.000000,11.563000,0.155000,-66,0.000000,7,8
1,11.000000,11.451000,0.168000,-66,0.000000,7,8
1,11.000000,11.489000,0.186000,-65,0.000000,7,8
1,11.000000,11.777000,0.193000,-65,0.000000,7,8
1,11.000000,12.005000,0.171000,-66,0.000000,7,8
1,11.000000,11.714000,0.259000,-66,0.000000,7,8
1,11.000000,11.810000,0.391000,-66,0.000000,7,8
1,11.000000,11.754000,0.295000,-66,0.000000,7,8
1,11.000000,11.566000,0.495000,-65,0.000000,7,8
1,11.000000,11.676000,0.515000,-65,0.000000,7,8
1,11.000000,12.110000,0.312000,-66,0.000000,7,8
1,11.000000,11.904000,0.522000,-67,0.000000,7,8
1,11.000000,12.023000,0.424000,-65,0.000000,7,8
1,11.000000,11.757000,0.387000,-65,0.000000,7,8
1,11.000000,11.444000,0.492000,-65,0.000000,7,8
1,11.000000,11.404000,0.575000,-65,0.000000,7,8
1,11.000000,11.413000,0.811000,-65,0.000000,7,8
1,11.000000,12.148000,0.827000,-67,0.000000,7,8
1,11.000000,12.035000,0.590000,-68,0.000000,7,8
1,11.000000,12.507000,0.387000,-66,0.000000,7,8
1,11.000000,12.185000,0.428000,-67,0.000000,7,8
1,11.000000,11.766000,0.495000,-66,0.000000,7,8
1,11.000000,11.644000,0.434000,-65,0.000000,7,8
1,11.000000,11.873000,0.348000,-64,0.000000,7,8
1,11.000000,11.332000,0.625000,-65,0.000000,7,8
1,11.000000,11.644000,0.567000,-65,0.000000,7,8
1,11.000000,11.482000,0.354000,-64,0.000000,7,8
1,11.000000,11.488000,0.418000,-66,0.000000,7,8
1,11.000000,11.335000,0.370000,-64,0.000000,7,8
1,11.000000,11.601000,0.317000,-62,0.000000,7,8
1,11.000000,11.094000,0.485000,-63,0.000000,7,8
1,11.000000,11.091000,0.593000,-66,0.000000,7,8
1,11.000000,11.523000,0.386000,-63,0.000000,7,8
1,11.000000,12.304000,0.165000,-63,0.000000,7,8
1,11.000000,11.132000,0.658000,-63,0.000000,7,8
1,11.000000,10.866000,0.386000,-60,0.000000,7,8
1,11.000000,11.526000,0.242000,-62,0.000000,7,8
1,11.000000,11.637000,0.122000,-61,0.000000,7,8
1,11.000000,11.876000,0.216000,-62,0.000000,7,8
1,11.000000,11.413000,0.362000,-61,0.000000,7,8
1,11.000000,11.757000,0.270000,-63,0.000000,7,8
1,11.000000,11.873000,0.306000,-63,0.000000,7,8
1,11.000000,12.035000,0.438000,-63,0.000000,7,8
1,11.000000,11.366000,0.626000,-63,0.000000,7,8
1,11.000000,11.523000,0.316000,-63,0.000000,7,8
1,11.000000,11.326000,0.435000,-63,0.000000,7,8
1,11.000000,11.794000,0.226000,-64,0.000000,7,8
1,11.000000,12.157000,0.407000,-65,0.000000,7,8
1,11.000000,12.819000,0.328000,-66,0.000000,7,8
1,11.000000,13.270000,0.199000,-66,0.000000,7,8
1,11.000000,12.839000,0.370000,-66,0.000000,7,8
1,11.000000,12.661000,0.364000,-67,0.000000,7,8
1,11.000000,13.488000,0.374000,-66,0.000000,7,8
1,11.000000,12.459000,0.828000,-64,0.000000,7,8
1,11.000000,12.426000,0.382000,-67,0.000000,7,8
1,11.000000,12.516000,0.348000,-65,0.000000,7,8
1,11.000000,12.144000,0.259000,-67,0.000000,7,8
1,11.000000,12.075000,0.408000,-68,0.000000,7,8
1,11.000000,12.009000,0.801000,-68,0.000000,7,8
1,11.000000,12.947000,0.198000,-64,0.000000,7,8
1,11.000000,12.370000,0.267000,-64,0.000000,7,8
1,11.000000,12.370000,0.431000,-66,0.000000,7,8
1,11.000000,12.701000,0.695000,-69,0.000000,7,8
1,11.000000,12.508000,0.304000,-66,0.000000,7,8
1,11.000000,13.073000,0.085000,-64,0.000000,7,8
1,11.000000,13.183000,0.256000,-65,0.000000,7,8
1,11.000000,12.976000,0.331000,-66,0.000000,7,8
1,11.000000,12.941000,0.343000,-67,0.000000,7,8
1,11.000000,13.270000,0.260000,-65,0.000000,7,8
1,11.000000,12.455000,0.514000,-67,0.000000,7,8
1,11.000000,12.455000,0.346000,-69,0.000000,7,8
1,11.000000,12.551000,0.308000,-68,0.000000,7,8
1,11.000000,12.666000,0.333000,-68,0.000000,7,8
1,11.000000,12.854000,0.147000,-65,0.000000,7,8
1,11.000000,12.567000,0.441000,-66,0.000000,7,8
1,11.000000,12.068000,0.611000,-65,0.000000,7,8
1,11.000000,12.405000,0.742000,-64,0.000000,7,8
1,11.000000,12.801000,0.419000,-67,0.000000,7,8
1,11.000000,12.682000,0.410000,-68,0.000000,7,8
1,11.000000,12.513000,0.642000,-65,0.000000,7,8
1,11.000000,12.340000,0.483000,-67,0.000000,7,8
1,11.000000,12.544000,0.293000,-67,0.000000,7,8
1,11.000000,12.663000,0.300000,-67,0.000000,7,8
1,11.000000,13.064000,0.229000,-67,0.000000,7,8
1,11.000000,12.867000,0.331000,-66,0.000000,7,8
1,11.000000,13.017000,0.087000,-67,0.000000,7,8
1,11.000000,12.804000,0.502000,-67,0.000000,7,8
1,11.000000,12.806000,0.428000,-65,0.000000,7,8
1,11.000000,12.806000,0.417000,-66,0.000000,7,8
1,11.000000,12.748000,0.358000,-67,0.000000,7,8
1,11.000000,12.891000,0.316000,-67,0.000000,7,8
1,11.000000,12.862000,0.318000,-67,0.000000,7,8
1,11.000000,12.691000,0.327000,-67,0.000000,7,8
1,11.000000,12.769000,0.248000,-67,0.000000,7,8
1,11.000000,12.841000,0.337000,-66,0.000000,7,8
1,11.000000,12.750000,0.323000,-66,0.000000,7,8
1,11.000000,12.801000,0.384000,-66,0.000000,7,8
1,11.000000,12.914000,0.313000,-67,0.000000,7,8
1,11.000000,12.914000,0.139000,-68,0.000000,7,8
1,11.000000,12.984000,0.128000,-68,0.000000,7,8
1,11.000000,12.623000,0.407000,-65,0.000000,7,8
1,11.000000,12.745000,0.303000,-66,0.000000,7,8
1,11.000000,12.574000,0.451000,-66,0.000000,7,8
1,11.000000,12.598000,0.608000,-66,0.000000,7,8
1,11.000000,12.687000,0.253000,-68,0.000000,7,8
1,11.000000,12.780000,0.266000,-67,0.000000,7,8
1,11.000000,12.830000,0.291000,-67,0.000000,7,8
1,11.000000,12.958000,0.132000,-67,0.000000,7,8
1,11.000000,12.684000,0.298000,-67,0.000000,7,8
1,11.000000,12.808000,0.298000,-67,0.000000,7,8
1,11.000000,12.691000,0.351000,-67,0.000000,7,8
1,11.000000,12.684000,0.303000,-67,0.000000,7,8
1,11.000000,12.691000,0.322000,-66,0.000000,7,8
1,11.000000,12.569000,0.271000,-66,0.000000,7,8
1,11.000000,12.600000,0.268000,-66,0.000000,7,8
1,11.000000,12.600000,0.428000,-67,0.000000,7,8
1,11.000000,12.513000,0.369000,-67,0.000000,7,8
1,11.000000,12.377000,0.381000,-68,0.000000,7,8
1,11.000000,12.394000,0.332000,-67,0.000000,7,8
1,11.000000,12.508000,0.360000,-67,0.000000,7,8
1,11.000000,12.511000,0.289000,-67,0.000000,7,8
1,11.000000,12.598000,0.220000,-67,0.000000,7,8
1,11.000000,12.572000,0.233000,-66,0.000000,7,8
1,11.000000,12.717000,0.333000,-67,0.000000,7,8
1,11.000000,12.752000,0.222000,-66,0.000000,7,8
1,11.000000,12.651000,0.357000,-67,0.000000,7,8
1,11.000000,12.642000,0.313000,-67,0.000000,7,8
1,11.000000,12.602000,0.295000,-67,0.000000,7,8
1,11.000000,12.630000,0.406000,-67,0.000000,7,8
1,11.000000,12.569000,0.270000,-67,0.000000,7,8
1,11.000000,12.666000,0.235000,-67,0.000000,7,8
1,11.000000,12.628000,0.373000,-67,0.000000,7,8
1,11.000000,12.801000,0.257000,-67,0.000000,7,8
1,11.000000,12.773000,0.226000,-67,0.000000,7,8
1,11.000000,12.743000,0.211000,-66,0.000000,7,8
1,11.000000,12.748000,0.300000,-67,0.000000,7,8
1,11.000000,12.689000,0.377000,-66,0.000000,7,8
1,11.000000,12.710000,0.312000,-67,0.000000,7,8
1,11.000000,12.741000,0.248000,-67,0.000000,7,8
1,11.000000,12.684000,0.372000,-67,0.000000,7,8
1,11.000000,12.783000,0.165000,-66,0.000000,7,8
1,11.000000,12.656000,0.237000,-67,0.000000,7,8
1,11.000000,12.684000,0.409000,-67,0.000000,7,8
1,11.000000,12.694000,0.265000,-68,0.000000,7,8
1,11.000000,12.654000,0.229000,-68,0.000000,7,8
1,11.000000,12.633000,0.414000,-68,0.000000,7,8
1,11.000000,12.598000,0.355000,-68,0.000000,7,8
1,11.000000,12.808000,0.171000,-67,0.000000,7,8
1,11.000000,12.773000,0.347000,-68,0.000000,7,8
1,11.000000,12.689000,0.259000,-67,0.000000,7,8
1,11.000000,12.694000,0.228000,-67,0.000000,7,8
1,11.000000,12.752000,0.184000,-67,0.000000,7,8
1,11.000000,12.900000,0.132000,-66,0.000000,7,8
1,11.000000,12.691000,0.349000,-66,0.000000,7,8
1,11.000000,12.722000,0.397000,-67,0.000000,7,8
1,11.000000,12.801000,0.410000,-67,0.000000,7,8
1,11.000000,12.743000,0.391000,-67,0.000000,7,8
1,11.000000,12.921000,0.139000,-66,0.000000,7,8
1,11.000000,12.771000,0.273000,-66,0.000000,7,8
1,11.000000,13.010000,0.087000,-66,0.000000,7,8
1,11.000000,12.895000,0.208000,-66,0.000000,7,8
1,11.000000,12.951000,0.141000,-66,0.000000,7,8
1,11.000000,12.919000,0.361000,-66,0.000000,7,8
1,11.000000,12.944000,0.178000,-66,0.000000,7,8
1,11.000000,13.041000,0.181000,-66,0.000000,7,8
1,11.000000,12.949000,0.092000,-65,0.000000,7,8
1,11.000000,13.010000,0.135000,-65,0.000000,7,8
1,11.000000,12.860000,0.341000,-66,0.000000,7,8
1,11.000000,12.893000,0.187000,-66,0.000000,7,8
1,11.000000,12.982000,0.196000,-65,0.000000,7,8
1,11.000000,12.778000,0.316000,-66,0.000000,7,8
1,11.000000,12.916000,0.131000,-65,0.000000,7,8
1,11.000000,13.003000,0.170000,-66,0.000000,7,8
1,11.000000,12.865000,0.215000,-66,0.000000,7,8
1,11.000000,12.888000,0.159000,-65,0.000000,7,8
1,11.000000,12.949000,0.279000,-66,0.000000,7,8
1,11.000000,12.916000,0.214000,-66,0.000000,7,8
1,11.000000,12.944000,0.128000,-65,0.000000,7,8
1,11.000000,12.984000,0.220000,-66,0.000000,7,8
1,11.000000,12.926000,0.081000,-66,0.000000,7,8
1,11.000000,12.926000,0.148000,-66,0.000000,7,8
1,11.000000,12.834000,0.169000,-66,0.000000,7,8
1,11.000000,12.860000,0.165000,-66,0.000000,7,8
1,11.000000,12.951000,0.249000,-66,0.000000,7,8
1,11.000000,12.865000,0.325000,-66,0.000000,7,8
1,11.000000,12.898000,0.260000,-66,0.000000,7,8
1,11.000000,12.860000,0.326000,-66,0.000000,7,8
1,11.000000,12.921000,0.240000,-67,0.000000,7,8
1,11.000000,12.804000,0.139000,-66,0.000000,7,8
1,11.000000,12.895000,0.158000,-66,0.000000,7,8
1,11.000000,12.862000,0.126000,-66,0.000000,7,8
1,11.000000,12.837000,0.330000,-67,0.000000,7,8
1,11.000000,12.916000,0.206000,-67,0.000000,7,8
1,11.000000,12.944000,0.223000,-67,0.000000,7,8
1,11.000000,12.776000,0.215000,-67,0.000000,7,8
1,11.000000,12.834000,0.291000,-67,0.000000,7,8
1,11.000000,12.860000,0.178000,-67,0.000000,7,8
1,11.000000,12.832000,0.159000,-67,0.000000,7,8
1,11.000000,12.923000,0.163000,-67,0.000000,7,8
1,11.000000,12.867000,0.151000,-66,0.000000,7,8
1,11.000000,12.928000,0.113000,-66,0.000000,7,8
1,11.000000,12.780000,0.151000,-66,0.000000,7,8
1,11.000000,12.926000,0.267000,-66,0.000000,7,8
1,11.000000,12.969000,0.135000,-66,0.000000,7,8
1,11.000000,12.837000,0.165000,-66,0.000000,7,8
1,11.000000,12.947000,0.186000,-66,0.000000,7,8
1,11.000000,13.066000,0.116000,-66,0.000000,7,8
1,11.000000,12.813000,0.177000,-65,0.000000,7,8
1,11.000000,13.043000,0.294000,-65,0.000000,7,8
1,11.000000,12.951000,0.241000,-65,0.000000,7,8
1,11.000000,12.932000,0.198000,-65,0.000000,7,8
1,11.000000,12.919000,0.231000,-65,0.000000,7,8
1,11.000000,12.976000,0.132000,-66,0.000000,7,8
1,11.000000,13.016000,0.136000,-65,0.000000,7,8
1,11.000000,12.966000,0.082000,-65,0.000000,7,8
1,11.000000,12.888000,0.141000,-65,0.000000,7,8
1,11.000000,13.008000,0.232000,-66,0.000000,7,8
1,11.000000,12.923000,0.248000,-66,0.000000,7,8
1,11.000000,12.862000,0.136000,-66,0.000000,7,8
1,11.000000,12.932000,0.104000,-66,0.000000,7,8
1,11.000000,12.958000,0.216000,-66,0.000000,7,8
1,11.000000,12.987000,0.168000,-66,0.000000,7,8
1,11.000000,12.919000,0.361000,-66,0.000000,7,8
1,11.000000,12.839000,0.159000,-66,0.000000,7,8
1,11.000000,12.801000,0.334000,-67,0.000000,7,8
1,11.000000,12.780000,0.322000,-67,0.000000,7,8
1,11.000000,12.916000,0.167000,-67,0.000000,7,8
1,11.000000,12.811000,0.247000,-66,0.000000,7,8
1,11.000000,12.750000,0.364000,-66,0.000000,7,8
1,11.000000,12.806000,0.281000,-66,0.000000,7,8
1,11.000000,12.888000,0.276000,-66,0.000000,7,8
1,11.000000,12.888000,0.317000,-66,0.000000,7,8
1,11.000000,12.776000,0.406000,-66,0.000000,7,8
1,11.000000,12.717000,0.317000,-66,0.000000,7,8
1,11.000000,12.858000,0.322000,-66,0.000000,7,8
1,11.000000,12.832000,0.273000,-66,0.000000,7,8
1,11.000000,12.895000,0.312000,-66,0.000000,7,8
1,11.000000,12.773000,0.495000,-66,0.000000,7,8
1,11.000000,12.839000,0.297000,-66,0.000000,7,8
1,11.000000,12.841000,0.345000,-66,0.000000,7,8
1,11.000000,12.752000,0.297000,-66,0.000000,7,8
1,11.000000,12.895000,0.333000,-66,0.000000,7,8
1,11.000000,12.834000,0.348000,-66,0.000000,7,8
1,11.000000,12.663000,0.423000,-68,0.000000,7,8
1,11.000000,12.830000,0.294000,-68,0.000000,7,8
1,11.000000,12.832000,0.300000,-66,0.000000,7,8
1,11.000000,13.015000,0.094000,-65,0.000000,7,8
1,11.000000,13.017000,0.153000,-66,0.000000,7,8
1,11.000000,12.951000,0.205000,-66,0.000000,7,8
1,11.000000,12.895000,0.271000,-67,0.000000,7,8
1,11.000000,13.017000,0.333000,-66,0.000000,7,8
1,11.000000,13.158000,0.145000,-66,0.000000,7,8
1,11.000000,13.078000,0.259000,-66,0.000000,7,8
1,11.000000,12.930000,0.366000,-67,0.000000,7,8
1,11.000000,13.188000,0.160000,-68,0.000000,7,8
1,11.000000,13.069000,0.177000,-67,0.000000,7,8
1,11.000000,13.064000,0.364000,-66,0.000000,7,8
1,11.000000,12.921000,0.437000,-67,0.000000,7,8
1,11.000000,13.017000,0.282000,-68,0.000000,7,8
1,11.000000,12.867000,0.246000,-67,0.000000,7,8
1,11.000000,12.923000,0.202000,-67,0.000000,7,8
1,11.000000,12.869000,0.346000,-68,0.000000,7,8
1,11.000000,12.691000,0.502000,-68,0.000000,7,8
1,11.000000,12.717000,0.408000,-68,0.000000,7,8
1,11.000000,12.687000,0.462000,-68,0.000000,7,8
1,11.000000,12.541000,0.603000,-67,0.000000,7,8
1,11.000000,12.637000,0.618000,-67,0.000000,7,8
1,11.000000,12.780000,0.493000,-67,0.000000,7,8
1,11.000000,12.895000,0.373000,-67,0.000000,7,8
1,11.000000,12.923000,0.417000,-69,0.000000,7,8
1,11.000000,12.743000,0.397000,-68,0.000000,7,8
1,11.000000,13.155000,0.211000,-67,0.000000,7,8
1,11.000000,13.130000,0.077000,-66,0.000000,7,8
1,11.000000,12.891000,0.256000,-67,0.000000,7,8
1,11.000000,13.097000,0.270000,-67,0.000000,7,8
1,11.000000,12.895000,0.345000,-66,0.000000,7,8
1,11.000000,13.101000,0.131000,-66,0.000000,7,8
1,11.000000,13.073000,0.166000,-66,0.000000,7,8
1,11.000000,13.099000,0.118000,-66,0.000000,7,8
1,11.000000,13.041000,0.199000,-66,0.000000,7,8
1,11.000000,12.932000,0.078000,-67,0.000000,7,8
1,11.000000,13.048000,0.114000,-67,0.000000,7,8
1,11.000000,12.923000,0.150000,-67,0.000000,7,8
1,11.000000,12.958000,0.151000,-67,0.000000,7,8
1,11.000000,12.832000,0.322000,-67,0.000000,7,8
1,11.000000,12.717000,0.386000,-67,0.000000,7,8
1,11.000000,12.717000,0.294000,-66,0.000000,7,8
1,11.000000,12.783000,0.244000,-66,0.000000,7,8
1,11.000000,12.691000,0.291000,-66,0.000000,7,8
1,11.000000,12.743000,0.461000,-66,0.000000,7,8
1,11.000000,12.684000,0.391000,-66,0.000000,7,8
1,11.000000,12.654000,0.413000,-66,0.000000,7,8
1,11.000000,12.666000,0.407000,-66,0.000000,7,8
1,11.000000,12.541000,0.291000,-66,0.000000,7,8
1,11.000000,12.539000,0.363000,-66,0.000000,7,8
1,11.000000,12.684000,0.524000,-66,0.000000,7,8
1,11.000000,12.607000,0.377000,-66,0.000000,7,8
1,11.000000,12.691000,0.354000,-66,0.000000,7,8
1,11.000000,12.755000,0.464000,-66,0.000000,7,8
1,11.000000,12.839000,0.199000,-65,0.000000,7,8
1,11.000000,12.869000,0.316000,-65,0.000000,7,8
1,11.000000,12.933000,0.365000,-65,0.000000,7,8
1,11.000000,12.811000,0.360000,-65,0.000000,7,8
1,11.000000,12.804000,0.246000,-65,0.000000,7,8
1,11.000000,12.778000,0.295000,-65,0.000000,7,8
1,11.000000,12.801000,0.291000,-65,0.000000,7,8
1,11.000000,12.778000,0.439000,-66,0.000000,7,8
1,11.000000,12.801000,0.273000,-65,0.000000,7,8
1,11.000000,12.951000,0.355000,-66,0.000000,7,8
1,11.000000,12.893000,0.294000,-65,0.000000,7,8
1,11.000000,12.830000,0.228000,-65,0.000000,7,8
1,11.000000,12.804000,0.249000,-65,0.000000,7,8
1,11.000000,12.886000,0.319000,-65,0.000000,7,8
1,11.000000,12.837000,0.301000,-66,0.000000,7,8
1,11.000000,12.717000,0.430000,-66,0.000000,7,8
1,11.000000,12.722000,0.465000,-66,0.000000,7,8
1,11.000000,12.602000,0.468000,-66,0.000000,7,8
1,11.000000,12.780000,0.270000,-66,0.000000,7,8
1,11.000000,12.776000,0.325000,-67,0.000000,7,8
1,11.000000,12.776000,0.288000,-67,0.000000,7,8
1,11.000000,12.722000,0.247000,-66,0.000000,7,8
1,11.000000,12.806000,0.319000,-67,0.000000,7,8
1,11.000000,12.860000,0.325000,-66,0.000000,7,8
1,11.000000,12.832000,0.187000,-66,0.000000,7,8
1,11.000000,12.778000,0.367000,-67,0.000000,7,8
1,11.000000,12.895000,0.352000,-67,0.000000,7,8
1,11.000000,12.654000,0.271000,-67,0.000000,7,8
1,11.000000,12.773000,0.449000,-68,0.000000,7,8
1,11.000000,12.492000,0.602000,-68,0.000000,7,8
1,11.000000,12.572000,0.425000,-67,0.000000,7,8
1,11.000000,12.607000,0.483000,-67,0.000000,7,8
1,11.000000,12.600000,0.555000,-66,0.000000,7,8
1,11.000000,12.576000,0.464000,-65,0.000000,7,8
1,11.000000,12.666000,0.507000,-65,0.000000,7,8
1,11.000000,12.572000,0.498000,-66,0.000000,7,8
1,11.000000,12.687000,0.364000,-67,0.000000,7,8
1,11.000000,12.651000,0.286000,-67,0.000000,7,8
1,11.000000,12.668000,0.313000,-66,0.000000,7,8
1,11.000000,12.827000,0.269000,-66,0.000000,7,8
1,11.000000,12.841000,0.263000,-66,0.000000,7,8
1,11.000000,12.724000,0.264000,-65,0.000000,7,8
1,11.000000,12.750000,0.494000,-66,0.000000,7,8
1,11.000000,12.569000,0.508000,-67,0.000000,7,8
1,11.000000,12.569000,0.544000,-66,0.000000,7,8
1,11.000000,12.567000,0.575000,-66,0.000000,7,8
1,11.000000,12.424000,0.782000,-66,0.000000,7,8
1,11.000000,12.398000,0.630000,-64,0.000000,7,8
1,11.000000,12.246000,0.790000,-67,0.000000,7,8
1,11.000000,12.801000,0.965000,-67,0.000000,7,8
1,11.000000,13.563000,1.163000,-69,0.000000,7,8
1,11.000000,13.607000,0.899000,-68,0.000000,7,8
1,11.000000,12.923000,0.376000,-67,0.000000,7,8
1,11.000000,12.722000,0.379000,-68,0.000000,7,8
1,11.000000,12.748000,0.337000,-68,0.000000,7,8
1,11.000000,12.591000,0.402000,-67,0.000000,7,8
1,11.000000,12.307000,0.482000,-66,0.000000,7,8
1,11.000000,12.340000,0.767000,-65,0.000000,7,8
1,11.000000,12.220000,0.791000,-66,0.000000,7,8
1,11.000000,12.283000,0.804000,-67,0.000000,7,8
1,11.000000,12.801000,0.606000,-66,0.000000,7,8
1,11.000000,12.980000,0.425000,-66,0.000000,7,8
1,11.000000,13.038000,0.334000,-67,0.000000,7,8
1,11.000000,12.951000,0.319000,-66,0.000000,7,8
1,11.000000,12.951000,0.225000,-67,0.000000,7,8
1,11.000000,13.097000,0.188000,-67,0.000000,7,8
1,11.000000,13.097000,0.263000,-67,0.000000,7,8
1,11.000000,12.989000,0.182000,-67,0.000000,7,8
1,11.000000,12.862000,0.243000,-67,0.000000,7,8
1,11.000000,12.865000,0.276000,-67,0.000000,7,8
1,11.000000,12.687000,0.535000,-67,0.000000,7,8
1,11.000000,12.630000,0.437000,-66,0.000000,7,8
1,11.000000,12.684000,0.438000,-66,0.000000,7,8
1,11.000000,12.893000,0.432000,-66,0.000000,7,8
1,11.000000,12.750000,0.516000,-66,0.000000,7,8
1,11.000000,12.710000,0.435000,-66,0.000000,7,8
1,11.000000,12.783000,0.404000,-66,0.000000,7,8
1,11.000000,12.722000,0.452000,-66,0.000000,7,8
1,11.000000,12.895000,0.377000,-66,0.000000,7,8
1,11.000000,12.811000,0.351000,-66,0.000000,7,8
1,11.000000,12.776000,0.407000,-66,0.000000,7,8
1,11.000000,12.858000,0.401000,-65,0.000000,7,8
1,11.000000,12.832000,0.466000,-66,0.000000,7,8
1,11.000000,12.804000,0.476000,-66,0.000000,7,8
1,11.000000,12.804000,0.444000,-66,0.000000,7,8
1,11.000000,12.813000,0.439000,-65,0.000000,7,8
1,11.000000,12.684000,0.531000,-65,0.000000,7,8
1,11.000000,12.804000,0.351000,-65,0.000000,7,8
1,11.000000,12.837000,0.350000,-65,0.000000,7,8
1,11.000000,12.834000,0.439000,-66,0.000000,7,8
1,11.000000,12.783000,0.436000,-65,0.000000,7,8
1,11.000000,12.724000,0.354000,-65,0.000000,7,8
1,11.000000,12.804000,0.432000,-66,0.000000,7,8
1,11.000000,12.750000,0.549000,-66,0.000000,7,8
1,11.000000,12.888000,0.283000,-66,0.000000,7,8
1,11.000000,12.839000,0.438000,-66,0.000000,7,8
1,11.000000,12.776000,0.395000,-66,0.000000,7,8
1,11.000000,12.834000,0.289000,-65,0.000000,7,8
1,11.000000,12.804000,0.377000,-65,0.000000,7,8
1,11.000000,12.862000,0.390000,-65,0.000000,7,8
1,11.000000,12.855000,0.336000,-65,0.000000,7,8
1,11.000000,12.886000,0.298000,-65,0.000000,7,8
1,11.000000,12.872000,0.388000,-65,0.000000,7,8
1,11.000000,12.862000,0.425000,-66,0.000000,7,8
1,11.000000,12.748000,0.448000,-66,0.000000,7,8
1,11.000000,12.778000,0.479000,-66,0.000000,7,8
1,11.000000,12.839000,0.368000,-66,0.000000,7,8
1,11.000000,12.860000,0.401000,-66,0.000000,7,8
1,11.000000,12.745000,0.423000,-66,0.000000,7,8
1,11.000000,12.724000,0.362000,-65,0.000000,7,8
1,11.000000,12.837000,0.455000,-65,0.000000,7,8
1,11.000000,12.832000,0.290000,-65,0.000000,7,8
1,11.000000,12.715000,0.375000,-65,0.000000,7,8
1,11.000000,12.872000,0.475000,-66,0.000000,7,8
1,11.000000,12.722000,0.305000,-66,0.000000,7,8
1,11.000000,12.862000,0.471000,-65,0.000000,7,8
1,11.000000,12.783000,0.477000,-66,0.000000,7,8
1,11.000000,12.780000,0.475000,-66,0.000000,7,8
1,11.000000,12.804000,0.393000,-66,0.000000,7,8
1,11.000000,12.804000,0.470000,-66,0.000000,7,8
1,11.000000,12.719000,0.336000,-66,0.000000,7,8
1,11.000000,12.776000,0.336000,-66,0.000000,7,8
1,11.000000,12.748000,0.435000,-66,0.000000,7,8
1,11.000000,12.755000,0.398000,-66,0.000000,7,8
1,11.000000,12.801000,0.318000,-66,0.000000,7,8
1,11.000000,12.806000,0.413000,-66,0.000000,7,8
1,11.000000,12.898000,0.408000,-66,0.000000,7,8
1,11.000000,12.860000,0.292000,-66,0.000000,7,8
1,11.000000,12.666000,0.353000,-66,0.000000,7,8
1,11.000000,12.748000,0.463000,-66,0.000000,7,8
1,11.000000,12.839000,0.297000,-66,0.000000,7,8
1,11.000000,12.888000,0.330000,-66,0.000000,7,8
1,11.000000,12.811000,0.422000,-66,0.000000,7,8
1,11.000000,12.743000,0.425000,-66,0.000000,7,8
1,11.000000,12.888000,0.306000,-66,0.000000,7,8
1,11.000000,12.804000,0.501000,-66,0.000000,7,8
1,11.000000,12.783000,0.358000,-66,0.000000,7,8
1,11.000000,12.750000,0.306000,-66,0.000000,7,8
1,11.000000,12.841000,0.446000,-66,0.000000,7,8
1,11.000000,12.689000,0.394000,-67,0.000000,7,8
1,11.000000,12.900000,0.234000,-67,0.000000,7,8
1,11.000000,12.895000,0.225000,-67,0.000000,7,8
1,11.000000,12.926000,0.213000,-67,0.000000,7,8
1,11.000000,12.832000,0.260000,-68,0.000000,7,8
1,11.000000,12.518000,0.433000,-68,0.000000,7,8
1,11.000000,12.951000,0.221000,-68,0.000000,7,8
1,11.000000,12.893000,0.370000,-67,0.000000,7,8
1,11.000000,13.101000,0.299000,-67,0.000000,7,8
1,11.000000,12.886000,0.475000,-67,0.000000,7,8
1,11.000000,12.537000,0.503000,-67,0.000000,7,8
1,11.000000,12.546000,0.480000,-67,0.000000,7,8
1,11.000000,12.574000,0.535000,-67,0.000000,7,8
1,11.000000,12.670000,0.419000,-67,0.000000,7,8
1,11.000000,12.694000,0.350000,-67,0.000000,7,8
1,11.000000,12.661000,0.433000,-67,0.000000,7,8
1,11.000000,13.099000,0.230000,-68,0.000000,7,8
1,11.000000,12.426000,0.512000,-68,0.000000,7,8
1,11.000000,12.834000,0.320000,-66,0.000000,7,8
1,11.000000,12.424000,0.602000,-67,0.000000,7,8
1,11.000000,12.373000,0.576000,-66,0.000000,7,8
1,11.000000,12.340000,0.529000,-66,0.000000,7,8
1,11.000000,12.551000,0.479000,-66,0.000000,7,8
1,11.000000,12.663000,0.507000,-67,0.000000,7,8
1,11.000000,12.726000,0.377000,-68,0.000000,7,8
1,11.000000,12.511000,0.564000,-67,0.000000,7,8
1,11.000000,12.607000,0.395000,-68,0.000000,7,8
1,11.000000,12.628000,0.378000,-67,0.000000,7,8
1,11.000000,12.602000,0.429000,-66,0.000000,7,8
1,11.000000,12.694000,0.463000,-65,0.000000,7,8
1,11.000000,12.923000,0.452000,-66,0.000000,7,8
1,11.000000,12.916000,0.307000,-66,0.000000,7,8
1,11.000000,12.888000,0.492000,-66,0.000000,7,8
1,11.000000,12.839000,0.518000,-66,0.000000,7,8
1,11.000000,12.888000,0.277000,-66,0.000000,7,8
1,11.000000,12.951000,0.171000,-66,0.000000,7,8
1,11.000000,12.989000,0.113000,-66,0.000000,7,8
1,11.000000,12.979000,0.120000,-65,0.000000,7,8
1,11.000000,12.977000,0.184000,-65,0.000000,7,8
1,11.000000,13.066000,0.294000,-65,0.000000,7,8
1,11.000000,13.033000,0.134000,-65,0.000000,7,8
1,11.000000,12.923000,0.118000,-64,0.000000,7,8
1,11.000000,13.010000,0.148000,-65,0.000000,7,8
1,11.000000,13.166000,0.064000,-65,0.000000,7,8
1,11.000000,13.153000,0.056000,-65,0.000000,7,8
1,11.000000,12.929000,0.172000,-65,0.000000,7,8
1,11.000000,13.123000,0.194000,-65,0.000000,7,8
1,11.000000,12.941000,0.273000,-65,0.000000,7,8
1,11.000000,13.016000,0.195000,-65,0.000000,7,8
1,11.000000,13.054000,0.141000,-65,0.000000,7,8
1,11.000000,13.219000,0.230000,-65,0.000000,7,8
1,11.000000,12.894000,0.219000,-65,0.000000,7,8
1,11.000000,12.938000,0.283000,-65,0.000000,7,8
1,11.000000,12.935000,0.204000,-65,0.000000,7,8
1,11.000000,12.891000,0.177000,-65,0.000000,7,8
1,11.000000,12.898000,0.228000,-65,0.000000,7,8
1,11.000000,13.054000,0.216000,-65,0.000000,7,8
1,11.000000,12.973000,0.207000,-65,0.000000,7,8
1,11.000000,12.929000,0.145000,-65,0.000000,7,8
1,11.000000,12.929000,0.205000,-65,0.000000,7,8
1,11.000000,13.160000,0.224000,-66,0.000000,7,8
1,11.000000,13.054000,0.159000,-66,0.000000,7,8
1,11.000000,12.966000,0.147000,-66,0.000000,7,8
1,11.000000,13.101000,0.090000,-66,0.000000,7,8
1,11.000000,13.094000,0.198000,-66,0.000000,7,8
1,11.000000,13.004000,0.102000,-65,0.000000,7,8
1,11.000000,12.966000,0.199000,-66,0.000000,7,8
1,11.000000,13.060000,0.170000,-66,0.000000,7,8
1,11.000000,12.891000,0.125000,-66,0.000000,7,8
1,11.000000,13.041000,0.103000,-66,0.000000,7,8
1,11.000000,12.926000,0.162000,-65,0.000000,7,8
1,11.000000,13.041000,0.130000,-65,0.000000,7,8
1,11.000000,13.129000,0.155000,-66,0.000000,7,8
1,11.000000,12.854000,0.182000,-65,0.000000,7,8
1,11.000000,12.926000,0.192000,-65,0.000000,7,8
1,11.000000,12.904000,0.215000,-66,0.000000,7,8
1,11.000000,12.891000,0.179000,-66,0.000000,7,8
1,11.000000,13.153000,0.237000,-65,0.000000,7,8
1,11.000000,12.979000,0.166000,-65,0.000000,7,8
1,11.000000,13.069000,0.134000,-64,0.000000,7,8
1,11.000000,12.860000,0.213000,-65,0.000000,7,8
1,11.000000,12.984000,0.184000,-66,0.000000,7,8
1,11.000000,12.893000,0.236000,-67,0.000000,7,8
1,11.000000,12.865000,0.144000,-67,0.000000,7,8
1,11.000000,12.808000,0.219000,-67,0.000000,7,8
1,11.000000,13.031000,0.287000,-66,0.000000,7,8
1,11.000000,12.979000,0.142000,-66,0.000000,7,8
1,11.000000,13.129000,0.081000,-65,0.000000,7,8
1,11.000000,13.132000,0.177000,-66,0.000000,7,8
1,11.000000,13.048000,0.118000,-66,0.000000,7,8
1,11.000000,12.966000,0.123000,-66,0.000000,7,8
1,11.000000,13.097000,0.134000,-66,0.000000,7,8
1,11.000000,13.060000,0.165000,-66,0.000000,7,8
1,11.000000,13.079000,0.105000,-66,0.000000,7,8
1,11.000000,12.894000,0.084000,-66,0.000000,7,8
1,11.000000,12.854000,0.166000,-66,0.000000,7,8
1,11.000000,12.979000,0.126000,-67,0.000000,7,8
1,11.000000,12.951000,0.153000,-66,0.000000,7,8
1,11.000000,13.012000,0.202000,-67,0.000000,7,8
1,11.000000,13.126000,0.261000,-67,0.000000,7,8
1,11.000000,12.782000,0.170000,-68,0.000000,7,8
1,11.000000,12.804000,0.131000,-67,0.000000,7,8
1,11.000000,12.891000,0.127000,-67,0.000000,7,8
1,11.000000,12.987000,0.191000,-67,0.000000,7,8
1,11.000000,12.867000,0.143000,-67,0.000000,7,8
1,11.000000,12.951000,0.152000,-66,0.000000,7,8
1,11.000000,12.980000,0.208000,-66,0.000000,7,8
1,11.000000,12.901000,0.195000,-67,0.000000,7,8
1,11.000000,12.819000,0.188000,-67,0.000000,7,8
1,11.000000,13.125000,0.159000,-66,0.000000,7,8
1,11.000000,13.057000,0.206000,-66,0.000000,7,8
1,11.000000,12.894000,0.198000,-66,0.000000,7,8
1,11.000000,13.007000,0.173000,-66,0.000000,7,8
1,11.000000,13.048000,0.128000,-66,0.000000,7,8
1,11.000000,12.854000,0.124000,-66,0.000000,7,8
1,11.000000,12.819000,0.218000,-66,0.000000,7,8
1,11.000000,13.010000,0.180000,-66,0.000000,7,8
1,11.000000,12.888000,0.132000,-66,0.000000,7,8
1,11.000000,12.938000,0.194000,-66,0.000000,7,8
1,11.000000,13.091000,0.087000,-66,0.000000,7,8
1,11.000000,12.891000,0.144000,-66,0.000000,7,8
1,11.000000,12.932000,0.180000,-66,0.000000,7,8
1,11.000000,13.158000,0.163000,-66,0.000000,7,8
1,11.000000,12.979000,0.146000,-66,0.000000,7,8
1,11.000000,12.976000,0.177000,-66,0.000000,7,8
1,11.000000,13.012000,0.180000,-67,0.000000,7,8
1,11.000000,12.984000,0.111000,-67,0.000000,7,8
1,11.000000,12.811000,0.256000,-67,0.000000,7,8
1,11.000000,12.487000,0.512000,-67,0.000000,7,8
1,11.000000,12.605000,0.317000,-67,0.000000,7,8
1,11.000000,12.600000,0.373000,-67,0.000000,7,8
1,11.000000,12.218000,0.475000,-67,0.000000,7,8
1,11.000000,12.490000,0.365000,-67,0.000000,7,8
1,11.000000,12.276000,0.493000,-68,0.000000,7,8
1,11.000000,12.344000,0.478000,-68,0.000000,7,8
1,11.000000,12.337000,0.459000,-68,0.000000,7,8
1,11.000000,12.272000,0.405000,-68,0.000000,7,8
1,11.000000,12.389000,0.445000,-68,0.000000,7,8
1,11.000000,12.373000,0.405000,-68,0.000000,7,8
1,11.000000,12.422000,0.457000,-68,0.000000,7,8
1,11.000000,12.689000,0.479000,-68,0.000000,7,8
1,11.000000,12.717000,0.409000,-67,0.000000,7,8
1,11.000000,12.717000,0.342000,-67,0.000000,7,8
1,11.000000,12.804000,0.259000,-67,0.000000,7,8
1,11.000000,12.687000,0.233000,-67,0.000000,7,8
1,11.000000,12.691000,0.311000,-68,0.000000,7,8
1,11.000000,12.626000,0.243000,-67,0.000000,7,8
1,11.000000,12.633000,0.328000,-67,0.000000,7,8
1,11.000000,12.750000,0.225000,-66,0.000000,7,8
1,11.000000,12.595000,0.510000,-65,0.000000,7,8
1,11.000000,12.459000,0.521000,-65,0.000000,7,8
1,11.000000,12.490000,0.606000,-65,0.000000,7,8
1,11.000000,12.633000,0.616000,-64,0.000000,7,8
1,11.000000,12.666000,0.760000,-65,0.000000,7,8
1,11.000000,12.626000,0.676000,-65,0.000000,7,8
1,11.000000,12.717000,0.596000,-65,0.000000,7,8
1,11.000000,13.165000,0.253000,-65,0.000000,7,8
1,11.000000,12.595000,0.502000,-65,0.000000,7,8
1,11.000000,12.626000,0.351000,-65,0.000000,7,8
1,11.000000,12.569000,0.388000,-65,0.000000,7,8
1,11.000000,12.717000,0.489000,-66,0.000000,7,8
1,11.000000,13.015000,0.537000,-67,0.000000,7,8
1,11.000000,12.855000,0.514000,-66,0.000000,7,8
1,11.000000,12.717000,0.453000,-66,0.000000,7,8
1,11.000000,12.748000,0.269000,-65,0.000000,7,8
1,11.000000,12.783000,0.409000,-65,0.000000,7,8
1,11.000000,12.682000,0.341000,-64,0.000000,7,8
1,11.000000,12.719000,0.306000,-65,0.000000,7,8
1,11.000000,12.839000,0.265000,-65,0.000000,7,8
1,11.000000,12.921000,0.294000,-65,0.000000,7,8
1,11.000000,12.598000,0.356000,-66,0.000000,7,8
1,11.000000,13.181000,0.809000,-65,0.000000,7,8
1,11.000000,12.661000,0.724000,-65,0.000000,7,8
1,11.000000,12.630000,0.403000,-65,0.000000,7,8
1,11.000000,12.710000,0.274000,-64,0.000000,7,8
1,11.000000,12.581000,0.524000,-65,0.000000,7,8
1,11.000000,12.656000,0.453000,-65,0.000000,7,8
1,11.000000,12.923000,0.536000,-65,0.000000,7,8
1,11.000000,12.539000,0.410000,-66,0.000000,7,8
1,11.000000,13.051000,0.808000,-67,0.000000,7,8
1,11.000000,12.633000,0.262000,-66,0.000000,7,8
1,11.000000,12.691000,0.375000,-66,0.000000,7,8
1,11.000000,12.633000,0.463000,-65,0.000000,7,8
1,11.000000,12.576000,0.368000,-65,0.000000,7,8
1,11.000000,12.569000,0.483000,-65,0.000000,7,8
1,11.000000,12.576000,0.646000,-66,0.000000,7,8
1,11.000000,12.661000,0.587000,-65,0.000000,7,8
1,11.000000,12.485000,0.554000,-65,0.000000,7,8
1,11.000000,12.689000,0.523000,-65,0.000000,7,8
1,11.000000,12.609000,0.540000,-64,0.000000,7,8
1,11.000000,12.605000,0.460000,-64,0.000000,7,8
1,11.000000,12.691000,0.502000,-64,0.000000,7,8
1,11.000000,12.773000,0.400000,-65,0.000000,7,8
1,11.000000,12.717000,0.334000,-64,0.000000,7,8
1,11.000000,12.717000,0.369000,-64,0.000000,7,8
1,11.000000,12.729000,0.529000,-65,0.000000,7,8
1,11.000000,12.741000,0.365000,-64,0.000000,7,8
1,11.000000,12.755000,0.388000,-64,0.000000,7,8
1,11.000000,12.832000,0.417000,-64,0.000000,7,8
1,11.000000,12.719000,0.452000,-64,0.000000,7,8
1,11.000000,12.806000,0.454000,-64,0.000000,7,8
1,11.000000,12.715000,0.552000,-64,0.000000,7,8
1,11.000000,12.773000,0.355000,-64,0.000000,7,8
1,11.000000,12.783000,0.301000,-64,0.000000,7,8
1,11.000000,12.860000,0.416000,-65,0.000000,7,8
1,11.000000,12.888000,0.228000,-64,0.000000,7,8
1,11.000000,12.839000,0.262000,-64,0.000000,7,8
1,11.000000,12.982000,0.269000,-64,0.000000,7,8
1,11.000000,12.982000,0.196000,-64,0.000000,7,8
1,11.000000,12.947000,0.223000,-63,0.000000,7,8
1,11.000000,13.010000,0.161000,-64,0.000000,7,8
1,11.000000,12.778000,0.393000,-64,0.000000,7,8
1,11.000000,12.860000,0.163000,-64,0.000000,7,8
1,11.000000,12.860000,0.326000,-65,0.000000,7,8
1,11.000000,12.726000,0.513000,-65,0.000000,7,8
1,11.000000,12.654000,0.300000,-64,0.000000,7,8
1,11.000000,12.684000,0.375000,-64,0.000000,7,8
1,11.000000,12.837000,0.465000,-64,0.000000,7,8
1,11.000000,13.066000,0.639000,-65,0.000000,7,8
1,11.000000,13.248000,0.740000,-66,0.000000,7,8
1,11.000000,13.557000,0.744000,-67,0.000000,7,8
1,11.000000,12.602000,0.540000,-64,0.000000,7,8
1,11.000000,12.595000,0.484000,-64,0.000000,7,8
1,11.000000,13.214000,0.564000,-66,0.000000,7,8
1,11.000000,13.151000,0.157000,-65,0.000000,7,8
1,11.000000,12.745000,0.256000,-65,0.000000,7,8
1,11.000000,12.628000,0.436000,-66,0.000000,7,8
1,11.000000,12.654000,0.425000,-67,0.000000,7,8
1,11.000000,12.649000,0.382000,-66,0.000000,7,8
1,11.000000,12.569000,0.461000,-66,0.000000,7,8
1,11.000000,12.691000,0.377000,-64,0.000000,7,8
1,11.000000,12.951000,0.154000,-64,0.000000,7,8
1,11.000000,12.898000,0.184000,-64,0.000000,7,8
1,11.000000,13.015000,0.283000,-65,0.000000,7,8
1,11.000000,12.989000,0.215000,-66,0.000000,7,8
1,11.000000,12.808000,0.240000,-66,0.000000,7,8
1,11.000000,12.808000,0.314000,-66,0.000000,7,8
1,11.000000,13.294000,0.806000,-68,0.000000,7,8
1,11.000000,12.598000,0.551000,-66,0.000000,7,8
1,11.000000,12.696000,0.308000,-65,0.000000,7,8
1,11.000000,12.722000,0.198000,-66,0.000000,7,8
1,11.000000,13.082000,0.559000,-65,0.000000,7,8
1,11.000000,13.207000,0.783000,-65,0.000000,7,8
1,11.000000,12.717000,0.320000,-65,0.000000,7,8
1,11.000000,12.567000,0.378000,-65,0.000000,7,8
1,11.000000,12.687000,0.635000,-66,0.000000,7,8
1,11.000000,12.633000,0.568000,-66,0.000000,7,8
1,11.000000,12.663000,0.272000,-65,0.000000,7,8
1,11.000000,12.658000,0.418000,-65,0.000000,7,8
1,11.000000,12.574000,0.436000,-66,0.000000,7,8
1,11.000000,12.633000,0.335000,-66,0.000000,7,8
1,11.000000,12.337000,0.606000,-66,0.000000,7,8
1,11.000000,12.251000,0.630000,-67,0.000000,7,8
1,11.000000,12.244000,0.513000,-67,0.000000,7,8
1,11.000000,12.307000,0.482000,-67,0.000000,7,8
1,11.000000,12.199000,0.696000,-67,0.000000,7,8
1,11.000000,12.274000,0.524000,-66,0.000000,7,8
1,11.000000,12.314000,0.480000,-66,0.000000,7,8
1,11.000000,12.607000,0.557000,-66,0.000000,7,8
1,11.000000,12.628000,0.642000,-65,0.000000,7,8
