1,12.000000,10.258000,0.356000,-68,0.000000,7,8
1,12.000000,10.067000,0.614000,-67,0.000000,7,8
1,12.000000,10.360000,0.558000,-69,0.000000,7,8
1,12.000000,10.038000,1.115000,-70,0.000000,7,8
1,12.000000,10.390000,1.104000,-71,0.000000,7,8
1,12.000000,10.853000,0.616000,-69,0.000000,7,8
1,12.000000,10.067000,0.641000,-66,0.000000,7,8
1,12.000000,10.038000,0.570000,-66,0.000000,7,8
1,12.000000,10.072000,0.237000,-64,0.000000,7,8
1,12.000000,10.038000,0.198000,-63,0.000000,7,8
1,12.000000,10.492000,0.279000,-66,0.000000,7,8
1,12.000000,10.170000,0.535000,-67,0.000000,7,8
1,12.000000,9.965000,0.412000,-67,0.000000,7,8
1,12.000000,10.155000,0.686000,-69,0.000000,7,8
1,12.000000,10.009000,0.753000,-69,0.000000,7,8
1,12.000000,10.683000,0.756000,-69,0.000000,7,8
1,12.000000,10.712000,0.878000,-70,0.000000,7,8
1,12.000000,10.580000,0.742000,-70,0.000000,7,8
1,12.000000,10.243000,0.896000,-70,0.000000,7,8
1,12.000000,9.789000,1.304000,-68,0.000000,7,8
1,12.000000,9.481000,0.324000,-69,0.000000,7,8
1,12.000000,10.404000,0.389000,-70,0.000000,7,8
1,12.000000,9.921000,0.708000,-68,0.000000,7,8
1,12.000000,9.482000,0.904000,-70,0.000000,7,8
1,12.000000,9.848000,0.370000,-69,0.000000,7,8
1,12.000000,9.540000,0.594000,-68,0.000000,7,8
1,12.000000,9.877000,0.301000,-68,0.000000,7,8
1,12.000000,10.199000,0.385000,-69,0.000000,7,8
1,12.000000,9.994000,0.366000,-69,0.000000,7,8
1,12.000000,9.906000,2.020000,-70,0.000000,7,8
1,12.000000,9.965000,0.306000,-70,0.000000,7,8
1,12.000000,9.833000,0.621000,-70,0.000000,7,8
1,12.000000,9.555000,1.252000,-69,0.000000,7,8
1,12.000000,9.716000,1.071000,-69,0.000000,7,8
1,12.000000,9.833000,0.477000,-69,0.000000,7,8
1,12.000000,9.320000,1.264000,-71,0.000000,7,8
1,12.000000,9.496000,0.678000,-70,0.000000,7,8
1,12.000000,9.540000,2.061000,-71,0.000000,7,8
1,12.000000,9.423000,1.965000,-70,0.000000,7,8
1,12.000000,9.818000,0.155000,-69,0.000000,7,8
1,12.000000,9.657000,0.504000,-68,0.000000,7,8
1,12.000000,9.965000,0.483000,-67,0.000000,7,8
1,12.000000,9.965000,0.972000,-67,0.000000,7,8
1,12.000000,10.287000,0.072000,-66,0.000000,7,8
1,12.000000,10.199000,0.621000,-67,0.000000,7,8
1,12.000000,10.097000,0.588000,-68,0.000000,7,8
1,12.000000,10.272000,0.526000,-67,0.000000,7,8
1,12.000000,10.272000,0.433000,-68,0.000000,7,8
1,12.000000,10.155000,0.556000,-68,0.000000,7,8
1,12.000000,10.287000,0.537000,-68,0.000000,7,8
1,12.000000,10.902000,0.517000,-69,0.000000,7,8
1,12.000000,10.067000,0.665000,-68,0.000000,7,8
1,12.000000,10.155000,0.497000,-67,0.000000,7,8
1,12.000000,9.774000,0.724000,-68,0.000000,7,8
1,12.000000,12.826000,1.187000,-69,0.000000,7,8
1,12.000000,9.994000,1.018000,-67,0.000000,7,8
1,12.000000,10.111000,0.532000,-66,0.000000,7,8
1,12.000000,10.023000,0.549000,-66,0.000000,7,8
1,12.000000,9.979000,0.457000,-66,0.000000,7,8
1,12.000000,10.038000,0.403000,-66,0.000000,7,8
1,12.000000,9.936000,0.412000,-67,0.000000,7,8
1,12.000000,10.111000,0.490000,-67,0.000000,7,8
1,12.000000,10.404000,0.184000,-66,0.000000,7,8
1,12.000000,10.463000,0.364000,-67,0.000000,7,8
1,12.000000,10.258000,0.177000,-67,0.000000,7,8
1,12.000000,10.434000,0.339000,-68,0.000000,7,8
1,12.000000,10.785000,0.393000,-68,0.000000,7,8
1,12.000000,10.214000,0.410000,-68,0.000000,7,8
1,12.000000,10.243000,0.344000,-67,0.000000,7,8
1,12.000000,10.111000,0.346000,-66,0.000000,7,8
1,12.000000,10.082000,0.510000,-67,0.000000,7,8
1,12.000000,9.979000,0.762000,-70,0.000000,7,8
1,12.000000,10.390000,0.230000,-65,0.000000,7,8
1,12.000000,9.804000,1.262000,-70,0.000000,7,8
1,12.000000,10.736000,0.859000,-68,0.000000,7,8
1,12.000000,9.672000,0.517000,-69,0.000000,7,8
1,12.000000,9.877000,0.570000,-68,0.000000,7,8
1,12.000000,10.639000,2.200000,-68,0.000000,7,8
1,12.000000,11.088000,0.581000,-67,0.000000,7,8
1,12.000000,11.713000,0.296000,-68,0.000000,7,8
1,12.000000,10.390000,0.271000,-66,0.000000,7,8
1,12.000000,10.360000,0.403000,-64,0.000000,7,8
1,12.000000,10.302000,0.318000,-66,0.000000,7,8
1,12.000000,10.609000,0.261000,-65,0.000000,7,8
1,12.000000,10.385000,0.145000,-64,0.000000,7,8
1,12.000000,10.477000,0.327000,-64,0.000000,7,8
1,12.000000,10.521000,0.272000,-64,0.000000,7,8
1,12.000000,10.521000,0.195000,-65,0.000000,7,8
1,12.000000,10.639000,0.166000,-65,0.000000,7,8
1,12.000000,10.477000,0.225000,-64,0.000000,7,8
1,12.000000,10.448000,0.304000,-65,0.000000,7,8
1,12.000000,10.433000,0.249000,-65,0.000000,7,8
1,12.000000,10.434000,0.426000,-66,0.000000,7,8
1,12.000000,10.390000,0.586000,-67,0.000000,7,8
1,12.000000,10.111000,1.418000,-70,0.000000,7,8
1,12.000000,9.936000,0.785000,-67,0.000000,7,8
1,12.000000,10.389000,0.253000,-65,0.000000,7,8
1,12.000000,10.419000,0.244000,-66,0.000000,7,8
1,12.000000,10.360000,0.341000,-66,0.000000,7,8
1,12.000000,10.155000,0.372000,-66,0.000000,7,8
1,12.000000,10.463000,0.358000,-67,0.000000,7,8
1,12.000000,10.067000,0.342000,-68,0.000000,7,8
1,12.000000,10.038000,0.355000,-67,0.000000,7,8
1,12.000000,10.082000,0.349000,-66,0.000000,7,8
1,12.000000,12.763000,0.826000,-70,0.000000,7,8
1,12.000000,10.316000,1.108000,-68,0.000000,7,8
1,12.000000,9.599000,0.564000,-68,0.000000,7,8
1,12.000000,10.009000,0.408000,-67,0.000000,7,8
1,12.000000,9.994000,0.452000,-69,0.000000,7,8
1,12.000000,10.302000,0.236000,-66,0.000000,7,8
1,12.000000,12.733000,1.481000,-69,0.000000,7,8
1,12.000000,9.686000,1.829000,-68,0.000000,7,8
1,12.000000,10.111000,0.831000,-67,0.000000,7,8
1,12.000000,10.155000,0.308000,-65,0.000000,7,8
1,12.000000,10.111000,0.366000,-65,0.000000,7,8
1,12.000000,12.309000,0.307000,-69,0.000000,7,8
1,12.000000,9.921000,0.255000,-66,0.000000,7,8
1,12.000000,16.747000,0.741000,-71,0.000000,7,8
1,12.000000,13.597000,0.788000,-68,0.000000,7,8
1,12.000000,16.513000,0.697000,-69,0.000000,7,8
1,12.000000,13.314000,0.240000,-68,0.000000,7,8
1,12.000000,12.850000,0.756000,-67,0.000000,7,8
1,12.000000,16.028999,1.389000,-69,0.000000,7,8
1,12.000000,15.248000,0.344000,-70,0.000000,7,8
1,12.000000,11.166000,1.105000,-67,0.000000,7,8
1,12.000000,11.068000,0.259000,-66,0.000000,7,8
1,12.000000,10.770000,0.414000,-65,0.000000,7,8
1,12.000000,10.726000,0.282000,-65,0.000000,7,8
1,12.000000,10.477000,0.189000,-65,0.000000,7,8
1,12.000000,10.697000,0.201000,-65,0.000000,7,8
1,12.000000,10.502000,0.195000,-65,0.000000,7,8
1,12.000000,10.756000,0.247000,-64,0.000000,7,8
1,12.000000,10.385000,0.256000,-64,0.000000,7,8
1,12.000000,10.639000,0.336000,-63,0.000000,7,8
1,12.000000,10.331000,0.289000,-63,0.000000,7,8
1,12.000000,10.521000,0.117000,-64,0.000000,7,8
1,12.000000,10.360000,0.262000,-64,0.000000,7,8
1,12.000000,10.360000,0.095000,-64,0.000000,7,8
1,12.000000,10.272000,0.152000,-64,0.000000,7,8
1,12.000000,10.126000,0.506000,-65,0.000000,7,8
1,12.000000,10.141000,0.535000,-66,0.000000,7,8
1,12.000000,10.375000,0.146000,-65,0.000000,7,8
1,12.000000,10.214000,0.796000,-66,0.000000,7,8
1,12.000000,10.199000,0.512000,-66,0.000000,7,8
1,12.000000,10.477000,0.240000,-66,0.000000,7,8
1,12.000000,9.906000,0.580000,-67,0.000000,7,8
1,12.000000,10.463000,2.453000,-69,0.000000,7,8
1,12.000000,9.321000,2.357000,-69,0.000000,7,8
1,12.000000,9.584000,0.148000,-68,0.000000,7,8
1,12.000000,14.389000,0.565000,-70,0.000000,7,8
1,12.000000,10.258000,0.316000,-67,0.000000,7,8
1,12.000000,10.668000,0.279000,-65,0.000000,7,8
1,12.000000,10.477000,0.192000,-64,0.000000,7,8
1,12.000000,10.502000,0.172000,-64,0.000000,7,8
1,12.000000,10.580000,0.212000,-64,0.000000,7,8
1,12.000000,11.244000,0.952000,-66,0.000000,7,8
1,12.000000,10.741000,0.872000,-65,0.000000,7,8
1,12.000000,11.400000,1.045000,-69,0.000000,7,8
1,12.000000,11.068000,0.735000,-66,0.000000,7,8
1,12.000000,11.518000,1.271000,-69,0.000000,7,8
1,12.000000,13.099000,1.087000,-69,0.000000,7,8
1,12.000000,12.499000,1.056000,-71,0.000000,7,8
1,12.000000,11.210000,2.098000,-71,0.000000,7,8
1,12.000000,10.507000,2.456000,-69,0.000000,7,8
1,12.000000,10.434000,2.246000,-69,0.000000,7,8
1,12.000000,10.331000,1.425000,-68,0.000000,7,8
1,12.000000,10.287000,1.797000,-69,0.000000,7,8
1,12.000000,10.375000,1.437000,-69,0.000000,7,8
1,12.000000,10.243000,1.147000,-70,0.000000,7,8
1,12.000000,10.624000,0.798000,-69,0.000000,7,8
1,12.000000,10.478000,0.908000,-69,0.000000,7,8
1,12.000000,10.346000,0.593000,-69,0.000000,7,8
1,12.000000,10.170000,0.823000,-69,0.000000,7,8
1,12.000000,10.331000,1.177000,-69,0.000000,7,8
1,12.000000,10.243000,1.061000,-69,0.000000,7,8
1,12.000000,10.814000,0.669000,-69,0.000000,7,8
1,12.000000,10.346000,1.162000,-69,0.000000,7,8
1,12.000000,10.668000,2.359000,-69,0.000000,7,8
1,12.000000,10.360000,2.134000,-69,0.000000,7,8
1,12.000000,10.448000,2.369000,-69,0.000000,7,8
1,12.000000,10.082000,1.899000,-70,0.000000,7,8
1,12.000000,10.683000,2.417000,-69,0.000000,7,8
1,12.000000,10.434000,1.096000,-69,0.000000,7,8
1,12.000000,10.346000,1.161000,-68,0.000000,7,8
1,12.000000,10.317000,0.818000,-69,0.000000,7,8
1,12.000000,10.082000,1.536000,-68,0.000000,7,8
1,12.000000,10.150000,0.096000,-65,0.000000,7,8
1,12.000000,11.576000,1.739000,-70,0.000000,7,8
1,12.000000,10.067000,1.534000,-67,0.000000,7,8
1,12.000000,9.496000,0.849000,-68,0.000000,7,8
1,12.000000,13.363000,2.238000,-71,0.000000,7,8
1,12.000000,9.906000,1.691000,-67,0.000000,7,8
1,12.000000,9.935000,1.047000,-67,0.000000,7,8
1,12.000000,10.419000,1.608000,-68,0.000000,7,8
1,12.000000,11.225000,2.713000,-69,0.000000,7,8
1,12.000000,9.511000,0.660000,-69,0.000000,7,8
1,12.000000,9.438000,0.866000,-69,0.000000,7,8
1,12.000000,10.185000,2.041000,-70,0.000000,7,8
1,12.000000,9.599000,2.402000,-69,0.000000,7,8
1,12.000000,10.189000,0.123000,-64,0.000000,7,8
1,12.000000,12.089000,0.898000,-70,0.000000,7,8
1,12.000000,10.404000,0.304000,-66,0.000000,7,8
1,12.000000,11.361000,0.756000,-68,0.000000,7,8
1,12.000000,10.228000,0.210000,-66,0.000000,7,8
1,12.000000,10.390000,0.272000,-67,0.000000,7,8
1,12.000000,11.225000,0.663000,-69,0.000000,7,8
1,12.000000,11.811000,1.208000,-69,0.000000,7,8
1,12.000000,10.756000,0.549000,-68,0.000000,7,8
1,12.000000,10.600000,0.295000,-65,0.000000,7,8
1,12.000000,10.053000,0.229000,-67,0.000000,7,8
1,12.000000,10.389000,0.280000,-66,0.000000,7,8
1,12.000000,10.248000,0.168000,-66,0.000000,7,8
1,12.000000,10.507000,0.187000,-64,0.000000,7,8
1,12.000000,10.258000,0.448000,-66,0.000000,7,8
1,12.000000,10.228000,0.263000,-66,0.000000,7,8
1,12.000000,10.331000,0.449000,-67,0.000000,7,8
1,12.000000,10.375000,1.257000,-69,0.000000,7,8
1,12.000000,10.917000,0.475000,-69,0.000000,7,8
1,12.000000,11.420000,1.285000,-69,0.000000,7,8
1,12.000000,10.873000,0.245000,-69,0.000000,7,8
1,12.000000,11.576000,1.143000,-71,0.000000,7,8
1,12.000000,11.488000,0.415000,-69,0.000000,7,8
1,12.000000,10.199000,0.249000,-67,0.000000,7,8
1,12.000000,10.214000,0.181000,-68,0.000000,7,8
1,12.000000,9.994000,0.342000,-67,0.000000,7,8
1,12.000000,10.199000,0.510000,-68,0.000000,7,8
1,12.000000,9.701000,0.382000,-69,0.000000,7,8
1,12.000000,9.525000,0.344000,-70,0.000000,7,8
1,12.000000,9.760000,0.376000,-70,0.000000,7,8
1,12.000000,9.745000,0.711000,-68,0.000000,7,8
1,12.000000,9.628000,0.684000,-68,0.000000,7,8
1,12.000000,10.038000,0.290000,-70,0.000000,7,8
1,12.000000,9.335000,0.602000,-70,0.000000,7,8
1,12.000000,9.584000,0.753000,-69,0.000000,7,8
1,12.000000,9.745000,0.667000,-69,0.000000,7,8
1,12.000000,10.009000,0.592000,-67,0.000000,7,8
1,12.000000,10.097000,0.322000,-67,0.000000,7,8
1,12.000000,9.774000,0.730000,-68,0.000000,7,8
1,12.000000,10.272000,0.681000,-67,0.000000,7,8
1,12.000000,10.067000,0.551000,-69,0.000000,7,8
1,12.000000,11.283000,0.766000,-69,0.000000,7,8
1,12.000000,10.678000,1.027000,-69,0.000000,7,8
1,12.000000,10.096000,1.358000,-69,0.000000,7,8
1,12.000000,10.448000,0.348000,-69,0.000000,7,8
1,12.000000,10.595000,0.687000,-69,0.000000,7,8
1,12.000000,9.965000,0.569000,-67,0.000000,7,8
1,12.000000,10.155000,0.452000,-67,0.000000,7,8
1,12.000000,9.935000,0.419000,-68,0.000000,7,8
1,12.000000,9.891000,0.964000,-67,0.000000,7,8
1,12.000000,9.906000,0.491000,-68,0.000000,7,8
1,12.000000,9.994000,0.382000,-69,0.000000,7,8
1,12.000000,10.873000,0.316000,-69,0.000000,7,8
1,12.000000,10.419000,0.455000,-68,0.000000,7,8
1,12.000000,10.067000,0.359000,-68,0.000000,7,8
1,12.000000,9.789000,1.478000,-69,0.000000,7,8
1,12.000000,10.038000,1.003000,-70,0.000000,7,8
1,12.000000,10.023000,0.560000,-69,0.000000,7,8
1,12.000000,10.448000,1.560000,-69,0.000000,7,8
1,12.000000,10.951000,0.941000,-68,0.000000,7,8
1,12.000000,10.678000,0.140000,-68,0.000000,7,8
1,12.000000,10.316000,0.145000,-66,0.000000,7,8
1,12.000000,9.950000,0.465000,-68,0.000000,7,8
1,12.000000,10.111000,0.474000,-69,0.000000,7,8
1,12.000000,10.419000,0.375000,-68,0.000000,7,8
1,12.000000,10.624000,0.186000,-68,0.000000,7,8
1,12.000000,10.653000,0.283000,-68,0.000000,7,8
1,12.000000,10.316000,0.279000,-67,0.000000,7,8
1,12.000000,10.463000,0.181000,-68,0.000000,7,8
1,12.000000,10.521000,0.293000,-68,0.000000,7,8
1,12.000000,10.375000,0.288000,-66,0.000000,7,8
1,12.000000,10.434000,0.520000,-68,0.000000,7,8
1,12.000000,10.258000,0.511000,-68,0.000000,7,8
1,12.000000,10.433000,0.286000,-67,0.000000,7,8
1,12.000000,10.331000,0.309000,-67,0.000000,7,8
1,12.000000,10.463000,0.350000,-67,0.000000,7,8
1,12.000000,10.331000,0.368000,-66,0.000000,7,8
1,12.000000,10.360000,0.500000,-66,0.000000,7,8
1,12.000000,10.170000,0.546000,-67,0.000000,7,8
1,12.000000,10.184000,0.392000,-67,0.000000,7,8
1,12.000000,10.228000,0.793000,-67,0.000000,7,8
1,12.000000,10.141000,0.462000,-67,0.000000,7,8
1,12.000000,10.541000,0.301000,-66,0.000000,7,8
1,12.000000,10.199000,0.319000,-66,0.000000,7,8
1,12.000000,10.448000,0.199000,-67,0.000000,7,8
1,12.000000,10.170000,0.351000,-68,0.000000,7,8
1,12.000000,10.272000,0.280000,-67,0.000000,7,8
1,12.000000,10.346000,0.222000,-67,0.000000,7,8
1,12.000000,10.199000,0.395000,-67,0.000000,7,8
1,12.000000,10.389000,0.402000,-67,0.000000,7,8
1,12.000000,10.316000,0.312000,-67,0.000000,7,8
1,12.000000,10.258000,0.233000,-67,0.000000,7,8
1,12.000000,10.199000,0.294000,-66,0.000000,7,8
1,12.000000,10.243000,0.471000,-67,0.000000,7,8
1,12.000000,10.243000,0.366000,-67,0.000000,7,8
1,12.000000,10.375000,0.367000,-67,0.000000,7,8
1,12.000000,10.536000,0.252000,-67,0.000000,7,8
1,12.000000,10.653000,0.233000,-66,0.000000,7,8
1,12.000000,10.536000,0.285000,-67,0.000000,7,8
1,12.000000,10.624000,0.290000,-67,0.000000,7,8
1,12.000000,10.199000,0.316000,-67,0.000000,7,8
1,12.000000,10.565000,0.288000,-66,0.000000,7,8
1,12.000000,10.375000,0.530000,-67,0.000000,7,8
1,12.000000,10.609000,0.472000,-67,0.000000,7,8
1,12.000000,10.463000,0.205000,-67,0.000000,7,8
1,12.000000,10.756000,0.238000,-67,0.000000,7,8
1,12.000000,10.419000,0.255000,-67,0.000000,7,8
1,12.000000,10.345000,0.411000,-67,0.000000,7,8
1,12.000000,10.316000,0.392000,-66,0.000000,7,8
1,12.000000,10.375000,0.444000,-67,0.000000,7,8
1,12.000000,10.448000,0.516000,-66,0.000000,7,8
1,12.000000,10.258000,0.454000,-67,0.000000,7,8
1,12.000000,10.243000,0.574000,-66,0.000000,7,8
1,12.000000,10.214000,0.658000,-67,0.000000,7,8
1,12.000000,10.272000,0.525000,-67,0.000000,7,8
1,12.000000,10.009000,0.645000,-67,0.000000,7,8
1,12.000000,10.434000,0.405000,-67,0.000000,7,8
1,12.000000,10.214000,0.465000,-67,0.000000,7,8
1,12.000000,10.551000,0.475000,-67,0.000000,7,8
1,12.000000,10.272000,0.495000,-67,0.000000,7,8
1,12.000000,10.272000,0.866000,-67,0.000000,7,8
1,12.000000,10.331000,1.093000,-67,0.000000,7,8
1,12.000000,10.360000,1.162000,-67,0.000000,7,8
1,12.000000,10.126000,0.184000,-66,0.000000,7,8
1,12.000000,10.184000,0.362000,-67,0.000000,7,8
1,12.000000,10.155000,0.458000,-66,0.000000,7,8
1,12.000000,10.360000,0.586000,-67,0.000000,7,8
1,12.000000,10.345000,0.707000,-67,0.000000,7,8
1,12.000000,10.155000,0.616000,-66,0.000000,7,8
1,12.000000,10.243000,0.363000,-66,0.000000,7,8
1,12.000000,10.726000,0.227000,-68,0.000000,7,8
1,12.000000,11.537000,0.357000,-67,0.000000,7,8
1,12.000000,12.133000,0.149000,-68,0.000000,7,8
1,12.000000,10.741000,0.236000,-67,0.000000,7,8
1,12.000000,10.214000,0.541000,-67,0.000000,7,8
1,12.000000,10.170000,0.415000,-67,0.000000,7,8
1,12.000000,9.935000,0.489000,-67,0.000000,7,8
1,12.000000,10.507000,0.310000,-67,0.000000,7,8
1,12.000000,10.785000,0.399000,-67,0.000000,7,8
1,12.000000,10.653000,0.609000,-67,0.000000,7,8
1,12.000000,10.814000,0.159000,-68,0.000000,7,8
1,12.000000,10.624000,0.343000,-67,0.000000,7,8
1,12.000000,10.258000,0.426000,-67,0.000000,7,8
1,12.000000,10.463000,0.378000,-68,0.000000,7,8
1,12.000000,10.111000,0.818000,-67,0.000000,7,8
1,12.000000,10.536000,0.367000,-66,0.000000,7,8
1,12.000000,10.316000,0.587000,-67,0.000000,7,8
1,12.000000,10.184000,0.727000,-67,0.000000,7,8
1,12.000000,10.228000,0.854000,-67,0.000000,7,8
1,12.000000,10.053000,0.327000,-67,0.000000,7,8
1,12.000000,10.170000,0.432000,-66,0.000000,7,8
1,12.000000,10.126000,0.594000,-67,0.000000,7,8
1,12.000000,10.536000,0.802000,-67,0.000000,7,8
1,12.000000,10.033000,0.278000,-67,0.000000,7,8
1,12.000000,10.097000,0.330000,-66,0.000000,7,8
1,12.000000,10.111000,0.369000,-67,0.000000,7,8
1,12.000000,10.302000,0.299000,-67,0.000000,7,8
1,12.000000,10.375000,0.316000,-67,0.000000,7,8
1,12.000000,10.390000,0.491000,-67,0.000000,7,8
1,12.000000,9.682000,1.059000,-68,0.000000,7,8
1,12.000000,10.111000,0.477000,-67,0.000000,7,8
1,12.000000,10.140000,0.480000,-68,0.000000,7,8
1,12.000000,10.521000,0.280000,-67,0.000000,7,8
1,12.000000,10.346000,0.423000,-68,0.000000,7,8
1,12.000000,10.082000,0.333000,-67,0.000000,7,8
1,12.000000,10.214000,0.262000,-67,0.000000,7,8
1,12.000000,10.067000,0.307000,-67,0.000000,7,8
1,12.000000,9.979000,0.657000,-67,0.000000,7,8
1,12.000000,9.921000,0.668000,-68,0.000000,7,8
1,12.000000,10.111000,0.852000,-68,0.000000,7,8
1,12.000000,10.067000,0.470000,-67,0.000000,7,8
1,12.000000,10.111000,0.361000,-67,0.000000,7,8
1,12.000000,10.170000,0.483000,-67,0.000000,7,8
1,12.000000,10.155000,0.343000,-67,0.000000,7,8
1,12.000000,10.302000,0.312000,-67,0.000000,7,8
1,12.000000,10.038000,0.634000,-67,0.000000,7,8
1,12.000000,10.419000,0.658000,-67,0.000000,7,8
1,12.000000,10.770000,0.415000,-67,0.000000,7,8
1,12.000000,10.448000,0.415000,-68,0.000000,7,8
1,12.000000,10.668000,0.423000,-68,0.000000,7,8
1,12.000000,10.565000,0.414000,-68,0.000000,7,8
1,12.000000,10.375000,0.230000,-67,0.000000,7,8
1,12.000000,10.053000,0.510000,-67,0.000000,7,8
1,12.000000,10.228000,0.577000,-68,0.000000,7,8
1,12.000000,10.096000,1.035000,-68,0.000000,7,8
1,12.000000,10.609000,0.531000,-68,0.000000,7,8
1,12.000000,10.141000,0.675000,-67,0.000000,7,8
1,12.000000,10.082000,0.568000,-68,0.000000,7,8
1,12.000000,10.189000,0.349000,-68,0.000000,7,8
1,12.000000,10.243000,0.246000,-67,0.000000,7,8
1,12.000000,10.082000,0.345000,-67,0.000000,7,8
1,12.000000,10.141000,0.263000,-66,0.000000,7,8
1,12.000000,10.214000,0.370000,-66,0.000000,7,8
1,12.000000,10.185000,0.410000,-67,0.000000,7,8
1,12.000000,10.741000,0.756000,-67,0.000000,7,8
1,12.000000,10.639000,1.421000,-68,0.000000,7,8
1,12.000000,10.082000,0.537000,-69,0.000000,7,8
1,12.000000,10.199000,0.569000,-68,0.000000,7,8
1,12.000000,10.067000,0.386000,-67,0.000000,7,8
1,12.000000,10.184000,0.361000,-67,0.000000,7,8
1,12.000000,10.287000,0.170000,-66,0.000000,7,8
1,12.000000,9.935000,0.485000,-67,0.000000,7,8
1,12.000000,9.950000,0.637000,-68,0.000000,7,8
1,12.000000,9.760000,0.443000,-68,0.000000,7,8
1,12.000000,9.804000,0.332000,-67,0.000000,7,8
1,12.000000,9.965000,0.372000,-67,0.000000,7,8
1,12.000000,9.921000,0.202000,-67,0.000000,7,8
1,12.000000,9.804000,0.416000,-68,0.000000,7,8
1,12.000000,9.862000,0.437000,-67,0.000000,7,8
1,12.000000,10.155000,0.125000,-67,0.000000,7,8
1,12.000000,10.228000,0.537000,-67,0.000000,7,8
1,12.000000,10.038000,0.579000,-67,0.000000,7,8
1,12.000000,10.814000,0.712000,-68,0.000000,7,8
1,12.000000,11.005000,0.661000,-68,0.000000,7,8
1,12.000000,11.005000,0.880000,-68,0.000000,7,8
1,12.000000,9.950000,0.932000,-68,0.000000,7,8
1,12.000000,10.243000,0.778000,-68,0.000000,7,8
1,12.000000,10.258000,0.387000,-68,0.000000,7,8
1,12.000000,9.892000,0.582000,-67,0.000000,7,8
1,12.000000,9.891000,0.418000,-67,0.000000,7,8
1,12.000000,9.833000,0.505000,-68,0.000000,7,8
1,12.000000,9.584000,0.604000,-68,0.000000,7,8
1,12.000000,9.906000,0.613000,-68,0.000000,7,8
1,12.000000,10.375000,0.698000,-69,0.000000,7,8
1,12.000000,10.155000,0.950000,-69,0.000000,7,8
1,12.000000,9.950000,1.283000,-69,0.000000,7,8
1,12.000000,10.053000,1.394000,-68,0.000000,7,8
1,12.000000,10.009000,0.741000,-69,0.000000,7,8
1,12.000000,10.009000,0.886000,-69,0.000000,7,8
1,12.000000,9.935000,0.738000,-68,0.000000,7,8
1,12.000000,10.009000,0.654000,-67,0.000000,7,8
1,12.000000,9.965000,0.657000,-67,0.000000,7,8
1,12.000000,10.258000,0.412000,-68,0.000000,7,8
1,12.000000,10.272000,0.454000,-67,0.000000,7,8
1,12.000000,9.936000,0.652000,-68,0.000000,7,8
1,12.000000,10.009000,0.764000,-68,0.000000,7,8
1,12.000000,10.287000,0.316000,-68,0.000000,7,8
1,12.000000,9.628000,0.596000,-68,0.000000,7,8
1,12.000000,12.089000,1.594000,-69,0.000000,7,8
1,12.000000,11.561000,1.306000,-68,0.000000,7,8
1,12.000000,10.419000,0.391000,-69,0.000000,7,8
1,12.000000,10.492000,0.247000,-68,0.000000,7,8
1,12.000000,11.420000,0.515000,-67,0.000000,7,8
1,12.000000,10.741000,0.618000,-68,0.000000,7,8
1,12.000000,10.228000,0.551000,-68,0.000000,7,8
1,12.000000,10.829000,0.321000,-68,0.000000,7,8
1,12.000000,11.654000,0.694000,-68,0.000000,7,8
1,12.000000,10.482000,0.184000,-67,0.000000,7,8
1,12.000000,10.326000,0.176000,-66,0.000000,7,8
1,12.000000,12.382000,0.412000,-69,0.000000,7,8
1,12.000000,10.248000,0.113000,-67,0.000000,7,8
1,12.000000,10.448000,0.235000,-67,0.000000,7,8
1,12.000000,10.306000,0.255000,-66,0.000000,7,8
1,12.000000,10.770000,0.371000,-67,0.000000,7,8
1,12.000000,10.228000,0.268000,-67,0.000000,7,8
1,12.000000,10.228000,0.252000,-67,0.000000,7,8
1,12.000000,10.111000,0.299000,-67,0.000000,7,8
1,12.000000,10.404000,0.478000,-67,0.000000,7,8
1,12.000000,10.243000,0.454000,-67,0.000000,7,8
1,12.000000,9.935000,0.420000,-67,0.000000,7,8
1,12.000000,9.979000,0.425000,-66,0.000000,7,8
1,12.000000,10.258000,0.594000,-67,0.000000,7,8
1,12.000000,10.038000,0.741000,-67,0.000000,7,8
1,12.000000,10.536000,0.941000,-69,0.000000,7,8
1,12.000000,12.470000,0.328000,-68,0.000000,7,8
1,12.000000,11.898000,0.339000,-68,0.000000,7,8
1,12.000000,11.908000,0.446000,-68,0.000000,7,8
1,12.000000,10.463000,0.591000,-68,0.000000,7,8
1,12.000000,10.199000,0.384000,-66,0.000000,7,8
1,12.000000,10.126000,0.377000,-67,0.000000,7,8
1,12.000000,9.965000,0.412000,-67,0.000000,7,8
1,12.000000,10.140000,0.513000,-68,0.000000,7,8
1,12.000000,10.126000,0.575000,-67,0.000000,7,8
1,12.000000,9.716000,0.763000,-67,0.000000,7,8
1,12.000000,9.950000,0.444000,-67,0.000000,7,8
1,12.000000,9.891000,0.827000,-66,0.000000,7,8
1,12.000000,10.067000,0.464000,-66,0.000000,7,8
1,12.000000,10.258000,0.353000,-66,0.000000,7,8
1,12.000000,10.302000,0.333000,-66,0.000000,7,8
1,12.000000,10.053000,0.409000,-66,0.000000,7,8
1,12.000000,10.185000,0.355000,-66,0.000000,7,8
1,12.000000,10.155000,0.332000,-67,0.000000,7,8
1,12.000000,10.287000,0.487000,-67,0.000000,7,8
1,12.000000,10.448000,0.331000,-68,0.000000,7,8
1,12.000000,10.023000,1.233000,-68,0.000000,7,8
1,12.000000,10.477000,0.530000,-68,0.000000,7,8
1,12.000000,10.331000,0.438000,-67,0.000000,7,8
1,12.000000,10.507000,0.901000,-67,0.000000,7,8
1,12.000000,11.298000,0.523000,-68,0.000000,7,8
1,12.000000,10.184000,1.093000,-68,0.000000,7,8
1,12.000000,10.360000,1.148000,-67,0.000000,7,8
1,12.000000,9.847000,1.274000,-67,0.000000,7,8
1,12.000000,10.243000,0.922000,-69,0.000000,7,8
1,12.000000,10.389000,0.738000,-68,0.000000,7,8
1,12.000000,10.243000,0.748000,-67,0.000000,7,8
1,12.000000,10.507000,0.498000,-67,0.000000,7,8
1,12.000000,12.030000,1.308000,-68,0.000000,7,8
1,12.000000,10.492000,0.247000,-67,0.000000,7,8
1,12.000000,10.756000,0.237000,-67,0.000000,7,8
1,12.000000,10.214000,0.543000,-67,0.000000,7,8
1,12.000000,10.199000,0.345000,-67,0.000000,7,8
1,12.000000,10.111000,0.503000,-66,0.000000,7,8
1,12.000000,10.287000,0.467000,-67,0.000000,7,8
1,12.000000,10.184000,0.661000,-67,0.000000,7,8
1,12.000000,10.155000,0.455000,-67,0.000000,7,8
1,12.000000,10.067000,0.480000,-67,0.000000,7,8
1,12.000000,10.067000,0.640000,-66,0.000000,7,8
1,12.000000,10.316000,0.462000,-66,0.000000,7,8
1,12.000000,10.434000,0.433000,-66,0.000000,7,8
1,12.000000,10.199000,0.450000,-66,0.000000,7,8
1,12.000000,10.287000,0.464000,-67,0.000000,7,8
1,12.000000,10.258000,0.497000,-67,0.000000,7,8
1,12.000000,10.404000,0.534000,-66,0.000000,7,8
1,12.000000,10.287000,0.545000,-67,0.000000,7,8
1,12.000000,10.185000,0.528000,-66,0.000000,7,8
1,12.000000,10.258000,0.587000,-66,0.000000,7,8
1,12.000000,10.170000,0.575000,-66,0.000000,7,8
1,12.000000,10.463000,0.235000,-66,0.000000,7,8
1,12.000000,10.434000,0.221000,-66,0.000000,7,8
1,12.000000,10.375000,0.397000,-66,0.000000,7,8
1,12.000000,10.419000,0.279000,-66,0.000000,7,8
1,12.000000,10.375000,0.421000,-67,0.000000,7,8
1,12.000000,10.477000,0.364000,-66,0.000000,7,8
1,12.000000,10.726000,0.285000,-66,0.000000,7,8
1,12.000000,10.477000,0.381000,-66,0.000000,7,8
1,12.000000,10.272000,0.212000,-66,0.000000,7,8
1,12.000000,10.243000,0.385000,-66,0.000000,7,8
1,12.000000,10.023000,0.380000,-66,0.000000,7,8
1,12.000000,10.360000,0.468000,-66,0.000000,7,8
1,12.000000,10.243000,0.183000,-66,0.000000,7,8
1,12.000000,10.082000,0.485000,-66,0.000000,7,8
1,12.000000,10.214000,0.349000,-67,0.000000,7,8
1,12.000000,10.434000,0.223000,-67,0.000000,7,8
1,12.000000,10.507000,0.183000,-66,0.000000,7,8
1,12.000000,10.492000,0.179000,-67,0.000000,7,8
1,12.000000,10.419000,0.250000,-66,0.000000,7,8
1,12.000000,10.961000,0.129000,-66,0.000000,7,8
1,12.000000,10.111000,0.252000,-67,0.000000,7,8
1,12.000000,10.770000,0.151000,-67,0.000000,7,8
1,12.000000,10.565000,0.276000,-67,0.000000,7,8
1,12.000000,10.712000,0.294000,-68,0.000000,7,8
1,12.000000,10.609000,0.459000,-67,0.000000,7,8
1,12.000000,10.287000,1.788000,-67,0.000000,7,8
1,12.000000,10.331000,0.634000,-68,0.000000,7,8
1,12.000000,10.214000,0.438000,-67,0.000000,7,8
1,12.000000,10.375000,0.341000,-66,0.000000,7,8
1,12.000000,10.170000,0.301000,-67,0.000000,7,8
1,12.000000,10.214000,0.295000,-67,0.000000,7,8
1,12.000000,10.258000,0.425000,-68,0.000000,7,8
1,12.000000,10.228000,0.823000,-67,0.000000,7,8
1,12.000000,10.492000,1.046000,-68,0.000000,7,8
1,12.000000,10.331000,0.922000,-67,0.000000,7,8
1,12.000000,9.979000,0.585000,-67,0.000000,7,8
1,12.000000,10.082000,0.813000,-67,0.000000,7,8
1,12.000000,11.840000,0.669000,-68,0.000000,7,8
1,12.000000,10.126000,0.790000,-68,0.000000,7,8
1,12.000000,10.185000,0.589000,-67,0.000000,7,8
1,12.000000,10.463000,0.230000,-67,0.000000,7,8
1,12.000000,10.580000,0.390000,-68,0.000000,7,8
1,12.000000,10.639000,0.180000,-67,0.000000,7,8
1,12.000000,10.678000,0.194000,-69,0.000000,7,8
1,12.000000,10.756000,0.867000,-69,0.000000,7,8
1,12.000000,10.624000,0.266000,-69,0.000000,7,8
1,12.000000,10.477000,0.417000,-69,0.000000,7,8
1,12.000000,9.994000,0.822000,-69,0.000000,7,8
1,12.000000,9.891000,0.452000,-69,0.000000,7,8
1,12.000000,10.609000,0.739000,-69,0.000000,7,8
1,12.000000,10.155000,1.653000,-68,0.000000,7,8
1,12.000000,10.228000,0.309000,-68,0.000000,7,8
1,12.000000,10.287000,0.451000,-68,0.000000,7,8
1,12.000000,10.097000,0.556000,-69,0.000000,7,8
1,12.000000,10.492000,0.628000,-69,0.000000,7,8
1,12.000000,10.360000,0.665000,-69,0.000000,7,8
1,12.000000,10.228000,0.630000,-69,0.000000,7,8
1,12.000000,10.170000,0.538000,-69,0.000000,7,8
1,12.000000,11.049000,1.415000,-69,0.000000,7,8
1,12.000000,11.303000,0.993000,-69,0.000000,7,8
1,12.000000,10.433000,0.549000,-68,0.000000,7,8
1,12.000000,11.127000,1.558000,-70,0.000000,7,8
1,12.000000,11.264000,1.415000,-69,0.000000,7,8
1,12.000000,11.010000,1.904000,-69,0.000000,7,8
1,12.000000,10.932000,0.567000,-70,0.000000,7,8
1,12.000000,11.088000,1.197000,-70,0.000000,7,8
1,12.000000,11.049000,0.490000,-69,0.000000,7,8
1,12.000000,10.448000,0.368000,-68,0.000000,7,8
1,12.000000,9.950000,0.392000,-68,0.000000,7,8
1,12.000000,9.657000,0.584000,-68,0.000000,7,8
1,12.000000,9.598000,0.689000,-67,0.000000,7,8
1,12.000000,9.657000,0.826000,-67,0.000000,7,8
1,12.000000,9.642000,0.590000,-68,0.000000,7,8
1,12.000000,9.569000,0.730000,-67,0.000000,7,8
1,12.000000,9.555000,0.862000,-69,0.000000,7,8
1,12.000000,9.730000,0.727000,-69,0.000000,7,8
1,12.000000,9.745000,0.625000,-68,0.000000,7,8
1,12.000000,9.598000,0.831000,-69,0.000000,7,8
1,12.000000,9.525000,0.700000,-69,0.000000,7,8
1,12.000000,9.379000,0.655000,-70,0.000000,7,8
1,12.000000,9.745000,0.544000,-68,0.000000,7,8
1,12.000000,9.774000,0.435000,-69,0.000000,7,8
1,12.000000,11.327000,1.242000,-71,0.000000,7,8
1,12.000000,11.606000,1.143000,-71,0.000000,7,8
1,12.000000,10.668000,1.026000,-69,0.000000,7,8
1,12.000000,9.774000,0.493000,-69,0.000000,7,8
1,12.000000,9.730000,0.410000,-70,0.000000,7,8
1,12.000000,9.818000,0.337000,-68,0.000000,7,8
1,12.000000,9.628000,0.716000,-69,0.000000,7,8
1,12.000000,9.833000,0.287000,-69,0.000000,7,8
1,12.000000,9.599000,0.704000,-69,0.000000,7,8
1,12.000000,9.481000,0.324000,-70,0.000000,7,8
1,12.000000,9.174000,0.790000,-70,0.000000,7,8
1,12.000000,9.745000,0.884000,-68,0.000000,7,8
1,12.000000,9.569000,0.751000,-69,0.000000,7,8
1,12.000000,9.628000,0.461000,-69,0.000000,7,8
1,12.000000,9.833000,0.518000,-69,0.000000,7,8
1,12.000000,9.877000,0.309000,-68,0.000000,7,8
1,12.000000,9.760000,0.723000,-69,0.000000,7,8
1,12.000000,10.385000,0.737000,-69,0.000000,7,8
1,12.000000,10.258000,0.339000,-68,0.000000,7,8
1,12.000000,9.921000,1.100000,-68,0.000000,7,8
1,12.000000,9.731000,0.672000,-70,0.000000,7,8
1,12.000000,10.273000,0.445000,-70,0.000000,7,8
1,12.000000,10.424000,0.665000,-68,0.000000,7,8
1,12.000000,9.613000,1.011000,-68,0.000000,7,8
1,12.000000,9.804000,0.639000,-67,0.000000,7,8
1,12.000000,9.526000,0.920000,-68,0.000000,7,8
1,12.000000,10.038000,0.698000,-70,0.000000,7,8
1,12.000000,9.686000,0.977000,-69,0.000000,7,8
1,12.000000,9.496000,1.036000,-68,0.000000,7,8
1,12.000000,9.760000,0.676000,-69,0.000000,7,8
1,12.000000,9.862000,0.375000,-69,0.000000,7,8
1,12.000000,9.628000,1.487000,-69,0.000000,7,8
1,12.000000,9.613000,0.366000,-68,0.000000,7,8
1,12.000000,9.628000,0.172000,-69,0.000000,7,8
1,12.000000,9.716000,0.138000,-69,0.000000,7,8
1,12.000000,9.438000,2.371000,-70,0.000000,7,8
1,12.000000,9.481000,0.237000,-70,0.000000,7,8
1,12.000000,9.525000,0.259000,-71,0.000000,7,8
1,12.000000,9.496000,1.970000,-71,0.000000,7,8
1,12.000000,9.086000,2.173000,-70,0.000000,7,8
1,12.000000,9.467000,1.413000,-70,0.000000,7,8
1,12.000000,9.584000,1.972000,-69,0.000000,7,8
1,12.000000,9.716000,0.158000,-70,0.000000,7,8
1,12.000000,9.584000,1.642000,-70,0.000000,7,8
1,12.000000,9.438000,1.548000,-69,0.000000,7,8
1,12.000000,9.452000,1.189000,-69,0.000000,7,8
1,12.000000,9.262000,1.131000,-69,0.000000,7,8
1,12.000000,9.364000,0.867000,-70,0.000000,7,8
1,12.000000,9.013000,0.954000,-69,0.000000,7,8
1,12.000000,9.218000,0.766000,-69,0.000000,7,8
1,12.000000,9.452000,0.782000,-68,0.000000,7,8
1,12.000000,9.437000,0.839000,-68,0.000000,7,8
1,12.000000,9.745000,0.531000,-69,0.000000,7,8
1,12.000000,9.819000,0.547000,-69,0.000000,7,8
1,12.000000,9.716000,0.641000,-69,0.000000,7,8
1,12.000000,9.687000,0.513000,-70,0.000000,7,8
1,12.000000,9.467000,0.712000,-70,0.000000,7,8
1,12.000000,9.467000,1.249000,-68,0.000000,7,8
1,12.000000,9.657000,0.697000,-67,0.000000,7,8
1,12.000000,9.877000,0.629000,-69,0.000000,7,8
1,12.000000,9.745000,2.028000,-69,0.000000,7,8
1,12.000000,10.463000,0.221000,-71,0.000000,7,8
1,12.000000,9.496000,0.529000,-70,0.000000,7,8
1,12.000000,10.199000,0.351000,-67,0.000000,7,8
1,12.000000,10.170000,0.756000,-68,0.000000,7,8
1,12.000000,9.833000,0.458000,-68,0.000000,7,8
1,12.000000,9.774000,0.587000,-70,0.000000,7,8
1,12.000000,9.774000,0.487000,-68,0.000000,7,8
1,12.000000,10.053000,0.633000,-69,0.000000,7,8
1,12.000000,9.994000,0.520000,-68,0.000000,7,8
1,12.000000,10.082000,0.390000,-68,0.000000,7,8
1,12.000000,9.935000,0.739000,-67,0.000000,7,8
1,12.000000,9.818000,0.583000,-69,0.000000,7,8
1,12.000000,9.833000,0.889000,-69,0.000000,7,8
1,12.000000,9.877000,0.630000,-67,0.000000,7,8
1,12.000000,10.082000,0.364000,-67,0.000000,7,8
1,12.000000,10.067000,0.405000,-68,0.000000,7,8
1,12.000000,9.965000,0.448000,-69,0.000000,7,8
1,12.000000,9.745000,0.422000,-68,0.000000,7,8
1,12.000000,10.140000,0.411000,-69,0.000000,7,8
1,12.000000,10.038000,0.465000,-69,0.000000,7,8
1,12.000000,10.038000,0.633000,-69,0.000000,7,8
1,12.000000,9.906000,0.699000,-69,0.000000,7,8
1,12.000000,10.126000,0.566000,-68,0.000000,7,8
1,12.000000,10.155000,1.998000,-70,0.000000,7,8
1,12.000000,12.118000,1.442000,-70,0.000000,7,8
1,12.000000,9.877000,1.654000,-69,0.000000,7,8
1,12.000000,10.038000,0.633000,-68,0.000000,7,8
1,12.000000,10.053000,0.589000,-67,0.000000,7,8
1,12.000000,10.214000,0.409000,-67,0.000000,7,8
1,12.000000,10.185000,0.296000,-67,0.000000,7,8
1,12.000000,10.170000,0.343000,-68,0.000000,7,8
1,12.000000,10.316000,0.306000,-68,0.000000,7,8
1,12.000000,10.287000,0.339000,-67,0.000000,7,8
1,12.000000,10.228000,0.499000,-68,0.000000,7,8
1,12.000000,10.272000,0.449000,-67,0.000000,7,8
1,12.000000,10.331000,0.467000,-67,0.000000,7,8
1,12.000000,10.023000,0.474000,-67,0.000000,7,8
1,12.000000,10.184000,0.343000,-66,0.000000,7,8
1,12.000000,10.170000,0.402000,-67,0.000000,7,8
1,12.000000,10.258000,0.333000,-67,0.000000,7,8
1,12.000000,10.126000,0.549000,-67,0.000000,7,8
1,12.000000,10.111000,0.500000,-67,0.000000,7,8
1,12.000000,10.199000,0.587000,-67,0.000000,7,8
1,12.000000,10.507000,0.263000,-68,0.000000,7,8
1,12.000000,10.111000,0.345000,-67,0.000000,7,8
1,12.000000,10.287000,0.342000,-68,0.000000,7,8
1,12.000000,10.287000,0.221000,-67,0.000000,7,8
1,12.000000,10.390000,0.393000,-67,0.000000,7,8
1,12.000000,10.170000,0.367000,-67,0.000000,7,8
1,12.000000,10.346000,0.558000,-66,0.000000,7,8
1,12.000000,10.214000,0.352000,-67,0.000000,7,8
1,12.000000,10.390000,0.202000,-67,0.000000,7,8
1,12.000000,10.463000,0.227000,-67,0.000000,7,8
1,12.000000,10.316000,0.344000,-67,0.000000,7,8
1,12.000000,10.199000,0.187000,-66,0.000000,7,8
1,12.000000,10.082000,0.427000,-66,0.000000,7,8
1,12.000000,10.448000,0.165000,-65,0.000000,7,8
1,12.000000,10.287000,0.138000,-65,0.000000,7,8
1,12.000000,10.419000,0.323000,-66,0.000000,7,8
1,12.000000,10.668000,0.224000,-67,0.000000,7,8
1,12.000000,10.775000,0.256000,-67,0.000000,7,8
1,12.000000,10.600000,0.435000,-68,0.000000,7,8
1,12.000000,11.078000,0.387000,-67,0.000000,7,8
1,12.000000,10.932000,0.527000,-67,0.000000,7,8
1,12.000000,11.068000,0.456000,-67,0.000000,7,8
1,12.000000,10.971000,0.337000,-67,0.000000,7,8
1,12.000000,10.946000,0.130000,-68,0.000000,7,8
1,12.000000,10.580000,0.478000,-68,0.000000,7,8
1,12.000000,10.316000,0.723000,-67,0.000000,7,8
1,12.000000,10.492000,0.432000,-67,0.000000,7,8
1,12.000000,10.184000,0.953000,-67,0.000000,7,8
1,12.000000,10.228000,0.838000,-67,0.000000,7,8
1,12.000000,10.287000,0.619000,-67,0.000000,7,8
1,12.000000,10.302000,0.619000,-67,0.000000,7,8
1,12.000000,10.346000,0.774000,-67,0.000000,7,8
1,12.000000,10.111000,0.804000,-67,0.000000,7,8
1,12.000000,10.404000,0.646000,-67,0.000000,7,8
1,12.000000,10.316000,0.718000,-67,0.000000,7,8
1,12.000000,10.492000,0.570000,-67,0.000000,7,8
1,12.000000,10.243000,0.819000,-67,0.000000,7,8
1,12.000000,10.404000,0.685000,-67,0.000000,7,8
1,12.000000,10.199000,0.690000,-67,0.000000,7,8
1,12.000000,10.214000,0.843000,-67,0.000000,7,8
1,12.000000,10.272000,0.586000,-67,0.000000,7,8
1,12.000000,10.243000,0.831000,-67,0.000000,7,8
1,12.000000,10.209000,1.116000,-67,0.000000,7,8
1,12.000000,10.170000,0.717000,-67,0.000000,7,8
1,12.000000,10.316000,0.508000,-67,0.000000,7,8
1,12.000000,10.346000,0.618000,-67,0.000000,7,8
1,12.000000,10.360000,0.583000,-68,0.000000,7,8
1,12.000000,10.419000,0.626000,-68,0.000000,7,8
1,12.000000,10.199000,0.736000,-68,0.000000,7,8
1,12.000000,10.258000,0.799000,-68,0.000000,7,8
1,12.000000,10.155000,0.682000,-67,0.000000,7,8
1,12.000000,10.243000,0.629000,-67,0.000000,7,8
1,12.000000,10.199000,0.663000,-67,0.000000,7,8
1,12.000000,10.331000,0.592000,-67,0.000000,7,8
1,12.000000,10.316000,0.785000,-67,0.000000,7,8
1,12.000000,10.492000,0.579000,-67,0.000000,7,8
1,12.000000,10.287000,0.751000,-67,0.000000,7,8
1,12.000000,10.360000,0.485000,-67,0.000000,7,8
1,12.000000,10.302000,0.731000,-67,0.000000,7,8
1,12.000000,10.302000,0.715000,-67,0.000000,7,8
1,12.000000,10.331000,0.953000,-67,0.000000,7,8
1,12.000000,10.228000,0.592000,-67,0.000000,7,8
1,12.000000,10.448000,0.578000,-67,0.000000,7,8
1,12.000000,10.375000,0.692000,-67,0.000000,7,8
1,12.000000,10.477000,0.546000,-68,0.000000,7,8
1,12.000000,10.258000,0.586000,-67,0.000000,7,8
1,12.000000,10.155000,0.711000,-68,0.000000,7,8
1,12.000000,10.243000,0.619000,-68,0.000000,7,8
1,12.000000,10.258000,0.518000,-68,0.000000,7,8
1,12.000000,10.287000,0.547000,-67,0.000000,7,8
1,12.000000,10.272000,0.583000,-67,0.000000,7,8
1,12.000000,10.170000,0.608000,-67,0.000000,7,8
1,12.000000,10.419000,0.507000,-67,0.000000,7,8
1,12.000000,10.302000,0.745000,-67,0.000000,7,8
1,12.000000,10.287000,0.533000,-67,0.000000,7,8
1,12.000000,10.258000,0.542000,-67,0.000000,7,8
1,12.000000,10.434000,0.416000,-67,0.000000,7,8
1,12.000000,10.360000,0.568000,-67,0.000000,7,8
1,12.000000,10.375000,0.555000,-67,0.000000,7,8
1,12.000000,10.302000,0.406000,-67,0.000000,7,8
1,12.000000,10.434000,0.257000,-68,0.000000,7,8
1,12.000000,10.228000,0.502000,-68,0.000000,7,8
1,12.000000,10.199000,0.460000,-67,0.000000,7,8
1,12.000000,10.346000,0.539000,-68,0.000000,7,8
1,12.000000,10.228000,0.662000,-68,0.000000,7,8
1,12.000000,10.390000,0.398000,-67,0.000000,7,8
1,12.000000,10.287000,0.613000,-68,0.000000,7,8
1,12.000000,10.404000,0.562000,-67,0.000000,7,8
1,12.000000,10.419000,0.647000,-67,0.000000,7,8
1,12.000000,10.448000,0.563000,-67,0.000000,7,8
1,12.000000,10.477000,0.579000,-67,0.000000,7,8
1,12.000000,10.551000,0.394000,-67,0.000000,7,8
1,12.000000,10.302000,0.628000,-67,0.000000,7,8
1,12.000000,10.360000,0.443000,-67,0.000000,7,8
1,12.000000,10.346000,0.536000,-67,0.000000,7,8
1,12.000000,10.404000,0.698000,-67,0.000000,7,8
1,12.000000,10.492000,0.538000,-67,0.000000,7,8
1,12.000000,10.434000,0.545000,-67,0.000000,7,8
1,12.000000,10.390000,0.536000,-67,0.000000,7,8
1,12.000000,10.258000,0.583000,-67,0.000000,7,8
1,12.000000,10.287000,0.759000,-67,0.000000,7,8
1,12.000000,10.258000,0.427000,-68,0.000000,7,8
1,12.000000,10.199000,0.440000,-67,0.000000,7,8
1,12.000000,10.170000,0.692000,-67,0.000000,7,8
1,12.000000,10.111000,0.624000,-67,0.000000,7,8
1,12.000000,10.170000,0.590000,-67,0.000000,7,8
1,12.000000,10.302000,0.498000,-67,0.000000,7,8
1,12.000000,10.228000,0.487000,-68,0.000000,7,8
1,12.000000,10.434000,0.539000,-68,0.000000,7,8
1,12.000000,10.990000,0.421000,-68,0.000000,7,8
1,12.000000,10.185000,0.194000,-67,0.000000,7,8
1,12.000000,10.141000,0.448000,-68,0.000000,7,8
1,12.000000,11.303000,0.407000,-69,0.000000,7,8
1,12.000000,10.536000,0.183000,-67,0.000000,7,8
1,12.000000,10.053000,0.386000,-68,0.000000,7,8
1,12.000000,10.345000,0.618000,-68,0.000000,7,8
1,12.000000,10.419000,0.333000,-69,0.000000,7,8
1,12.000000,10.434000,0.443000,-68,0.000000,7,8
1,12.000000,10.009000,0.316000,-68,0.000000,7,8
1,12.000000,10.424000,0.625000,-67,0.000000,7,8
1,12.000000,10.404000,0.863000,-66,0.000000,7,8
1,12.000000,10.111000,0.242000,-65,0.000000,7,8
1,12.000000,10.096000,0.344000,-66,0.000000,7,8
1,12.000000,10.111000,0.501000,-67,0.000000,7,8
1,12.000000,10.419000,0.396000,-68,0.000000,7,8
1,12.000000,10.536000,0.210000,-67,0.000000,7,8
1,12.000000,10.536000,0.253000,-66,0.000000,7,8
1,12.000000,10.038000,0.388000,-66,0.000000,7,8
1,12.000000,10.082000,0.331000,-66,0.000000,7,8
1,12.000000,10.067000,0.568000,-67,0.000000,7,8
1,12.000000,10.023000,0.328000,-67,0.000000,7,8
1,12.000000,10.140000,0.307000,-67,0.000000,7,8
1,12.000000,10.038000,0.211000,-67,0.000000,7,8
1,12.000000,10.243000,0.314000,-67,0.000000,7,8
1,12.000000,9.847000,0.581000,-67,0.000000,7,8
1,12.000000,10.184000,0.413000,-67,0.000000,7,8
1,12.000000,10.009000,0.599000,-67,0.000000,7,8
1,12.000000,10.082000,0.577000,-68,0.000000,7,8
1,12.000000,9.979000,0.564000,-68,0.000000,7,8
1,12.000000,10.243000,0.469000,-67,0.000000,7,8
1,12.000000,9.979000,0.394000,-68,0.000000,7,8
1,12.000000,10.214000,0.552000,-68,0.000000,7,8
1,12.000000,9.906000,0.525000,-68,0.000000,7,8
1,12.000000,10.170000,0.358000,-68,0.000000,7,8
1,12.000000,10.199000,0.336000,-68,0.000000,7,8
1,12.000000,10.199000,0.501000,-68,0.000000,7,8
1,12.000000,10.404000,0.285000,-67,0.000000,7,8
1,12.000000,10.170000,0.393000,-67,0.000000,7,8
1,12.000000,10.243000,0.398000,-67,0.000000,7,8
1,12.000000,10.111000,0.387000,-67,0.000000,7,8
1,12.000000,10.331000,0.573000,-67,0.000000,7,8
1,12.000000,10.126000,0.355000,-67,0.000000,7,8
1,12.000000,10.067000,0.523000,-67,0.000000,7,8
1,12.000000,10.009000,0.468000,-67,0.000000,7,8
1,12.000000,9.965000,0.553000,-67,0.000000,7,8
1,12.000000,10.287000,0.366000,-66,0.000000,7,8
1,12.000000,9.891000,0.414000,-67,0.000000,7,8
1,12.000000,10.097000,0.353000,-67,0.000000,7,8
1,12.000000,10.243000,0.278000,-67,0.000000,7,8
1,12.000000,10.199000,0.388000,-67,0.000000,7,8
1,12.000000,10.038000,0.515000,-67,0.000000,7,8
1,12.000000,10.390000,0.459000,-66,0.000000,7,8
1,12.000000,10.639000,0.246000,-67,0.000000,7,8
1,12.000000,10.419000,0.279000,-67,0.000000,7,8
1,12.000000,10.345000,0.411000,-67,0.000000,7,8
1,12.000000,10.155000,0.312000,-66,0.000000,7,8
1,12.000000,10.463000,0.237000,-67,0.000000,7,8
1,12.000000,10.258000,0.362000,-68,0.000000,7,8
1,12.000000,10.243000,0.586000,-67,0.000000,7,8
1,12.000000,10.155000,0.537000,-67,0.000000,7,8
1,12.000000,10.302000,0.229000,-66,0.000000,7,8
1,12.000000,10.404000,0.238000,-66,0.000000,7,8
1,12.000000,10.243000,0.465000,-67,0.000000,7,8
1,12.000000,10.463000,0.199000,-67,0.000000,7,8
1,12.000000,10.258000,0.296000,-67,0.000000,7,8
1,12.000000,10.272000,0.302000,-67,0.000000,7,8
1,12.000000,10.126000,0.343000,-67,0.000000,7,8
1,12.000000,10.170000,0.406000,-67,0.000000,7,8
1,12.000000,10.287000,0.441000,-67,0.000000,7,8
1,12.000000,11.591000,0.742000,-67,0.000000,7,8
1,12.000000,10.507000,0.746000,-68,0.000000,7,8
1,12.000000,10.199000,0.552000,-68,0.000000,7,8
1,12.000000,10.199000,0.451000,-67,0.000000,7,8
1,12.000000,10.170000,0.436000,-67,0.000000,7,8
1,12.000000,10.272000,0.394000,-66,0.000000,7,8
1,12.000000,10.404000,0.371000,-67,0.000000,7,8
1,12.000000,10.170000,0.303000,-68,0.000000,7,8
1,12.000000,9.906000,0.556000,-68,0.000000,7,8
1,12.000000,9.979000,0.473000,-67,0.000000,7,8
1,12.000000,10.126000,0.412000,-68,0.000000,7,8
1,12.000000,10.126000,0.302000,-67,0.000000,7,8
1,12.000000,10.243000,0.456000,-68,0.000000,7,8
1,12.000000,10.155000,0.419000,-67,0.000000,7,8
1,12.000000,10.096000,0.581000,-67,0.000000,7,8
1,12.000000,9.848000,0.577000,-67,0.000000,7,8
1,12.000000,10.507000,0.408000,-67,0.000000,7,8
1,12.000000,10.067000,0.683000,-68,0.000000,7,8
1,12.000000,10.111000,0.632000,-68,0.000000,7,8
1,12.000000,10.082000,0.426000,-68,0.000000,7,8
1,12.000000,10.038000,0.537000,-68,0.000000,7,8
1,12.000000,10.390000,0.579000,-68,0.000000,7,8
1,12.000000,10.126000,0.473000,-67,0.000000,7,8
1,12.000000,10.067000,0.573000,-67,0.000000,7,8
1,12.000000,10.096000,0.391000,-66,0.000000,7,8
1,12.000000,10.492000,0.263000,-67,0.000000,7,8
1,12.000000,10.433000,0.219000,-67,0.000000,7,8
1,12.000000,10.419000,0.283000,-68,0.000000,7,8
1,12.000000,10.111000,0.375000,-67,0.000000,7,8
1,12.000000,10.185000,0.291000,-67,0.000000,7,8
1,12.000000,10.331000,0.256000,-67,0.000000,7,8
1,12.000000,10.917000,0.193000,-67,0.000000,7,8
1,12.000000,10.697000,0.214000,-67,0.000000,7,8
1,12.000000,10.448000,0.223000,-67,0.000000,7,8
1,12.000000,10.272000,0.308000,-67,0.000000,7,8
1,12.000000,10.140000,0.290000,-67,0.000000,7,8
1,12.000000,10.463000,0.224000,-67,0.000000,7,8
1,12.000000,10.492000,0.208000,-67,0.000000,7,8
1,12.000000,10.433000,0.263000,-67,0.000000,7,8
1,12.000000,10.331000,0.240000,-67,0.000000,7,8
1,12.000000,10.287000,0.200000,-67,0.000000,7,8
1,12.000000,10.331000,0.274000,-67,0.000000,7,8
1,12.000000,10.184000,0.258000,-67,0.000000,7,8
1,12.000000,10.287000,0.321000,-67,0.000000,7,8
1,12.000000,10.243000,0.375000,-67,0.000000,7,8
1,12.000000,10.272000,0.234000,-67,0.000000,7,8
1,12.000000,10.214000,0.233000,-67,0.000000,7,8
1,12.000000,10.053000,0.403000,-67,0.000000,7,8
1,12.000000,10.228000,0.341000,-67,0.000000,7,8
1,12.000000,10.170000,0.432000,-67,0.000000,7,8
1,12.000000,10.170000,0.207000,-68,0.000000,7,8
1,12.000000,10.287000,0.132000,-68,0.000000,7,8
1,12.000000,10.287000,0.173000,-67,0.000000,7,8
1,12.000000,10.390000,0.113000,-68,0.000000,7,8
1,12.000000,10.302000,0.231000,-68,0.000000,7,8
1,12.000000,10.126000,0.403000,-68,0.000000,7,8
1,12.000000,10.038000,0.371000,-68,0.000000,7,8
1,12.000000,10.053000,0.417000,-68,0.000000,7,8
1,12.000000,10.272000,0.326000,-68,0.000000,7,8
1,12.000000,10.243000,0.267000,-68,0.000000,7,8
1,12.000000,10.155000,0.380000,-68,0.000000,7,8
1,12.000000,10.287000,0.144000,-68,0.000000,7,8
1,12.000000,10.155000,0.383000,-68,0.000000,7,8
1,12.000000,10.243000,0.292000,-68,0.000000,7,8
1,12.000000,10.096000,0.383000,-68,0.000000,7,8
1,12.000000,10.111000,0.252000,-68,0.000000,7,8
1,12.000000,10.096000,0.296000,-68,0.000000,7,8
1,12.000000,10.009000,0.341000,-68,0.000000,7,8
1,12.000000,10.038000,0.448000,-68,0.000000,7,8
1,12.000000,10.126000,0.307000,-68,0.000000,7,8
1,12.000000,10.082000,0.344000,-67,0.000000,7,8
1,12.000000,10.126000,0.261000,-67,0.000000,7,8
1,12.000000,10.067000,0.396000,-67,0.000000,7,8
1,12.000000,9.789000,0.691000,-67,0.000000,7,8
1,12.000000,9.979000,0.440000,-67,0.000000,7,8
1,12.000000,10.097000,0.383000,-67,0.000000,7,8
1,12.000000,10.082000,0.219000,-66,0.000000,7,8
1,12.000000,10.053000,0.403000,-66,0.000000,7,8
1,12.000000,10.170000,0.500000,-66,0.000000,7,8
1,12.000000,9.774000,0.609000,-66,0.000000,7,8
1,12.000000,10.141000,0.272000,-68,0.000000,7,8
1,12.000000,10.185000,0.228000,-67,0.000000,7,8
1,12.000000,10.243000,0.574000,-67,0.000000,7,8
1,12.000000,9.906000,0.564000,-68,0.000000,7,8
1,12.000000,9.804000,0.650000,-69,0.000000,7,8
1,12.000000,9.686000,1.033000,-68,0.000000,7,8
1,12.000000,9.716000,1.012000,-68,0.000000,7,8
1,12.000000,9.891000,1.176000,-68,0.000000,7,8
1,12.000000,10.009000,0.823000,-68,0.000000,7,8
1,12.000000,10.141000,0.665000,-68,0.000000,7,8
1,12.000000,10.477000,0.529000,-68,0.000000,7,8
1,12.000000,10.170000,0.495000,-68,0.000000,7,8
1,12.000000,10.258000,0.589000,-68,0.000000,7,8
1,12.000000,10.097000,1.045000,-69,0.000000,7,8
1,12.000000,9.891000,0.978000,-69,0.000000,7,8
1,12.000000,9.906000,0.947000,-69,0.000000,7,8
1,12.000000,10.214000,0.876000,-69,0.000000,7,8
1,12.000000,10.477000,0.865000,-68,0.000000,7,8
1,12.000000,10.302000,0.500000,-68,0.000000,7,8
1,12.000000,10.316000,0.534000,-69,0.000000,7,8
1,12.000000,11.034000,0.670000,-68,0.000000,7,8
1,12.000000,10.741000,0.356000,-68,0.000000,7,8
1,12.000000,10.404000,0.551000,-68,0.000000,7,8
1,12.000000,10.214000,0.390000,-68,0.000000,7,8
1,12.000000,10.302000,0.844000,-68,0.000000,7,8
1,12.000000,10.345000,0.715000,-68,0.000000,7,8
1,12.000000,10.477000,0.256000,-67,0.000000,7,8
1,12.000000,10.390000,0.354000,-68,0.000000,7,8
1,12.000000,10.082000,0.562000,-67,0.000000,7,8
1,12.000000,10.097000,0.645000,-67,0.000000,7,8
1,12.000000,10.023000,0.757000,-68,0.000000,7,8
1,12.000000,10.082000,0.827000,-68,0.000000,7,8
1,12.000000,9.935000,0.856000,-68,0.000000,7,8
1,12.000000,10.053000,0.790000,-68,0.000000,7,8
1,12.000000,10.390000,0.733000,-69,0.000000,7,8
1,12.000000,10.258000,0.496000,-69,0.000000,7,8
1,12.000000,10.243000,0.548000,-68,0.000000,7,8
1,12.000000,10.082000,0.546000,-68,0.000000,7,8
1,12.000000,10.141000,0.649000,-68,0.000000,7,8
1,12.000000,10.287000,0.794000,-68,0.000000,7,8
1,12.000000,10.258000,0.593000,-68,0.000000,7,8
1,12.000000,10.316000,1.129000,-68,0.000000,7,8
1,12.000000,10.082000,0.746000,-67,0.000000,7,8
1,12.000000,10.155000,0.509000,-66,0.000000,7,8
1,12.000000,10.346000,0.376000,-67,0.000000,7,8
1,12.000000,10.228000,0.493000,-67,0.000000,7,8
1,12.000000,10.155000,0.372000,-67,0.000000,7,8
1,12.000000,10.893000,0.445000,-67,0.000000,7,8
1,12.000000,9.979000,0.384000,-67,0.000000,7,8
1,12.000000,10.023000,0.610000,-67,0.000000,7,8
1,12.000000,10.009000,0.476000,-68,0.000000,7,8
1,12.000000,10.443000,0.107000,-67,0.000000,7,8
1,12.000000,11.049000,0.213000,-68,0.000000,7,8
1,12.000000,10.683000,0.183000,-67,0.000000,7,8
1,12.000000,10.346000,0.417000,-68,0.000000,7,8
1,12.000000,10.389000,0.661000,-67,0.000000,7,8
1,12.000000,10.507000,0.327000,-66,0.000000,7,8
1,12.000000,10.082000,0.487000,-66,0.000000,7,8
1,12.000000,10.331000,0.312000,-67,0.000000,7,8
1,12.000000,10.097000,0.438000,-67,0.000000,7,8
1,12.000000,10.272000,0.347000,-67,0.000000,7,8
1,12.000000,10.331000,0.496000,-67,0.000000,7,8
1,12.000000,10.155000,0.230000,-67,0.000000,7,8
1,12.000000,10.551000,0.166000,-66,0.000000,7,8
1,12.000000,9.965000,0.465000,-68,0.000000,7,8
1,12.000000,10.228000,0.566000,-68,0.000000,7,8
1,12.000000,10.141000,0.392000,-67,0.000000,7,8
1,12.000000,10.214000,0.425000,-67,0.000000,7,8
1,12.000000,10.053000,0.840000,-68,0.000000,7,8
1,12.000000,10.170000,0.407000,-67,0.000000,7,8
1,12.000000,10.243000,0.385000,-68,0.000000,7,8
1,12.000000,10.419000,0.312000,-66,0.000000,7,8
1,12.000000,10.185000,0.284000,-67,0.000000,7,8
1,12.000000,10.214000,0.415000,-67,0.000000,7,8
1,12.000000,10.448000,0.466000,-67,0.000000,7,8
1,12.000000,10.463000,0.488000,-68,0.000000,7,8
1,12.000000,10.668000,0.177000,-67,0.000000,7,8
1,12.000000,10.433000,0.454000,-68,0.000000,7,8
1,12.000000,10.023000,0.220000,-68,0.000000,7,8
1,12.000000,9.979000,0.553000,-69,0.000000,7,8
1,12.000000,10.448000,0.368000,-69,0.000000,7,8
1,12.000000,10.199000,0.654000,-68,0.000000,7,8
1,12.000000,10.331000,0.516000,-68,0.000000,7,8
1,12.000000,10.521000,0.359000,-68,0.000000,7,8
1,12.000000,10.507000,0.520000,-67,0.000000,7,8
1,12.000000,10.258000,1.274000,-69,0.000000,7,8
1,12.000000,10.477000,0.570000,-69,0.000000,7,8
1,12.000000,10.565000,0.211000,-69,0.000000,7,8
1,12.000000,10.683000,0.286000,-69,0.000000,7,8
1,12.000000,10.712000,0.219000,-68,0.000000,7,8
1,12.000000,10.463000,0.388000,-68,0.000000,7,8
1,12.000000,10.272000,0.379000,-67,0.000000,7,8
1,12.000000,10.316000,0.261000,-67,0.000000,7,8
1,12.000000,10.404000,0.363000,-68,0.000000,7,8
1,12.000000,10.389000,0.107000,-68,0.000000,7,8
1,12.000000,10.565000,0.667000,-68,0.000000,7,8
1,12.000000,11.068000,0.665000,-67,0.000000,7,8
1,12.000000,10.668000,0.170000,-68,0.000000,7,8
1,12.000000,10.302000,0.292000,-67,0.000000,7,8
1,12.000000,10.097000,0.423000,-68,0.000000,7,8
1,12.000000,10.477000,0.305000,-67,0.000000,7,8
1,12.000000,10.419000,0.336000,-67,0.000000,7,8
1,12.000000,10.111000,0.338000,-69,0.000000,7,8
1,12.000000,10.155000,0.321000,-68,0.000000,7,8
1,12.000000,10.170000,0.479000,-68,0.000000,7,8
1,12.000000,10.214000,0.241000,-68,0.000000,7,8
1,12.000000,10.404000,0.226000,-68,0.000000,7,8
1,12.000000,10.375000,0.275000,-69,0.000000,7,8
1,12.000000,10.287000,0.368000,-68,0.000000,7,8
1,12.000000,10.770000,0.142000,-68,0.000000,7,8
1,12.000000,10.829000,0.222000,-68,0.000000,7,8
1,12.000000,10.170000,0.412000,-69,0.000000,7,8
1,12.000000,10.653000,0.229000,-69,0.000000,7,8
1,12.000000,10.316000,0.412000,-68,0.000000,7,8
1,12.000000,10.287000,0.344000,-68,0.000000,7,8
1,12.000000,10.331000,0.355000,-67,0.000000,7,8
1,12.000000,10.502000,0.976000,-67,0.000000,7,8
1,12.000000,11.146000,0.400000,-68,0.000000,7,8
1,12.000000,10.009000,0.622000,-68,0.000000,7,8
1,12.000000,10.111000,0.391000,-67,0.000000,7,8
1,12.000000,10.302000,0.267000,-66,0.000000,7,8
1,12.000000,10.038000,0.460000,-68,0.000000,7,8
1,12.000000,10.170000,0.550000,-68,0.000000,7,8
1,12.000000,10.434000,0.265000,-68,0.000000,7,8
1,12.000000,9.877000,0.470000,-69,0.000000,7,8
1,12.000000,10.243000,0.447000,-67,0.000000,7,8
1,12.000000,10.346000,0.436000,-67,0.000000,7,8
1,12.000000,10.243000,0.237000,-68,0.000000,7,8
1,12.000000,10.111000,0.640000,-68,0.000000,7,8
1,12.000000,9.994000,0.327000,-67,0.000000,7,8
1,12.000000,10.096000,0.239000,-67,0.000000,7,8
1,12.000000,10.287000,0.208000,-68,0.000000,7,8
1,12.000000,10.126000,0.430000,-67,0.000000,7,8
1,12.000000,9.994000,0.373000,-68,0.000000,7,8
1,12.000000,10.155000,0.279000,-68,0.000000,7,8
1,12.000000,10.111000,0.390000,-67,0.000000,7,8
1,12.000000,9.950000,0.424000,-68,0.000000,7,8
1,12.000000,10.185000,0.338000,-68,0.000000,7,8
1,12.000000,10.390000,0.334000,-67,0.000000,7,8
1,12.000000,10.360000,0.338000,-67,0.000000,7,8
1,12.000000,10.155000,0.430000,-67,0.000000,7,8
1,12.000000,10.082000,0.655000,-67,0.000000,7,8
1,12.000000,10.199000,0.412000,-67,0.000000,7,8
1,12.000000,10.448000,0.356000,-67,0.000000,7,8
1,12.000000,10.390000,0.321000,-67,0.000000,7,8
1,12.000000,10.492000,0.274000,-67,0.000000,7,8
1,12.000000,10.521000,0.316000,-67,0.000000,7,8
1,12.000000,10.829000,0.195000,-67,0.000000,7,8
1,12.000000,10.726000,0.309000,-67,0.000000,7,8
1,12.000000,10.609000,0.211000,-67,0.000000,7,8
1,12.000000,10.624000,0.383000,-67,0.000000,7,8
1,12.000000,10.712000,0.212000,-66,0.000000,7,8
1,12.000000,10.756000,0.117000,-67,0.000000,7,8
1,12.000000,10.595000,0.241000,-67,0.000000,7,8
1,12.000000,10.477000,0.329000,-67,0.000000,7,8
1,12.000000,10.243000,0.390000,-67,0.000000,7,8
1,12.000000,10.434000,0.260000,-67,0.000000,7,8
1,12.000000,10.214000,0.378000,-67,0.000000,7,8
1,12.000000,10.375000,0.316000,-67,0.000000,7,8
1,12.000000,10.360000,0.295000,-67,0.000000,7,8
1,12.000000,10.434000,0.277000,-66,0.000000,7,8
1,12.000000,10.551000,0.123000,-67,0.000000,7,8
1,12.000000,10.668000,0.275000,-67,0.000000,7,8
1,12.000000,10.492000,0.382000,-66,0.000000,7,8
1,12.000000,10.624000,0.332000,-67,0.000000,7,8
1,12.000000,10.492000,0.284000,-67,0.000000,7,8
1,12.000000,10.551000,0.313000,-68,0.000000,7,8
1,12.000000,10.258000,0.332000,-68,0.000000,7,8
1,12.000000,10.302000,0.455000,-68,0.000000,7,8
1,12.000000,10.331000,0.304000,-68,0.000000,7,8
1,12.000000,10.009000,0.408000,-68,0.000000,7,8
1,12.000000,10.199000,0.404000,-68,0.000000,7,8
1,12.000000,10.082000,0.543000,-68,0.000000,7,8
1,12.000000,10.228000,0.348000,-68,0.000000,7,8
1,12.000000,10.258000,0.378000,-68,0.000000,7,8
1,12.000000,10.434000,0.361000,-68,0.000000,7,8
1,12.000000,10.316000,0.404000,-68,0.000000,7,8
1,12.000000,10.214000,0.452000,-68,0.000000,7,8
1,12.000000,10.477000,0.346000,-68,0.000000,7,8
1,12.000000,10.477000,0.253000,-67,0.000000,7,8
1,12.000000,10.521000,0.296000,-67,0.000000,7,8
1,12.000000,10.302000,0.372000,-67,0.000000,7,8
1,12.000000,10.419000,0.404000,-66,0.000000,7,8
1,12.000000,10.419000,0.449000,-67,0.000000,7,8
1,12.000000,10.302000,0.480000,-67,0.000000,7,8
1,12.000000,10.199000,0.514000,-67,0.000000,7,8
1,12.000000,10.170000,0.549000,-67,0.000000,7,8
1,12.000000,10.331000,0.381000,-67,0.000000,7,8
1,12.000000,9.584000,1.286000,-67,0.000000,7,8
1,12.000000,10.521000,0.237000,-67,0.000000,7,8
1,12.000000,10.404000,0.267000,-67,0.000000,7,8
1,12.000000,10.419000,0.355000,-67,0.000000,7,8
1,12.000000,10.521000,0.304000,-67,0.000000,7,8
1,12.000000,11.205000,0.561000,-68,0.000000,7,8
1,12.000000,10.536000,0.389000,-68,0.000000,7,8
1,12.000000,10.507000,0.447000,-68,0.000000,7,8
1,12.000000,10.551000,0.628000,-68,0.000000,7,8
1,12.000000,10.184000,0.429000,-68,0.000000,7,8
1,12.000000,9.994000,0.506000,-68,0.000000,7,8
1,12.000000,10.067000,0.560000,-67,0.000000,7,8
1,12.000000,9.906000,0.607000,-68,0.000000,7,8
1,12.000000,9.862000,0.567000,-67,0.000000,7,8
1,12.000000,9.950000,0.422000,-67,0.000000,7,8
1,12.000000,10.023000,0.590000,-67,0.000000,7,8
1,12.000000,10.038000,0.653000,-67,0.000000,7,8
1,12.000000,10.141000,0.534000,-66,0.000000,7,8
1,12.000000,10.228000,0.327000,-66,0.000000,7,8
1,12.000000,10.346000,0.415000,-66,0.000000,7,8
1,12.000000,10.272000,0.393000,-67,0.000000,7,8
1,12.000000,10.199000,0.576000,-66,0.000000,7,8
1,12.000000,10.434000,0.263000,-66,0.000000,7,8
1,12.000000,10.287000,0.424000,-66,0.000000,7,8
1,12.000000,10.185000,0.517000,-66,0.000000,7,8
1,12.000000,10.331000,0.478000,-66,0.000000,7,8
1,12.000000,10.639000,0.373000,-66,0.000000,7,8
1,12.000000,10.272000,0.495000,-66,0.000000,7,8
1,12.000000,10.375000,0.283000,-66,0.000000,7,8
1,12.000000,10.434000,0.440000,-66,0.000000,7,8
1,12.000000,10.258000,0.286000,-66,0.000000,7,8
1,12.000000,10.228000,0.558000,-66,0.000000,7,8
1,12.000000,10.199000,0.397000,-67,0.000000,7,8
1,12.000000,10.243000,0.349000,-67,0.000000,7,8
1,12.000000,10.331000,0.284000,-67,0.000000,7,8
1,12.000000,10.199000,0.312000,-67,0.000000,7,8
1,12.000000,10.346000,0.401000,-67,0.000000,7,8
1,12.000000,10.346000,0.325000,-67,0.000000,7,8
1,12.000000,10.463000,0.304000,-67,0.000000,7,8
1,12.000000,10.346000,0.359000,-67,0.000000,7,8
1,12.000000,10.287000,0.395000,-67,0.000000,7,8
1,12.000000,10.228000,0.433000,-67,0.000000,7,8
1,12.000000,10.521000,0.367000,-66,0.000000,7,8
1,12.000000,10.448000,0.679000,-66,0.000000,7,8
1,12.000000,10.717000,0.131000,-67,0.000000,7,8
1,12.000000,10.360000,0.403000,-67,0.000000,7,8
1,12.000000,10.624000,0.382000,-67,0.000000,7,8
1,12.000000,10.726000,0.320000,-67,0.000000,7,8
1,12.000000,10.770000,0.435000,-66,0.000000,7,8
1,12.000000,10.600000,0.283000,-66,0.000000,7,8
1,12.000000,10.507000,0.273000,-66,0.000000,7,8
1,12.000000,10.507000,0.243000,-67,0.000000,7,8
1,12.000000,10.639000,0.244000,-66,0.000000,7,8
1,12.000000,10.814000,0.214000,-67,0.000000,7,8
1,12.000000,10.858000,0.255000,-66,0.000000,7,8
1,12.000000,10.609000,0.318000,-67,0.000000,7,8
1,12.000000,10.902000,0.312000,-66,0.000000,7,8
1,12.000000,10.580000,0.227000,-66,0.000000,7,8
1,12.000000,10.726000,0.298000,-66,0.000000,7,8
1,12.000000,10.683000,0.227000,-66,0.000000,7,8
1,12.000000,10.639000,0.203000,-66,0.000000,7,8
1,12.000000,10.536000,0.343000,-67,0.000000,7,8
1,12.000000,10.477000,0.178000,-67,0.000000,7,8
1,12.000000,10.287000,0.222000,-67,0.000000,7,8
1,12.000000,10.404000,0.261000,-67,0.000000,7,8
1,12.000000,10.477000,0.230000,-67,0.000000,7,8
1,12.000000,10.477000,0.439000,-67,0.000000,7,8
1,12.000000,10.521000,0.139000,-66,0.000000,7,8
1,12.000000,10.228000,0.331000,-67,0.000000,7,8
1,12.000000,10.404000,0.439000,-67,0.000000,7,8
1,12.000000,10.272000,0.272000,-67,0.000000,7,8
1,12.000000,10.199000,0.385000,-67,0.000000,7,8
1,12.000000,10.448000,0.331000,-66,0.000000,7,8
1,12.000000,10.404000,0.444000,-66,0.000000,7,8
1,12.000000,10.551000,0.197000,-66,0.000000,7,8
1,12.000000,10.331000,0.331000,-66,0.000000,7,8
1,12.000000,10.448000,0.302000,-66,0.000000,7,8
1,12.000000,10.492000,0.206000,-66,0.000000,7,8
1,12.000000,10.448000,0.543000,-66,0.000000,7,8
1,12.000000,10.595000,0.245000,-66,0.000000,7,8
1,12.000000,10.390000,0.359000,-66,0.000000,7,8
1,12.000000,10.434000,0.239000,-66,0.000000,7,8
1,12.000000,10.316000,0.351000,-67,0.000000,7,8
1,12.000000,10.434000,0.299000,-66,0.000000,7,8
1,12.000000,10.419000,0.234000,-66,0.000000,7,8
1,12.000000,10.258000,0.242000,-66,0.000000,7,8
1,12.000000,10.389000,0.320000,-66,0.000000,7,8
1,12.000000,10.389000,0.399000,-66,0.000000,7,8
1,12.000000,10.375000,0.369000,-66,0.000000,7,8
1,12.000000,10.390000,0.439000,-66,0.000000,7,8
1,12.000000,10.404000,0.517000,-67,0.000000,7,8
1,12.000000,10.302000,0.334000,-67,0.000000,7,8
1,12.000000,10.331000,0.383000,-66,0.000000,7,8
1,12.000000,10.184000,0.415000,-66,0.000000,7,8
1,12.000000,10.375000,0.355000,-66,0.000000,7,8
1,12.000000,10.419000,0.275000,-66,0.000000,7,8
1,12.000000,10.390000,0.316000,-66,0.000000,7,8
1,12.000000,10.375000,0.378000,-66,0.000000,7,8
1,12.000000,10.345000,0.300000,-66,0.000000,7,8
1,12.000000,10.477000,0.269000,-66,0.000000,7,8
1,12.000000,10.463000,0.334000,-66,0.000000,7,8
1,12.000000,10.448000,0.429000,-66,0.000000,7,8
1,12.000000,10.316000,0.328000,-66,0.000000,7,8
1,12.000000,10.375000,0.355000,-67,0.000000,7,8
1,12.000000,10.507000,0.118000,-67,0.000000,7,8
1,12.000000,10.389000,0.451000,-66,0.000000,7,8
1,12.000000,10.199000,0.566000,-67,0.000000,7,8
1,12.000000,10.507000,0.334000,-66,0.000000,7,8
1,12.000000,10.243000,0.462000,-66,0.000000,7,8
1,12.000000,10.155000,0.390000,-66,0.000000,7,8
1,12.000000,10.346000,0.402000,-66,0.000000,7,8
1,12.000000,10.111000,0.431000,-67,0.000000,7,8
1,12.000000,10.155000,0.442000,-67,0.000000,7,8
1,12.000000,10.140000,0.472000,-67,0.000000,7,8
1,12.000000,10.140000,0.435000,-67,0.000000,7,8
1,12.000000,10.155000,0.303000,-67,0.000000,7,8
1,12.000000,10.126000,0.606000,-67,0.000000,7,8
1,12.000000,10.272000,0.382000,-67,0.000000,7,8
1,12.000000,10.360000,0.256000,-67,0.000000,7,8
1,12.000000,10.082000,0.439000,-67,0.000000,7,8
1,12.000000,10.126000,0.370000,-67,0.000000,7,8
1,12.000000,9.979000,0.592000,-67,0.000000,7,8
1,12.000000,10.316000,0.433000,-67,0.000000,7,8
1,12.000000,10.111000,0.583000,-67,0.000000,7,8
1,12.000000,10.258000,0.509000,-67,0.000000,7,8
1,12.000000,10.199000,0.463000,-67,0.000000,7,8
1,12.000000,10.360000,0.399000,-67,0.000000,7,8
1,12.000000,10.346000,0.321000,-67,0.000000,7,8
1,12.000000,10.346000,0.407000,-66,0.000000,7,8
1,12.000000,10.199000,0.413000,-66,0.000000,7,8
1,12.000000,10.228000,0.523000,-66,0.000000,7,8
1,12.000000,10.258000,0.380000,-66,0.000000,7,8
1,12.000000,10.302000,0.405000,-66,0.000000,7,8
1,12.000000,10.477000,0.298000,-66,0.000000,7,8
1,12.000000,10.434000,0.300000,-66,0.000000,7,8
1,12.000000,10.492000,0.397000,-67,0.000000,7,8
1,12.000000,10.404000,0.293000,-66,0.000000,7,8
1,12.000000,10.595000,0.282000,-66,0.000000,7,8
1,12.000000,10.609000,0.365000,-66,0.000000,7,8
1,12.000000,10.170000,0.592000,-66,0.000000,7,8
1,12.000000,10.345000,0.441000,-66,0.000000,7,8
1,12.000000,10.507000,0.339000,-66,0.000000,7,8
1,12.000000,10.316000,0.483000,-66,0.000000,7,8
1,12.000000,10.477000,0.285000,-66,0.000000,7,8
1,12.000000,10.609000,0.421000,-66,0.000000,7,8
1,12.000000,10.551000,0.159000,-66,0.000000,7,8
1,12.000000,10.551000,0.508000,-66,0.000000,7,8
1,12.000000,10.492000,0.313000,-66,0.000000,7,8
1,12.000000,10.434000,0.197000,-66,0.000000,7,8
1,12.000000,10.492000,0.321000,-66,0.000000,7,8
1,12.000000,10.463000,0.250000,-66,0.000000,7,8
1,12.000000,10.448000,0.356000,-66,0.000000,7,8
1,12.000000,10.419000,0.408000,-67,0.000000,7,8
1,12.000000,10.316000,0.392000,-67,0.000000,7,8
1,12.000000,10.082000,0.492000,-67,0.000000,7,8
1,12.000000,10.243000,0.415000,-67,0.000000,7,8
1,12.000000,10.170000,0.444000,-67,0.000000,7,8
1,12.000000,10.390000,0.344000,-67,0.000000,7,8
1,12.000000,10.170000,0.532000,-66,0.000000,7,8
1,12.000000,10.170000,0.607000,-67,0.000000,7,8
1,12.000000,10.185000,0.327000,-67,0.000000,7,8
1,12.000000,10.419000,0.383000,-66,0.000000,7,8
1,12.000000,10.126000,0.492000,-66,0.000000,7,8
1,12.000000,10.419000,0.324000,-66,0.000000,7,8
1,12.000000,10.624000,0.333000,-67,0.000000,7,8
1,12.000000,10.404000,0.609000,-66,0.000000,7,8
1,12.000000,10.316000,0.323000,-66,0.000000,7,8
1,12.000000,10.199000,0.524000,-66,0.000000,7,8
1,12.000000,10.536000,0.277000,-66,0.000000,7,8
1,12.000000,10.390000,0.466000,-67,0.000000,7,8
1,12.000000,10.463000,0.311000,-67,0.000000,7,8
1,12.000000,10.228000,0.471000,-67,0.000000,7,8
1,12.000000,10.214000,0.393000,-67,0.000000,7,8
1,12.000000,10.214000,0.485000,-67,0.000000,7,8
1,12.000000,10.287000,0.488000,-67,0.000000,7,8
1,12.000000,10.448000,0.352000,-67,0.000000,7,8
1,12.000000,10.214000,0.417000,-66,0.000000,7,8
1,12.000000,10.331000,0.263000,-67,0.000000,7,8
1,12.000000,10.346000,0.445000,-67,0.000000,7,8
1,12.000000,10.507000,0.374000,-66,0.000000,7,8
1,12.000000,10.477000,0.415000,-67,0.000000,7,8
1,12.000000,10.316000,0.381000,-66,0.000000,7,8
1,12.000000,10.390000,0.346000,-67,0.000000,7,8
1,12.000000,10.155000,0.427000,-66,0.000000,7,8
1,12.000000,10.096000,0.424000,-66,0.000000,7,8
1,12.000000,10.390000,0.401000,-66,0.000000,7,8
1,12.000000,10.258000,0.512000,-67,0.000000,7,8
1,12.000000,10.287000,0.364000,-66,0.000000,7,8
1,12.000000,10.463000,0.391000,-66,0.000000,7,8
1,12.000000,10.331000,0.464000,-66,0.000000,7,8
1,12.000000,10.463000,0.332000,-66,0.000000,7,8
1,12.000000,10.302000,0.461000,-67,0.000000,7,8
1,12.000000,10.199000,0.522000,-67,0.000000,7,8
1,12.000000,10.477000,0.356000,-67,0.000000,7,8
1,12.000000,10.492000,0.530000,-67,0.000000,7,8
1,12.000000,10.536000,0.308000,-67,0.000000,7,8
1,12.000000,10.185000,0.437000,-67,0.000000,7,8
1,12.000000,10.272000,0.355000,-67,0.000000,7,8
1,12.000000,10.316000,0.396000,-67,0.000000,7,8
1,12.000000,10.492000,0.433000,-67,0.000000,7,8
1,12.000000,10.331000,0.434000,-67,0.000000,7,8
1,12.000000,10.331000,0.369000,-67,0.000000,7,8
1,12.000000,10.463000,0.212000,-67,0.000000,7,8
1,12.000000,10.140000,0.518000,-67,0.000000,7,8
1,12.000000,10.302000,0.436000,-67,0.000000,7,8
1,12.000000,10.199000,0.564000,-67,0.000000,7,8
1,12.000000,10.375000,0.347000,-67,0.000000,7,8
1,12.000000,10.096000,0.332000,-67,0.000000,7,8
1,12.000000,10.258000,0.363000,-67,0.000000,7,8
1,12.000000,10.067000,0.541000,-67,0.000000,7,8
1,12.000000,10.067000,0.400000,-67,0.000000,7,8
1,12.000000,10.038000,0.435000,-67,0.000000,7,8
1,12.000000,10.243000,0.316000,-67,0.000000,7,8
1,12.000000,10.258000,0.347000,-67,0.000000,7,8
1,12.000000,10.170000,0.343000,-67,0.000000,7,8
1,12.000000,10.185000,0.351000,-67,0.000000,7,8
1,12.000000,10.141000,0.352000,-67,0.000000,7,8
1,12.000000,10.199000,0.399000,-67,0.000000,7,8
1,12.000000,10.170000,0.399000,-67,0.000000,7,8
1,12.000000,10.053000,0.458000,-67,0.000000,7,8
1,12.000000,10.184000,0.434000,-67,0.000000,7,8
1,12.000000,10.214000,0.450000,-67,0.000000,7,8
1,12.000000,10.258000,0.384000,-67,0.000000,7,8
1,12.000000,9.950000,0.405000,-67,0.000000,7,8
1,12.000000,10.448000,0.299000,-67,0.000000,7,8
1,12.000000,10.258000,0.324000,-67,0.000000,7,8
1,12.000000,10.434000,0.400000,-67,0.000000,7,8
1,12.000000,10.360000,0.489000,-67,0.000000,7,8
1,12.000000,10.228000,0.423000,-67,0.000000,7,8
1,12.000000,10.258000,0.315000,-67,0.000000,7,8
1,12.000000,10.097000,0.399000,-67,0.000000,7,8
1,12.000000,10.272000,0.361000,-67,0.000000,7,8
1,12.000000,10.067000,0.573000,-67,0.000000,7,8
1,12.000000,10.331000,0.425000,-67,0.000000,7,8
1,12.000000,10.492000,0.312000,-67,0.000000,7,8
1,12.000000,10.463000,0.464000,-67,0.000000,7,8
1,12.000000,10.228000,0.501000,-67,0.000000,7,8
1,12.000000,10.331000,0.431000,-66,0.000000,7,8
1,12.000000,10.404000,0.341000,-67,0.000000,7,8
1,12.000000,10.404000,0.399000,-67,0.000000,7,8
1,12.000000,10.331000,0.436000,-67,0.000000,7,8
1,12.000000,10.214000,0.382000,-66,0.000000,7,8
1,12.000000,10.126000,0.498000,-66,0.000000,7,8
1,12.000000,10.331000,0.481000,-66,0.000000,7,8
1,12.000000,10.258000,0.296000,-66,0.000000,7,8
1,12.000000,10.331000,0.278000,-66,0.000000,7,8
1,12.000000,10.170000,0.458000,-66,0.000000,7,8
1,12.000000,10.287000,0.379000,-66,0.000000,7,8
1,12.000000,10.375000,0.503000,-67,0.000000,7,8
1,12.000000,10.199000,0.604000,-66,0.000000,7,8
1,12.000000,10.258000,0.444000,-66,0.000000,7,8
1,12.000000,10.199000,0.352000,-67,0.000000,7,8
1,12.000000,10.419000,0.393000,-67,0.000000,7,8
1,12.000000,10.390000,0.314000,-67,0.000000,7,8
1,12.000000,10.214000,0.666000,-66,0.000000,7,8
1,12.000000,10.375000,0.429000,-67,0.000000,7,8
1,12.000000,10.448000,0.388000,-67,0.000000,7,8
1,12.000000,10.375000,0.462000,-67,0.000000,7,8
1,12.000000,10.346000,0.405000,-67,0.000000,7,8
1,12.000000,10.463000,0.290000,-66,0.000000,7,8
1,12.000000,10.272000,0.651000,-67,0.000000,7,8
1,12.000000,10.302000,0.430000,-67,0.000000,7,8
1,12.000000,10.287000,0.291000,-67,0.000000,7,8
1,12.000000,10.228000,0.504000,-67,0.000000,7,8
1,12.000000,10.419000,0.358000,-66,0.000000,7,8
1,12.000000,10.287000,0.743000,-67,0.000000,7,8
1,12.000000,10.287000,0.713000,-67,0.000000,7,8
1,12.000000,10.243000,0.744000,-67,0.000000,7,8
1,12.000000,10.331000,0.470000,-66,0.000000,7,8
1,12.000000,10.228000,0.439000,-67,0.000000,7,8
1,12.000000,10.185000,0.737000,-67,0.000000,7,8
1,12.000000,10.126000,0.397000,-67,0.000000,7,8
1,12.000000,10.096000,0.488000,-67,0.000000,7,8
1,12.000000,10.184000,0.684000,-67,0.000000,7,8
1,12.000000,10.316000,0.571000,-67,0.000000,7,8
1,12.000000,10.404000,0.455000,-67,0.000000,7,8
1,12.000000,10.390000,0.376000,-67,0.000000,7,8
1,12.000000,10.360000,0.322000,-67,0.000000,7,8
1,12.000000,10.111000,0.288000,-67,0.000000,7,8
1,12.000000,10.258000,0.499000,-67,0.000000,7,8
1,12.000000,10.170000,0.786000,-67,0.000000,7,8
1,12.000000,10.316000,0.715000,-67,0.000000,7,8
1,12.000000,10.199000,0.537000,-67,0.000000,7,8
1,12.000000,10.390000,0.240000,-67,0.000000,7,8
1,12.000000,10.346000,0.388000,-67,0.000000,7,8
1,12.000000,10.096000,0.580000,-66,0.000000,7,8
1,12.000000,10.287000,0.415000,-66,0.000000,7,8
1,12.000000,10.360000,0.371000,-66,0.000000,7,8
1,12.000000,10.360000,0.464000,-67,0.000000,7,8
1,12.000000,10.258000,0.422000,-67,0.000000,7,8
1,12.000000,10.331000,0.591000,-67,0.000000,7,8
1,12.000000,10.258000,0.476000,-66,0.000000,7,8
1,12.000000,10.492000,0.360000,-67,0.000000,7,8
1,12.000000,10.243000,0.258000,-67,0.000000,7,8
1,12.000000,10.067000,0.477000,-67,0.000000,7,8
1,12.000000,10.185000,0.340000,-67,0.000000,7,8
1,12.000000,10.404000,0.192000,-67,0.000000,7,8
1,12.000000,10.389000,0.267000,-68,0.000000,7,8
1,12.000000,10.346000,0.412000,-67,0.000000,7,8
1,12.000000,10.316000,0.322000,-67,0.000000,7,8
1,12.000000,10.375000,0.559000,-67,0.000000,7,8
1,12.000000,9.994000,0.441000,-67,0.000000,7,8
1,12.000000,10.375000,0.312000,-67,0.000000,7,8
1,12.000000,10.141000,0.640000,-67,0.000000,7,8
1,12.000000,10.331000,0.432000,-67,0.000000,7,8
1,12.000000,10.199000,0.457000,-67,0.000000,7,8
1,12.000000,10.228000,0.515000,-67,0.000000,7,8
1,12.000000,10.023000,0.410000,-67,0.000000,7,8
1,12.000000,10.302000,0.418000,-67,0.000000,7,8
1,12.000000,10.302000,0.501000,-67,0.000000,7,8
1,12.000000,10.199000,0.393000,-66,0.000000,7,8
1,12.000000,10.140000,0.492000,-67,0.000000,7,8
1,12.000000,10.228000,0.372000,-67,0.000000,7,8
1,12.000000,10.199000,0.456000,-67,0.000000,7,8
1,12.000000,10.331000,0.257000,-67,0.000000,7,8
1,12.000000,10.140000,0.582000,-67,0.000000,7,8
1,12.000000,10.082000,0.689000,-67,0.000000,7,8
1,12.000000,10.155000,0.468000,-67,0.000000,7,8
1,12.000000,10.097000,0.578000,-67,0.000000,7,8
1,12.000000,10.155000,0.329000,-68,0.000000,7,8
1,12.000000,9.862000,0.807000,-67,0.000000,7,8
1,12.000000,10.155000,0.372000,-67,0.000000,7,8
1,12.000000,10.009000,0.656000,-67,0.000000,7,8
1,12.000000,10.009000,0.539000,-68,0.000000,7,8
1,12.000000,10.111000,0.501000,-67,0.000000,7,8
1,12.000000,10.170000,0.397000,-67,0.000000,7,8
1,12.000000,10.053000,0.615000,-67,0.000000,7,8
1,12.000000,10.141000,0.368000,-67,0.000000,7,8
1,12.000000,10.111000,0.353000,-67,0.000000,7,8
1,12.000000,10.214000,0.471000,-67,0.000000,7,8
1,12.000000,10.067000,0.649000,-67,0.000000,7,8
1,12.000000,10.082000,0.551000,-67,0.000000,7,8
1,12.000000,10.228000,0.323000,-67,0.000000,7,8
1,12.000000,9.847000,0.550000,-67,0.000000,7,8
1,12.000000,10.082000,0.469000,-67,0.000000,7,8
1,12.000000,9.891000,0.687000,-67,0.000000,7,8
1,12.000000,10.170000,0.338000,-67,0.000000,7,8
1,12.000000,10.067000,0.451000,-67,0.000000,7,8
1,12.000000,10.184000,0.566000,-67,0.000000,7,8
1,12.000000,10.184000,0.511000,-67,0.000000,7,8
1,12.000000,10.009000,0.530000,-67,0.000000,7,8
1,12.000000,10.155000,0.919000,-67,0.000000,7,8
1,12.000000,10.419000,0.516000,-67,0.000000,7,8
1,12.000000,10.302000,0.430000,-67,0.000000,7,8
1,12.000000,10.390000,0.408000,-67,0.000000,7,8
1,12.000000,10.228000,0.436000,-67,0.000000,7,8
1,12.000000,10.565000,0.185000,-67,0.000000,7,8
1,12.000000,10.375000,0.313000,-67,0.000000,7,8
1,12.000000,10.521000,0.199000,-67,0.000000,7,8
1,12.000000,10.609000,0.310000,-67,0.000000,7,8
1,12.000000,10.565000,0.360000,-67,0.000000,7,8
1,12.000000,10.609000,0.270000,-67,0.000000,7,8
1,12.000000,10.639000,0.368000,-68,0.000000,7,8
1,12.000000,10.580000,0.350000,-67,0.000000,7,8
1,12.000000,10.536000,0.289000,-67,0.000000,7,8
1,12.000000,10.302000,0.440000,-67,0.000000,7,8
1,12.000000,10.390000,0.334000,-67,0.000000,7,8
1,12.000000,10.507000,0.387000,-67,0.000000,7,8
1,12.000000,10.331000,0.318000,-67,0.000000,7,8
1,12.000000,10.507000,0.266000,-67,0.000000,7,8
1,12.000000,10.346000,0.348000,-67,0.000000,7,8
1,12.000000,10.390000,0.352000,-67,0.000000,7,8
1,12.000000,10.492000,0.279000,-67,0.000000,7,8
1,12.000000,10.375000,0.383000,-67,0.000000,7,8
1,12.000000,10.331000,0.374000,-67,0.000000,7,8
1,12.000000,10.272000,0.322000,-67,0.000000,7,8
1,12.000000,10.272000,0.537000,-67,0.000000,7,8
1,12.000000,10.433000,0.362000,-67,0.000000,7,8
1,12.000000,10.360000,0.280000,-67,0.000000,7,8
1,12.000000,10.258000,0.372000,-67,0.000000,7,8
1,12.000000,10.434000,0.334000,-67,0.000000,7,8
1,12.000000,10.360000,0.395000,-67,0.000000,7,8
1,12.000000,10.434000,0.233000,-67,0.000000,7,8
1,12.000000,10.360000,0.381000,-67,0.000000,7,8
1,12.000000,10.346000,0.336000,-67,0.000000,7,8
1,12.000000,10.404000,0.302000,-67,0.000000,7,8
1,12.000000,10.521000,0.231000,-67,0.000000,7,8
1,12.000000,10.316000,0.280000,-67,0.000000,7,8
1,12.000000,10.433000,0.227000,-67,0.000000,7,8
1,12.000000,10.375000,0.348000,-67,0.000000,7,8
1,12.000000,10.419000,0.291000,-67,0.000000,7,8
1,12.000000,10.389000,0.326000,-67,0.000000,7,8
1,12.000000,10.492000,0.313000,-67,0.000000,7,8
1,12.000000,10.536000,0.351000,-67,0.000000,7,8
1,12.000000,10.316000,0.547000,-67,0.000000,7,8
1,12.000000,10.434000,0.393000,-67,0.000000,7,8
1,12.000000,10.199000,0.508000,-67,0.000000,7,8
1,12.000000,10.272000,0.448000,-67,0.000000,7,8
1,12.000000,10.243000,0.412000,-67,0.000000,7,8
1,12.000000,10.228000,0.257000,-67,0.000000,7,8
1,12.000000,10.184000,0.380000,-67,0.000000,7,8
1,12.000000,10.316000,0.202000,-67,0.000000,7,8
1,12.000000,10.360000,0.348000,-67,0.000000,7,8
1,12.000000,10.346000,0.397000,-67,0.000000,7,8
1,12.000000,10.096000,0.374000,-67,0.000000,7,8
1,12.000000,10.023000,0.665000,-67,0.000000,7,8
1,12.000000,10.507000,0.173000,-67,0.000000,7,8
1,12.000000,10.199000,0.259000,-67,0.000000,7,8
1,12.000000,10.067000,0.540000,-67,0.000000,7,8
1,12.000000,10.243000,0.301000,-67,0.000000,7,8
1,12.000000,10.390000,0.220000,-67,0.000000,7,8
1,12.000000,10.185000,0.399000,-67,0.000000,7,8
1,12.000000,10.155000,0.410000,-67,0.000000,7,8
1,12.000000,10.492000,0.505000,-67,0.000000,7,8
1,12.000000,10.170000,0.356000,-67,0.000000,7,8
1,12.000000,10.038000,0.740000,-67,0.000000,7,8
1,12.000000,10.141000,0.529000,-67,0.000000,7,8
1,12.000000,10.375000,0.227000,-67,0.000000,7,8
1,12.000000,10.433000,0.353000,-67,0.000000,7,8
1,12.000000,10.536000,0.316000,-67,0.000000,7,8
1,12.000000,10.551000,0.231000,-67,0.000000,7,8
1,12.000000,10.609000,0.133000,-67,0.000000,7,8
1,12.000000,10.404000,0.318000,-67,0.000000,7,8
1,12.000000,10.360000,0.309000,-67,0.000000,7,8
1,12.000000,10.155000,0.562000,-67,0.000000,7,8
1,12.000000,10.228000,0.377000,-67,0.000000,7,8
1,12.000000,10.199000,0.370000,-67,0.000000,7,8
1,12.000000,10.551000,0.155000,-67,0.000000,7,8
1,12.000000,10.316000,0.220000,-67,0.000000,7,8
1,12.000000,10.272000,0.340000,-67,0.000000,7,8
1,12.000000,10.521000,0.181000,-67,0.000000,7,8
1,12.000000,10.580000,0.354000,-67,0.000000,7,8
1,12.000000,10.316000,0.447000,-67,0.000000,7,8
1,12.000000,10.404000,0.324000,-67,0.000000,7,8
1,12.000000,10.477000,0.211000,-67,0.000000,7,8
1,12.000000,10.419000,0.348000,-67,0.000000,7,8
1,12.000000,10.375000,0.405000,-67,0.000000,7,8
1,12.000000,10.331000,0.473000,-67,0.000000,7,8
1,12.000000,10.507000,0.238000,-67,0.000000,7,8
1,12.000000,10.287000,0.409000,-67,0.000000,7,8
1,12.000000,10.287000,0.454000,-67,0.000000,7,8
1,12.000000,10.184000,0.469000,-67,0.000000,7,8
1,12.000000,10.331000,0.425000,-67,0.000000,7,8
1,12.000000,10.316000,0.460000,-67,0.000000,7,8
1,12.000000,10.302000,0.261000,-67,0.000000,7,8
1,12.000000,10.580000,0.255000,-67,0.000000,7,8
1,12.000000,10.360000,0.295000,-67,0.000000,7,8
1,12.000000,10.346000,0.549000,-67,0.000000,7,8
1,12.000000,10.536000,0.357000,-67,0.000000,7,8
1,12.000000,10.419000,0.291000,-67,0.000000,7,8
1,12.000000,10.492000,0.246000,-67,0.000000,7,8
1,12.000000,10.624000,0.333000,-67,0.000000,7,8
1,12.000000,10.433000,0.360000,-67,0.000000,7,8
1,12.000000,10.653000,0.172000,-67,0.000000,7,8
1,12.000000,10.287000,0.456000,-67,0.000000,7,8
1,12.000000,10.390000,0.413000,-67,0.000000,7,8
1,12.000000,10.404000,0.483000,-67,0.000000,7,8
1,12.000000,10.302000,0.600000,-67,0.000000,7,8
1,12.000000,10.009000,0.528000,-67,0.000000,7,8
1,12.000000,10.463000,0.258000,-67,0.000000,7,8
1,12.000000,10.272000,0.487000,-67,0.000000,7,8
1,12.000000,10.316000,0.336000,-67,0.000000,7,8
1,12.000000,10.346000,0.221000,-67,0.000000,7,8
1,12.000000,10.419000,0.281000,-67,0.000000,7,8
1,12.000000,10.243000,0.413000,-67,0.000000,7,8
1,12.000000,10.419000,0.441000,-67,0.000000,7,8
1,12.000000,10.595000,0.375000,-67,0.000000,7,8
1,12.000000,10.536000,0.200000,-67,0.000000,7,8
1,12.000000,10.639000,0.236000,-67,0.000000,7,8
1,12.000000,10.683000,0.236000,-67,0.000000,7,8
1,12.000000,9.057000,1.829000,-67,0.000000,7,8
1,12.000000,10.419000,0.299000,-66,0.000000,7,8
1,12.000000,10.434000,0.220000,-67,0.000000,7,8
1,12.000000,10.433000,0.211000,-66,0.000000,7,8
1,12.000000,10.375000,0.264000,-66,0.000000,7,8
1,12.000000,10.331000,0.258000,-66,0.000000,7,8
1,12.000000,10.477000,0.229000,-67,0.000000,7,8
1,12.000000,10.375000,0.337000,-67,0.000000,7,8
1,12.000000,10.228000,0.365000,-66,0.000000,7,8
1,12.000000,10.228000,0.441000,-66,0.000000,7,8
1,12.000000,10.199000,0.418000,-66,0.000000,7,8
1,12.000000,10.302000,0.230000,-66,0.000000,7,8
1,12.000000,10.521000,0.275000,-66,0.000000,7,8
1,12.000000,10.390000,0.405000,-66,0.000000,7,8
1,12.000000,10.228000,0.449000,-66,0.000000,7,8
1,12.000000,10.463000,0.405000,-66,0.000000,7,8
1,12.000000,10.243000,0.339000,-66,0.000000,7,8
1,12.000000,10.302000,0.246000,-66,0.000000,7,8
1,12.000000,10.375000,0.331000,-66,0.000000,7,8
1,12.000000,10.507000,0.180000,-66,0.000000,7,8
1,12.000000,10.243000,0.399000,-66,0.000000,7,8
1,12.000000,10.170000,0.307000,-66,0.000000,7,8
1,12.000000,10.404000,0.329000,-66,0.000000,7,8
1,12.000000,10.272000,0.420000,-66,0.000000,7,8
1,12.000000,10.360000,0.252000,-66,0.000000,7,8
1,12.000000,10.360000,0.292000,-66,0.000000,7,8
1,12.000000,10.507000,0.226000,-66,0.000000,7,8
1,12.000000,10.404000,0.217000,-66,0.000000,7,8
1,12.000000,10.389000,0.274000,-66,0.000000,7,8
1,12.000000,10.272000,0.488000,-66,0.000000,7,8
1,12.000000,10.375000,0.387000,-67,0.000000,7,8
1,12.000000,10.316000,0.342000,-67,0.000000,7,8
1,12.000000,10.316000,0.514000,-67,0.000000,7,8
1,12.000000,10.375000,0.243000,-67,0.000000,7,8
1,12.000000,10.463000,0.178000,-67,0.000000,7,8
1,12.000000,10.346000,0.307000,-66,0.000000,7,8
1,12.000000,10.375000,0.335000,-66,0.000000,7,8
1,12.000000,10.214000,0.407000,-66,0.000000,7,8
1,12.000000,10.565000,0.129000,-66,0.000000,7,8
1,12.000000,10.419000,0.249000,-66,0.000000,7,8
1,12.000000,10.551000,0.545000,-66,0.000000,7,8
1,12.000000,10.316000,0.303000,-66,0.000000,7,8
1,12.000000,10.316000,0.363000,-67,0.000000,7,8
1,12.000000,10.404000,0.292000,-66,0.000000,7,8
1,12.000000,10.580000,0.353000,-66,0.000000,7,8
1,12.000000,10.419000,0.486000,-66,0.000000,7,8
1,12.000000,10.287000,0.285000,-66,0.000000,7,8
1,12.000000,10.360000,0.396000,-66,0.000000,7,8
1,12.000000,10.360000,0.293000,-66,0.000000,7,8
1,12.000000,10.419000,0.298000,-66,0.000000,7,8
1,12.000000,10.404000,0.406000,-66,0.000000,7,8
1,12.000000,10.448000,0.490000,-66,0.000000,7,8
1,12.000000,10.551000,0.389000,-66,0.000000,7,8
1,12.000000,10.477000,0.189000,-66,0.000000,7,8
1,12.000000,10.390000,0.276000,-66,0.000000,7,8
1,12.000000,10.507000,0.296000,-66,0.000000,7,8
1,12.000000,10.507000,0.353000,-66,0.000000,7,8
1,12.000000,10.463000,0.362000,-66,0.000000,7,8
1,12.000000,10.272000,0.299000,-66,0.000000,7,8
1,12.000000,10.345000,0.344000,-66,0.000000,7,8
1,12.000000,10.316000,0.569000,-67,0.000000,7,8
1,12.000000,10.389000,0.305000,-67,0.000000,7,8
1,12.000000,10.214000,0.328000,-66,0.000000,7,8
1,12.000000,10.185000,0.606000,-67,0.000000,7,8
1,12.000000,10.302000,0.351000,-67,0.000000,7,8
1,12.000000,10.258000,0.605000,-67,0.000000,7,8
1,12.000000,10.331000,0.489000,-67,0.000000,7,8
1,12.000000,10.155000,0.375000,-67,0.000000,7,8
1,12.000000,10.433000,0.184000,-67,0.000000,7,8
1,12.000000,10.492000,0.243000,-66,0.000000,7,8
1,12.000000,10.389000,0.445000,-67,0.000000,7,8
1,12.000000,10.492000,0.256000,-66,0.000000,7,8
1,12.000000,10.477000,0.164000,-67,0.000000,7,8
1,12.000000,10.272000,0.337000,-66,0.000000,7,8
1,12.000000,10.434000,0.368000,-67,0.000000,7,8
1,12.000000,10.331000,0.390000,-67,0.000000,7,8
1,12.000000,10.272000,0.306000,-67,0.000000,7,8
1,12.000000,10.536000,0.270000,-67,0.000000,7,8
1,12.000000,10.477000,0.212000,-67,0.000000,7,8
1,12.000000,10.404000,0.317000,-66,0.000000,7,8
1,12.000000,10.390000,0.277000,-66,0.000000,7,8
1,12.000000,10.214000,0.458000,-67,0.000000,7,8
1,12.000000,10.419000,0.289000,-66,0.000000,7,8
1,12.000000,10.331000,0.432000,-66,0.000000,7,8
1,12.000000,10.404000,0.356000,-66,0.000000,7,8
1,12.000000,10.258000,0.387000,-67,0.000000,7,8
1,12.000000,10.360000,0.284000,-67,0.000000,7,8
1,12.000000,10.360000,0.236000,-66,0.000000,7,8
1,12.000000,10.419000,0.303000,-66,0.000000,7,8
1,12.000000,10.419000,0.302000,-66,0.000000,7,8
1,12.000000,10.302000,0.429000,-66,0.000000,7,8
1,12.000000,10.272000,0.446000,-66,0.000000,7,8
1,12.000000,10.287000,0.538000,-66,0.000000,7,8
1,12.000000,10.082000,0.596000,-67,0.000000,7,8
1,12.000000,10.258000,0.528000,-67,0.000000,7,8
1,12.000000,10.375000,0.449000,-67,0.000000,7,8
1,12.000000,10.082000,0.763000,-67,0.000000,7,8
1,12.000000,10.302000,0.397000,-67,0.000000,7,8
1,12.000000,10.272000,0.467000,-67,0.000000,7,8
1,12.000000,10.272000,0.441000,-67,0.000000,7,8
1,12.000000,10.097000,0.461000,-67,0.000000,7,8
1,12.000000,9.965000,0.828000,-67,0.000000,7,8
1,12.000000,10.038000,0.548000,-67,0.000000,7,8
1,12.000000,9.950000,0.675000,-68,0.000000,7,8
1,12.000000,9.950000,0.556000,-68,0.000000,7,8
1,12.000000,10.096000,0.577000,-68,0.000000,7,8
1,12.000000,10.434000,0.319000,-68,0.000000,7,8
1,12.000000,10.639000,0.744000,-68,0.000000,7,8
1,12.000000,10.619000,0.803000,-67,0.000000,7,8
1,12.000000,10.902000,0.220000,-67,0.000000,7,8
1,12.000000,10.624000,0.271000,-66,0.000000,7,8
1,12.000000,10.448000,0.489000,-66,0.000000,7,8
1,12.000000,10.375000,0.226000,-67,0.000000,7,8
1,12.000000,10.736000,0.681000,-67,0.000000,7,8
1,12.000000,10.375000,0.329000,-67,0.000000,7,8
1,12.000000,10.287000,0.355000,-67,0.000000,7,8
1,12.000000,10.302000,0.292000,-67,0.000000,7,8
1,12.000000,10.389000,0.314000,-67,0.000000,7,8
1,12.000000,10.463000,0.333000,-67,0.000000,7,8
1,12.000000,10.795000,0.123000,-67,0.000000,7,8
1,12.000000,10.638000,0.245000,-67,0.000000,7,8
1,12.000000,10.477000,0.172000,-67,0.000000,7,8
1,12.000000,10.678000,0.213000,-66,0.000000,7,8
1,12.000000,10.448000,0.316000,-66,0.000000,7,8
1,12.000000,10.404000,0.174000,-66,0.000000,7,8
1,12.000000,10.697000,0.239000,-66,0.000000,7,8
1,12.000000,10.433000,0.532000,-67,0.000000,7,8
1,12.000000,10.067000,0.422000,-68,0.000000,7,8
1,12.000000,10.316000,0.283000,-67,0.000000,7,8
1,12.000000,10.463000,0.404000,-67,0.000000,7,8
1,12.000000,10.170000,0.478000,-68,0.000000,7,8
1,12.000000,10.067000,0.391000,-68,0.000000,7,8
1,12.000000,10.155000,0.387000,-68,0.000000,7,8
1,12.000000,10.565000,0.370000,-68,0.000000,7,8
1,12.000000,10.609000,0.342000,-68,0.000000,7,8
1,12.000000,10.360000,0.249000,-68,0.000000,7,8
1,12.000000,10.053000,0.419000,-68,0.000000,7,8
1,12.000000,10.551000,0.307000,-68,0.000000,7,8
1,12.000000,10.946000,0.305000,-68,0.000000,7,8
1,12.000000,10.800000,0.325000,-68,0.000000,7,8
1,12.000000,10.258000,0.573000,-68,0.000000,7,8
1,12.000000,10.272000,0.501000,-67,0.000000,7,8
1,12.000000,10.419000,0.319000,-67,0.000000,7,8
1,12.000000,10.717000,0.145000,-67,0.000000,7,8
1,12.000000,10.946000,0.490000,-68,0.000000,7,8
1,12.000000,10.126000,0.524000,-68,0.000000,7,8
1,12.000000,9.994000,0.711000,-68,0.000000,7,8
1,12.000000,10.243000,0.508000,-68,0.000000,7,8
1,12.000000,10.258000,0.305000,-68,0.000000,7,8
1,12.000000,10.228000,0.415000,-67,0.000000,7,8
1,12.000000,10.228000,0.385000,-67,0.000000,7,8
1,12.000000,10.302000,0.359000,-67,0.000000,7,8
1,12.000000,10.390000,0.270000,-67,0.000000,7,8
1,12.000000,10.214000,0.339000,-67,0.000000,7,8
1,12.000000,10.199000,0.418000,-67,0.000000,7,8
1,12.000000,10.126000,0.444000,-66,0.000000,7,8
1,12.000000,10.316000,0.187000,-66,0.000000,7,8
1,12.000000,10.067000,0.466000,-67,0.000000,7,8
1,12.000000,10.272000,0.349000,-67,0.000000,7,8
1,12.000000,10.185000,0.392000,-67,0.000000,7,8
1,12.000000,10.140000,0.257000,-67,0.000000,7,8
1,12.000000,10.228000,0.337000,-67,0.000000,7,8
1,12.000000,10.360000,0.380000,-66,0.000000,7,8
1,12.000000,10.331000,0.408000,-66,0.000000,7,8
1,12.000000,10.155000,0.431000,-66,0.000000,7,8
1,12.000000,10.184000,0.489000,-66,0.000000,7,8
1,12.000000,10.258000,0.447000,-67,0.000000,7,8
1,12.000000,10.097000,0.335000,-67,0.000000,7,8
1,12.000000,10.155000,0.306000,-67,0.000000,7,8
1,12.000000,10.023000,0.428000,-67,0.000000,7,8
1,12.000000,10.067000,0.531000,-67,0.000000,7,8
1,12.000000,10.287000,0.313000,-67,0.000000,7,8
1,12.000000,10.463000,0.231000,-67,0.000000,7,8
1,12.000000,10.434000,0.289000,-67,0.000000,7,8
1,12.000000,10.346000,0.353000,-67,0.000000,7,8
1,12.000000,10.258000,0.247000,-67,0.000000,7,8
1,12.000000,10.155000,0.361000,-67,0.000000,7,8
1,12.000000,9.965000,0.565000,-67,0.000000,7,8
1,12.000000,10.272000,0.370000,-67,0.000000,7,8
1,12.000000,10.302000,0.337000,-67,0.000000,7,8
1,12.000000,10.302000,0.289000,-67,0.000000,7,8
1,12.000000,10.126000,0.411000,-67,0.000000,7,8
1,12.000000,10.214000,0.495000,-67,0.000000,7,8
1,12.000000,10.419000,0.311000,-67,0.000000,7,8
1,12.000000,10.375000,0.427000,-67,0.000000,7,8
1,12.000000,10.492000,0.307000,-67,0.000000,7,8
1,12.000000,10.346000,0.427000,-67,0.000000,7,8
1,12.000000,10.360000,0.374000,-67,0.000000,7,8
1,12.000000,10.390000,0.343000,-67,0.000000,7,8
1,12.000000,10.507000,0.457000,-67,0.000000,7,8
1,12.000000,10.375000,0.349000,-67,0.000000,7,8
1,12.000000,10.214000,0.483000,-67,0.000000,7,8
1,12.000000,10.258000,0.342000,-67,0.000000,7,8
1,12.000000,10.155000,0.344000,-67,0.000000,7,8
1,12.000000,10.331000,0.344000,-67,0.000000,7,8
1,12.000000,10.258000,0.312000,-67,0.000000,7,8
1,12.000000,10.434000,0.323000,-67,0.000000,7,8
1,12.000000,10.185000,0.671000,-67,0.000000,7,8
1,12.000000,10.360000,0.368000,-67,0.000000,7,8
1,12.000000,10.463000,0.371000,-67,0.000000,7,8
1,12.000000,10.243000,0.457000,-66,0.000000,7,8
1,12.000000,10.404000,0.579000,-66,0.000000,7,8
1,12.000000,10.331000,0.520000,-66,0.000000,7,8
1,12.000000,10.375000,0.387000,-66,0.000000,7,8
1,12.000000,10.551000,0.217000,-66,0.000000,7,8
1,12.000000,10.404000,0.347000,-66,0.000000,7,8
1,12.000000,10.507000,0.242000,-66,0.000000,7,8
1,12.000000,10.228000,0.396000,-66,0.000000,7,8
1,12.000000,10.199000,0.277000,-66,0.000000,7,8
1,12.000000,10.155000,0.455000,-67,0.000000,7,8
1,12.000000,10.375000,0.370000,-66,0.000000,7,8
1,12.000000,10.141000,0.351000,-66,0.000000,7,8
1,12.000000,10.185000,0.373000,-66,0.000000,7,8
1,12.000000,10.302000,0.191000,-66,0.000000,7,8
1,12.000000,10.287000,0.473000,-66,0.000000,7,8
1,12.000000,10.214000,0.523000,-67,0.000000,7,8
1,12.000000,10.141000,0.477000,-67,0.000000,7,8
1,12.000000,10.477000,0.362000,-66,0.000000,7,8
1,12.000000,10.038000,0.534000,-67,0.000000,7,8
1,12.000000,10.243000,0.541000,-66,0.000000,7,8
1,12.000000,10.360000,0.367000,-66,0.000000,7,8
1,12.000000,10.360000,0.367000,-67,0.000000,7,8
1,12.000000,10.258000,0.533000,-67,0.000000,7,8
1,12.000000,10.243000,0.528000,-67,0.000000,7,8
1,12.000000,10.155000,0.533000,-66,0.000000,7,8
1,12.000000,10.302000,0.516000,-67,0.000000,7,8
1,12.000000,10.272000,0.345000,-67,0.000000,7,8
1,12.000000,10.155000,0.468000,-67,0.000000,7,8
1,12.000000,10.404000,0.375000,-67,0.000000,7,8
1,12.000000,10.228000,0.522000,-66,0.000000,7,8
1,12.000000,10.185000,0.531000,-66,0.000000,7,8
1,12.000000,10.316000,0.356000,-66,0.000000,7,8
1,12.000000,10.170000,0.612000,-67,0.000000,7,8
1,12.000000,10.140000,0.673000,-67,0.000000,7,8
1,12.000000,10.375000,0.498000,-67,0.000000,7,8
1,12.000000,10.258000,0.482000,-67,0.000000,7,8
1,12.000000,10.331000,0.481000,-67,0.000000,7,8
1,12.000000,10.272000,0.463000,-67,0.000000,7,8
1,12.000000,10.404000,0.453000,-67,0.000000,7,8
1,12.000000,10.155000,0.609000,-67,0.000000,7,8
1,12.000000,10.243000,0.541000,-67,0.000000,7,8
1,12.000000,10.184000,0.458000,-67,0.000000,7,8
1,12.000000,10.258000,0.298000,-67,0.000000,7,8
1,12.000000,10.155000,0.405000,-67,0.000000,7,8
1,12.000000,9.965000,0.631000,-67,0.000000,7,8
1,12.000000,10.272000,0.482000,-67,0.000000,7,8
1,12.000000,10.155000,0.749000,-67,0.000000,7,8
1,12.000000,10.243000,0.656000,-67,0.000000,7,8
1,12.000000,10.155000,0.426000,-67,0.000000,7,8
1,12.000000,10.170000,0.950000,-67,0.000000,7,8
1,12.000000,10.185000,0.489000,-67,0.000000,7,8
1,12.000000,10.082000,0.320000,-67,0.000000,7,8
1,12.000000,10.185000,0.361000,-67,0.000000,7,8
1,12.000000,10.155000,0.554000,-67,0.000000,7,8
1,12.000000,10.082000,0.652000,-67,0.000000,7,8
1,12.000000,10.067000,0.698000,-67,0.000000,7,8
1,12.000000,10.067000,0.796000,-67,0.000000,7,8
1,12.000000,10.067000,0.714000,-67,0.000000,7,8
1,12.000000,9.979000,0.448000,-67,0.000000,7,8
1,12.000000,10.141000,0.589000,-67,0.000000,7,8
1,12.000000,10.316000,0.589000,-67,0.000000,7,8
1,12.000000,10.038000,0.533000,-67,0.000000,7,8
1,12.000000,10.463000,0.528000,-67,0.000000,7,8
1,12.000000,10.214000,0.566000,-67,0.000000,7,8
1,12.000000,10.287000,0.606000,-67,0.000000,7,8
1,12.000000,10.243000,0.399000,-67,0.000000,7,8
1,12.000000,10.009000,0.503000,-67,0.000000,7,8
1,12.000000,10.082000,0.662000,-67,0.000000,7,8
1,12.000000,10.390000,0.339000,-67,0.000000,7,8
1,12.000000,10.463000,0.442000,-67,0.000000,7,8
1,12.000000,10.185000,0.439000,-67,0.000000,7,8
1,12.000000,10.521000,0.522000,-67,0.000000,7,8
1,12.000000,10.346000,0.440000,-67,0.000000,7,8
1,12.000000,10.258000,0.643000,-67,0.000000,7,8
1,12.000000,10.214000,0.376000,-67,0.000000,7,8
1,12.000000,10.243000,0.508000,-67,0.000000,7,8
1,12.000000,10.287000,0.338000,-67,0.000000,7,8
1,12.000000,10.272000,0.525000,-67,0.000000,7,8
1,12.000000,10.551000,0.370000,-67,0.000000,7,8
1,12.000000,10.390000,0.352000,-67,0.000000,7,8
1,12.000000,10.536000,0.444000,-67,0.000000,7,8
1,12.000000,10.141000,0.493000,-67,0.000000,7,8
1,12.000000,10.580000,0.231000,-67,0.000000,7,8
1,12.000000,10.243000,0.432000,-67,0.000000,7,8
1,12.000000,10.521000,0.416000,-67,0.000000,7,8
1,12.000000,10.419000,0.310000,-67,0.000000,7,8
1,12.000000,10.287000,0.480000,-67,0.000000,7,8
1,12.000000,10.243000,0.447000,-67,0.000000,7,8
1,12.000000,10.067000,0.590000,-67,0.000000,7,8
1,12.000000,10.346000,0.332000,-67,0.000000,7,8
1,12.000000,10.316000,0.446000,-67,0.000000,7,8
1,12.000000,10.448000,0.607000,-66,0.000000,7,8
1,12.000000,10.346000,0.421000,-67,0.000000,7,8
1,12.000000,10.272000,0.358000,-66,0.000000,7,8
1,12.000000,10.272000,0.353000,-66,0.000000,7,8
1,12.000000,10.272000,0.333000,-66,0.000000,7,8
1,12.000000,10.580000,0.273000,-66,0.000000,7,8
1,12.000000,10.551000,0.277000,-66,0.000000,7,8
1,12.000000,10.521000,0.370000,-66,0.000000,7,8
1,12.000000,10.316000,0.303000,-66,0.000000,7,8
1,12.000000,10.609000,0.339000,-66,0.000000,7,8
1,12.000000,10.551000,0.366000,-66,0.000000,7,8
1,12.000000,10.404000,0.279000,-66,0.000000,7,8
1,12.000000,10.316000,0.502000,-66,0.000000,7,8
1,12.000000,10.258000,0.354000,-66,0.000000,7,8
1,12.000000,10.272000,0.428000,-66,0.000000,7,8
1,12.000000,10.404000,0.293000,-66,0.000000,7,8
1,12.000000,10.463000,0.358000,-66,0.000000,7,8
1,12.000000,10.272000,0.452000,-66,0.000000,7,8
1,12.000000,10.360000,0.397000,-66,0.000000,7,8
1,12.000000,10.624000,0.135000,-66,0.000000,7,8
1,12.000000,10.302000,0.492000,-66,0.000000,7,8
1,12.000000,10.228000,0.393000,-66,0.000000,7,8
1,12.000000,10.492000,0.325000,-66,0.000000,7,8
1,12.000000,10.419000,0.439000,-66,0.000000,7,8
1,12.000000,10.258000,0.491000,-66,0.000000,7,8
1,12.000000,10.331000,0.288000,-66,0.000000,7,8
1,12.000000,10.360000,0.363000,-66,0.000000,7,8
1,12.000000,10.184000,0.342000,-67,0.000000,7,8
1,12.000000,10.287000,0.484000,-67,0.000000,7,8
1,12.000000,10.228000,0.326000,-66,0.000000,7,8
1,12.000000,10.346000,0.267000,-67,0.000000,7,8
1,12.000000,10.390000,0.325000,-66,0.000000,7,8
1,12.000000,10.404000,0.277000,-66,0.000000,7,8
1,12.000000,10.316000,0.416000,-66,0.000000,7,8
1,12.000000,10.609000,0.323000,-66,0.000000,7,8
1,12.000000,10.477000,0.229000,-66,0.000000,7,8
1,12.000000,10.272000,0.325000,-66,0.000000,7,8
1,12.000000,10.507000,0.317000,-67,0.000000,7,8
1,12.000000,10.433000,0.312000,-67,0.000000,7,8
1,12.000000,10.448000,0.371000,-67,0.000000,7,8
1,12.000000,10.419000,0.279000,-66,0.000000,7,8
1,12.000000,10.404000,0.329000,-67,0.000000,7,8
1,12.000000,10.316000,0.316000,-67,0.000000,7,8
1,12.000000,10.404000,0.320000,-67,0.000000,7,8
1,12.000000,10.404000,0.227000,-67,0.000000,7,8
1,12.000000,10.346000,0.285000,-67,0.000000,7,8
1,12.000000,10.272000,0.319000,-67,0.000000,7,8
1,12.000000,10.155000,0.539000,-67,0.000000,7,8
1,12.000000,10.331000,0.447000,-67,0.000000,7,8
1,12.000000,10.272000,0.331000,-67,0.000000,7,8
1,12.000000,10.345000,0.303000,-67,0.000000,7,8
1,12.000000,10.272000,0.456000,-67,0.000000,7,8
1,12.000000,10.390000,0.535000,-67,0.000000,7,8
1,12.000000,10.243000,0.571000,-67,0.000000,7,8
1,12.000000,10.155000,0.650000,-67,0.000000,7,8
1,12.000000,10.477000,0.621000,-67,0.000000,7,8
1,12.000000,10.141000,0.438000,-67,0.000000,7,8
1,12.000000,10.390000,0.592000,-67,0.000000,7,8
1,12.000000,10.243000,0.406000,-67,0.000000,7,8
1,12.000000,10.404000,0.266000,-67,0.000000,7,8
1,12.000000,10.419000,0.408000,-67,0.000000,7,8
1,12.000000,10.433000,0.290000,-67,0.000000,7,8
1,12.000000,10.258000,0.327000,-67,0.000000,7,8
1,12.000000,10.434000,0.481000,-67,0.000000,7,8
1,12.000000,10.287000,0.380000,-67,0.000000,7,8
1,12.000000,10.111000,0.672000,-67,0.000000,7,8
1,12.000000,10.214000,0.394000,-67,0.000000,7,8
1,12.000000,10.199000,0.540000,-67,0.000000,7,8
1,12.000000,10.419000,0.533000,-67,0.000000,7,8
1,12.000000,10.302000,0.460000,-67,0.000000,7,8
1,12.000000,10.199000,0.580000,-67,0.000000,7,8
1,12.000000,10.404000,0.245000,-67,0.000000,7,8
1,12.000000,10.389000,0.395000,-67,0.000000,7,8
1,12.000000,10.214000,0.426000,-67,0.000000,7,8
1,12.000000,10.243000,0.267000,-67,0.000000,7,8
1,12.000000,10.214000,0.708000,-67,0.000000,7,8
1,12.000000,10.258000,0.521000,-67,0.000000,7,8
1,12.000000,10.155000,0.578000,-67,0.000000,7,8
1,12.000000,10.316000,0.393000,-67,0.000000,7,8
1,12.000000,10.375000,0.386000,-67,0.000000,7,8
1,12.000000,10.536000,0.436000,-67,0.000000,7,8
1,12.000000,10.331000,0.461000,-67,0.000000,7,8
1,12.000000,10.434000,0.379000,-67,0.000000,7,8
1,12.000000,10.521000,0.255000,-67,0.000000,7,8
1,12.000000,10.507000,0.244000,-67,0.000000,7,8
1,12.000000,10.360000,0.418000,-67,0.000000,7,8
1,12.000000,10.360000,0.485000,-67,0.000000,7,8
1,12.000000,10.272000,0.417000,-67,0.000000,7,8
1,12.000000,10.287000,0.470000,-67,0.000000,7,8
1,12.000000,10.507000,0.411000,-67,0.000000,7,8
1,12.000000,10.228000,0.645000,-67,0.000000,7,8
1,12.000000,10.185000,0.550000,-67,0.000000,7,8
1,12.000000,10.082000,0.742000,-67,0.000000,7,8
1,12.000000,10.272000,0.437000,-67,0.000000,7,8
1,12.000000,10.316000,0.480000,-67,0.000000,7,8
1,12.000000,10.258000,0.412000,-67,0.000000,7,8
1,12.000000,10.067000,0.561000,-67,0.000000,7,8
1,12.000000,10.082000,0.520000,-67,0.000000,7,8
1,12.000000,10.184000,0.546000,-67,0.000000,7,8
1,12.000000,10.389000,0.343000,-67,0.000000,7,8
