1,11.000000,8.744000,1.300000,-58,0.000000,7,8
1,11.000000,8.803000,1.052000,-58,0.000000,7,8
1,11.000000,8.685000,1.099000,-58,0.000000,7,8
1,11.000000,8.803000,1.088000,-58,0.000000,7,8
1,11.000000,8.861000,1.285000,-58,0.000000,7,8
1,11.000000,8.998000,1.107000,-58,0.000000,7,8
1,11.000000,9.389000,0.896000,-59,0.000000,7,8
1,11.000000,9.662000,1.156000,-60,0.000000,7,8
1,11.000000,10.228000,1.057000,-63,0.000000,7,8
1,11.000000,7.562000,1.225000,-67,0.000000,7,8
1,11.000000,7.904000,0.736000,-65,0.000000,7,8
1,11.000000,7.455000,1.005000,-65,0.000000,7,8
1,11.000000,8.178000,0.619000,-64,0.000000,7,8
1,11.000000,8.510000,0.373000,-64,0.000000,7,8
1,11.000000,8.588000,0.238000,-62,0.000000,7,8
1,11.000000,8.139000,0.459000,-61,0.000000,7,8
1,11.000000,7.846000,0.585000,-64,0.000000,7,8
1,11.000000,9.135000,0.411000,-61,0.000000,7,8
1,11.000000,8.217000,0.774000,-61,0.000000,7,8
1,11.000000,8.685000,0.403000,-62,0.000000,7,8
1,11.000000,8.676000,1.402000,-65,0.000000,7,8
1,11.000000,8.158000,0.433000,-57,0.000000,7,8
1,11.000000,8.256000,0.249000,-57,0.000000,7,8
1,11.000000,8.510000,0.447000,-57,0.000000,7,8
1,11.000000,8.119000,0.728000,-59,0.000000,7,8
1,11.000000,8.002000,0.579000,-59,0.000000,7,8
1,11.000000,9.159000,1.867000,-61,0.000000,7,8
1,11.000000,8.646000,0.297000,-61,0.000000,7,8
1,11.000000,8.197000,0.707000,-61,0.000000,7,8
1,11.000000,8.178000,0.402000,-58,0.000000,7,8
1,11.000000,8.471000,0.144000,-56,0.000000,7,8
1,11.000000,7.943000,0.478000,-60,0.000000,7,8
1,11.000000,7.553000,0.768000,-63,0.000000,7,8
1,11.000000,7.885000,0.539000,-61,0.000000,7,8
1,11.000000,7.767000,0.385000,-60,0.000000,7,8
1,11.000000,7.846000,0.651000,-60,0.000000,7,8
1,11.000000,7.943000,0.625000,-59,0.000000,7,8
1,11.000000,8.100000,0.597000,-58,0.000000,7,8
1,11.000000,7.963000,0.729000,-58,0.000000,7,8
1,11.000000,7.787000,0.692000,-60,0.000000,7,8
1,11.000000,8.529000,0.232000,-58,0.000000,7,8
1,11.000000,8.412000,0.447000,-59,0.000000,7,8
1,11.000000,8.334000,0.246000,-59,0.000000,7,8
1,11.000000,8.080000,0.579000,-57,0.000000,7,8
1,11.000000,8.256000,0.238000,-59,0.000000,7,8
1,11.000000,7.982000,0.632000,-60,0.000000,7,8
1,11.000000,8.256000,0.297000,-60,0.000000,7,8
1,11.000000,8.178000,0.655000,-59,0.000000,7,8
1,11.000000,8.275000,0.409000,-61,0.000000,7,8
1,11.000000,8.666000,0.349000,-63,0.000000,7,8
1,11.000000,8.725000,0.250000,-59,0.000000,7,8
1,11.000000,8.607000,0.170000,-62,0.000000,7,8
1,11.000000,8.822000,0.143000,-61,0.000000,7,8
1,11.000000,8.734000,0.286000,-61,0.000000,7,8
1,11.000000,8.764000,0.510000,-64,0.000000,7,8
1,11.000000,8.744000,0.245000,-64,0.000000,7,8
1,11.000000,8.588000,0.302000,-62,0.000000,7,8
1,11.000000,8.412000,0.349000,-63,0.000000,7,8
1,11.000000,7.806000,0.464000,-66,0.000000,7,8
1,11.000000,8.295000,0.224000,-65,0.000000,7,8
1,11.000000,8.134000,0.158000,-62,0.000000,7,8
1,11.000000,8.119000,0.354000,-62,0.000000,7,8
1,11.000000,8.119000,0.314000,-63,0.000000,7,8
1,11.000000,8.280000,0.226000,-61,0.000000,7,8
1,11.000000,8.451000,0.621000,-59,0.000000,7,8
1,11.000000,8.725000,1.833000,-58,0.000000,7,8
1,11.000000,7.753000,0.235000,-61,0.000000,7,8
1,11.000000,8.197000,0.487000,-59,0.000000,7,8
1,11.000000,7.767000,0.574000,-62,0.000000,7,8
1,11.000000,8.099000,0.426000,-62,0.000000,7,8
1,11.000000,8.568000,0.739000,-61,0.000000,7,8
1,11.000000,7.284000,0.543000,-60,0.000000,7,8
1,11.000000,8.646000,1.801000,-62,0.000000,7,8
1,11.000000,7.807000,0.441000,-60,0.000000,7,8
1,11.000000,8.724000,1.324000,-58,0.000000,7,8
1,11.000000,8.178000,0.269000,-60,0.000000,7,8
1,11.000000,8.851000,0.397000,-62,0.000000,7,8
1,11.000000,8.544000,0.504000,-59,0.000000,7,8
1,11.000000,8.334000,0.467000,-60,0.000000,7,8
1,11.000000,8.002000,0.295000,-62,0.000000,7,8
1,11.000000,8.392000,0.352000,-60,0.000000,7,8
1,11.000000,8.217000,0.639000,-61,0.000000,7,8
1,11.000000,8.251000,0.206000,-62,0.000000,7,8
1,11.000000,8.783000,0.436000,-60,0.000000,7,8
1,11.000000,8.471000,0.170000,-59,0.000000,7,8
1,11.000000,8.256000,0.210000,-60,0.000000,7,8
1,11.000000,8.392000,0.366000,-62,0.000000,7,8
1,11.000000,7.728000,0.478000,-63,0.000000,7,8
1,11.000000,8.090000,0.328000,-62,0.000000,7,8
1,11.000000,8.470000,0.307000,-61,0.000000,7,8
1,11.000000,6.991000,0.776000,-61,0.000000,7,8
1,11.000000,7.636000,0.295000,-61,0.000000,7,8
1,11.000000,8.427000,0.651000,-61,0.000000,7,8
1,11.000000,8.427000,0.321000,-60,0.000000,7,8
1,11.000000,8.104000,0.530000,-61,0.000000,7,8
1,11.000000,8.031000,0.770000,-62,0.000000,7,8
1,11.000000,8.627000,1.428000,-62,0.000000,7,8
1,11.000000,8.339000,0.943000,-64,0.000000,7,8
1,11.000000,8.021000,0.443000,-66,0.000000,7,8
1,11.000000,7.787000,0.268000,-67,0.000000,7,8
1,11.000000,7.006000,0.867000,-68,0.000000,7,8
1,11.000000,7.416000,0.934000,-65,0.000000,7,8
1,11.000000,8.373000,0.428000,-62,0.000000,7,8
1,11.000000,8.236000,0.463000,-61,0.000000,7,8
1,11.000000,7.982000,0.573000,-64,0.000000,7,8
1,11.000000,8.080000,0.550000,-67,0.000000,7,8
1,11.000000,7.104000,1.035000,-68,0.000000,7,8
1,11.000000,7.084000,1.301000,-67,0.000000,7,8
1,11.000000,7.474000,0.966000,-67,0.000000,7,8
1,11.000000,6.830000,1.505000,-68,0.000000,7,8
1,11.000000,8.266000,0.800000,-67,0.000000,7,8
1,11.000000,7.611000,1.186000,-66,0.000000,7,8
1,11.000000,8.021000,0.985000,-65,0.000000,7,8
1,11.000000,9.730000,0.868000,-67,0.000000,7,8
1,11.000000,8.607000,1.076000,-67,0.000000,7,8
1,11.000000,7.338000,1.168000,-68,0.000000,7,8
1,11.000000,8.275000,0.646000,-67,0.000000,7,8
1,11.000000,8.783000,0.621000,-67,0.000000,7,8
1,11.000000,8.119000,0.890000,-65,0.000000,7,8
1,11.000000,7.963000,0.765000,-63,0.000000,7,8
1,11.000000,7.924000,0.574000,-63,0.000000,7,8
1,11.000000,8.061000,0.721000,-63,0.000000,7,8
1,11.000000,8.080000,0.677000,-63,0.000000,7,8
1,11.000000,7.474000,0.797000,-64,0.000000,7,8
1,11.000000,8.197000,0.303000,-62,0.000000,7,8
1,11.000000,8.021000,0.374000,-63,0.000000,7,8
1,11.000000,7.592000,0.425000,-64,0.000000,7,8
1,11.000000,7.123000,0.610000,-65,0.000000,7,8
1,11.000000,7.611000,0.559000,-64,0.000000,7,8
1,11.000000,7.592000,0.852000,-62,0.000000,7,8
1,11.000000,7.572000,0.541000,-63,0.000000,7,8
1,11.000000,7.435000,0.707000,-63,0.000000,7,8
1,11.000000,7.221000,0.871000,-63,0.000000,7,8
1,11.000000,7.045000,0.918000,-62,0.000000,7,8
1,11.000000,7.553000,0.649000,-61,0.000000,7,8
1,11.000000,7.611000,0.608000,-60,0.000000,7,8
1,11.000000,7.767000,0.601000,-60,0.000000,7,8
1,11.000000,8.080000,0.472000,-58,0.000000,7,8
1,11.000000,7.943000,0.468000,-60,0.000000,7,8
1,11.000000,7.963000,0.571000,-61,0.000000,7,8
1,11.000000,7.611000,0.858000,-63,0.000000,7,8
1,11.000000,7.806000,0.503000,-60,0.000000,7,8
1,11.000000,7.474000,0.656000,-61,0.000000,7,8
1,11.000000,7.689000,0.576000,-60,0.000000,7,8
1,11.000000,8.100000,0.429000,-58,0.000000,7,8
1,11.000000,7.963000,0.436000,-57,0.000000,7,8
1,11.000000,8.021000,0.557000,-58,0.000000,7,8
1,11.000000,7.943000,0.605000,-59,0.000000,7,8
1,11.000000,7.592000,0.719000,-61,0.000000,7,8
1,11.000000,8.021000,0.489000,-59,0.000000,7,8
1,11.000000,8.061000,0.588000,-59,0.000000,7,8
1,11.000000,8.061000,0.549000,-59,0.000000,7,8
1,11.000000,8.041000,0.412000,-60,0.000000,7,8
1,11.000000,7.924000,0.672000,-60,0.000000,7,8
1,11.000000,7.748000,0.643000,-61,0.000000,7,8
1,11.000000,7.807000,0.628000,-61,0.000000,7,8
1,11.000000,7.806000,0.646000,-63,0.000000,7,8
1,11.000000,7.924000,0.482000,-61,0.000000,7,8
1,11.000000,7.826000,0.429000,-61,0.000000,7,8
1,11.000000,8.158000,0.312000,-60,0.000000,7,8
1,11.000000,8.041000,0.410000,-60,0.000000,7,8
1,11.000000,8.295000,0.321000,-59,0.000000,7,8
1,11.000000,7.885000,0.542000,-60,0.000000,7,8
1,11.000000,7.553000,0.693000,-62,0.000000,7,8
1,11.000000,7.787000,0.755000,-61,0.000000,7,8
1,11.000000,7.806000,0.725000,-62,0.000000,7,8
1,11.000000,7.513000,0.843000,-63,0.000000,7,8
1,11.000000,7.904000,0.750000,-63,0.000000,7,8
1,11.000000,7.826000,0.827000,-63,0.000000,7,8
1,11.000000,7.435000,1.063000,-63,0.000000,7,8
1,11.000000,7.592000,0.933000,-63,0.000000,7,8
1,11.000000,7.963000,0.639000,-63,0.000000,7,8
1,11.000000,7.924000,0.741000,-64,0.000000,7,8
1,11.000000,7.924000,0.844000,-63,0.000000,7,8
1,11.000000,8.100000,0.700000,-61,0.000000,7,8
1,11.000000,8.119000,0.608000,-60,0.000000,7,8
1,11.000000,8.236000,0.521000,-58,0.000000,7,8
1,11.000000,8.295000,0.363000,-59,0.000000,7,8
1,11.000000,7.846000,0.610000,-59,0.000000,7,8
1,11.000000,8.393000,0.399000,-59,0.000000,7,8
1,11.000000,8.217000,0.461000,-58,0.000000,7,8
1,11.000000,8.002000,0.495000,-59,0.000000,7,8
1,11.000000,7.943000,0.604000,-60,0.000000,7,8
1,11.000000,7.807000,0.762000,-60,0.000000,7,8
1,11.000000,7.885000,0.825000,-59,0.000000,7,8
1,11.000000,7.904000,0.657000,-61,0.000000,7,8
1,11.000000,8.002000,0.501000,-60,0.000000,7,8
1,11.000000,8.002000,0.412000,-60,0.000000,7,8
1,11.000000,8.002000,0.549000,-61,0.000000,7,8
1,11.000000,8.060000,0.453000,-60,0.000000,7,8
1,11.000000,8.236000,0.408000,-58,0.000000,7,8
1,11.000000,7.807000,0.420000,-61,0.000000,7,8
1,11.000000,8.197000,0.212000,-58,0.000000,7,8
1,11.000000,8.236000,0.449000,-58,0.000000,7,8
1,11.000000,8.158000,0.307000,-58,0.000000,7,8
1,11.000000,8.002000,0.517000,-59,0.000000,7,8
1,11.000000,7.846000,0.583000,-60,0.000000,7,8
1,11.000000,8.022000,0.455000,-60,0.000000,7,8
1,11.000000,7.787000,0.691000,-61,0.000000,7,8
1,11.000000,7.904000,0.550000,-60,0.000000,7,8
1,11.000000,7.865000,0.563000,-61,0.000000,7,8
1,11.000000,7.377000,0.840000,-61,0.000000,7,8
1,11.000000,7.748000,0.674000,-62,0.000000,7,8
1,11.000000,7.787000,0.647000,-62,0.000000,7,8
1,11.000000,7.435000,0.765000,-62,0.000000,7,8
1,11.000000,7.553000,0.915000,-62,0.000000,7,8
1,11.000000,7.260000,0.849000,-62,0.000000,7,8
1,11.000000,7.767000,0.688000,-61,0.000000,7,8
1,11.000000,7.533000,0.778000,-62,0.000000,7,8
1,11.000000,7.631000,0.648000,-62,0.000000,7,8
1,11.000000,7.611000,0.767000,-62,0.000000,7,8
1,11.000000,7.728000,0.664000,-62,0.000000,7,8
1,11.000000,7.611000,0.776000,-62,0.000000,7,8
1,11.000000,7.670000,0.770000,-62,0.000000,7,8
1,11.000000,7.377000,0.871000,-61,0.000000,7,8
1,11.000000,7.572000,0.769000,-62,0.000000,7,8
1,11.000000,7.689000,0.802000,-61,0.000000,7,8
1,11.000000,7.768000,0.729000,-61,0.000000,7,8
1,11.000000,7.787000,0.742000,-62,0.000000,7,8
1,11.000000,7.572000,0.665000,-62,0.000000,7,8
1,11.000000,7.904000,0.509000,-62,0.000000,7,8
1,11.000000,7.709000,0.531000,-63,0.000000,7,8
1,11.000000,7.865000,0.678000,-62,0.000000,7,8
1,11.000000,7.279000,1.116000,-62,0.000000,7,8
1,11.000000,7.885000,0.893000,-62,0.000000,7,8
1,11.000000,7.982000,0.697000,-61,0.000000,7,8
1,11.000000,8.002000,0.619000,-62,0.000000,7,8
1,11.000000,7.943000,0.619000,-61,0.000000,7,8
1,11.000000,8.236000,0.507000,-61,0.000000,7,8
1,11.000000,9.115000,2.027000,-61,0.000000,7,8
1,11.000000,7.846000,0.823000,-61,0.000000,7,8
1,11.000000,8.353000,0.445000,-62,0.000000,7,8
1,11.000000,8.158000,0.518000,-62,0.000000,7,8
1,11.000000,7.377000,0.955000,-63,0.000000,7,8
1,11.000000,7.416000,0.921000,-65,0.000000,7,8
1,11.000000,7.924000,0.656000,-62,0.000000,7,8
1,11.000000,8.334000,0.365000,-60,0.000000,7,8
1,11.000000,8.510000,0.180000,-61,0.000000,7,8
1,11.000000,8.158000,0.757000,-60,0.000000,7,8
1,11.000000,7.963000,0.444000,-60,0.000000,7,8
1,11.000000,7.943000,0.325000,-59,0.000000,7,8
1,11.000000,8.041000,0.536000,-59,0.000000,7,8
1,11.000000,8.158000,0.496000,-58,0.000000,7,8
1,11.000000,7.807000,0.508000,-60,0.000000,7,8
1,11.000000,7.670000,0.579000,-60,0.000000,7,8
1,11.000000,7.806000,0.707000,-61,0.000000,7,8
1,11.000000,7.787000,0.780000,-60,0.000000,7,8
1,11.000000,7.670000,0.565000,-60,0.000000,7,8
1,11.000000,7.689000,0.715000,-60,0.000000,7,8
1,11.000000,7.631000,0.514000,-59,0.000000,7,8
1,11.000000,7.826000,0.559000,-58,0.000000,7,8
1,11.000000,7.670000,0.664000,-59,0.000000,7,8
1,11.000000,7.709000,0.612000,-59,0.000000,7,8
1,11.000000,7.553000,0.793000,-60,0.000000,7,8
1,11.000000,7.846000,0.599000,-60,0.000000,7,8
1,11.000000,8.002000,0.342000,-58,0.000000,7,8
1,11.000000,7.982000,0.381000,-59,0.000000,7,8
1,11.000000,8.295000,0.478000,-58,0.000000,7,8
1,11.000000,8.099000,0.321000,-57,0.000000,7,8
1,11.000000,8.100000,0.246000,-57,0.000000,7,8
1,11.000000,7.631000,0.574000,-58,0.000000,7,8
1,11.000000,7.904000,0.340000,-59,0.000000,7,8
1,11.000000,8.060000,0.415000,-58,0.000000,7,8
1,11.000000,8.080000,0.527000,-58,0.000000,7,8
1,11.000000,8.353000,0.306000,-58,0.000000,7,8
1,11.000000,7.987000,0.454000,-60,0.000000,7,8
1,11.000000,7.958000,0.151000,-60,0.000000,7,8
1,11.000000,8.265000,0.239000,-59,0.000000,7,8
1,11.000000,8.178000,0.353000,-59,0.000000,7,8
1,11.000000,8.217000,0.388000,-60,0.000000,7,8
1,11.000000,8.412000,0.397000,-60,0.000000,7,8
1,11.000000,7.963000,0.516000,-60,0.000000,7,8
1,11.000000,8.217000,0.389000,-60,0.000000,7,8
1,11.000000,8.178000,0.412000,-60,0.000000,7,8
1,11.000000,7.904000,0.584000,-60,0.000000,7,8
1,11.000000,7.943000,0.413000,-61,0.000000,7,8
1,11.000000,8.119000,0.429000,-61,0.000000,7,8
1,11.000000,7.963000,0.466000,-60,0.000000,7,8
1,11.000000,7.846000,0.617000,-61,0.000000,7,8
1,11.000000,8.119000,0.481000,-61,0.000000,7,8
1,11.000000,8.100000,0.544000,-60,0.000000,7,8
1,11.000000,7.943000,0.534000,-60,0.000000,7,8
1,11.000000,8.061000,0.646000,-60,0.000000,7,8
1,11.000000,8.060000,0.607000,-61,0.000000,7,8
1,11.000000,8.139000,0.519000,-60,0.000000,7,8
1,11.000000,7.826000,0.676000,-60,0.000000,7,8
1,11.000000,8.158000,0.397000,-60,0.000000,7,8
1,11.000000,8.080000,0.496000,-60,0.000000,7,8
1,11.000000,8.236000,0.514000,-61,0.000000,7,8
1,11.000000,7.846000,0.599000,-60,0.000000,7,8
1,11.000000,8.080000,0.435000,-59,0.000000,7,8
1,11.000000,8.080000,0.507000,-60,0.000000,7,8
1,11.000000,8.158000,0.358000,-60,0.000000,7,8
1,11.000000,7.787000,0.580000,-60,0.000000,7,8
1,11.000000,7.904000,0.645000,-60,0.000000,7,8
1,11.000000,7.943000,0.440000,-60,0.000000,7,8
1,11.000000,8.080000,0.454000,-60,0.000000,7,8
1,11.000000,8.002000,0.501000,-60,0.000000,7,8
1,11.000000,7.924000,0.511000,-60,0.000000,7,8
1,11.000000,8.100000,0.419000,-61,0.000000,7,8
1,11.000000,7.826000,0.693000,-60,0.000000,7,8
1,11.000000,7.865000,0.617000,-60,0.000000,7,8
1,11.000000,7.807000,0.615000,-60,0.000000,7,8
1,11.000000,7.728000,0.686000,-60,0.000000,7,8
1,11.000000,7.865000,0.630000,-60,0.000000,7,8
1,11.000000,7.846000,0.758000,-60,0.000000,7,8
1,11.000000,7.924000,0.634000,-60,0.000000,7,8
1,11.000000,7.885000,0.622000,-60,0.000000,7,8
1,11.000000,7.885000,0.648000,-60,0.000000,7,8
1,11.000000,7.709000,0.695000,-60,0.000000,7,8
1,11.000000,7.709000,0.677000,-60,0.000000,7,8
1,11.000000,7.787000,0.641000,-60,0.000000,7,8
1,11.000000,7.904000,0.559000,-60,0.000000,7,8
1,11.000000,7.865000,0.667000,-59,0.000000,7,8
1,11.000000,7.846000,0.622000,-60,0.000000,7,8
1,11.000000,8.021000,0.516000,-60,0.000000,7,8
1,11.000000,8.061000,0.519000,-60,0.000000,7,8
1,11.000000,7.865000,0.537000,-60,0.000000,7,8
1,11.000000,7.963000,0.540000,-60,0.000000,7,8
1,11.000000,8.314000,0.468000,-59,0.000000,7,8
1,11.000000,7.963000,0.595000,-60,0.000000,7,8
1,11.000000,8.099000,0.498000,-60,0.000000,7,8
1,11.000000,7.650000,0.734000,-60,0.000000,7,8
1,11.000000,7.982000,0.588000,-60,0.000000,7,8
1,11.000000,7.885000,0.651000,-60,0.000000,7,8
1,11.000000,7.748000,0.691000,-60,0.000000,7,8
1,11.000000,7.924000,0.561000,-60,0.000000,7,8
1,11.000000,8.139000,0.533000,-60,0.000000,7,8
1,11.000000,8.002000,0.501000,-61,0.000000,7,8
1,11.000000,7.416000,0.850000,-61,0.000000,7,8
1,11.000000,7.943000,0.638000,-60,0.000000,7,8
1,11.000000,7.416000,0.937000,-62,0.000000,7,8
1,11.000000,7.318000,1.023000,-63,0.000000,7,8
1,11.000000,7.982000,0.618000,-63,0.000000,7,8
1,11.000000,8.060000,0.535000,-63,0.000000,7,8
1,11.000000,7.963000,0.506000,-64,0.000000,7,8
1,11.000000,8.100000,0.537000,-61,0.000000,7,8
1,11.000000,8.236000,0.392000,-62,0.000000,7,8
1,11.000000,7.611000,0.923000,-62,0.000000,7,8
1,11.000000,8.236000,0.520000,-61,0.000000,7,8
1,11.000000,8.353000,0.698000,-61,0.000000,7,8
1,11.000000,8.021000,0.580000,-62,0.000000,7,8
1,11.000000,8.002000,0.459000,-62,0.000000,7,8
1,11.000000,8.002000,0.688000,-62,0.000000,7,8
1,11.000000,8.139000,0.532000,-60,0.000000,7,8
1,11.000000,8.158000,0.731000,-62,0.000000,7,8
1,11.000000,8.178000,0.684000,-62,0.000000,7,8
1,11.000000,8.314000,0.558000,-61,0.000000,7,8
1,11.000000,8.939000,0.388000,-61,0.000000,7,8
1,11.000000,7.963000,0.783000,-65,0.000000,7,8
1,11.000000,8.685000,0.523000,-63,0.000000,7,8
1,11.000000,8.041000,0.979000,-63,0.000000,7,8
1,11.000000,7.709000,0.932000,-65,0.000000,7,8
1,11.000000,7.553000,1.080000,-63,0.000000,7,8
1,11.000000,7.885000,0.805000,-63,0.000000,7,8
1,11.000000,8.139000,0.606000,-62,0.000000,7,8
1,11.000000,8.139000,0.552000,-61,0.000000,7,8
1,11.000000,8.197000,0.469000,-60,0.000000,7,8
1,11.000000,7.924000,0.667000,-59,0.000000,7,8
1,11.000000,7.924000,0.733000,-61,0.000000,7,8
1,11.000000,8.100000,0.727000,-60,0.000000,7,8
1,11.000000,8.295000,0.541000,-59,0.000000,7,8
1,11.000000,8.178000,0.509000,-61,0.000000,7,8
1,11.000000,7.885000,0.644000,-61,0.000000,7,8
1,11.000000,8.002000,0.553000,-61,0.000000,7,8
1,11.000000,7.553000,0.793000,-63,0.000000,7,8
1,11.000000,7.826000,0.795000,-62,0.000000,7,8
1,11.000000,7.474000,0.771000,-63,0.000000,7,8
1,11.000000,8.275000,0.421000,-62,0.000000,7,8
1,11.000000,8.217000,0.504000,-61,0.000000,7,8
1,11.000000,8.139000,0.441000,-62,0.000000,7,8
1,11.000000,8.275000,0.476000,-62,0.000000,7,8
1,11.000000,8.275000,0.644000,-62,0.000000,7,8
1,11.000000,8.002000,0.711000,-63,0.000000,7,8
1,11.000000,7.846000,0.769000,-62,0.000000,7,8
1,11.000000,7.748000,0.656000,-62,0.000000,7,8
1,11.000000,7.787000,0.602000,-61,0.000000,7,8
1,11.000000,7.846000,0.473000,-62,0.000000,7,8
1,11.000000,7.670000,0.515000,-63,0.000000,7,8
1,11.000000,8.158000,0.573000,-62,0.000000,7,8
1,11.000000,7.943000,0.797000,-61,0.000000,7,8
1,11.000000,8.236000,0.613000,-60,0.000000,7,8
1,11.000000,8.314000,0.639000,-61,0.000000,7,8
1,11.000000,8.627000,0.915000,-64,0.000000,7,8
1,11.000000,8.021000,0.908000,-62,0.000000,7,8
1,11.000000,8.275000,0.833000,-62,0.000000,7,8
1,11.000000,9.428000,0.477000,-61,0.000000,7,8
1,11.000000,8.744000,0.642000,-61,0.000000,7,8
1,11.000000,8.705000,0.572000,-61,0.000000,7,8
1,11.000000,8.588000,0.694000,-60,0.000000,7,8
1,11.000000,8.510000,0.621000,-60,0.000000,7,8
1,11.000000,9.213000,0.388000,-60,0.000000,7,8
1,11.000000,9.393000,0.153000,-61,0.000000,7,8
1,11.000000,9.193000,0.329000,-61,0.000000,7,8
1,11.000000,9.408000,0.402000,-61,0.000000,7,8
1,11.000000,9.642000,0.593000,-61,0.000000,7,8
1,11.000000,9.076000,0.402000,-60,0.000000,7,8
1,11.000000,8.783000,0.598000,-60,0.000000,7,8
1,11.000000,8.920000,0.445000,-60,0.000000,7,8
1,11.000000,8.490000,0.721000,-60,0.000000,7,8
1,11.000000,8.685000,0.493000,-60,0.000000,7,8
1,11.000000,9.193000,0.365000,-61,0.000000,7,8
1,11.000000,9.154000,0.374000,-61,0.000000,7,8
1,11.000000,9.310000,0.143000,-61,0.000000,7,8
1,11.000000,9.467000,0.521000,-61,0.000000,7,8
1,11.000000,9.193000,0.247000,-61,0.000000,7,8
1,11.000000,8.764000,0.398000,-61,0.000000,7,8
1,11.000000,8.627000,0.634000,-61,0.000000,7,8
1,11.000000,8.803000,0.565000,-60,0.000000,7,8
1,11.000000,9.115000,0.677000,-60,0.000000,7,8
1,11.000000,8.803000,0.529000,-60,0.000000,7,8
1,11.000000,9.804000,0.761000,-60,0.000000,7,8
1,11.000000,8.451000,0.680000,-61,0.000000,7,8
1,11.000000,8.412000,0.637000,-61,0.000000,7,8
1,11.000000,8.256000,0.685000,-61,0.000000,7,8
1,11.000000,8.471000,0.709000,-61,0.000000,7,8
1,11.000000,8.471000,0.612000,-61,0.000000,7,8
1,11.000000,8.431000,0.704000,-61,0.000000,7,8
1,11.000000,9.252000,0.720000,-62,0.000000,7,8
1,11.000000,9.701000,0.541000,-61,0.000000,7,8
1,11.000000,9.213000,0.747000,-61,0.000000,7,8
1,11.000000,9.252000,0.484000,-62,0.000000,7,8
1,11.000000,7.982000,1.019000,-62,0.000000,7,8
1,11.000000,9.057000,0.586000,-62,0.000000,7,8
1,11.000000,9.057000,0.573000,-63,0.000000,7,8
1,11.000000,8.119000,0.934000,-63,0.000000,7,8
1,11.000000,9.447000,0.938000,-63,0.000000,7,8
1,11.000000,9.291000,1.110000,-63,0.000000,7,8
1,11.000000,9.252000,0.903000,-63,0.000000,7,8
1,11.000000,9.076000,0.390000,-63,0.000000,7,8
1,11.000000,9.213000,0.929000,-63,0.000000,7,8
1,11.000000,8.471000,0.672000,-63,0.000000,7,8
1,11.000000,9.349000,1.038000,-63,0.000000,7,8
1,11.000000,8.666000,0.722000,-63,0.000000,7,8
1,11.000000,9.017000,0.388000,-63,0.000000,7,8
1,11.000000,9.789000,1.356000,-63,0.000000,7,8
1,11.000000,9.135000,0.718000,-63,0.000000,7,8
1,11.000000,9.804000,1.140000,-63,0.000000,7,8
1,11.000000,9.716000,1.126000,-63,0.000000,7,8
1,11.000000,9.672000,1.587000,-63,0.000000,7,8
1,11.000000,9.818000,0.740000,-63,0.000000,7,8
1,11.000000,9.921000,0.936000,-63,0.000000,7,8
1,11.000000,9.740000,0.338000,-62,0.000000,7,8
1,11.000000,9.799000,0.640000,-62,0.000000,7,8
1,11.000000,9.701000,0.752000,-62,0.000000,7,8
1,11.000000,9.232000,1.126000,-62,0.000000,7,8
1,11.000000,9.721000,1.465000,-62,0.000000,7,8
1,11.000000,9.213000,1.554000,-62,0.000000,7,8
1,11.000000,8.490000,1.061000,-61,0.000000,7,8
1,11.000000,7.787000,1.123000,-62,0.000000,7,8
1,11.000000,7.650000,1.159000,-61,0.000000,7,8
1,11.000000,7.670000,1.220000,-61,0.000000,7,8
1,11.000000,8.275000,0.877000,-61,0.000000,7,8
1,11.000000,8.392000,1.200000,-61,0.000000,7,8
1,11.000000,7.767000,1.062000,-61,0.000000,7,8
1,11.000000,7.826000,1.087000,-61,0.000000,7,8
1,11.000000,8.490000,1.142000,-61,0.000000,7,8
1,11.000000,8.139000,0.950000,-61,0.000000,7,8
1,11.000000,8.353000,0.880000,-62,0.000000,7,8
1,11.000000,7.982000,1.090000,-61,0.000000,7,8
1,11.000000,8.139000,0.986000,-62,0.000000,7,8
1,11.000000,8.217000,0.915000,-61,0.000000,7,8
1,11.000000,8.275000,0.868000,-61,0.000000,7,8
1,11.000000,7.963000,0.982000,-61,0.000000,7,8
1,11.000000,8.197000,1.050000,-61,0.000000,7,8
1,11.000000,7.943000,1.080000,-61,0.000000,7,8
1,11.000000,8.158000,0.990000,-61,0.000000,7,8
1,11.000000,7.533000,1.286000,-61,0.000000,7,8
1,11.000000,7.650000,1.253000,-61,0.000000,7,8
1,11.000000,7.807000,1.193000,-62,0.000000,7,8
1,11.000000,8.158000,1.027000,-62,0.000000,7,8
1,11.000000,8.490000,1.028000,-61,0.000000,7,8
1,11.000000,8.451000,0.887000,-61,0.000000,7,8
1,11.000000,7.748000,1.220000,-61,0.000000,7,8
1,11.000000,8.236000,1.001000,-62,0.000000,7,8
1,11.000000,8.510000,0.947000,-61,0.000000,7,8
1,11.000000,9.193000,1.429000,-62,0.000000,7,8
1,11.000000,7.709000,1.224000,-62,0.000000,7,8
1,11.000000,8.705000,1.302000,-62,0.000000,7,8
1,11.000000,8.021000,1.063000,-62,0.000000,7,8
1,11.000000,7.885000,1.080000,-62,0.000000,7,8
1,11.000000,7.963000,1.072000,-61,0.000000,7,8
1,11.000000,8.392000,0.936000,-61,0.000000,7,8
1,11.000000,8.803000,1.320000,-61,0.000000,7,8
1,11.000000,9.369000,1.735000,-61,0.000000,7,8
1,11.000000,9.838000,0.716000,-61,0.000000,7,8
1,11.000000,10.092000,1.373000,-62,0.000000,7,8
1,11.000000,9.310000,0.925000,-62,0.000000,7,8
1,11.000000,9.369000,1.029000,-61,0.000000,7,8
1,11.000000,10.009000,1.666000,-61,0.000000,7,8
1,11.000000,8.685000,0.877000,-61,0.000000,7,8
1,11.000000,9.564000,1.784000,-61,0.000000,7,8
1,11.000000,9.076000,0.530000,-61,0.000000,7,8
1,11.000000,8.803000,0.653000,-60,0.000000,7,8
1,11.000000,7.982000,0.901000,-61,0.000000,7,8
1,11.000000,9.017000,1.097000,-60,0.000000,7,8
1,11.000000,8.100000,0.915000,-60,0.000000,7,8
1,11.000000,8.178000,0.764000,-60,0.000000,7,8
1,11.000000,8.471000,0.592000,-61,0.000000,7,8
1,11.000000,8.646000,0.488000,-61,0.000000,7,8
1,11.000000,9.017000,0.685000,-61,0.000000,7,8
1,11.000000,9.096000,0.647000,-61,0.000000,7,8
1,11.000000,8.178000,0.846000,-61,0.000000,7,8
1,11.000000,8.392000,0.723000,-61,0.000000,7,8
1,11.000000,9.935000,1.393000,-61,0.000000,7,8
1,11.000000,9.892000,1.246000,-61,0.000000,7,8
1,11.000000,8.803000,0.689000,-61,0.000000,7,8
1,11.000000,9.891000,0.345000,-61,0.000000,7,8
1,11.000000,9.506000,0.688000,-60,0.000000,7,8
1,11.000000,8.900000,0.508000,-61,0.000000,7,8
1,11.000000,9.862000,0.434000,-61,0.000000,7,8
1,11.000000,8.217000,0.907000,-60,0.000000,7,8
1,11.000000,8.139000,0.916000,-61,0.000000,7,8
1,11.000000,8.412000,0.691000,-60,0.000000,7,8
1,11.000000,8.783000,0.497000,-61,0.000000,7,8
1,11.000000,8.822000,0.376000,-61,0.000000,7,8
1,11.000000,8.588000,0.560000,-61,0.000000,7,8
1,11.000000,8.803000,0.490000,-61,0.000000,7,8
1,11.000000,8.900000,0.377000,-61,0.000000,7,8
1,11.000000,9.115000,0.304000,-61,0.000000,7,8
1,11.000000,8.724000,0.406000,-60,0.000000,7,8
1,11.000000,8.744000,0.483000,-60,0.000000,7,8
1,11.000000,8.978000,0.355000,-61,0.000000,7,8
1,11.000000,8.646000,0.511000,-61,0.000000,7,8
1,11.000000,8.783000,0.433000,-60,0.000000,7,8
1,11.000000,8.764000,0.436000,-61,0.000000,7,8
1,11.000000,9.037000,0.340000,-61,0.000000,7,8
1,11.000000,8.783000,0.448000,-61,0.000000,7,8
1,11.000000,9.271000,0.285000,-61,0.000000,7,8
1,11.000000,9.271000,0.440000,-61,0.000000,7,8
1,11.000000,8.666000,0.551000,-61,0.000000,7,8
1,11.000000,8.627000,0.607000,-61,0.000000,7,8
1,11.000000,8.627000,0.509000,-61,0.000000,7,8
1,11.000000,8.822000,0.393000,-62,0.000000,7,8
1,11.000000,9.115000,0.329000,-62,0.000000,7,8
1,11.000000,9.603000,1.013000,-62,0.000000,7,8
1,11.000000,8.900000,0.458000,-62,0.000000,7,8
1,11.000000,9.760000,1.371000,-62,0.000000,7,8
1,11.000000,8.939000,0.611000,-62,0.000000,7,8
1,11.000000,8.978000,0.543000,-62,0.000000,7,8
1,11.000000,8.295000,0.793000,-62,0.000000,7,8
1,11.000000,8.764000,0.657000,-62,0.000000,7,8
1,11.000000,8.979000,0.743000,-62,0.000000,7,8
1,11.000000,8.822000,0.451000,-61,0.000000,7,8
1,11.000000,8.998000,0.417000,-61,0.000000,7,8
1,11.000000,8.724000,0.549000,-61,0.000000,7,8
1,11.000000,8.646000,0.521000,-61,0.000000,7,8
1,11.000000,8.724000,0.456000,-62,0.000000,7,8
1,11.000000,8.549000,0.540000,-62,0.000000,7,8
1,11.000000,8.549000,0.630000,-62,0.000000,7,8
1,11.000000,8.764000,0.511000,-62,0.000000,7,8
1,11.000000,8.705000,0.536000,-62,0.000000,7,8
1,11.000000,8.803000,0.462000,-62,0.000000,7,8
1,11.000000,8.256000,0.829000,-62,0.000000,7,8
1,11.000000,8.470000,0.655000,-62,0.000000,7,8
1,11.000000,8.197000,0.726000,-62,0.000000,7,8
1,11.000000,8.588000,0.788000,-62,0.000000,7,8
1,11.000000,8.685000,0.554000,-62,0.000000,7,8
1,11.000000,8.803000,0.565000,-62,0.000000,7,8
1,11.000000,8.002000,0.943000,-61,0.000000,7,8
1,11.000000,8.432000,0.832000,-62,0.000000,7,8
1,11.000000,8.900000,0.538000,-62,0.000000,7,8
1,11.000000,8.060000,0.880000,-61,0.000000,7,8
1,11.000000,8.607000,0.544000,-61,0.000000,7,8
1,11.000000,8.139000,0.821000,-61,0.000000,7,8
1,11.000000,8.392000,0.715000,-61,0.000000,7,8
1,11.000000,8.236000,0.653000,-60,0.000000,7,8
1,11.000000,8.842000,0.531000,-61,0.000000,7,8
1,11.000000,9.657000,1.476000,-61,0.000000,7,8
1,11.000000,9.569000,0.177000,-62,0.000000,7,8
1,11.000000,8.373000,0.805000,-62,0.000000,7,8
1,11.000000,8.842000,1.096000,-61,0.000000,7,8
1,11.000000,8.646000,0.934000,-61,0.000000,7,8
1,11.000000,9.096000,0.448000,-61,0.000000,7,8
1,11.000000,8.568000,0.516000,-61,0.000000,7,8
1,11.000000,8.549000,0.501000,-60,0.000000,7,8
1,11.000000,7.904000,0.874000,-61,0.000000,7,8
1,11.000000,8.060000,0.747000,-62,0.000000,7,8
1,11.000000,8.119000,0.775000,-61,0.000000,7,8
1,11.000000,8.178000,0.510000,-60,0.000000,7,8
1,11.000000,8.314000,0.491000,-58,0.000000,7,8
1,11.000000,8.295000,0.390000,-57,0.000000,7,8
1,11.000000,8.041000,0.362000,-58,0.000000,7,8
1,11.000000,7.709000,0.541000,-61,0.000000,7,8
1,11.000000,7.514000,0.529000,-61,0.000000,7,8
1,11.000000,7.650000,0.612000,-61,0.000000,7,8
1,11.000000,7.650000,0.518000,-60,0.000000,7,8
1,11.000000,7.553000,0.743000,-62,0.000000,7,8
1,11.000000,7.631000,0.894000,-62,0.000000,7,8
1,11.000000,7.592000,0.756000,-61,0.000000,7,8
1,11.000000,7.670000,0.721000,-60,0.000000,7,8
1,11.000000,7.924000,0.737000,-59,0.000000,7,8
1,11.000000,7.689000,0.751000,-60,0.000000,7,8
1,11.000000,7.709000,0.612000,-60,0.000000,7,8
1,11.000000,8.002000,0.398000,-59,0.000000,7,8
1,11.000000,7.611000,0.519000,-59,0.000000,7,8
1,11.000000,7.963000,0.403000,-60,0.000000,7,8
1,11.000000,7.943000,0.479000,-59,0.000000,7,8
1,11.000000,7.650000,0.764000,-60,0.000000,7,8
1,11.000000,7.865000,0.371000,-59,0.000000,7,8
1,11.000000,7.865000,0.577000,-60,0.000000,7,8
1,11.000000,8.197000,0.330000,-59,0.000000,7,8
1,11.000000,7.807000,0.511000,-59,0.000000,7,8
1,11.000000,7.943000,0.446000,-60,0.000000,7,8
1,11.000000,7.963000,0.563000,-60,0.000000,7,8
1,11.000000,7.787000,0.520000,-60,0.000000,7,8
1,11.000000,7.494000,0.862000,-61,0.000000,7,8
1,11.000000,7.826000,0.681000,-60,0.000000,7,8
1,11.000000,7.885000,0.635000,-59,0.000000,7,8
1,11.000000,8.041000,0.474000,-59,0.000000,7,8
1,11.000000,8.119000,0.602000,-59,0.000000,7,8
1,11.000000,8.100000,0.456000,-59,0.000000,7,8
1,11.000000,8.041000,0.366000,-59,0.000000,7,8
1,11.000000,8.022000,0.374000,-60,0.000000,7,8
1,11.000000,7.670000,0.555000,-60,0.000000,7,8
1,11.000000,8.021000,0.686000,-61,0.000000,7,8
1,11.000000,7.963000,0.508000,-60,0.000000,7,8
1,11.000000,8.139000,0.495000,-59,0.000000,7,8
1,11.000000,7.963000,0.466000,-60,0.000000,7,8
1,11.000000,8.178000,0.454000,-60,0.000000,7,8
1,11.000000,7.826000,0.760000,-60,0.000000,7,8
1,11.000000,7.728000,0.690000,-60,0.000000,7,8
1,11.000000,7.787000,0.714000,-61,0.000000,7,8
1,11.000000,7.865000,0.627000,-61,0.000000,7,8
1,11.000000,8.139000,0.477000,-59,0.000000,7,8
1,11.000000,7.846000,0.711000,-60,0.000000,7,8
1,11.000000,7.885000,0.702000,-60,0.000000,7,8
1,11.000000,7.982000,0.579000,-61,0.000000,7,8
1,11.000000,7.807000,0.782000,-60,0.000000,7,8
1,11.000000,7.767000,0.872000,-60,0.000000,7,8
1,11.000000,8.002000,0.604000,-60,0.000000,7,8
1,11.000000,8.178000,0.466000,-60,0.000000,7,8
1,11.000000,8.080000,0.519000,-60,0.000000,7,8
1,11.000000,8.139000,0.556000,-60,0.000000,7,8
1,11.000000,8.041000,0.699000,-60,0.000000,7,8
1,11.000000,8.021000,0.822000,-62,0.000000,7,8
1,11.000000,8.099000,0.662000,-62,0.000000,7,8
1,11.000000,8.002000,0.480000,-60,0.000000,7,8
1,11.000000,8.178000,0.476000,-59,0.000000,7,8
1,11.000000,8.392000,0.420000,-59,0.000000,7,8
1,11.000000,8.275000,0.637000,-60,0.000000,7,8
1,11.000000,8.607000,0.341000,-61,0.000000,7,8
1,11.000000,8.451000,0.561000,-61,0.000000,7,8
1,11.000000,8.588000,0.436000,-62,0.000000,7,8
1,11.000000,8.588000,0.528000,-61,0.000000,7,8
1,11.000000,8.510000,0.439000,-60,0.000000,7,8
1,11.000000,8.373000,0.655000,-60,0.000000,7,8
1,11.000000,8.334000,0.560000,-60,0.000000,7,8
1,11.000000,8.412000,0.651000,-59,0.000000,7,8
1,11.000000,8.373000,0.511000,-59,0.000000,7,8
1,11.000000,8.412000,0.300000,-58,0.000000,7,8
1,11.000000,8.158000,0.326000,-59,0.000000,7,8
1,11.000000,7.924000,0.492000,-63,0.000000,7,8
1,11.000000,8.119000,0.496000,-61,0.000000,7,8
1,11.000000,8.021000,0.488000,-60,0.000000,7,8
1,11.000000,8.119000,0.473000,-57,0.000000,7,8
1,11.000000,8.139000,0.499000,-57,0.000000,7,8
1,11.000000,8.080000,0.325000,-57,0.000000,7,8
1,11.000000,8.256000,0.249000,-55,0.000000,7,8
1,11.000000,8.197000,0.419000,-55,0.000000,7,8
1,11.000000,8.197000,0.458000,-56,0.000000,7,8
1,11.000000,8.295000,0.219000,-55,0.000000,7,8
1,11.000000,8.412000,0.186000,-55,0.000000,7,8
1,11.000000,8.217000,0.222000,-56,0.000000,7,8
1,11.000000,8.158000,0.357000,-56,0.000000,7,8
1,11.000000,8.217000,0.455000,-56,0.000000,7,8
1,11.000000,8.236000,0.314000,-56,0.000000,7,8
1,11.000000,8.100000,0.330000,-57,0.000000,7,8
1,11.000000,8.002000,0.322000,-57,0.000000,7,8
1,11.000000,8.021000,0.522000,-57,0.000000,7,8
1,11.000000,7.943000,0.412000,-57,0.000000,7,8
1,11.000000,7.865000,0.459000,-57,0.000000,7,8
1,11.000000,7.826000,0.541000,-58,0.000000,7,8
1,11.000000,7.943000,0.358000,-58,0.000000,7,8
1,11.000000,7.924000,0.429000,-58,0.000000,7,8
1,11.000000,7.943000,0.421000,-57,0.000000,7,8
1,11.000000,7.865000,0.565000,-58,0.000000,7,8
1,11.000000,8.002000,0.368000,-58,0.000000,7,8
1,11.000000,7.982000,0.553000,-58,0.000000,7,8
1,11.000000,7.689000,0.540000,-58,0.000000,7,8
1,11.000000,7.826000,0.356000,-59,0.000000,7,8
1,11.000000,8.080000,0.531000,-58,0.000000,7,8
1,11.000000,7.865000,0.691000,-59,0.000000,7,8
1,11.000000,7.885000,0.653000,-58,0.000000,7,8
1,11.000000,8.197000,0.519000,-57,0.000000,7,8
1,11.000000,8.100000,0.461000,-56,0.000000,7,8
1,11.000000,8.061000,0.492000,-57,0.000000,7,8
1,11.000000,8.021000,0.649000,-57,0.000000,7,8
1,11.000000,8.002000,0.676000,-58,0.000000,7,8
1,11.000000,8.022000,0.877000,-58,0.000000,7,8
1,11.000000,8.002000,1.567000,-59,0.000000,7,8
1,11.000000,7.904000,1.705000,-60,0.000000,7,8
1,11.000000,7.846000,2.073000,-61,0.000000,7,8
1,11.000000,7.826000,2.146000,-60,0.000000,7,8
1,11.000000,8.158000,1.029000,-59,0.000000,7,8
1,11.000000,8.178000,0.429000,-58,0.000000,7,8
1,11.000000,8.080000,0.354000,-59,0.000000,7,8
1,11.000000,7.650000,0.628000,-61,0.000000,7,8
1,11.000000,8.061000,0.424000,-60,0.000000,7,8
1,11.000000,7.924000,0.348000,-58,0.000000,7,8
1,11.000000,8.041000,0.421000,-57,0.000000,7,8
1,11.000000,8.236000,0.214000,-59,0.000000,7,8
1,11.000000,7.904000,0.464000,-59,0.000000,7,8
1,11.000000,7.982000,0.475000,-58,0.000000,7,8
1,11.000000,8.139000,1.311000,-59,0.000000,7,8
1,11.000000,8.353000,0.581000,-59,0.000000,7,8
1,11.000000,8.529000,0.724000,-59,0.000000,7,8
1,11.000000,8.314000,1.087000,-59,0.000000,7,8
1,11.000000,8.295000,0.407000,-59,0.000000,7,8
1,11.000000,8.451000,0.157000,-59,0.000000,7,8
1,11.000000,8.314000,0.275000,-59,0.000000,7,8
1,11.000000,8.139000,0.377000,-58,0.000000,7,8
1,11.000000,8.217000,0.379000,-58,0.000000,7,8
1,11.000000,7.924000,0.430000,-59,0.000000,7,8
1,11.000000,8.158000,0.834000,-60,0.000000,7,8
1,11.000000,7.963000,0.624000,-59,0.000000,7,8
1,11.000000,8.139000,0.288000,-59,0.000000,7,8
1,11.000000,8.256000,0.441000,-60,0.000000,7,8
1,11.000000,8.158000,0.497000,-59,0.000000,7,8
1,11.000000,8.295000,0.360000,-60,0.000000,7,8
1,11.000000,8.021000,0.399000,-59,0.000000,7,8
1,11.000000,8.314000,0.309000,-59,0.000000,7,8
1,11.000000,8.158000,0.467000,-59,0.000000,7,8
1,11.000000,8.236000,0.331000,-59,0.000000,7,8
1,11.000000,8.119000,0.409000,-60,0.000000,7,8
1,11.000000,8.178000,0.554000,-62,0.000000,7,8
1,11.000000,8.275000,0.557000,-61,0.000000,7,8
1,11.000000,8.295000,0.176000,-59,0.000000,7,8
1,11.000000,8.158000,0.493000,-61,0.000000,7,8
1,11.000000,7.982000,0.349000,-63,0.000000,7,8
1,11.000000,8.099000,0.261000,-60,0.000000,7,8
1,11.000000,7.904000,0.327000,-60,0.000000,7,8
1,11.000000,8.021000,0.415000,-60,0.000000,7,8
1,11.000000,8.080000,0.311000,-59,0.000000,7,8
1,11.000000,8.139000,0.438000,-58,0.000000,7,8
1,11.000000,8.158000,0.400000,-59,0.000000,7,8
1,11.000000,8.139000,0.344000,-58,0.000000,7,8
1,11.000000,8.178000,0.424000,-58,0.000000,7,8
1,11.000000,8.471000,0.311000,-58,0.000000,7,8
1,11.000000,8.412000,0.312000,-60,0.000000,7,8
1,11.000000,8.354000,0.297000,-62,0.000000,7,8
1,11.000000,8.080000,0.521000,-63,0.000000,7,8
1,11.000000,8.627000,0.345000,-62,0.000000,7,8
1,11.000000,8.568000,0.404000,-62,0.000000,7,8
1,11.000000,8.959000,0.282000,-63,0.000000,7,8
1,11.000000,8.822000,0.303000,-62,0.000000,7,8
1,11.000000,8.549000,0.305000,-63,0.000000,7,8
1,11.000000,8.705000,0.410000,-63,0.000000,7,8
1,11.000000,8.549000,0.281000,-64,0.000000,7,8
1,11.000000,8.314000,0.522000,-63,0.000000,7,8
1,11.000000,8.666000,0.308000,-62,0.000000,7,8
1,11.000000,8.568000,0.308000,-61,0.000000,7,8
1,11.000000,8.646000,0.325000,-63,0.000000,7,8
1,11.000000,8.021000,0.391000,-65,0.000000,7,8
1,11.000000,8.353000,0.451000,-64,0.000000,7,8
1,11.000000,8.158000,0.295000,-64,0.000000,7,8
1,11.000000,8.080000,0.282000,-64,0.000000,7,8
1,11.000000,8.217000,0.245000,-62,0.000000,7,8
1,11.000000,8.134000,0.295000,-61,0.000000,7,8
1,11.000000,7.225000,0.481000,-61,0.000000,7,8
1,11.000000,7.846000,0.287000,-61,0.000000,7,8
1,11.000000,8.134000,0.278000,-58,0.000000,7,8
1,11.000000,8.236000,0.219000,-58,0.000000,7,8
1,11.000000,8.207000,0.456000,-59,0.000000,7,8
1,11.000000,8.295000,0.209000,-59,0.000000,7,8
1,11.000000,8.119000,0.361000,-59,0.000000,7,8
1,11.000000,8.393000,0.336000,-59,0.000000,7,8
1,11.000000,8.646000,0.279000,-59,0.000000,7,8
1,11.000000,8.295000,0.330000,-61,0.000000,7,8
1,11.000000,8.119000,0.392000,-60,0.000000,7,8
1,11.000000,8.041000,0.370000,-60,0.000000,7,8
1,11.000000,7.865000,0.413000,-63,0.000000,7,8
1,11.000000,8.002000,0.372000,-60,0.000000,7,8
1,11.000000,8.256000,0.287000,-59,0.000000,7,8
1,11.000000,8.041000,0.432000,-61,0.000000,7,8
1,11.000000,7.982000,0.420000,-61,0.000000,7,8
1,11.000000,8.139000,0.366000,-61,0.000000,7,8
1,11.000000,7.982000,0.501000,-60,0.000000,7,8
1,11.000000,8.080000,0.352000,-59,0.000000,7,8
1,11.000000,8.158000,0.201000,-59,0.000000,7,8
1,11.000000,8.217000,0.121000,-58,0.000000,7,8
1,11.000000,7.963000,0.453000,-60,0.000000,7,8
1,11.000000,7.885000,0.486000,-61,0.000000,7,8
1,11.000000,8.275000,0.541000,-60,0.000000,7,8
1,11.000000,8.471000,0.450000,-58,0.000000,7,8
1,11.000000,8.510000,0.341000,-59,0.000000,7,8
1,11.000000,8.353000,0.316000,-59,0.000000,7,8
1,11.000000,8.217000,0.332000,-59,0.000000,7,8
1,11.000000,8.080000,0.386000,-60,0.000000,7,8
1,11.000000,8.275000,0.329000,-61,0.000000,7,8
1,11.000000,7.787000,0.809000,-62,0.000000,7,8
1,11.000000,8.021000,0.396000,-60,0.000000,7,8
1,11.000000,8.119000,0.509000,-61,0.000000,7,8
1,11.000000,7.963000,0.478000,-63,0.000000,7,8
1,11.000000,8.139000,0.417000,-60,0.000000,7,8
1,11.000000,8.334000,0.475000,-62,0.000000,7,8
1,11.000000,8.197000,0.370000,-61,0.000000,7,8
1,11.000000,8.158000,0.674000,-60,0.000000,7,8
1,11.000000,8.100000,0.629000,-61,0.000000,7,8
1,11.000000,8.100000,0.477000,-60,0.000000,7,8
1,11.000000,8.178000,0.605000,-60,0.000000,7,8
1,11.000000,8.178000,0.633000,-60,0.000000,7,8
1,11.000000,8.334000,0.426000,-60,0.000000,7,8
1,11.000000,8.119000,0.493000,-63,0.000000,7,8
1,11.000000,7.650000,0.811000,-64,0.000000,7,8
1,11.000000,8.061000,0.327000,-62,0.000000,7,8
1,11.000000,7.865000,0.272000,-63,0.000000,7,8
1,11.000000,7.982000,0.397000,-63,0.000000,7,8
1,11.000000,7.899000,0.441000,-62,0.000000,7,8
1,11.000000,7.670000,0.372000,-63,0.000000,7,8
1,11.000000,8.060000,0.217000,-61,0.000000,7,8
1,11.000000,8.197000,0.163000,-58,0.000000,7,8
1,11.000000,7.904000,0.330000,-60,0.000000,7,8
1,11.000000,7.865000,0.385000,-61,0.000000,7,8
1,11.000000,7.318000,0.631000,-62,0.000000,7,8
1,11.000000,7.963000,0.501000,-60,0.000000,7,8
1,11.000000,7.904000,0.270000,-61,0.000000,7,8
1,11.000000,7.826000,0.531000,-62,0.000000,7,8
1,11.000000,7.650000,0.461000,-63,0.000000,7,8
1,11.000000,7.514000,0.600000,-63,0.000000,7,8
1,11.000000,7.768000,0.746000,-61,0.000000,7,8
1,11.000000,7.963000,0.670000,-63,0.000000,7,8
1,11.000000,8.910000,1.001000,-65,0.000000,7,8
1,11.000000,8.705000,1.371000,-69,0.000000,7,8
1,11.000000,8.217000,0.766000,-69,0.000000,7,8
1,11.000000,8.275000,0.646000,-66,0.000000,7,8
1,11.000000,7.924000,0.702000,-65,0.000000,7,8
1,11.000000,7.182000,0.701000,-67,0.000000,7,8
1,11.000000,7.787000,0.491000,-66,0.000000,7,8
1,11.000000,7.670000,0.369000,-64,0.000000,7,8
1,11.000000,7.885000,0.562000,-66,0.000000,7,8
1,11.000000,8.334000,0.324000,-65,0.000000,7,8
1,11.000000,8.368000,0.308000,-61,0.000000,7,8
1,11.000000,8.314000,0.336000,-64,0.000000,7,8
1,11.000000,7.787000,0.403000,-69,0.000000,7,8
1,11.000000,8.207000,1.151000,-66,0.000000,7,8
1,11.000000,7.924000,2.102000,-67,0.000000,7,8
1,11.000000,8.158000,2.143000,-69,0.000000,7,8
1,11.000000,8.392000,1.182000,-71,0.000000,7,8
1,11.000000,8.998000,0.577000,-70,0.000000,7,8
1,11.000000,7.748000,1.008000,-70,0.000000,7,8
1,11.000000,7.899000,0.580000,-67,0.000000,7,8
1,11.000000,8.002000,0.753000,-65,0.000000,7,8
1,11.000000,8.119000,0.248000,-63,0.000000,7,8
1,11.000000,8.266000,0.330000,-63,0.000000,7,8
1,11.000000,8.368000,0.379000,-62,0.000000,7,8
1,11.000000,8.295000,0.326000,-61,0.000000,7,8
1,11.000000,8.119000,0.359000,-61,0.000000,7,8
1,11.000000,7.767000,0.413000,-64,0.000000,7,8
1,11.000000,7.865000,1.746000,-64,0.000000,7,8
1,11.000000,7.474000,0.552000,-61,0.000000,7,8
1,11.000000,8.251000,0.400000,-60,0.000000,7,8
1,11.000000,8.046000,0.348000,-60,0.000000,7,8
1,11.000000,8.744000,0.745000,-59,0.000000,7,8
1,11.000000,8.529000,0.469000,-59,0.000000,7,8
1,11.000000,8.627000,0.728000,-59,0.000000,7,8
1,11.000000,8.500000,0.278000,-60,0.000000,7,8
1,11.000000,8.373000,0.343000,-61,0.000000,7,8
1,11.000000,8.471000,0.578000,-62,0.000000,7,8
1,11.000000,8.373000,0.224000,-59,0.000000,7,8
1,11.000000,8.353000,0.206000,-60,0.000000,7,8
1,11.000000,8.627000,0.322000,-58,0.000000,7,8
1,11.000000,8.485000,0.225000,-58,0.000000,7,8
1,11.000000,8.266000,0.313000,-57,0.000000,7,8
1,11.000000,7.431000,0.401000,-59,0.000000,7,8
1,11.000000,7.211000,0.701000,-58,0.000000,7,8
1,11.000000,8.046000,0.458000,-58,0.000000,7,8
1,11.000000,6.991000,0.903000,-57,0.000000,7,8
1,11.000000,7.929000,0.318000,-58,0.000000,7,8
1,11.000000,7.914000,0.379000,-58,0.000000,7,8
1,11.000000,8.412000,0.272000,-58,0.000000,7,8
1,11.000000,8.046000,0.331000,-58,0.000000,7,8
1,11.000000,7.987000,0.302000,-60,0.000000,7,8
1,11.000000,7.943000,0.199000,-58,0.000000,7,8
1,11.000000,8.617000,0.290000,-59,0.000000,7,8
1,11.000000,8.119000,0.423000,-61,0.000000,7,8
1,11.000000,7.929000,0.233000,-60,0.000000,7,8
1,11.000000,8.470000,0.116000,-58,0.000000,7,8
1,11.000000,7.855000,0.345000,-58,0.000000,7,8
1,11.000000,7.548000,0.516000,-58,0.000000,7,8
1,11.000000,8.060000,0.208000,-61,0.000000,7,8
1,11.000000,8.514000,0.199000,-59,0.000000,7,8
1,11.000000,8.490000,0.444000,-60,0.000000,7,8
1,11.000000,8.451000,0.296000,-60,0.000000,7,8
1,11.000000,8.251000,0.361000,-60,0.000000,7,8
1,11.000000,8.441000,0.221000,-60,0.000000,7,8
1,11.000000,8.314000,0.293000,-63,0.000000,7,8
1,11.000000,8.549000,0.187000,-61,0.000000,7,8
1,11.000000,8.510000,0.174000,-58,0.000000,7,8
1,11.000000,8.627000,0.192000,-58,0.000000,7,8
1,11.000000,8.568000,0.239000,-59,0.000000,7,8
1,11.000000,8.451000,0.235000,-59,0.000000,7,8
1,11.000000,8.412000,0.243000,-60,0.000000,7,8
1,11.000000,8.373000,0.117000,-60,0.000000,7,8
1,11.000000,8.158000,0.297000,-61,0.000000,7,8
1,11.000000,8.334000,0.245000,-62,0.000000,7,8
1,11.000000,8.412000,0.193000,-59,0.000000,7,8
1,11.000000,8.627000,0.117000,-59,0.000000,7,8
1,11.000000,8.895000,0.341000,-60,0.000000,7,8
1,11.000000,8.646000,0.240000,-60,0.000000,7,8
1,11.000000,8.451000,0.231000,-58,0.000000,7,8
1,11.000000,8.529000,0.225000,-59,0.000000,7,8
1,11.000000,8.295000,0.295000,-60,0.000000,7,8
1,11.000000,8.236000,0.376000,-59,0.000000,7,8
1,11.000000,8.158000,0.308000,-59,0.000000,7,8
1,11.000000,8.334000,0.306000,-58,0.000000,7,8
1,11.000000,8.061000,0.474000,-60,0.000000,7,8
1,11.000000,8.632000,0.347000,-58,0.000000,7,8
1,11.000000,8.295000,0.151000,-59,0.000000,7,8
1,11.000000,8.178000,0.381000,-58,0.000000,7,8
1,11.000000,7.885000,0.322000,-65,0.000000,7,8
1,11.000000,8.510000,0.233000,-60,0.000000,7,8
1,11.000000,8.100000,0.286000,-63,0.000000,7,8
1,11.000000,7.885000,0.499000,-62,0.000000,7,8
1,11.000000,8.256000,0.544000,-60,0.000000,7,8
1,11.000000,8.588000,0.264000,-60,0.000000,7,8
1,11.000000,8.178000,0.433000,-61,0.000000,7,8
1,11.000000,8.334000,0.220000,-60,0.000000,7,8
1,11.000000,8.725000,0.274000,-60,0.000000,7,8
1,11.000000,8.471000,0.288000,-60,0.000000,7,8
1,11.000000,8.100000,0.361000,-61,0.000000,7,8
1,11.000000,7.865000,0.188000,-62,0.000000,7,8
1,11.000000,8.803000,0.308000,-64,0.000000,7,8
1,11.000000,8.900000,0.261000,-63,0.000000,7,8
1,11.000000,9.916000,0.387000,-62,0.000000,7,8
1,11.000000,9.452000,1.419000,-67,0.000000,7,8
1,11.000000,9.076000,0.945000,-59,0.000000,7,8
1,11.000000,8.568000,0.457000,-59,0.000000,7,8
1,11.000000,8.803000,0.362000,-56,0.000000,7,8
1,11.000000,8.783000,0.243000,-56,0.000000,7,8
1,11.000000,8.705000,1.208000,-59,0.000000,7,8
1,11.000000,8.627000,1.682000,-59,0.000000,7,8
1,11.000000,8.661000,0.229000,-57,0.000000,7,8
1,11.000000,8.764000,0.176000,-54,0.000000,7,8
1,11.000000,7.841000,0.595000,-56,0.000000,7,8
1,11.000000,9.935000,1.134000,-60,0.000000,7,8
1,11.000000,9.701000,0.356000,-64,0.000000,7,8
1,11.000000,9.247000,0.605000,-63,0.000000,7,8
1,11.000000,9.193000,0.738000,-58,0.000000,7,8
1,11.000000,8.881000,0.650000,-61,0.000000,7,8
1,11.000000,9.193000,0.772000,-55,0.000000,7,8
1,11.000000,8.632000,0.288000,-63,0.000000,7,8
1,11.000000,8.666000,0.218000,-58,0.000000,7,8
1,11.000000,9.174000,0.200000,-59,0.000000,7,8
1,11.000000,8.764000,0.245000,-57,0.000000,7,8
1,11.000000,7.943000,0.503000,-65,0.000000,7,8
1,11.000000,8.607000,0.184000,-61,0.000000,7,8
1,11.000000,8.314000,0.434000,-62,0.000000,7,8
1,11.000000,8.725000,1.307000,-58,0.000000,7,8
1,11.000000,7.972000,1.429000,-62,0.000000,7,8
1,11.000000,8.529000,1.763000,-58,0.000000,7,8
1,11.000000,8.471000,0.546000,-60,0.000000,7,8
1,11.000000,8.588000,0.932000,-63,0.000000,7,8
1,11.000000,8.373000,0.463000,-61,0.000000,7,8
1,11.000000,8.275000,0.351000,-60,0.000000,7,8
1,11.000000,8.842000,0.352000,-58,0.000000,7,8
1,11.000000,7.694000,0.596000,-60,0.000000,7,8
1,11.000000,8.295000,0.204000,-62,0.000000,7,8
1,11.000000,8.646000,0.705000,-59,0.000000,7,8
1,11.000000,8.568000,0.481000,-61,0.000000,7,8
1,11.000000,8.334000,0.283000,-60,0.000000,7,8
1,11.000000,8.353000,0.202000,-59,0.000000,7,8
1,11.000000,7.592000,0.531000,-61,0.000000,7,8
1,11.000000,8.510000,0.866000,-57,0.000000,7,8
1,11.000000,8.568000,0.278000,-60,0.000000,7,8
1,11.000000,8.373000,0.367000,-61,0.000000,7,8
1,11.000000,8.573000,0.255000,-61,0.000000,7,8
1,11.000000,8.353000,0.268000,-59,0.000000,7,8
1,11.000000,8.339000,0.438000,-61,0.000000,7,8
1,11.000000,8.900000,0.166000,-62,0.000000,7,8
1,11.000000,7.943000,0.452000,-62,0.000000,7,8
1,11.000000,7.435000,0.945000,-65,0.000000,7,8
1,11.000000,8.705000,0.278000,-63,0.000000,7,8
1,11.000000,7.987000,0.334000,-58,0.000000,7,8
1,11.000000,7.563000,0.654000,-61,0.000000,7,8
1,11.000000,8.163000,0.597000,-64,0.000000,7,8
1,11.000000,8.104000,0.393000,-59,0.000000,7,8
1,11.000000,8.353000,0.337000,-63,0.000000,7,8
1,11.000000,7.709000,0.586000,-59,0.000000,7,8
1,11.000000,8.490000,0.250000,-62,0.000000,7,8
1,11.000000,7.694000,1.047000,-60,0.000000,7,8
1,11.000000,8.515000,0.332000,-60,0.000000,7,8
1,11.000000,7.577000,0.652000,-60,0.000000,7,8
1,11.000000,8.500000,0.364000,-60,0.000000,7,8
1,11.000000,8.783000,1.617000,-58,0.000000,7,8
1,11.000000,7.709000,0.597000,-62,0.000000,7,8
1,11.000000,8.393000,0.294000,-60,0.000000,7,8
1,11.000000,8.192000,0.297000,-60,0.000000,7,8
1,11.000000,8.080000,0.530000,-64,0.000000,7,8
1,11.000000,8.529000,0.412000,-57,0.000000,7,8
1,11.000000,8.451000,0.466000,-58,0.000000,7,8
1,11.000000,8.744000,1.644000,-59,0.000000,7,8
1,11.000000,7.514000,0.595000,-66,0.000000,7,8
1,11.000000,7.514000,0.670000,-62,0.000000,7,8
1,11.000000,7.728000,0.481000,-64,0.000000,7,8
1,11.000000,7.338000,0.667000,-67,0.000000,7,8
1,11.000000,7.631000,0.441000,-65,0.000000,7,8
1,11.000000,8.881000,0.308000,-58,0.000000,7,8
1,11.000000,8.251000,0.238000,-64,0.000000,7,8
1,11.000000,8.334000,0.300000,-61,0.000000,7,8
1,11.000000,8.119000,0.403000,-64,0.000000,7,8
1,11.000000,7.767000,0.533000,-63,0.000000,7,8
1,11.000000,8.314000,0.205000,-60,0.000000,7,8
1,11.000000,7.689000,0.613000,-63,0.000000,7,8
1,11.000000,8.602000,0.283000,-59,0.000000,7,8
1,11.000000,8.431000,0.293000,-61,0.000000,7,8
1,11.000000,8.002000,0.487000,-60,0.000000,7,8
1,11.000000,7.987000,0.318000,-63,0.000000,7,8
1,11.000000,8.607000,0.394000,-62,0.000000,7,8
1,11.000000,8.134000,0.316000,-59,0.000000,7,8
1,11.000000,8.275000,0.373000,-64,0.000000,7,8
1,11.000000,7.460000,0.880000,-61,0.000000,7,8
1,11.000000,7.709000,0.693000,-59,0.000000,7,8
1,11.000000,7.963000,0.334000,-63,0.000000,7,8
1,11.000000,8.441000,0.804000,-62,0.000000,7,8
1,11.000000,8.441000,0.393000,-59,0.000000,7,8
1,11.000000,8.310000,0.407000,-59,0.000000,7,8
1,11.000000,7.811000,0.532000,-58,0.000000,7,8
1,11.000000,7.797000,0.471000,-60,0.000000,7,8
1,11.000000,8.822000,1.393000,-58,0.000000,7,8
1,11.000000,8.661000,1.667000,-58,0.000000,7,8
1,11.000000,7.782000,0.589000,-59,0.000000,7,8
1,11.000000,7.621000,0.563000,-59,0.000000,7,8
1,11.000000,7.680000,0.482000,-60,0.000000,7,8
1,11.000000,7.738000,0.430000,-60,0.000000,7,8
1,11.000000,8.431000,0.377000,-60,0.000000,7,8
1,11.000000,8.471000,0.519000,-59,0.000000,7,8
1,11.000000,7.680000,0.509000,-59,0.000000,7,8
1,11.000000,7.753000,0.555000,-58,0.000000,7,8
1,11.000000,8.031000,0.530000,-59,0.000000,7,8
1,11.000000,8.046000,0.422000,-59,0.000000,7,8
1,11.000000,8.456000,0.244000,-60,0.000000,7,8
1,11.000000,8.808000,0.700000,-62,0.000000,7,8
1,11.000000,7.807000,0.515000,-63,0.000000,7,8
1,11.000000,7.826000,0.592000,-64,0.000000,7,8
1,11.000000,7.787000,0.478000,-64,0.000000,7,8
1,11.000000,8.373000,0.320000,-62,0.000000,7,8
1,11.000000,8.515000,0.472000,-60,0.000000,7,8
1,11.000000,8.353000,0.401000,-58,0.000000,7,8
1,11.000000,7.885000,0.654000,-58,0.000000,7,8
1,11.000000,6.976000,0.968000,-59,0.000000,7,8
1,11.000000,7.958000,0.473000,-59,0.000000,7,8
1,11.000000,8.134000,0.347000,-60,0.000000,7,8
1,11.000000,7.826000,0.413000,-63,0.000000,7,8
1,11.000000,8.178000,0.230000,-65,0.000000,7,8
1,11.000000,7.807000,0.405000,-64,0.000000,7,8
1,11.000000,8.510000,0.432000,-65,0.000000,7,8
1,11.000000,9.262000,1.328000,-66,0.000000,7,8
1,11.000000,8.720000,0.687000,-66,0.000000,7,8
1,11.000000,6.478000,1.166000,-68,0.000000,7,8
1,11.000000,8.646000,1.506000,-68,0.000000,7,8
1,11.000000,7.767000,0.722000,-67,0.000000,7,8
1,11.000000,8.139000,0.439000,-65,0.000000,7,8
1,11.000000,8.139000,0.434000,-62,0.000000,7,8
1,11.000000,8.119000,0.306000,-60,0.000000,7,8
1,11.000000,7.811000,0.467000,-62,0.000000,7,8
1,11.000000,8.119000,0.419000,-60,0.000000,7,8
1,11.000000,7.943000,0.664000,-61,0.000000,7,8
1,11.000000,8.158000,0.370000,-60,0.000000,7,8
1,11.000000,7.982000,0.717000,-60,0.000000,7,8
1,11.000000,8.158000,0.536000,-59,0.000000,7,8
1,11.000000,8.607000,0.267000,-60,0.000000,7,8
1,11.000000,8.485000,0.331000,-58,0.000000,7,8
1,11.000000,8.471000,0.227000,-58,0.000000,7,8
1,11.000000,8.080000,0.433000,-62,0.000000,7,8
1,11.000000,8.236000,0.325000,-60,0.000000,7,8
1,11.000000,8.046000,0.303000,-59,0.000000,7,8
1,11.000000,8.139000,0.515000,-63,0.000000,7,8
1,11.000000,7.489000,0.424000,-64,0.000000,7,8
1,11.000000,8.178000,0.292000,-62,0.000000,7,8
1,11.000000,7.811000,0.657000,-62,0.000000,7,8
1,11.000000,8.295000,0.353000,-63,0.000000,7,8
1,11.000000,8.256000,0.283000,-63,0.000000,7,8
1,11.000000,8.392000,0.398000,-62,0.000000,7,8
1,11.000000,8.236000,0.442000,-60,0.000000,7,8
1,11.000000,8.236000,0.251000,-62,0.000000,7,8
1,11.000000,7.797000,0.291000,-61,0.000000,7,8
1,11.000000,7.401000,0.717000,-61,0.000000,7,8
1,11.000000,7.782000,0.360000,-60,0.000000,7,8
1,11.000000,8.441000,0.298000,-60,0.000000,7,8
1,11.000000,8.451000,0.258000,-62,0.000000,7,8
1,11.000000,8.236000,0.370000,-60,0.000000,7,8
1,11.000000,8.544000,0.418000,-62,0.000000,7,8
1,11.000000,8.383000,0.251000,-58,0.000000,7,8
1,11.000000,8.744000,0.466000,-59,0.000000,7,8
1,11.000000,8.280000,0.321000,-61,0.000000,7,8
1,11.000000,8.256000,0.175000,-62,0.000000,7,8
1,11.000000,8.427000,0.352000,-60,0.000000,7,8
1,11.000000,8.515000,0.310000,-60,0.000000,7,8
1,11.000000,8.280000,0.395000,-59,0.000000,7,8
1,11.000000,8.490000,0.457000,-59,0.000000,7,8
1,11.000000,8.392000,0.371000,-62,0.000000,7,8
1,11.000000,8.515000,0.297000,-61,0.000000,7,8
1,11.000000,8.031000,0.609000,-61,0.000000,7,8
1,11.000000,8.353000,0.000000,-61,0.000000,1,8
1,11.000000,7.885000,0.606000,-58,0.000000,7,8
1,11.000000,7.767000,0.728000,-58,0.000000,7,8
1,11.000000,7.694000,0.603000,-60,0.000000,7,8
1,11.000000,7.748000,0.436000,-65,0.000000,7,8
1,11.000000,8.500000,1.298000,-67,0.000000,7,8
1,11.000000,8.808000,0.662000,-64,0.000000,7,8
1,11.000000,8.705000,1.045000,-65,0.000000,7,8
1,11.000000,8.002000,1.119000,-64,0.000000,7,8
1,11.000000,7.592000,0.758000,-63,0.000000,7,8
1,11.000000,7.723000,0.776000,-62,0.000000,7,8
1,11.000000,7.445000,0.534000,-60,0.000000,7,8
1,11.000000,7.782000,1.031000,-61,0.000000,7,8
1,11.000000,7.460000,0.632000,-60,0.000000,7,8
1,11.000000,8.627000,2.096000,-59,0.000000,7,8
1,11.000000,8.744000,1.735000,-58,0.000000,7,8
1,11.000000,8.959000,1.500000,-58,0.000000,7,8
1,11.000000,8.685000,1.156000,-58,0.000000,7,8
1,11.000000,8.764000,0.621000,-60,0.000000,7,8
1,11.000000,8.803000,0.442000,-60,0.000000,7,8
1,11.000000,8.510000,0.448000,-61,0.000000,7,8
1,11.000000,8.334000,0.226000,-62,0.000000,7,8
1,11.000000,8.368000,0.228000,-61,0.000000,7,8
1,11.000000,7.709000,0.366000,-63,0.000000,7,8
1,11.000000,8.060000,0.552000,-63,0.000000,7,8
1,11.000000,8.431000,0.423000,-60,0.000000,7,8
1,11.000000,8.558000,0.270000,-60,0.000000,7,8
1,11.000000,8.022000,0.453000,-61,0.000000,7,8
1,11.000000,8.339000,0.272000,-61,0.000000,7,8
1,11.000000,7.865000,0.520000,-63,0.000000,7,8
1,11.000000,7.592000,0.611000,-65,0.000000,7,8
1,11.000000,7.431000,0.620000,-59,0.000000,7,8
1,11.000000,8.431000,1.411000,-58,0.000000,7,8
1,11.000000,7.826000,0.368000,-62,0.000000,7,8
1,11.000000,8.060000,0.279000,-60,0.000000,7,8
1,11.000000,8.314000,0.507000,-60,0.000000,7,8
1,11.000000,8.197000,0.687000,-61,0.000000,7,8
1,11.000000,8.295000,1.041000,-61,0.000000,7,8
1,11.000000,8.275000,0.324000,-62,0.000000,7,8
1,11.000000,7.787000,0.409000,-63,0.000000,7,8
1,11.000000,7.553000,0.716000,-67,0.000000,7,8
1,11.000000,8.158000,0.472000,-66,0.000000,7,8
1,11.000000,8.021000,0.671000,-62,0.000000,7,8
1,11.000000,7.943000,0.567000,-64,0.000000,7,8
1,11.000000,8.314000,0.565000,-63,0.000000,7,8
1,11.000000,7.846000,0.438000,-62,0.000000,7,8
1,11.000000,7.865000,0.490000,-62,0.000000,7,8
1,11.000000,8.549000,0.262000,-60,0.000000,7,8
1,11.000000,8.471000,0.307000,-58,0.000000,7,8
1,11.000000,8.412000,0.352000,-59,0.000000,7,8
1,11.000000,8.236000,0.570000,-59,0.000000,7,8
1,11.000000,8.324000,0.750000,-60,0.000000,7,8
1,11.000000,8.192000,0.454000,-62,0.000000,7,8
1,11.000000,8.021000,0.496000,-63,0.000000,7,8
1,11.000000,8.158000,1.561000,-62,0.000000,7,8
1,11.000000,8.148000,0.393000,-64,0.000000,7,8
1,11.000000,8.100000,0.138000,-63,0.000000,7,8
1,11.000000,8.373000,0.426000,-61,0.000000,7,8
1,11.000000,8.529000,0.413000,-59,0.000000,7,8
1,11.000000,8.119000,0.411000,-59,0.000000,7,8
1,11.000000,8.119000,0.437000,-63,0.000000,7,8
1,11.000000,7.606000,0.585000,-61,0.000000,7,8
1,11.000000,7.709000,0.387000,-64,0.000000,7,8
1,11.000000,8.490000,0.211000,-60,0.000000,7,8
1,11.000000,8.314000,0.274000,-61,0.000000,7,8
1,11.000000,8.744000,0.921000,-57,0.000000,7,8
1,11.000000,8.148000,0.916000,-61,0.000000,7,8
1,11.000000,8.783000,1.250000,-58,0.000000,7,8
1,11.000000,8.060000,0.381000,-63,0.000000,7,8
1,11.000000,7.665000,0.583000,-61,0.000000,7,8
1,11.000000,8.720000,0.690000,-59,0.000000,7,8
1,11.000000,8.441000,0.462000,-60,0.000000,7,8
1,11.000000,8.861000,0.338000,-59,0.000000,7,8
1,11.000000,8.607000,0.571000,-62,0.000000,7,8
1,11.000000,8.842000,0.512000,-61,0.000000,7,8
1,11.000000,8.314000,0.574000,-60,0.000000,7,8
1,11.000000,8.197000,0.402000,-63,0.000000,7,8
1,11.000000,7.963000,0.166000,-61,0.000000,7,8
1,11.000000,8.275000,0.706000,-61,0.000000,7,8
1,11.000000,8.490000,0.727000,-64,0.000000,7,8
1,11.000000,8.510000,0.333000,-59,0.000000,7,8
1,11.000000,8.471000,0.639000,-66,0.000000,7,8
1,11.000000,8.842000,0.237000,-66,0.000000,7,8
1,11.000000,7.577000,1.342000,-63,0.000000,7,8
1,11.000000,7.416000,0.816000,-58,0.000000,7,8
1,11.000000,7.855000,0.132000,-62,0.000000,7,8
1,11.000000,7.548000,0.587000,-57,0.000000,7,8
1,11.000000,8.021000,0.270000,-68,0.000000,7,8
1,11.000000,7.650000,0.534000,-62,0.000000,7,8
1,11.000000,8.470000,0.558000,-59,0.000000,7,8
1,11.000000,7.665000,0.727000,-57,0.000000,7,8
1,11.000000,8.588000,1.315000,-59,0.000000,7,8
1,11.000000,8.451000,0.278000,-62,0.000000,7,8
1,11.000000,7.914000,0.329000,-60,0.000000,7,8
1,11.000000,7.372000,0.624000,-61,0.000000,7,8
1,11.000000,8.666000,0.878000,-61,0.000000,7,8
1,11.000000,8.515000,1.179000,-65,0.000000,7,8
1,11.000000,8.060000,0.471000,-60,0.000000,7,8
1,11.000000,8.178000,0.242000,-62,0.000000,7,8
1,11.000000,7.846000,0.712000,-67,0.000000,7,8
1,11.000000,8.353000,0.696000,-62,0.000000,7,8
1,11.000000,8.295000,0.254000,-60,0.000000,7,8
1,11.000000,8.392000,0.266000,-60,0.000000,7,8
1,11.000000,8.197000,0.557000,-62,0.000000,7,8
1,11.000000,8.022000,0.351000,-64,0.000000,7,8
1,11.000000,7.982000,0.475000,-63,0.000000,7,8
1,11.000000,8.607000,0.249000,-62,0.000000,7,8
1,11.000000,8.256000,0.296000,-62,0.000000,7,8
1,11.000000,8.104000,0.275000,-62,0.000000,7,8
1,11.000000,8.236000,0.227000,-62,0.000000,7,8
1,11.000000,8.510000,0.268000,-60,0.000000,7,8
1,11.000000,8.471000,0.193000,-62,0.000000,7,8
1,11.000000,7.987000,0.390000,-60,0.000000,7,8
1,11.000000,7.797000,0.444000,-60,0.000000,7,8
1,11.000000,8.104000,0.325000,-59,0.000000,7,8
1,11.000000,8.192000,0.421000,-60,0.000000,7,8
1,11.000000,8.368000,0.323000,-61,0.000000,7,8
1,11.000000,8.339000,0.430000,-61,0.000000,7,8
1,11.000000,8.441000,0.248000,-60,0.000000,7,8
1,11.000000,8.031000,0.387000,-61,0.000000,7,8
1,11.000000,8.339000,0.441000,-60,0.000000,7,8
1,11.000000,8.104000,0.364000,-60,0.000000,7,8
1,11.000000,8.251000,0.502000,-60,0.000000,7,8
1,11.000000,8.041000,0.241000,-61,0.000000,7,8
1,11.000000,8.310000,0.256000,-61,0.000000,7,8
1,11.000000,8.197000,0.406000,-61,0.000000,7,8
1,11.000000,8.485000,0.393000,-62,0.000000,7,8
1,11.000000,8.275000,0.489000,-62,0.000000,7,8
1,11.000000,8.236000,0.617000,-62,0.000000,7,8
1,11.000000,8.451000,0.388000,-61,0.000000,7,8
1,11.000000,8.339000,0.292000,-62,0.000000,7,8
1,11.000000,8.412000,0.436000,-62,0.000000,7,8
1,11.000000,8.451000,0.550000,-62,0.000000,7,8
1,11.000000,8.529000,0.295000,-62,0.000000,7,8
1,11.000000,8.431000,0.871000,-62,0.000000,7,8
1,11.000000,8.490000,0.529000,-61,0.000000,7,8
1,11.000000,8.334000,0.739000,-62,0.000000,7,8
1,11.000000,8.178000,0.331000,-62,0.000000,7,8
1,11.000000,8.392000,0.411000,-63,0.000000,7,8
1,11.000000,8.021000,0.416000,-64,0.000000,7,8
1,11.000000,8.607000,0.448000,-64,0.000000,7,8
1,11.000000,8.822000,0.269000,-61,0.000000,7,8
1,11.000000,8.500000,0.374000,-59,0.000000,7,8
1,11.000000,8.207000,0.283000,-63,0.000000,7,8
1,11.000000,8.588000,0.272000,-59,0.000000,7,8
1,11.000000,8.392000,0.383000,-60,0.000000,7,8
1,11.000000,8.309000,0.451000,-59,0.000000,7,8
1,11.000000,8.978000,0.468000,-58,0.000000,7,8
1,11.000000,8.339000,0.503000,-58,0.000000,7,8
1,11.000000,8.646000,0.382000,-61,0.000000,7,8
1,11.000000,8.192000,0.491000,-59,0.000000,7,8
1,11.000000,9.369000,0.379000,-55,0.000000,7,8
1,11.000000,9.018000,1.162000,-56,0.000000,7,8
1,11.000000,8.275000,0.561000,-59,0.000000,7,8
1,11.000000,8.959000,0.473000,-65,0.000000,7,8
1,11.000000,8.803000,1.037000,-60,0.000000,7,8
1,11.000000,7.665000,0.488000,-61,0.000000,7,8
1,11.000000,8.236000,0.422000,-63,0.000000,7,8
1,11.000000,8.431000,0.467000,-63,0.000000,7,8
1,11.000000,8.393000,0.381000,-62,0.000000,7,8
1,11.000000,8.275000,0.412000,-63,0.000000,7,8
1,11.000000,8.881000,0.396000,-62,0.000000,7,8
1,11.000000,8.842000,0.270000,-63,0.000000,7,8
1,11.000000,8.275000,0.514000,-64,0.000000,7,8
1,11.000000,8.158000,0.504000,-62,0.000000,7,8
1,11.000000,8.647000,0.284000,-61,0.000000,7,8
1,11.000000,8.104000,0.441000,-62,0.000000,7,8
1,11.000000,7.973000,0.389000,-62,0.000000,7,8
1,11.000000,8.031000,0.466000,-60,0.000000,7,8
1,11.000000,7.269000,0.768000,-61,0.000000,7,8
1,11.000000,8.451000,1.569000,-62,0.000000,7,8
1,11.000000,8.119000,0.664000,-61,0.000000,7,8
1,11.000000,7.943000,0.551000,-62,0.000000,7,8
1,11.000000,8.676000,0.823000,-62,0.000000,7,8
1,11.000000,8.061000,0.431000,-65,0.000000,7,8
1,11.000000,7.943000,1.470000,-65,0.000000,7,8
1,11.000000,8.895000,1.277000,-65,0.000000,7,8
1,11.000000,7.855000,1.093000,-66,0.000000,7,8
1,11.000000,7.636000,0.963000,-65,0.000000,7,8
1,11.000000,7.621000,1.001000,-65,0.000000,7,8
1,11.000000,7.914000,1.246000,-65,0.000000,7,8
1,11.000000,7.855000,1.104000,-64,0.000000,7,8
1,11.000000,7.855000,1.413000,-64,0.000000,7,8
1,11.000000,8.119000,0.869000,-65,0.000000,7,8
1,11.000000,7.841000,1.378000,-64,0.000000,7,8
1,11.000000,7.811000,0.693000,-62,0.000000,7,8
1,11.000000,8.002000,0.774000,-63,0.000000,7,8
1,11.000000,8.441000,0.579000,-62,0.000000,7,8
1,11.000000,8.471000,0.718000,-62,0.000000,7,8
1,11.000000,8.295000,0.582000,-62,0.000000,7,8
1,11.000000,8.251000,0.621000,-61,0.000000,7,8
1,11.000000,8.016000,0.458000,-61,0.000000,7,8
1,11.000000,8.075000,0.510000,-61,0.000000,7,8
1,11.000000,8.744000,0.342000,-61,0.000000,7,8
1,11.000000,8.808000,0.638000,-62,0.000000,7,8
1,11.000000,8.471000,0.442000,-61,0.000000,7,8
1,11.000000,8.251000,0.788000,-61,0.000000,7,8
1,11.000000,9.076000,1.072000,-61,0.000000,7,8
1,11.000000,8.676000,0.377000,-60,0.000000,7,8
1,11.000000,8.783000,0.399000,-59,0.000000,7,8
1,11.000000,8.705000,0.417000,-60,0.000000,7,8
1,11.000000,8.661000,0.535000,-60,0.000000,7,8
1,11.000000,8.705000,0.463000,-59,0.000000,7,8
1,11.000000,8.764000,0.537000,-58,0.000000,7,8
1,11.000000,8.412000,0.391000,-59,0.000000,7,8
1,11.000000,8.632000,0.218000,-59,0.000000,7,8
1,11.000000,8.412000,0.530000,-59,0.000000,7,8
1,11.000000,8.666000,0.507000,-58,0.000000,7,8
1,11.000000,8.339000,0.358000,-58,0.000000,7,8
1,11.000000,8.456000,0.532000,-57,0.000000,7,8
1,11.000000,8.602000,0.394000,-57,0.000000,7,8
1,11.000000,8.793000,0.827000,-57,0.000000,7,8
1,11.000000,8.588000,0.461000,-57,0.000000,7,8
1,11.000000,8.324000,0.308000,-57,0.000000,7,8
1,11.000000,8.280000,0.453000,-57,0.000000,7,8
1,11.000000,8.251000,0.444000,-57,0.000000,7,8
1,11.000000,8.559000,0.772000,-58,0.000000,7,8
1,11.000000,8.666000,0.470000,-58,0.000000,7,8
1,11.000000,8.646000,0.348000,-57,0.000000,7,8
1,11.000000,8.764000,0.459000,-58,0.000000,7,8
1,11.000000,8.529000,0.259000,-57,0.000000,7,8
1,11.000000,8.134000,0.453000,-58,0.000000,7,8
1,11.000000,8.002000,0.388000,-58,0.000000,7,8
1,11.000000,7.914000,0.714000,-58,0.000000,7,8
1,11.000000,8.134000,0.585000,-58,0.000000,7,8
1,11.000000,8.895000,0.651000,-59,0.000000,7,8
1,11.000000,8.412000,0.679000,-59,0.000000,7,8
1,11.000000,8.280000,0.763000,-59,0.000000,7,8
1,11.000000,7.855000,0.877000,-59,0.000000,7,8
1,11.000000,7.577000,1.127000,-58,0.000000,7,8
1,11.000000,8.104000,0.630000,-59,0.000000,7,8
1,11.000000,7.724000,0.910000,-58,0.000000,7,8
1,11.000000,8.324000,0.719000,-58,0.000000,7,8
1,11.000000,8.265000,0.420000,-58,0.000000,7,8
1,11.000000,7.767000,0.464000,-58,0.000000,7,8
1,11.000000,7.504000,0.850000,-59,0.000000,7,8
1,11.000000,8.471000,0.383000,-59,0.000000,7,8
1,11.000000,8.002000,0.587000,-59,0.000000,7,8
1,11.000000,8.783000,1.084000,-58,0.000000,7,8
1,11.000000,8.900000,0.952000,-58,0.000000,7,8
1,11.000000,8.031000,0.435000,-57,0.000000,7,8
1,11.000000,8.783000,1.299000,-57,0.000000,7,8
1,11.000000,8.666000,0.798000,-57,0.000000,7,8
1,11.000000,8.842000,0.620000,-57,0.000000,7,8
1,11.000000,8.842000,0.837000,-57,0.000000,7,8
1,11.000000,8.763000,0.926000,-57,0.000000,7,8
1,11.000000,8.725000,0.773000,-57,0.000000,7,8
1,11.000000,8.412000,0.821000,-56,0.000000,7,8
1,11.000000,8.998000,0.747000,-57,0.000000,7,8
1,11.000000,8.822000,0.906000,-57,0.000000,7,8
1,11.000000,8.842000,0.508000,-57,0.000000,7,8
1,11.000000,8.920000,0.809000,-57,0.000000,7,8
1,11.000000,8.959000,0.852000,-57,0.000000,7,8
1,11.000000,8.900000,0.448000,-56,0.000000,7,8
1,11.000000,8.705000,0.728000,-56,0.000000,7,8
1,11.000000,9.017000,0.826000,-56,0.000000,7,8
1,11.000000,8.803000,0.604000,-57,0.000000,7,8
1,11.000000,9.037000,0.433000,-57,0.000000,7,8
1,11.000000,9.057000,0.942000,-56,0.000000,7,8
1,11.000000,8.900000,0.815000,-57,0.000000,7,8
1,11.000000,8.724000,0.510000,-57,0.000000,7,8
1,11.000000,8.685000,0.532000,-57,0.000000,7,8
1,11.000000,8.529000,0.513000,-57,0.000000,7,8
1,11.000000,8.661000,0.260000,-57,0.000000,7,8
1,11.000000,8.705000,0.855000,-58,0.000000,7,8
1,11.000000,8.803000,0.955000,-58,0.000000,7,8
1,11.000000,8.837000,0.719000,-58,0.000000,7,8
1,11.000000,8.544000,0.265000,-57,0.000000,7,8
1,11.000000,8.588000,0.423000,-58,0.000000,7,8
1,11.000000,8.310000,0.633000,-58,0.000000,7,8
1,11.000000,8.842000,0.538000,-57,0.000000,7,8
1,11.000000,8.383000,0.399000,-57,0.000000,7,8
1,11.000000,9.218000,0.726000,-57,0.000000,7,8
1,11.000000,8.764000,0.281000,-57,0.000000,7,8
1,11.000000,8.666000,0.370000,-57,0.000000,7,8
1,11.000000,8.705000,0.386000,-57,0.000000,7,8
1,11.000000,8.412000,0.395000,-58,0.000000,7,8
1,11.000000,8.500000,0.581000,-58,0.000000,7,8
1,11.000000,8.837000,0.497000,-58,0.000000,7,8
1,11.000000,8.119000,0.679000,-58,0.000000,7,8
1,11.000000,8.412000,0.419000,-58,0.000000,7,8
1,11.000000,8.310000,0.592000,-57,0.000000,7,8
1,11.000000,8.661000,0.125000,-57,0.000000,7,8
1,11.000000,8.412000,0.535000,-58,0.000000,7,8
1,11.000000,8.471000,0.749000,-59,0.000000,7,8
1,11.000000,8.339000,0.634000,-60,0.000000,7,8
1,11.000000,8.900000,0.378000,-59,0.000000,7,8
1,11.000000,8.456000,0.559000,-60,0.000000,7,8
1,11.000000,8.339000,0.882000,-60,0.000000,7,8
1,11.000000,8.178000,0.626000,-60,0.000000,7,8
1,11.000000,8.207000,0.510000,-59,0.000000,7,8
1,11.000000,8.676000,0.195000,-60,0.000000,7,8
1,11.000000,8.251000,0.413000,-60,0.000000,7,8
1,11.000000,8.910000,0.457000,-60,0.000000,7,8
1,11.000000,8.920000,0.511000,-59,0.000000,7,8
1,11.000000,8.529000,0.465000,-59,0.000000,7,8
1,11.000000,9.218000,0.418000,-59,0.000000,7,8
1,11.000000,9.154000,1.103000,-58,0.000000,7,8
1,11.000000,8.353000,0.816000,-58,0.000000,7,8
1,11.000000,8.251000,0.693000,-58,0.000000,7,8
1,11.000000,8.808000,0.425000,-58,0.000000,7,8
1,11.000000,8.920000,0.356000,-58,0.000000,7,8
1,11.000000,8.627000,0.571000,-60,0.000000,7,8
1,11.000000,8.632000,0.625000,-60,0.000000,7,8
1,11.000000,8.104000,0.336000,-60,0.000000,7,8
1,11.000000,8.588000,0.487000,-60,0.000000,7,8
1,11.000000,8.573000,0.191000,-60,0.000000,7,8
1,11.000000,8.705000,0.238000,-59,0.000000,7,8
1,11.000000,8.661000,0.334000,-60,0.000000,7,8
1,11.000000,8.705000,0.279000,-59,0.000000,7,8
1,11.000000,8.646000,0.216000,-60,0.000000,7,8
1,11.000000,8.163000,0.321000,-60,0.000000,7,8
1,11.000000,8.324000,0.437000,-59,0.000000,7,8
1,11.000000,8.749000,0.416000,-59,0.000000,7,8
1,11.000000,8.544000,0.531000,-59,0.000000,7,8
1,11.000000,8.764000,0.432000,-59,0.000000,7,8
1,11.000000,8.861000,0.266000,-60,0.000000,7,8
1,11.000000,8.881000,0.381000,-61,0.000000,7,8
1,11.000000,8.627000,0.341000,-60,0.000000,7,8
1,11.000000,8.324000,0.428000,-61,0.000000,7,8
1,11.000000,8.920000,0.339000,-60,0.000000,7,8
1,11.000000,8.607000,0.230000,-60,0.000000,7,8
1,11.000000,8.602000,0.166000,-59,0.000000,7,8
1,11.000000,8.764000,0.297000,-59,0.000000,7,8
1,11.000000,8.724000,0.544000,-59,0.000000,7,8
1,11.000000,8.617000,0.242000,-59,0.000000,7,8
1,11.000000,8.744000,0.499000,-59,0.000000,7,8
1,11.000000,8.456000,0.231000,-59,0.000000,7,8
1,11.000000,8.803000,0.529000,-60,0.000000,7,8
1,11.000000,8.251000,0.351000,-59,0.000000,7,8
1,11.000000,8.427000,0.292000,-59,0.000000,7,8
1,11.000000,8.559000,0.380000,-59,0.000000,7,8
1,11.000000,8.837000,0.554000,-60,0.000000,7,8
1,11.000000,8.251000,0.441000,-59,0.000000,7,8
1,11.000000,8.602000,0.332000,-59,0.000000,7,8
1,11.000000,7.929000,0.432000,-58,0.000000,7,8
1,11.000000,8.427000,0.471000,-59,0.000000,7,8
1,11.000000,8.016000,0.963000,-59,0.000000,7,8
1,11.000000,7.943000,0.770000,-58,0.000000,7,8
1,11.000000,7.885000,0.625000,-58,0.000000,7,8
1,11.000000,8.104000,0.702000,-58,0.000000,7,8
1,11.000000,8.559000,0.594000,-58,0.000000,7,8
1,11.000000,8.427000,0.936000,-59,0.000000,7,8
1,11.000000,8.148000,0.540000,-59,0.000000,7,8
1,11.000000,8.397000,0.682000,-60,0.000000,7,8
1,11.000000,8.617000,0.788000,-60,0.000000,7,8
1,11.000000,8.470000,0.655000,-61,0.000000,7,8
1,11.000000,9.174000,1.234000,-61,0.000000,7,8
1,11.000000,9.506000,1.256000,-61,0.000000,7,8
1,11.000000,8.764000,0.571000,-61,0.000000,7,8
1,11.000000,8.866000,0.696000,-62,0.000000,7,8
1,11.000000,8.925000,0.568000,-62,0.000000,7,8
1,11.000000,8.207000,0.293000,-60,0.000000,7,8
1,11.000000,8.808000,0.551000,-59,0.000000,7,8
1,11.000000,8.646000,0.623000,-60,0.000000,7,8
1,11.000000,8.734000,0.796000,-60,0.000000,7,8
1,11.000000,8.412000,0.571000,-60,0.000000,7,8
1,11.000000,8.925000,0.363000,-60,0.000000,7,8
1,11.000000,8.075000,0.517000,-60,0.000000,7,8
1,11.000000,8.705000,0.459000,-60,0.000000,7,8
1,11.000000,8.647000,0.325000,-60,0.000000,7,8
1,11.000000,8.793000,0.434000,-60,0.000000,7,8
1,11.000000,8.661000,0.257000,-60,0.000000,7,8
1,11.000000,8.251000,0.275000,-59,0.000000,7,8
1,11.000000,8.617000,0.247000,-60,0.000000,7,8
1,11.000000,8.837000,0.363000,-59,0.000000,7,8
1,11.000000,8.485000,0.580000,-59,0.000000,7,8
1,11.000000,8.368000,0.216000,-59,0.000000,7,8
1,11.000000,8.705000,0.473000,-59,0.000000,7,8
1,11.000000,8.573000,0.152000,-59,0.000000,7,8
1,11.000000,8.368000,0.347000,-59,0.000000,7,8
1,11.000000,8.549000,0.280000,-59,0.000000,7,8
1,11.000000,8.383000,0.196000,-59,0.000000,7,8
1,11.000000,8.046000,0.363000,-58,0.000000,7,8
1,11.000000,8.207000,0.459000,-59,0.000000,7,8
1,11.000000,8.104000,0.440000,-59,0.000000,7,8
1,11.000000,8.031000,0.478000,-59,0.000000,7,8
1,11.000000,8.192000,0.501000,-58,0.000000,7,8
1,11.000000,8.685000,0.517000,-59,0.000000,7,8
1,11.000000,8.632000,0.365000,-59,0.000000,7,8
1,11.000000,8.383000,0.309000,-58,0.000000,7,8
1,11.000000,8.148000,0.497000,-59,0.000000,7,8
1,11.000000,8.441000,0.487000,-59,0.000000,7,8
1,11.000000,8.148000,0.494000,-59,0.000000,7,8
1,11.000000,8.104000,0.543000,-59,0.000000,7,8
1,11.000000,8.515000,0.560000,-59,0.000000,7,8
1,11.000000,7.767000,0.875000,-60,0.000000,7,8
1,11.000000,7.987000,1.223000,-60,0.000000,7,8
1,11.000000,7.767000,1.172000,-61,0.000000,7,8
1,11.000000,7.972000,0.664000,-61,0.000000,7,8
1,11.000000,8.002000,0.690000,-61,0.000000,7,8
1,11.000000,8.016000,0.765000,-61,0.000000,7,8
1,11.000000,7.753000,0.673000,-61,0.000000,7,8
1,11.000000,7.811000,0.732000,-60,0.000000,7,8
1,11.000000,7.943000,0.600000,-60,0.000000,7,8
1,11.000000,8.412000,0.552000,-60,0.000000,7,8
1,11.000000,8.470000,0.879000,-61,0.000000,7,8
1,11.000000,8.221000,1.178000,-60,0.000000,7,8
1,11.000000,7.299000,1.194000,-60,0.000000,7,8
1,11.000000,8.793000,1.519000,-60,0.000000,7,8
1,11.000000,7.943000,1.086000,-60,0.000000,7,8
1,11.000000,7.123000,1.066000,-61,0.000000,7,8
1,11.000000,7.680000,1.144000,-60,0.000000,7,8
1,11.000000,7.533000,0.849000,-61,0.000000,7,8
1,11.000000,7.782000,0.783000,-61,0.000000,7,8
1,11.000000,7.709000,0.811000,-61,0.000000,7,8
1,11.000000,8.134000,0.751000,-60,0.000000,7,8
1,11.000000,8.016000,0.661000,-61,0.000000,7,8
1,11.000000,7.709000,0.859000,-61,0.000000,7,8
1,11.000000,8.236000,0.474000,-60,0.000000,7,8
1,11.000000,8.221000,0.411000,-60,0.000000,7,8
1,11.000000,8.163000,0.525000,-60,0.000000,7,8
1,11.000000,8.134000,0.643000,-60,0.000000,7,8
1,11.000000,8.324000,0.632000,-60,0.000000,7,8
1,11.000000,7.577000,0.716000,-60,0.000000,7,8
1,11.000000,8.148000,0.545000,-59,0.000000,7,8
1,11.000000,9.213000,0.825000,-60,0.000000,7,8
1,11.000000,8.148000,0.571000,-60,0.000000,7,8
1,11.000000,8.514000,0.509000,-61,0.000000,7,8
1,11.000000,8.515000,0.838000,-60,0.000000,7,8
1,11.000000,8.954000,0.920000,-60,0.000000,7,8
1,11.000000,8.500000,0.421000,-60,0.000000,7,8
1,11.000000,8.178000,0.695000,-59,0.000000,7,8
1,11.000000,8.178000,0.846000,-60,0.000000,7,8
1,11.000000,8.236000,0.613000,-60,0.000000,7,8
1,11.000000,7.929000,1.167000,-60,0.000000,7,8
1,11.000000,8.046000,1.150000,-60,0.000000,7,8
1,11.000000,7.987000,1.278000,-61,0.000000,7,8
1,11.000000,8.353000,0.890000,-61,0.000000,7,8
1,11.000000,8.339000,0.425000,-60,0.000000,7,8
1,11.000000,8.353000,0.952000,-60,0.000000,7,8
1,11.000000,7.972000,1.181000,-60,0.000000,7,8
1,11.000000,8.178000,0.735000,-60,0.000000,7,8
1,11.000000,8.178000,0.762000,-60,0.000000,7,8
1,11.000000,8.060000,1.212000,-60,0.000000,7,8
1,11.000000,8.119000,1.041000,-61,0.000000,7,8
1,11.000000,8.295000,1.109000,-60,0.000000,7,8
1,11.000000,8.075000,0.817000,-60,0.000000,7,8
1,11.000000,8.104000,0.888000,-60,0.000000,7,8
1,11.000000,8.383000,0.749000,-59,0.000000,7,8
1,11.000000,8.192000,1.089000,-60,0.000000,7,8
1,11.000000,7.826000,1.138000,-61,0.000000,7,8
1,11.000000,7.885000,0.890000,-60,0.000000,7,8
1,11.000000,7.987000,1.451000,-60,0.000000,7,8
1,11.000000,7.841000,1.356000,-61,0.000000,7,8
1,11.000000,8.559000,0.908000,-60,0.000000,7,8
1,11.000000,7.987000,1.067000,-61,0.000000,7,8
1,11.000000,7.680000,1.542000,-61,0.000000,7,8
1,11.000000,8.265000,0.697000,-60,0.000000,7,8
1,11.000000,8.178000,0.624000,-61,0.000000,7,8
1,11.000000,7.606000,1.280000,-60,0.000000,7,8
1,11.000000,7.826000,1.008000,-61,0.000000,7,8
1,11.000000,8.236000,0.683000,-60,0.000000,7,8
1,11.000000,7.753000,0.751000,-60,0.000000,7,8
1,11.000000,7.914000,0.861000,-61,0.000000,7,8
1,11.000000,8.339000,0.484000,-60,0.000000,7,8
1,11.000000,8.295000,0.518000,-61,0.000000,7,8
1,11.000000,8.720000,0.337000,-61,0.000000,7,8
1,11.000000,8.837000,0.404000,-61,0.000000,7,8
1,11.000000,8.602000,0.319000,-61,0.000000,7,8
1,11.000000,8.705000,0.436000,-61,0.000000,7,8
1,11.000000,8.427000,0.648000,-61,0.000000,7,8
1,11.000000,8.500000,0.736000,-61,0.000000,7,8
1,11.000000,8.588000,0.278000,-61,0.000000,7,8
1,11.000000,8.060000,0.478000,-61,0.000000,7,8
1,11.000000,8.222000,0.484000,-61,0.000000,7,8
1,11.000000,8.510000,0.430000,-61,0.000000,7,8
1,11.000000,8.544000,0.302000,-61,0.000000,7,8
1,11.000000,8.192000,0.357000,-61,0.000000,7,8
1,11.000000,8.544000,0.356000,-59,0.000000,7,8
1,11.000000,8.266000,0.245000,-59,0.000000,7,8
1,11.000000,8.803000,0.223000,-58,0.000000,7,8
1,11.000000,8.749000,0.500000,-59,0.000000,7,8
1,11.000000,8.207000,0.197000,-59,0.000000,7,8
1,11.000000,8.881000,0.327000,-58,0.000000,7,8
1,11.000000,8.090000,0.412000,-58,0.000000,7,8
1,11.000000,7.943000,0.417000,-58,0.000000,7,8
1,11.000000,7.343000,0.918000,-59,0.000000,7,8
1,11.000000,7.929000,0.837000,-59,0.000000,7,8
1,11.000000,8.764000,1.081000,-59,0.000000,7,8
1,11.000000,8.617000,0.676000,-58,0.000000,7,8
1,11.000000,7.797000,0.555000,-58,0.000000,7,8
1,11.000000,8.573000,0.505000,-59,0.000000,7,8
1,11.000000,7.929000,0.471000,-59,0.000000,7,8
1,11.000000,7.797000,0.597000,-59,0.000000,7,8
1,11.000000,8.251000,0.516000,-59,0.000000,7,8
1,11.000000,8.236000,0.405000,-59,0.000000,7,8
1,11.000000,8.104000,0.411000,-59,0.000000,7,8
1,11.000000,8.119000,0.406000,-59,0.000000,7,8
1,11.000000,7.782000,0.579000,-58,0.000000,7,8
1,11.000000,8.017000,0.480000,-59,0.000000,7,8
1,11.000000,7.855000,0.493000,-60,0.000000,7,8
1,11.000000,8.559000,0.527000,-60,0.000000,7,8
1,11.000000,7.694000,0.652000,-60,0.000000,7,8
1,11.000000,8.002000,0.397000,-60,0.000000,7,8
1,11.000000,8.002000,0.455000,-59,0.000000,7,8
1,11.000000,8.666000,0.906000,-59,0.000000,7,8
1,11.000000,7.811000,0.528000,-59,0.000000,7,8
1,11.000000,8.104000,0.315000,-59,0.000000,7,8
1,11.000000,8.719000,0.648000,-60,0.000000,7,8
1,11.000000,8.515000,0.464000,-60,0.000000,7,8
1,11.000000,8.441000,0.523000,-60,0.000000,7,8
1,11.000000,8.280000,0.515000,-60,0.000000,7,8
1,11.000000,8.178000,0.469000,-61,0.000000,7,8
1,11.000000,8.178000,0.576000,-61,0.000000,7,8
1,11.000000,7.987000,0.450000,-61,0.000000,7,8
1,11.000000,8.471000,0.366000,-61,0.000000,7,8
1,11.000000,8.705000,0.698000,-61,0.000000,7,8
1,11.000000,8.500000,0.499000,-61,0.000000,7,8
1,11.000000,8.471000,0.313000,-60,0.000000,7,8
1,11.000000,8.778000,0.537000,-60,0.000000,7,8
1,11.000000,8.353000,0.622000,-60,0.000000,7,8
1,11.000000,8.617000,0.566000,-60,0.000000,7,8
1,11.000000,8.783000,0.791000,-60,0.000000,7,8
1,11.000000,8.573000,0.572000,-60,0.000000,7,8
1,11.000000,8.119000,0.800000,-60,0.000000,7,8
1,11.000000,8.046000,0.466000,-61,0.000000,7,8
1,11.000000,8.427000,0.839000,-60,0.000000,7,8
1,11.000000,7.797000,0.664000,-60,0.000000,7,8
1,11.000000,9.188000,0.896000,-61,0.000000,7,8
1,11.000000,8.178000,0.575000,-61,0.000000,7,8
1,11.000000,8.793000,1.722000,-61,0.000000,7,8
1,11.000000,7.592000,0.895000,-60,0.000000,7,8
1,11.000000,7.284000,0.936000,-60,0.000000,7,8
1,11.000000,7.753000,0.761000,-61,0.000000,7,8
1,11.000000,8.427000,0.996000,-61,0.000000,7,8
1,11.000000,9.232000,0.934000,-60,0.000000,7,8
1,11.000000,8.661000,0.467000,-60,0.000000,7,8
1,11.000000,8.861000,0.403000,-59,0.000000,7,8
1,11.000000,8.725000,0.225000,-60,0.000000,7,8
1,11.000000,8.646000,0.557000,-59,0.000000,7,8
1,11.000000,8.471000,0.497000,-58,0.000000,7,8
1,11.000000,8.647000,0.355000,-60,0.000000,7,8
1,11.000000,8.017000,0.441000,-58,0.000000,7,8
1,11.000000,8.148000,0.618000,-57,0.000000,7,8
1,11.000000,7.987000,0.667000,-58,0.000000,7,8
1,11.000000,8.500000,0.629000,-59,0.000000,7,8
1,11.000000,8.207000,0.584000,-58,0.000000,7,8
1,11.000000,8.236000,0.496000,-58,0.000000,7,8
1,11.000000,8.163000,0.626000,-58,0.000000,7,8
1,11.000000,8.705000,0.376000,-58,0.000000,7,8
1,11.000000,7.973000,0.448000,-58,0.000000,7,8
1,11.000000,8.134000,0.537000,-57,0.000000,7,8
1,11.000000,8.090000,0.466000,-57,0.000000,7,8
1,11.000000,7.694000,0.571000,-57,0.000000,7,8
1,11.000000,8.192000,0.495000,-57,0.000000,7,8
1,11.000000,8.207000,0.514000,-57,0.000000,7,8
1,11.000000,8.134000,0.572000,-56,0.000000,7,8
1,11.000000,7.812000,0.628000,-57,0.000000,7,8
1,11.000000,7.914000,0.534000,-57,0.000000,7,8
1,11.000000,7.738000,0.688000,-57,0.000000,7,8
1,11.000000,7.929000,0.540000,-59,0.000000,7,8
1,11.000000,7.680000,0.630000,-60,0.000000,7,8
1,11.000000,7.694000,0.629000,-58,0.000000,7,8
1,11.000000,8.602000,0.312000,-58,0.000000,7,8
1,11.000000,8.744000,0.292000,-59,0.000000,7,8
1,11.000000,8.744000,0.432000,-58,0.000000,7,8
1,11.000000,9.262000,0.715000,-60,0.000000,7,8
1,11.000000,8.925000,0.564000,-59,0.000000,7,8
1,11.000000,9.115000,0.684000,-61,0.000000,7,8
1,11.000000,9.188000,0.704000,-62,0.000000,7,8
1,11.000000,7.943000,0.795000,-66,0.000000,7,8
1,11.000000,8.251000,0.717000,-65,0.000000,7,8
1,11.000000,9.144000,1.400000,-66,0.000000,7,8
1,11.000000,9.042000,1.857000,-67,0.000000,7,8
1,11.000000,8.744000,0.447000,-64,0.000000,7,8
1,11.000000,8.451000,0.480000,-62,0.000000,7,8
1,11.000000,8.221000,0.548000,-62,0.000000,7,8
1,11.000000,7.841000,0.589000,-61,0.000000,7,8
1,11.000000,8.412000,0.285000,-61,0.000000,7,8
1,11.000000,8.573000,0.200000,-61,0.000000,7,8
1,11.000000,8.734000,0.307000,-61,0.000000,7,8
1,11.000000,9.013000,0.419000,-61,0.000000,7,8
1,11.000000,8.500000,0.463000,-61,0.000000,7,8
1,11.000000,8.646000,1.074000,-61,0.000000,7,8
1,11.000000,8.559000,0.658000,-60,0.000000,7,8
1,11.000000,8.866000,0.213000,-61,0.000000,7,8
1,11.000000,8.881000,0.310000,-60,0.000000,7,8
1,11.000000,8.602000,0.397000,-59,0.000000,7,8
1,11.000000,8.861000,0.606000,-58,0.000000,7,8
1,11.000000,8.529000,0.366000,-57,0.000000,7,8
1,11.000000,8.456000,0.510000,-57,0.000000,7,8
1,11.000000,9.042000,0.689000,-57,0.000000,7,8
1,11.000000,8.920000,0.308000,-58,0.000000,7,8
1,11.000000,8.842000,0.353000,-58,0.000000,7,8
1,11.000000,8.725000,0.371000,-59,0.000000,7,8
1,11.000000,8.383000,0.417000,-58,0.000000,7,8
1,11.000000,8.163000,0.635000,-58,0.000000,7,8
1,11.000000,8.207000,0.575000,-58,0.000000,7,8
1,11.000000,8.646000,0.371000,-58,0.000000,7,8
1,11.000000,8.778000,0.326000,-57,0.000000,7,8
1,11.000000,8.617000,0.577000,-57,0.000000,7,8
1,11.000000,8.803000,0.931000,-58,0.000000,7,8
1,11.000000,8.744000,0.729000,-58,0.000000,7,8
1,11.000000,8.803000,0.791000,-57,0.000000,7,8
1,11.000000,8.803000,0.519000,-57,0.000000,7,8
1,11.000000,8.861000,0.733000,-57,0.000000,7,8
1,11.000000,8.920000,0.332000,-57,0.000000,7,8
1,11.000000,8.969000,0.318000,-57,0.000000,7,8
1,11.000000,8.866000,0.281000,-57,0.000000,7,8
1,11.000000,8.939000,0.238000,-57,0.000000,7,8
1,11.000000,8.881000,0.270000,-56,0.000000,7,8
1,11.000000,8.808000,0.283000,-56,0.000000,7,8
1,11.000000,8.602000,0.297000,-56,0.000000,7,8
1,11.000000,8.456000,0.341000,-56,0.000000,7,8
1,11.000000,8.632000,0.275000,-56,0.000000,7,8
1,11.000000,8.339000,0.503000,-57,0.000000,7,8
1,11.000000,8.456000,0.535000,-58,0.000000,7,8
1,11.000000,8.573000,0.280000,-58,0.000000,7,8
1,11.000000,8.822000,0.818000,-58,0.000000,7,8
1,11.000000,8.959000,0.737000,-58,0.000000,7,8
1,11.000000,8.959000,0.390000,-59,0.000000,7,8
1,11.000000,9.100000,0.395000,-59,0.000000,7,8
1,11.000000,8.842000,0.512000,-60,0.000000,7,8
1,11.000000,8.842000,0.303000,-59,0.000000,7,8
1,11.000000,8.783000,0.213000,-60,0.000000,7,8
1,11.000000,8.725000,0.326000,-59,0.000000,7,8
1,11.000000,8.720000,0.187000,-59,0.000000,7,8
1,11.000000,8.744000,0.305000,-58,0.000000,7,8
1,11.000000,8.529000,0.424000,-57,0.000000,7,8
1,11.000000,8.471000,0.366000,-56,0.000000,7,8
1,11.000000,8.178000,0.458000,-56,0.000000,7,8
1,11.000000,8.881000,0.332000,-56,0.000000,7,8
1,11.000000,8.866000,0.358000,-56,0.000000,7,8
1,11.000000,8.588000,0.224000,-57,0.000000,7,8
1,11.000000,9.135000,0.211000,-56,0.000000,7,8
1,11.000000,9.057000,0.107000,-57,0.000000,7,8
1,11.000000,8.866000,0.219000,-57,0.000000,7,8
1,11.000000,9.086000,0.302000,-57,0.000000,7,8
1,11.000000,8.998000,0.282000,-57,0.000000,7,8
1,11.000000,8.895000,0.112000,-57,0.000000,7,8
1,11.000000,9.042000,0.311000,-57,0.000000,7,8
1,11.000000,8.764000,0.210000,-57,0.000000,7,8
1,11.000000,8.881000,0.286000,-57,0.000000,7,8
1,11.000000,9.096000,0.367000,-57,0.000000,7,8
1,11.000000,8.573000,0.286000,-57,0.000000,7,8
1,11.000000,8.866000,0.183000,-57,0.000000,7,8
1,11.000000,9.071000,0.347000,-57,0.000000,7,8
1,11.000000,8.602000,0.396000,-56,0.000000,7,8
1,11.000000,8.954000,0.276000,-56,0.000000,7,8
1,11.000000,8.939000,0.492000,-57,0.000000,7,8
1,11.000000,9.057000,0.432000,-57,0.000000,7,8
1,11.000000,9.057000,0.415000,-57,0.000000,7,8
1,11.000000,9.057000,0.463000,-57,0.000000,7,8
1,11.000000,9.252000,0.594000,-57,0.000000,7,8
1,11.000000,8.251000,0.673000,-57,0.000000,7,8
1,11.000000,8.266000,0.742000,-57,0.000000,7,8
1,11.000000,7.899000,0.686000,-57,0.000000,7,8
1,11.000000,7.973000,0.632000,-57,0.000000,7,8
1,11.000000,7.709000,0.757000,-58,0.000000,7,8
1,11.000000,8.441000,0.599000,-60,0.000000,7,8
1,11.000000,8.764000,0.372000,-58,0.000000,7,8
1,11.000000,8.500000,0.813000,-58,0.000000,7,8
1,11.000000,8.778000,0.754000,-60,0.000000,7,8
1,11.000000,8.690000,0.481000,-60,0.000000,7,8
1,11.000000,8.627000,0.322000,-59,0.000000,7,8
1,11.000000,8.895000,0.507000,-58,0.000000,7,8
1,11.000000,8.822000,0.544000,-58,0.000000,7,8
1,11.000000,8.822000,0.378000,-58,0.000000,7,8
1,11.000000,8.783000,0.324000,-58,0.000000,7,8
1,11.000000,8.075000,0.399000,-58,0.000000,7,8
1,11.000000,8.808000,0.359000,-57,0.000000,7,8
1,11.000000,8.090000,0.479000,-58,0.000000,7,8
1,11.000000,8.705000,0.577000,-58,0.000000,7,8
1,11.000000,8.558000,0.214000,-58,0.000000,7,8
1,11.000000,9.115000,0.493000,-59,0.000000,7,8
1,11.000000,8.954000,0.227000,-58,0.000000,7,8
1,11.000000,9.428000,0.400000,-57,0.000000,7,8
1,11.000000,8.925000,0.388000,-57,0.000000,7,8
1,11.000000,8.251000,0.773000,-58,0.000000,7,8
1,11.000000,7.885000,0.832000,-58,0.000000,7,8
1,11.000000,8.368000,0.462000,-59,0.000000,7,8
1,11.000000,8.163000,0.538000,-60,0.000000,7,8
1,11.000000,8.119000,0.570000,-60,0.000000,7,8
1,11.000000,7.987000,0.632000,-59,0.000000,7,8
1,11.000000,7.768000,0.682000,-59,0.000000,7,8
1,11.000000,7.899000,1.357000,-60,0.000000,7,8
1,11.000000,8.324000,0.667000,-59,0.000000,7,8
1,11.000000,8.383000,0.535000,-59,0.000000,7,8
1,11.000000,8.075000,1.250000,-60,0.000000,7,8
1,11.000000,7.621000,0.891000,-59,0.000000,7,8
1,11.000000,8.412000,1.304000,-59,0.000000,7,8
1,11.000000,7.929000,0.900000,-60,0.000000,7,8
1,11.000000,7.811000,0.585000,-60,0.000000,7,8
1,11.000000,7.958000,0.573000,-60,0.000000,7,8
1,11.000000,8.192000,0.482000,-61,0.000000,7,8
1,11.000000,8.046000,0.372000,-62,0.000000,7,8
1,11.000000,8.002000,0.350000,-61,0.000000,7,8
1,11.000000,8.295000,0.345000,-61,0.000000,7,8
1,11.000000,8.163000,0.518000,-62,0.000000,7,8
1,11.000000,8.265000,0.333000,-63,0.000000,7,8
1,11.000000,7.929000,0.548000,-62,0.000000,7,8
1,11.000000,8.266000,0.435000,-61,0.000000,7,8
1,11.000000,8.031000,0.591000,-60,0.000000,7,8
1,11.000000,7.841000,0.776000,-60,0.000000,7,8
1,11.000000,7.972000,1.010000,-61,0.000000,7,8
1,11.000000,8.412000,1.094000,-61,0.000000,7,8
1,11.000000,8.046000,1.200000,-62,0.000000,7,8
1,11.000000,8.236000,1.282000,-62,0.000000,7,8
1,11.000000,8.383000,1.193000,-62,0.000000,7,8
1,11.000000,8.397000,0.838000,-62,0.000000,7,8
1,11.000000,8.222000,0.977000,-62,0.000000,7,8
1,11.000000,8.251000,0.727000,-60,0.000000,7,8
1,11.000000,7.943000,0.793000,-60,0.000000,7,8
1,11.000000,8.134000,0.980000,-61,0.000000,7,8
1,11.000000,8.749000,0.790000,-61,0.000000,7,8
1,11.000000,8.690000,0.891000,-61,0.000000,7,8
1,11.000000,8.632000,0.575000,-60,0.000000,7,8
1,11.000000,7.972000,0.684000,-60,0.000000,7,8
1,11.000000,7.899000,1.483000,-61,0.000000,7,8
1,11.000000,8.676000,0.826000,-60,0.000000,7,8
1,11.000000,8.558000,0.732000,-60,0.000000,7,8
1,11.000000,8.939000,0.779000,-60,0.000000,7,8
1,11.000000,8.851000,0.297000,-59,0.000000,7,8
1,11.000000,9.042000,0.121000,-59,0.000000,7,8
1,11.000000,8.983000,0.726000,-59,0.000000,7,8
1,11.000000,8.808000,0.670000,-59,0.000000,7,8
1,11.000000,8.646000,0.403000,-59,0.000000,7,8
1,11.000000,8.881000,0.592000,-59,0.000000,7,8
1,11.000000,8.485000,0.628000,-59,0.000000,7,8
1,11.000000,8.837000,0.599000,-59,0.000000,7,8
1,11.000000,8.851000,0.312000,-59,0.000000,7,8
1,11.000000,8.690000,0.418000,-59,0.000000,7,8
1,11.000000,8.573000,0.600000,-59,0.000000,7,8
1,11.000000,8.895000,0.721000,-60,0.000000,7,8
1,11.000000,8.383000,0.642000,-59,0.000000,7,8
1,11.000000,8.339000,0.351000,-59,0.000000,7,8
1,11.000000,8.529000,0.343000,-58,0.000000,7,8
1,11.000000,8.280000,0.454000,-58,0.000000,7,8
1,11.000000,8.412000,0.472000,-58,0.000000,7,8
1,11.000000,8.324000,0.356000,-58,0.000000,7,8
1,11.000000,8.295000,0.500000,-58,0.000000,7,8
1,11.000000,8.676000,0.413000,-58,0.000000,7,8
1,11.000000,8.441000,0.544000,-57,0.000000,7,8
1,11.000000,8.310000,0.294000,-57,0.000000,7,8
1,11.000000,8.251000,0.331000,-57,0.000000,7,8
1,11.000000,8.690000,0.601000,-57,0.000000,7,8
1,11.000000,8.602000,0.112000,-57,0.000000,7,8
1,11.000000,8.588000,0.305000,-57,0.000000,7,8
1,11.000000,8.515000,0.597000,-57,0.000000,7,8
1,11.000000,8.280000,0.512000,-57,0.000000,7,8
1,11.000000,8.353000,0.372000,-57,0.000000,7,8
1,11.000000,8.705000,1.004000,-58,0.000000,7,8
1,11.000000,8.060000,0.573000,-58,0.000000,7,8
1,11.000000,8.588000,0.769000,-58,0.000000,7,8
1,11.000000,8.724000,0.986000,-58,0.000000,7,8
1,11.000000,8.607000,0.401000,-57,0.000000,7,8
1,11.000000,8.725000,0.630000,-56,0.000000,7,8
1,11.000000,8.705000,0.626000,-57,0.000000,7,8
1,11.000000,8.861000,0.660000,-56,0.000000,7,8
1,11.000000,8.920000,0.592000,-56,0.000000,7,8
1,11.000000,8.661000,0.480000,-57,0.000000,7,8
1,11.000000,8.803000,0.806000,-56,0.000000,7,8
1,11.000000,8.676000,0.570000,-56,0.000000,7,8
1,11.000000,8.783000,0.633000,-56,0.000000,7,8
1,11.000000,8.895000,0.765000,-57,0.000000,7,8
1,11.000000,8.685000,0.483000,-56,0.000000,7,8
1,11.000000,9.037000,0.631000,-56,0.000000,7,8
1,11.000000,8.734000,0.636000,-56,0.000000,7,8
1,11.000000,8.617000,0.603000,-56,0.000000,7,8
1,11.000000,8.783000,0.564000,-56,0.000000,7,8
1,11.000000,8.803000,0.712000,-56,0.000000,7,8
1,11.000000,8.778000,0.210000,-56,0.000000,7,8
1,11.000000,8.803000,0.433000,-57,0.000000,7,8
1,11.000000,8.764000,0.913000,-56,0.000000,7,8
1,11.000000,8.104000,0.490000,-56,0.000000,7,8
1,11.000000,8.646000,0.457000,-55,0.000000,7,8
1,11.000000,8.676000,0.204000,-56,0.000000,7,8
1,11.000000,8.646000,0.960000,-56,0.000000,7,8
1,11.000000,8.705000,0.750000,-57,0.000000,7,8
1,11.000000,8.705000,0.481000,-57,0.000000,7,8
1,11.000000,8.646000,0.362000,-57,0.000000,7,8
1,11.000000,8.744000,0.380000,-57,0.000000,7,8
1,11.000000,8.764000,0.323000,-57,0.000000,7,8
1,11.000000,8.959000,0.269000,-57,0.000000,7,8
1,11.000000,8.842000,0.302000,-57,0.000000,7,8
1,11.000000,8.881000,0.436000,-58,0.000000,7,8
1,11.000000,8.763000,0.425000,-58,0.000000,7,8
1,11.000000,8.075000,0.424000,-58,0.000000,7,8
1,11.000000,8.646000,0.155000,-58,0.000000,7,8
1,11.000000,8.881000,0.226000,-58,0.000000,7,8
1,11.000000,8.602000,0.200000,-58,0.000000,7,8
1,11.000000,8.959000,0.411000,-58,0.000000,7,8
1,11.000000,8.793000,0.475000,-57,0.000000,7,8
1,11.000000,8.602000,0.196000,-58,0.000000,7,8
1,11.000000,8.607000,0.287000,-58,0.000000,7,8
1,11.000000,8.090000,0.473000,-58,0.000000,7,8
1,11.000000,8.588000,0.585000,-58,0.000000,7,8
1,11.000000,8.310000,0.466000,-58,0.000000,7,8
1,11.000000,8.222000,0.476000,-58,0.000000,7,8
1,11.000000,8.808000,0.350000,-57,0.000000,7,8
1,11.000000,8.720000,0.225000,-58,0.000000,7,8
1,11.000000,8.310000,0.409000,-58,0.000000,7,8
1,11.000000,8.441000,0.311000,-58,0.000000,7,8
1,11.000000,8.500000,0.507000,-58,0.000000,7,8
1,11.000000,8.588000,0.321000,-59,0.000000,7,8
1,11.000000,8.646000,0.222000,-60,0.000000,7,8
1,11.000000,8.778000,0.576000,-60,0.000000,7,8
1,11.000000,8.568000,0.363000,-58,0.000000,7,8
1,11.000000,8.490000,0.328000,-59,0.000000,7,8
1,11.000000,8.510000,0.354000,-58,0.000000,7,8
1,11.000000,8.236000,0.275000,-60,0.000000,7,8
1,11.000000,8.490000,0.309000,-59,0.000000,7,8
1,11.000000,8.559000,0.318000,-60,0.000000,7,8
1,11.000000,8.075000,0.426000,-61,0.000000,7,8
1,11.000000,8.046000,0.271000,-58,0.000000,7,8
1,11.000000,8.266000,0.390000,-58,0.000000,7,8
1,11.000000,8.588000,1.488000,-65,0.000000,7,8
1,11.000000,8.744000,2.127000,-62,0.000000,7,8
1,11.000000,9.193000,0.589000,-58,0.000000,7,8
1,11.000000,8.602000,0.244000,-60,0.000000,7,8
1,11.000000,8.822000,1.220000,-59,0.000000,7,8
1,11.000000,8.920000,1.788000,-59,0.000000,7,8
1,11.000000,8.842000,1.823000,-59,0.000000,7,8
1,11.000000,8.939000,1.478000,-59,0.000000,7,8
1,11.000000,9.310000,2.184000,-59,0.000000,7,8
1,11.000000,9.310000,1.465000,-57,0.000000,7,8
1,11.000000,9.232000,2.173000,-57,0.000000,7,8
1,11.000000,9.096000,2.400000,-58,0.000000,7,8
1,11.000000,9.271000,1.034000,-57,0.000000,7,8
1,11.000000,9.310000,1.143000,-59,0.000000,7,8
1,11.000000,8.881000,0.988000,-57,0.000000,7,8
1,11.000000,8.104000,1.456000,-60,0.000000,7,8
1,11.000000,10.243000,0.849000,-61,0.000000,7,8
1,11.000000,8.412000,1.056000,-58,0.000000,7,8
1,11.000000,7.973000,1.000000,-57,0.000000,7,8
1,11.000000,8.969000,1.125000,-55,0.000000,7,8
1,11.000000,8.978000,1.016000,-55,0.000000,7,8
1,11.000000,9.369000,0.420000,-54,0.000000,7,8
1,11.000000,9.057000,0.458000,-55,0.000000,7,8
1,11.000000,8.978000,0.918000,-56,0.000000,7,8
1,11.000000,9.603000,0.368000,-58,0.000000,7,8
1,11.000000,9.130000,0.256000,-60,0.000000,7,8
1,11.000000,8.978000,0.200000,-59,0.000000,7,8
1,11.000000,8.456000,0.865000,-60,0.000000,7,8
1,11.000000,9.086000,0.497000,-56,0.000000,7,8
1,11.000000,9.135000,1.112000,-55,0.000000,7,8
1,11.000000,9.018000,0.459000,-55,0.000000,7,8
1,11.000000,9.369000,1.733000,-55,0.000000,7,8
1,11.000000,8.793000,0.279000,-56,0.000000,7,8
1,11.000000,9.115000,0.186000,-57,0.000000,7,8
1,11.000000,9.623000,0.437000,-56,0.000000,7,8
1,11.000000,9.247000,1.171000,-62,0.000000,7,8
1,11.000000,8.529000,1.365000,-61,0.000000,7,8
1,11.000000,8.881000,0.133000,-59,0.000000,7,8
1,11.000000,8.969000,1.321000,-66,0.000000,7,8
1,11.000000,9.428000,0.246000,-58,0.000000,7,8
1,11.000000,8.685000,0.470000,-57,0.000000,7,8
1,11.000000,9.369000,1.644000,-55,0.000000,7,8
1,11.000000,7.767000,1.463000,-57,0.000000,7,8
1,11.000000,8.705000,0.471000,-57,0.000000,7,8
1,11.000000,8.861000,1.513000,-57,0.000000,7,8
1,11.000000,9.335000,0.522000,-63,0.000000,7,8
1,11.000000,8.866000,0.393000,-56,0.000000,7,8
1,11.000000,8.309000,1.334000,-62,0.000000,7,8
1,11.000000,8.510000,1.191000,-61,0.000000,7,8
1,11.000000,7.665000,0.927000,-67,0.000000,7,8
1,11.000000,8.383000,0.622000,-63,0.000000,7,8
1,11.000000,8.207000,0.362000,-63,0.000000,7,8
1,11.000000,8.607000,0.323000,-65,0.000000,7,8
1,11.000000,8.881000,1.046000,-62,0.000000,7,8
1,11.000000,8.256000,1.758000,-61,0.000000,7,8
1,11.000000,8.920000,0.190000,-61,0.000000,7,8
1,11.000000,9.037000,1.224000,-62,0.000000,7,8
1,11.000000,8.983000,0.466000,-58,0.000000,7,8
1,11.000000,8.041000,0.625000,-61,0.000000,7,8
1,11.000000,8.959000,1.224000,-60,0.000000,7,8
1,11.000000,8.559000,0.334000,-59,0.000000,7,8
1,11.000000,8.265000,1.160000,-63,0.000000,7,8
1,11.000000,8.793000,0.656000,-59,0.000000,7,8
1,11.000000,9.037000,0.515000,-64,0.000000,7,8
1,11.000000,8.803000,0.549000,-58,0.000000,7,8
1,11.000000,8.080000,1.158000,-65,0.000000,7,8
1,11.000000,8.529000,1.367000,-60,0.000000,7,8
1,11.000000,7.899000,0.523000,-62,0.000000,7,8
1,11.000000,8.431000,0.358000,-63,0.000000,7,8
1,11.000000,8.236000,0.455000,-61,0.000000,7,8
1,11.000000,8.392000,0.470000,-61,0.000000,7,8
1,11.000000,9.203000,0.258000,-60,0.000000,7,8
1,11.000000,8.490000,1.462000,-57,0.000000,7,8
1,11.000000,8.119000,0.471000,-59,0.000000,7,8
1,11.000000,7.811000,0.475000,-61,0.000000,7,8
1,11.000000,8.749000,0.215000,-59,0.000000,7,8
1,11.000000,7.811000,0.661000,-58,0.000000,7,8
1,11.000000,8.334000,0.427000,-65,0.000000,7,8
1,11.000000,7.826000,0.488000,-63,0.000000,7,8
1,11.000000,8.661000,0.340000,-62,0.000000,7,8
1,11.000000,8.632000,0.410000,-60,0.000000,7,8
1,11.000000,8.529000,1.070000,-62,0.000000,7,8
1,11.000000,8.295000,0.587000,-63,0.000000,7,8
1,11.000000,8.256000,0.547000,-59,0.000000,7,8
1,11.000000,7.299000,0.870000,-67,0.000000,7,8
1,11.000000,8.236000,2.700000,-62,0.000000,7,8
1,11.000000,8.046000,0.366000,-60,0.000000,7,8
1,11.000000,10.131000,0.461000,-54,0.000000,7,8
1,11.000000,9.686000,0.426000,-61,0.000000,7,8
1,11.000000,9.452000,1.841000,-62,0.000000,7,8
1,11.000000,8.666000,1.853000,-59,0.000000,7,8
1,11.000000,9.857000,1.006000,-57,0.000000,7,8
1,11.000000,8.046000,0.542000,-56,0.000000,7,8
1,11.000000,9.174000,0.873000,-55,0.000000,7,8
1,11.000000,8.705000,1.017000,-57,0.000000,7,8
1,11.000000,8.959000,0.178000,-61,0.000000,7,8
1,11.000000,8.783000,0.201000,-56,0.000000,7,8
1,11.000000,8.764000,0.819000,-62,0.000000,7,8
1,11.000000,8.778000,0.630000,-62,0.000000,7,8
