1,13.000000,17.952999,1.002000,-57,0.000000,7,8
1,13.000000,18.573999,0.509000,-57,0.000000,7,8
1,13.000000,18.309000,0.663000,-54,0.000000,7,8
1,13.000000,17.830999,0.635000,-54,0.000000,7,8
1,13.000000,17.371000,0.547000,-53,0.000000,7,8
1,13.000000,17.948999,0.576000,-53,0.000000,7,8
1,13.000000,17.483999,0.593000,-53,0.000000,7,8
1,13.000000,18.112000,0.419000,-53,0.000000,7,8
1,13.000000,17.948999,0.338000,-53,0.000000,7,8
1,13.000000,18.737000,0.217000,-53,0.000000,7,8
1,13.000000,18.112000,0.329000,-52,0.000000,7,8
1,13.000000,18.656000,0.352000,-52,0.000000,5,8
1,13.000000,18.542999,0.349000,-53,0.000000,7,8
1,13.000000,17.596001,0.860000,-52,0.000000,7,8
1,13.000000,18.424000,0.333000,-51,0.000000,7,8
1,13.000000,18.261999,0.687000,-52,0.000000,7,8
1,13.000000,18.112000,0.298000,-51,0.000000,7,8
1,13.000000,18.322001,0.563000,-51,0.000000,7,8
1,13.000000,17.487000,0.745000,-52,0.000000,7,8
1,13.000000,17.948999,0.484000,-51,0.000000,7,8
1,13.000000,13.112000,5.635000,-50,0.000000,7,8
1,13.000000,17.174999,0.844000,-50,0.000000,7,8
1,13.000000,18.424000,0.396000,-51,0.000000,7,8
1,13.000000,18.099001,0.498000,-50,0.000000,7,8
1,13.000000,17.718000,0.898000,-51,0.000000,7,8
1,13.000000,17.483999,1.027000,-50,0.000000,7,8
1,13.000000,17.475000,0.470000,-50,0.000000,7,8
1,13.000000,17.955000,0.909000,-50,0.000000,7,8
1,13.000000,18.656000,0.358000,-50,0.000000,7,8
1,13.000000,18.099001,0.607000,-50,0.000000,7,8
1,13.000000,17.718000,0.617000,-50,0.000000,7,8
1,13.000000,18.656000,0.423000,-50,0.000000,7,8
1,13.000000,18.889999,0.305000,-50,0.000000,7,8
1,13.000000,17.636999,0.707000,-51,0.000000,7,8
1,13.000000,18.112000,0.602000,-51,0.000000,7,8
1,13.000000,17.596001,0.524000,-51,0.000000,7,8
1,13.000000,17.483999,0.301000,-51,0.000000,7,8
1,13.000000,17.636999,0.730000,-50,0.000000,7,8
1,13.000000,18.542999,0.492000,-50,0.000000,7,8
1,13.000000,17.962000,0.212000,-50,0.000000,3,8
1,13.000000,18.421000,0.639000,-51,0.000000,7,8
1,13.000000,17.174999,1.153000,-51,0.000000,7,8
1,13.000000,17.596001,0.610000,-51,0.000000,7,8
1,13.000000,17.011999,0.996000,-51,0.000000,7,8
1,13.000000,17.840000,0.727000,-50,0.000000,7,8
1,13.000000,18.737000,0.301000,-50,0.000000,7,8
1,13.000000,18.431000,0.468000,-51,0.000000,7,8
1,13.000000,16.698999,0.905000,-51,0.000000,7,8
1,13.000000,15.912000,2.698000,-51,0.000000,7,8
1,13.000000,18.656000,0.376000,-50,0.000000,7,8
1,13.000000,16.698999,0.918000,-51,0.000000,7,8
1,13.000000,18.075001,0.395000,-51,0.000000,7,8
1,13.000000,17.948999,0.615000,-50,0.000000,7,8
1,13.000000,18.587000,0.492000,-51,0.000000,7,8
1,13.000000,18.587000,0.501000,-50,0.000000,7,8
1,13.000000,16.667999,1.077000,-50,0.000000,7,8
1,13.000000,18.274000,0.468000,-50,0.000000,7,8
1,13.000000,17.487000,0.428000,-50,0.000000,7,8
1,13.000000,17.636999,0.794000,-50,0.000000,7,8
1,13.000000,18.274000,0.540000,-50,0.000000,7,8
1,13.000000,18.424000,0.423000,-50,0.000000,7,8
1,13.000000,17.649000,0.423000,-50,0.000000,7,8
1,13.000000,18.112000,0.781000,-50,0.000000,7,8
1,13.000000,17.799000,0.483000,-50,0.000000,7,8
1,13.000000,18.075001,0.604000,-51,0.000000,7,8
1,13.000000,17.487000,0.832000,-51,0.000000,7,8
1,13.000000,17.483999,0.852000,-51,0.000000,7,8
1,13.000000,16.893000,1.366000,-51,0.000000,7,8
1,13.000000,17.787001,0.791000,-51,0.000000,7,8
1,13.000000,18.075001,0.791000,-51,0.000000,7,8
1,13.000000,17.636999,0.599000,-51,0.000000,7,8
1,13.000000,17.948999,0.697000,-51,0.000000,7,8
1,13.000000,16.698999,0.704000,-51,0.000000,7,8
1,13.000000,18.534000,0.250000,-51,0.000000,7,8
1,13.000000,17.718000,0.491000,-51,0.000000,7,8
1,13.000000,16.849001,0.885000,-51,0.000000,7,8
1,13.000000,17.799000,0.680000,-51,0.000000,7,8
1,13.000000,18.424000,0.352000,-51,0.000000,5,8
1,13.000000,17.025000,0.566000,-50,0.000000,7,8
1,13.000000,18.587000,0.329000,-50,0.000000,7,8
1,13.000000,18.573999,0.337000,-51,0.000000,7,8
1,13.000000,18.587000,0.391000,-51,0.000000,7,8
1,13.000000,18.587000,0.430000,-50,0.000000,7,8
1,13.000000,18.112000,1.064000,-50,0.000000,7,8
1,13.000000,18.412001,0.550000,-50,0.000000,7,8
1,13.000000,18.424000,0.349000,-50,0.000000,7,8
1,13.000000,17.636999,0.752000,-50,0.000000,7,8
1,13.000000,18.737000,0.301000,-50,0.000000,7,8
1,13.000000,17.250000,1.081000,-50,0.000000,7,8
1,13.000000,18.075001,0.938000,-50,0.000000,7,8
1,13.000000,17.325001,0.658000,-50,0.000000,7,8
1,13.000000,17.025000,0.850000,-50,0.000000,7,8
1,13.000000,18.261999,0.258000,-50,0.000000,7,8
1,13.000000,18.261999,0.583000,-49,0.000000,7,8
1,13.000000,17.475000,0.791000,-50,0.000000,7,8
1,13.000000,18.261999,0.481000,-50,0.000000,7,8
1,13.000000,17.475000,0.827000,-50,0.000000,7,8
1,13.000000,17.962000,0.231000,-50,0.000000,7,8
1,13.000000,18.099001,0.495000,-50,0.000000,7,8
1,13.000000,18.112000,0.680000,-50,0.000000,7,8
1,13.000000,17.174999,1.224000,-49,0.000000,7,8
1,13.000000,17.337000,0.724000,-49,0.000000,7,8
1,13.000000,17.943001,0.868000,-50,0.000000,7,8
1,13.000000,17.948999,0.958000,-50,0.000000,7,8
1,13.000000,18.656000,0.242000,-50,0.000000,7,8
1,13.000000,17.596001,0.929000,-50,0.000000,7,8
1,13.000000,17.337000,0.638000,-50,0.000000,7,8
1,13.000000,17.325001,0.478000,-50,0.000000,7,8
1,13.000000,18.112000,0.706000,-50,0.000000,7,8
1,13.000000,17.636999,0.860000,-50,0.000000,7,8
1,13.000000,18.768000,0.393000,-50,0.000000,7,8
1,13.000000,17.948999,0.477000,-50,0.000000,7,8
1,13.000000,17.718000,0.960000,-50,0.000000,7,8
1,13.000000,18.424000,0.428000,-50,0.000000,7,8
1,13.000000,18.261999,0.298000,-51,0.000000,7,8
1,13.000000,18.309000,0.536000,-51,0.000000,7,8
1,13.000000,17.636999,0.887000,-51,0.000000,7,8
1,13.000000,18.112000,0.498000,-51,0.000000,7,8
1,13.000000,17.962000,0.000000,-51,0.000000,1,8
1,13.000000,18.261999,0.823000,-50,0.000000,7,8
1,13.000000,18.261999,0.421000,-51,0.000000,7,8
1,13.000000,18.424000,0.327000,-51,0.000000,7,8
1,13.000000,15.375000,5.420000,-50,0.000000,7,8
1,13.000000,18.075001,0.706000,-51,0.000000,7,8
1,13.000000,18.322001,0.563000,-50,0.000000,7,8
1,13.000000,17.787001,0.704000,-51,0.000000,7,8
1,13.000000,18.421000,0.491000,-51,0.000000,7,8
1,13.000000,18.424000,0.413000,-51,0.000000,7,8
1,13.000000,17.787001,0.472000,-51,0.000000,7,8
1,13.000000,18.065001,0.426000,-51,0.000000,7,8
1,13.000000,17.011999,0.801000,-50,0.000000,7,8
1,13.000000,17.799000,0.828000,-49,0.000000,7,8
1,13.000000,18.112000,0.697000,-49,0.000000,7,8
1,13.000000,17.799000,0.693000,-50,0.000000,7,8
1,13.000000,16.849001,0.936000,-50,0.000000,7,8
1,13.000000,17.799000,0.776000,-51,0.000000,7,8
1,13.000000,17.636999,0.659000,-51,0.000000,7,8
1,13.000000,17.606001,0.636000,-51,0.000000,7,8
1,13.000000,17.799000,0.700000,-51,0.000000,7,8
1,13.000000,18.573999,0.250000,-51,0.000000,7,8
1,13.000000,17.636999,1.170000,-51,0.000000,7,8
1,13.000000,18.656000,0.352000,-51,0.000000,7,8
1,13.000000,17.636999,0.599000,-50,0.000000,7,8
1,13.000000,18.424000,0.611000,-51,0.000000,7,8
1,13.000000,17.952999,0.604000,-50,0.000000,7,8
1,13.000000,18.424000,0.349000,-50,0.000000,7,8
1,13.000000,18.424000,0.502000,-50,0.000000,7,8
1,13.000000,17.174999,0.962000,-50,0.000000,7,8
1,13.000000,17.787001,0.708000,-50,0.000000,7,8
1,13.000000,18.665001,0.493000,-50,0.000000,7,8
1,13.000000,17.948999,0.585000,-50,0.000000,7,8
1,13.000000,17.487000,0.821000,-50,0.000000,7,8
1,13.000000,18.573999,0.441000,-50,0.000000,7,8
1,13.000000,18.424000,0.428000,-50,0.000000,7,8
1,13.000000,17.011999,0.585000,-50,0.000000,7,8
1,13.000000,17.948999,0.615000,-50,0.000000,7,8
1,13.000000,17.649000,0.532000,-50,0.000000,7,8
1,13.000000,18.412001,0.387000,-50,0.000000,3,8
1,13.000000,18.112000,0.783000,-50,0.000000,7,8
1,13.000000,18.573999,0.509000,-50,0.000000,7,8
1,13.000000,17.636999,0.927000,-50,0.000000,7,8
1,13.000000,18.768000,0.393000,-50,0.000000,7,8
1,13.000000,17.636999,0.699000,-50,0.000000,7,8
1,13.000000,18.112000,0.694000,-50,0.000000,7,8
1,13.000000,18.261999,0.800000,-50,0.000000,7,8
1,13.000000,17.799000,0.660000,-50,0.000000,7,8
1,13.000000,17.596001,0.413000,-51,0.000000,7,8
1,13.000000,18.542999,0.694000,-51,0.000000,7,8
1,13.000000,18.900000,0.000000,-52,0.000000,1,8
1,13.000000,17.787001,0.483000,-50,0.000000,7,8
1,13.000000,17.636999,0.898000,-50,0.000000,7,8
1,13.000000,17.174999,0.994000,-50,0.000000,7,8
1,13.000000,18.412001,0.608000,-50,0.000000,7,8
1,13.000000,17.136999,0.338000,-49,0.000000,7,8
1,13.000000,18.424000,0.396000,-51,0.000000,7,8
1,13.000000,18.587000,0.444000,-51,0.000000,7,8
1,13.000000,18.412001,0.000000,-51,0.000000,1,8
1,13.000000,18.187000,0.579000,-50,0.000000,7,8
1,13.000000,18.112000,0.214000,-50,0.000000,7,8
1,13.000000,18.424000,0.333000,-50,0.000000,7,8
1,13.000000,18.112000,0.687000,-50,0.000000,7,8
1,13.000000,17.799000,0.918000,-50,0.000000,7,8
1,13.000000,17.718000,0.973000,-50,0.000000,7,8
1,13.000000,18.309000,0.638000,-50,0.000000,7,8
1,13.000000,18.424000,0.349000,-50,0.000000,7,8
1,13.000000,17.385000,0.608000,-50,0.000000,7,8
1,13.000000,18.424000,0.423000,-50,0.000000,7,8
1,13.000000,17.487000,0.447000,-50,0.000000,7,8
1,13.000000,18.065001,0.607000,-50,0.000000,7,8
1,13.000000,18.424000,0.526000,-51,0.000000,7,8
1,13.000000,18.187000,0.634000,-51,0.000000,7,8
1,13.000000,17.636999,0.657000,-51,0.000000,7,8
1,13.000000,18.195999,0.434000,-51,0.000000,7,8
1,13.000000,18.112000,0.576000,-50,0.000000,7,8
1,13.000000,17.948999,0.390000,-50,0.000000,7,8
1,13.000000,17.840000,0.752000,-49,0.000000,7,8
1,13.000000,17.174999,1.054000,-50,0.000000,7,8
1,13.000000,17.948999,0.468000,-50,0.000000,7,8
1,13.000000,17.487000,0.650000,-50,0.000000,7,8
1,13.000000,17.799000,0.636000,-50,0.000000,7,8
1,13.000000,17.636999,0.933000,-50,0.000000,7,8
1,13.000000,18.421000,0.560000,-50,0.000000,7,8
1,13.000000,16.862000,0.733000,-50,0.000000,7,8
1,13.000000,17.487000,0.707000,-51,0.000000,7,8
1,13.000000,17.475000,0.747000,-50,0.000000,7,8
1,13.000000,19.125000,0.712000,-51,0.000000,2,8
1,13.000000,18.261999,0.988000,-49,0.000000,7,8
1,13.000000,18.737000,0.414000,-50,0.000000,7,8
1,13.000000,18.261999,0.903000,-50,0.000000,7,8
1,13.000000,18.534000,0.348000,-51,0.000000,7,8
1,13.000000,17.636999,0.746000,-50,0.000000,7,8
1,13.000000,16.698999,0.750000,-50,0.000000,7,8
1,13.000000,17.250000,1.222000,-50,0.000000,7,8
1,13.000000,18.737000,0.478000,-50,0.000000,7,8
1,13.000000,17.948999,0.770000,-50,0.000000,7,8
1,13.000000,18.261999,0.484000,-50,0.000000,7,8
1,13.000000,18.274000,0.602000,-51,0.000000,7,8
1,13.000000,17.718000,0.903000,-51,0.000000,7,8
1,13.000000,17.948999,0.495000,-52,0.000000,7,8
1,13.000000,17.487000,1.148000,-50,0.000000,7,8
1,13.000000,18.424000,0.333000,-51,0.000000,7,8
1,13.000000,18.112000,1.010000,-50,0.000000,7,8
1,13.000000,18.900000,0.167000,-50,0.000000,7,8
1,13.000000,16.537001,1.104000,-50,0.000000,4,8
1,13.000000,18.534000,0.428000,-50,0.000000,7,8
1,13.000000,18.309000,0.793000,-50,0.000000,7,8
1,13.000000,18.274000,0.736000,-50,0.000000,7,8
1,13.000000,18.412001,0.243000,-50,0.000000,5,8
1,13.000000,18.534000,0.550000,-51,0.000000,7,8
1,13.000000,18.424000,0.327000,-50,0.000000,7,8
1,13.000000,18.309000,0.787000,-50,0.000000,7,8
1,13.000000,17.025000,0.000000,-50,0.000000,1,8
1,13.000000,18.412001,0.788000,-50,0.000000,7,8
1,13.000000,17.025000,0.599000,-51,0.000000,7,8
1,13.000000,17.174999,0.891000,-51,0.000000,7,8
1,13.000000,18.900000,0.000000,-51,0.000000,2,8
1,13.000000,18.261999,0.991000,-51,0.000000,7,8
1,13.000000,17.709000,0.347000,-51,0.000000,7,8
1,13.000000,18.187000,0.395000,-51,0.000000,7,8
1,13.000000,17.948999,0.583000,-51,0.000000,7,8
1,13.000000,18.424000,0.460000,-51,0.000000,7,8
1,13.000000,18.424000,0.301000,-51,0.000000,7,8
1,13.000000,17.487000,0.889000,-51,0.000000,7,8
1,13.000000,18.065001,0.591000,-51,0.000000,7,8
1,13.000000,17.493000,0.733000,-51,0.000000,7,8
1,13.000000,18.737000,0.253000,-51,0.000000,7,8
1,13.000000,16.549000,0.913000,-51,0.000000,7,8
1,13.000000,18.656000,0.243000,-51,0.000000,4,8
1,13.000000,18.232000,0.585000,-50,0.000000,7,8
1,13.000000,18.112000,0.820000,-50,0.000000,7,8
1,13.000000,18.065001,0.607000,-50,0.000000,7,8
1,13.000000,17.718000,0.778000,-50,0.000000,7,8
1,13.000000,18.424000,0.428000,-50,0.000000,7,8
1,13.000000,17.475000,0.908000,-50,0.000000,7,8
1,13.000000,16.537001,1.238000,-50,0.000000,7,8
1,13.000000,17.475000,0.826000,-51,0.000000,7,8
1,13.000000,17.787001,0.498000,-50,0.000000,7,8
1,13.000000,18.112000,0.599000,-51,0.000000,7,8
1,13.000000,18.299999,0.444000,-50,0.000000,7,8
1,13.000000,17.174999,0.854000,-50,0.000000,7,8
1,13.000000,18.112000,0.604000,-51,0.000000,7,8
1,13.000000,17.636999,0.499000,-50,0.000000,7,8
1,13.000000,17.606001,0.749000,-50,0.000000,7,8
1,13.000000,18.424000,0.547000,-50,0.000000,7,8
1,13.000000,18.261999,0.301000,-51,0.000000,7,8
1,13.000000,17.493000,0.750000,-50,0.000000,7,8
1,13.000000,18.737000,0.358000,-50,0.000000,7,8
1,13.000000,18.424000,0.428000,-50,0.000000,7,8
1,13.000000,17.011999,0.744000,-50,0.000000,7,8
1,13.000000,18.261999,0.460000,-50,0.000000,7,8
1,13.000000,17.011999,0.754000,-50,0.000000,7,8
1,13.000000,17.162001,1.143000,-50,0.000000,7,8
1,13.000000,17.371000,0.960000,-50,0.000000,7,8
1,13.000000,18.274000,0.564000,-50,0.000000,7,8
1,13.000000,18.112000,0.602000,-50,0.000000,7,8
1,13.000000,18.187000,0.441000,-50,0.000000,7,8
1,13.000000,17.952999,0.734000,-50,0.000000,7,8
1,13.000000,18.309000,0.481000,-50,0.000000,7,8
1,13.000000,17.025000,0.000000,-51,0.000000,1,8
1,13.000000,17.493000,0.468000,-51,0.000000,3,8
1,13.000000,17.174999,0.540000,-51,0.000000,7,8
1,13.000000,17.128000,0.729000,-51,0.000000,7,8
1,13.000000,17.487000,0.745000,-50,0.000000,7,8
1,13.000000,17.649000,0.349000,-50,0.000000,7,8
1,13.000000,17.174999,0.820000,-50,0.000000,7,8
1,13.000000,18.886999,0.390000,-50,0.000000,7,8
1,13.000000,17.718000,0.911000,-51,0.000000,7,8
1,13.000000,18.587000,0.414000,-50,0.000000,7,8
1,13.000000,18.656000,0.744000,-50,0.000000,7,8
1,13.000000,18.309000,0.357000,-50,0.000000,7,8
1,13.000000,17.483999,0.918000,-50,0.000000,7,8
1,13.000000,18.261999,0.388000,-50,0.000000,7,8
1,13.000000,17.787001,0.495000,-51,0.000000,7,8
1,13.000000,17.718000,0.528000,-51,0.000000,5,8
1,13.000000,17.174999,0.988000,-50,0.000000,7,8
1,13.000000,18.424000,0.414000,-50,0.000000,7,8
1,13.000000,17.487000,1.040000,-50,0.000000,7,8
1,13.000000,18.261999,0.214000,-50,0.000000,7,8
1,13.000000,16.849001,0.866000,-50,0.000000,7,8
1,13.000000,18.737000,0.301000,-50,0.000000,7,8
1,13.000000,17.596001,0.701000,-50,0.000000,7,8
1,13.000000,17.636999,0.744000,-50,0.000000,7,8
1,13.000000,18.737000,0.253000,-51,0.000000,7,8
1,13.000000,17.948999,0.848000,-51,0.000000,7,8
1,13.000000,17.787001,0.952000,-51,0.000000,7,8
1,13.000000,17.487000,0.649000,-51,0.000000,7,8
1,13.000000,18.412001,0.000000,-51,0.000000,5,8
1,13.000000,18.112000,1.024000,-51,0.000000,7,8
1,13.000000,18.534000,0.344000,-50,0.000000,7,8
1,13.000000,17.799000,0.498000,-50,0.000000,7,8
1,13.000000,18.112000,0.686000,-50,0.000000,7,8
1,13.000000,18.573999,0.242000,-51,0.000000,7,8
1,13.000000,18.187000,0.783000,-50,0.000000,7,8
1,13.000000,18.424000,0.396000,-51,0.000000,7,8
1,13.000000,17.487000,0.610000,-50,0.000000,7,8
1,13.000000,18.187000,0.836000,-50,0.000000,7,8
1,13.000000,17.362000,0.736000,-50,0.000000,7,8
1,13.000000,17.162001,1.081000,-50,0.000000,7,8
1,13.000000,17.174999,0.481000,-50,0.000000,7,8
1,13.000000,18.261999,0.164000,-50,0.000000,7,8
1,13.000000,17.606001,0.731000,-50,0.000000,7,8
1,13.000000,18.573999,0.428000,-51,0.000000,7,8
1,13.000000,17.948999,0.495000,-51,0.000000,7,8
1,13.000000,18.112000,0.837000,-51,0.000000,7,8
1,13.000000,17.475000,0.784000,-50,0.000000,7,8
1,13.000000,18.187000,0.426000,-51,0.000000,7,8
1,13.000000,17.787001,0.564000,-51,0.000000,7,8
1,13.000000,18.261999,0.560000,-51,0.000000,7,8
1,13.000000,18.724001,0.413000,-51,0.000000,7,8
1,13.000000,18.424000,0.481000,-51,0.000000,7,8
1,13.000000,18.099001,0.581000,-51,0.000000,7,8
1,13.000000,17.636999,0.547000,-51,0.000000,7,8
1,13.000000,17.487000,0.460000,-51,0.000000,7,8
1,13.000000,18.542999,0.413000,-51,0.000000,7,8
1,13.000000,17.487000,0.601000,-51,0.000000,7,8
1,13.000000,17.948999,0.488000,-51,0.000000,7,8
1,13.000000,17.174999,0.805000,-51,0.000000,7,8
1,13.000000,18.187000,0.226000,-51,0.000000,7,8
1,13.000000,18.412001,0.550000,-51,0.000000,7,8
1,13.000000,17.636999,1.059000,-50,0.000000,7,8
1,13.000000,17.787001,0.842000,-51,0.000000,7,8
1,13.000000,18.274000,0.855000,-50,0.000000,7,8
1,13.000000,16.781000,0.612000,-50,0.000000,7,8
1,13.000000,18.261999,0.583000,-50,0.000000,7,8
1,13.000000,18.421000,0.357000,-50,0.000000,7,8
1,13.000000,18.587000,0.414000,-50,0.000000,7,8
1,13.000000,17.487000,0.819000,-50,0.000000,7,8
1,13.000000,17.948999,0.527000,-50,0.000000,7,8
1,13.000000,18.412001,0.238000,-50,0.000000,7,8
1,13.000000,17.948999,0.704000,-50,0.000000,7,8
1,13.000000,18.099001,0.329000,-50,0.000000,7,8
1,13.000000,17.174999,0.778000,-50,0.000000,7,8
1,13.000000,17.325001,0.967000,-50,0.000000,7,8
1,13.000000,18.587000,0.547000,-50,0.000000,7,8
1,13.000000,17.025000,0.351000,-51,0.000000,7,8
1,13.000000,17.475000,0.821000,-51,0.000000,6,8
1,13.000000,17.840000,0.460000,-50,0.000000,7,8
1,13.000000,17.787001,0.684000,-50,0.000000,7,8
1,13.000000,18.542999,0.491000,-50,0.000000,7,8
1,13.000000,18.424000,0.423000,-50,0.000000,7,8
1,13.000000,18.424000,0.492000,-50,0.000000,7,8
1,13.000000,17.337000,0.663000,-50,0.000000,7,8
1,13.000000,17.174999,0.880000,-50,0.000000,7,8
1,13.000000,17.952999,0.764000,-50,0.000000,7,8
1,13.000000,17.948999,0.919000,-50,0.000000,7,8
1,13.000000,17.487000,0.866000,-50,0.000000,7,8
1,13.000000,17.197001,0.918000,-50,0.000000,7,8
1,13.000000,17.325001,0.776000,-50,0.000000,7,8
1,13.000000,18.261999,0.993000,-50,0.000000,7,8
1,13.000000,17.487000,0.680000,-50,0.000000,7,8
1,13.000000,17.250000,0.972000,-50,0.000000,7,8
1,13.000000,17.636999,0.866000,-50,0.000000,7,8
1,13.000000,17.636999,0.599000,-50,0.000000,7,8
1,13.000000,17.325001,0.857000,-50,0.000000,7,8
1,13.000000,17.636999,0.603000,-50,0.000000,7,8
1,13.000000,18.424000,0.484000,-50,0.000000,7,8
1,13.000000,18.424000,0.634000,-50,0.000000,7,8
1,13.000000,16.698999,1.183000,-50,0.000000,7,8
1,13.000000,18.261999,0.733000,-50,0.000000,7,8
1,13.000000,18.424000,0.414000,-50,0.000000,7,8
1,13.000000,17.337000,0.526000,-50,0.000000,7,8
1,13.000000,17.596001,0.931000,-50,0.000000,7,8
1,13.000000,18.261999,0.414000,-50,0.000000,7,8
1,13.000000,17.596001,0.794000,-50,0.000000,7,8
1,13.000000,17.799000,0.706000,-50,0.000000,7,8
1,13.000000,18.187000,0.616000,-50,0.000000,7,8
1,13.000000,17.636999,0.736000,-50,0.000000,7,8
1,13.000000,17.948999,0.545000,-50,0.000000,7,8
1,13.000000,17.487000,0.983000,-50,0.000000,7,8
1,13.000000,18.112000,0.460000,-50,0.000000,7,8
1,13.000000,18.424000,0.481000,-50,0.000000,7,8
1,13.000000,17.128000,0.591000,-50,0.000000,7,8
1,13.000000,17.948999,0.959000,-50,0.000000,7,8
1,13.000000,17.636999,0.936000,-50,0.000000,7,8
1,13.000000,18.112000,0.585000,-50,0.000000,7,8
1,13.000000,17.011999,0.508000,-50,0.000000,7,8
1,13.000000,18.112000,0.450000,-50,0.000000,7,8
1,13.000000,18.412001,0.634000,-50,0.000000,7,8
1,13.000000,18.431000,0.649000,-50,0.000000,7,8
1,13.000000,17.962000,0.498000,-50,0.000000,7,8
1,13.000000,17.487000,0.547000,-50,0.000000,7,8
1,13.000000,18.099001,0.583000,-50,0.000000,7,8
1,13.000000,17.636999,0.688000,-50,0.000000,7,8
1,13.000000,18.737000,0.470000,-50,0.000000,7,8
1,13.000000,18.412001,0.344000,-50,0.000000,7,8
1,13.000000,17.636999,0.696000,-50,0.000000,7,8
1,13.000000,17.325001,1.171000,-50,0.000000,7,8
1,13.000000,17.174999,0.298000,-50,0.000000,7,8
1,13.000000,18.889999,0.253000,-50,0.000000,7,8
1,13.000000,17.174999,0.896000,-50,0.000000,7,8
1,13.000000,18.274000,0.540000,-50,0.000000,7,8
1,13.000000,18.330000,0.325000,-50,0.000000,7,8
1,13.000000,17.325001,0.483000,-50,0.000000,7,8
1,13.000000,18.099001,0.558000,-50,0.000000,7,8
1,13.000000,18.587000,0.414000,-50,0.000000,7,8
1,13.000000,18.424000,0.484000,-50,0.000000,7,8
1,13.000000,18.261999,0.460000,-50,0.000000,7,8
1,13.000000,17.636999,0.785000,-50,0.000000,7,8
1,13.000000,18.187000,0.441000,-50,0.000000,7,8
1,13.000000,16.862000,1.119000,-50,0.000000,7,8
1,13.000000,17.174999,0.919000,-50,0.000000,7,8
1,13.000000,18.737000,0.301000,-50,0.000000,7,8
1,13.000000,18.573999,0.348000,-50,0.000000,7,8
1,13.000000,17.325001,0.687000,-50,0.000000,7,8
1,13.000000,17.011999,0.897000,-50,0.000000,7,8
1,13.000000,16.862000,0.832000,-50,0.000000,7,8
1,13.000000,18.099001,0.495000,-50,0.000000,7,8
1,13.000000,17.947001,0.931000,-50,0.000000,7,8
1,13.000000,18.412001,0.335000,-50,0.000000,7,8
1,13.000000,17.636999,0.999000,-50,0.000000,7,8
1,13.000000,18.274000,0.526000,-50,0.000000,7,8
1,13.000000,18.900000,0.000000,-51,0.000000,1,8
1,13.000000,18.112000,0.498000,-50,0.000000,7,8
1,13.000000,18.412001,0.494000,-50,0.000000,7,8
1,13.000000,17.174999,0.834000,-50,0.000000,5,8
1,13.000000,17.636999,0.699000,-50,0.000000,7,8
1,13.000000,18.573999,0.237000,-50,0.000000,7,8
1,13.000000,17.025000,0.663000,-50,0.000000,7,8
1,13.000000,18.424000,0.556000,-50,0.000000,7,8
1,13.000000,18.534000,0.333000,-50,0.000000,7,8
1,13.000000,16.712000,0.745000,-50,0.000000,7,8
1,13.000000,17.487000,1.051000,-50,0.000000,7,8
1,13.000000,17.636999,0.738000,-50,0.000000,7,8
1,13.000000,17.174999,0.819000,-50,0.000000,7,8
1,13.000000,17.371000,0.535000,-50,0.000000,7,8
1,13.000000,18.261999,0.702000,-50,0.000000,7,8
1,13.000000,18.065001,0.680000,-50,0.000000,7,8
1,13.000000,18.187000,0.489000,-51,0.000000,7,8
1,13.000000,17.799000,0.898000,-50,0.000000,7,8
1,13.000000,17.962000,0.937000,-50,0.000000,2,8
1,13.000000,17.799000,0.774000,-50,0.000000,7,8
1,13.000000,17.025000,1.008000,-50,0.000000,3,8
1,13.000000,18.187000,0.194000,-50,0.000000,4,8
1,13.000000,17.636999,0.603000,-50,0.000000,7,8
1,13.000000,18.587000,0.349000,-50,0.000000,7,8
1,13.000000,17.174999,0.583000,-50,0.000000,7,8
1,13.000000,17.799000,0.585000,-50,0.000000,7,8
1,13.000000,17.025000,0.443000,-50,0.000000,3,8
1,13.000000,17.011999,0.713000,-51,0.000000,7,8
1,13.000000,17.337000,0.783000,-50,0.000000,7,8
1,13.000000,17.174999,0.481000,-50,0.000000,7,8
1,13.000000,18.587000,0.533000,-50,0.000000,7,8
1,13.000000,17.799000,0.826000,-50,0.000000,7,8
1,13.000000,17.948999,0.608000,-50,0.000000,7,8
1,13.000000,18.261999,0.556000,-50,0.000000,7,8
1,13.000000,17.174999,0.962000,-50,0.000000,7,8
1,13.000000,17.475000,0.532000,-50,0.000000,7,8
1,13.000000,17.636999,0.822000,-50,0.000000,7,8
1,13.000000,17.483999,0.301000,-50,0.000000,7,8
1,13.000000,18.187000,0.639000,-50,0.000000,6,8
1,13.000000,17.636999,0.524000,-50,0.000000,7,8
1,13.000000,17.174999,0.551000,-50,0.000000,7,8
1,13.000000,18.424000,0.481000,-50,0.000000,7,8
1,13.000000,18.421000,0.550000,-50,0.000000,7,8
1,13.000000,18.656000,0.296000,-50,0.000000,7,8
1,13.000000,17.487000,0.639000,-50,0.000000,7,8
1,13.000000,18.112000,0.549000,-50,0.000000,7,8
1,13.000000,16.862000,0.678000,-50,0.000000,7,8
1,13.000000,18.099001,0.699000,-50,0.000000,7,8
1,13.000000,18.299999,0.164000,-50,0.000000,7,8
1,13.000000,17.162001,0.583000,-50,0.000000,7,8
1,13.000000,17.162001,0.709000,-50,0.000000,7,8
1,13.000000,18.737000,0.484000,-50,0.000000,7,8
1,13.000000,17.948999,0.659000,-50,0.000000,7,8
1,13.000000,18.424000,0.447000,-50,0.000000,7,8
1,13.000000,17.487000,1.041000,-50,0.000000,7,8
1,13.000000,17.011999,0.868000,-50,0.000000,7,8
1,13.000000,18.112000,0.831000,-50,0.000000,7,8
1,13.000000,17.636999,0.534000,-50,0.000000,7,8
1,13.000000,17.606001,0.658000,-50,0.000000,7,8
1,13.000000,17.962000,0.862000,-50,0.000000,7,8
1,13.000000,17.174999,0.939000,-50,0.000000,7,8
1,13.000000,18.261999,0.789000,-50,0.000000,7,8
1,13.000000,18.424000,0.428000,-50,0.000000,7,8
1,13.000000,18.900000,0.000000,-51,0.000000,1,8
1,13.000000,18.187000,0.528000,-51,0.000000,5,8
1,13.000000,17.948999,0.545000,-50,0.000000,7,8
1,13.000000,17.475000,0.848000,-50,0.000000,7,8
1,13.000000,18.424000,0.811000,-50,0.000000,7,8
1,13.000000,17.487000,0.763000,-50,0.000000,7,8
1,13.000000,18.542999,0.481000,-50,0.000000,7,8
1,13.000000,18.112000,0.551000,-50,0.000000,7,8
1,13.000000,17.487000,0.703000,-50,0.000000,7,8
1,13.000000,17.025000,0.706000,-50,0.000000,7,8
1,13.000000,18.261999,0.560000,-50,0.000000,7,8
1,13.000000,17.948999,0.581000,-50,0.000000,6,0
1,13.000000,18.412001,0.414000,-50,0.000000,7,8
1,13.000000,18.424000,0.491000,-50,0.000000,7,8
1,13.000000,17.636999,0.561000,-50,0.000000,7,8
1,13.000000,17.325001,0.736000,-50,0.000000,7,8
1,13.000000,18.187000,0.599000,-50,0.000000,7,8
1,13.000000,17.636999,0.862000,-50,0.000000,7,8
1,13.000000,17.799000,0.811000,-50,0.000000,7,8
1,13.000000,17.948999,0.778000,-50,0.000000,7,8
1,13.000000,16.862000,0.768000,-50,0.000000,7,8
1,13.000000,17.174999,0.892000,-50,0.000000,7,8
1,13.000000,17.962000,0.868000,-50,0.000000,7,8
1,13.000000,17.840000,0.607000,-50,0.000000,7,8
1,13.000000,17.948999,0.747000,-50,0.000000,5,8
1,13.000000,17.799000,0.586000,-50,0.000000,7,8
1,13.000000,16.862000,0.574000,-50,0.000000,7,8
1,13.000000,18.187000,0.225000,-50,0.000000,2,8
1,13.000000,18.274000,0.492000,-50,0.000000,7,8
1,13.000000,18.421000,0.560000,-50,0.000000,7,8
1,13.000000,17.948999,0.328000,-50,0.000000,7,8
1,13.000000,18.274000,1.125000,-50,0.000000,5,8
1,13.000000,18.187000,0.519000,-50,0.000000,4,8
1,13.000000,18.177999,0.409000,-50,0.000000,4,8
1,13.000000,18.112000,0.662000,-50,0.000000,7,8
1,13.000000,18.412001,0.810000,-50,0.000000,7,8
1,13.000000,17.362000,1.130000,-50,0.000000,7,8
1,13.000000,17.606001,0.727000,-50,0.000000,7,8
1,13.000000,18.573999,0.376000,-50,0.000000,5,8
1,13.000000,17.952999,0.830000,-50,0.000000,7,8
1,13.000000,16.698999,1.260000,-50,0.000000,7,8
1,13.000000,17.162001,0.707000,-50,0.000000,7,8
1,13.000000,17.250000,0.586000,-50,0.000000,7,8
1,13.000000,17.787001,0.751000,-50,0.000000,7,8
1,13.000000,17.475000,0.534000,-50,0.000000,7,8
1,13.000000,18.299999,0.428000,-50,0.000000,7,8
1,13.000000,17.636999,0.732000,-50,0.000000,7,8
1,13.000000,18.274000,0.648000,-50,0.000000,7,8
1,13.000000,18.112000,0.298000,-50,0.000000,7,8
1,13.000000,17.948999,0.604000,-50,0.000000,7,8
1,13.000000,17.487000,0.616000,-50,0.000000,7,8
1,13.000000,17.636999,0.542000,-50,0.000000,7,8
1,13.000000,17.636999,0.688000,-50,0.000000,7,8
1,13.000000,17.636999,0.635000,-50,0.000000,7,8
1,13.000000,17.162001,0.666000,-50,0.000000,7,8
1,13.000000,16.862000,1.022000,-50,0.000000,7,8
1,13.000000,18.587000,0.350000,-50,0.000000,7,8
1,13.000000,18.573999,0.547000,-50,0.000000,7,8
1,13.000000,17.636999,0.898000,-50,0.000000,7,8
1,13.000000,17.325001,0.778000,-50,0.000000,7,8
1,13.000000,17.943001,0.387000,-50,0.000000,3,8
1,13.000000,18.261999,0.508000,-50,0.000000,7,8
1,13.000000,16.862000,0.776000,-50,0.000000,7,8
1,13.000000,17.952999,0.752000,-50,0.000000,7,8
1,13.000000,17.948999,0.542000,-50,0.000000,7,8
1,13.000000,18.112000,0.357000,-50,0.000000,7,8
1,13.000000,17.709000,0.714000,-50,0.000000,7,8
1,13.000000,18.412001,0.000000,-50,0.000000,1,8
1,13.000000,17.487000,0.789000,-50,0.000000,7,8
1,13.000000,17.487000,0.481000,-50,0.000000,7,8
1,13.000000,18.099001,0.444000,-50,0.000000,7,8
1,13.000000,17.011999,0.544000,-51,0.000000,7,8
1,13.000000,17.325001,0.709000,-50,0.000000,7,8
1,13.000000,17.174999,0.680000,-50,0.000000,7,8
1,13.000000,17.475000,0.534000,-50,0.000000,7,8
1,13.000000,16.862000,0.743000,-51,0.000000,7,8
1,13.000000,16.781000,0.594000,-50,0.000000,7,8
1,13.000000,17.636999,0.585000,-50,0.000000,7,8
1,13.000000,18.424000,0.795000,-50,0.000000,7,8
1,13.000000,18.187000,0.225000,-50,0.000000,3,8
1,13.000000,18.424000,0.659000,-50,0.000000,7,8
1,13.000000,17.174999,0.924000,-50,0.000000,7,8
1,13.000000,18.412001,0.258000,-50,0.000000,7,8
1,13.000000,18.424000,0.492000,-50,0.000000,7,8
1,13.000000,17.943001,0.468000,-50,0.000000,2,8
1,13.000000,18.737000,0.253000,-50,0.000000,7,8
1,13.000000,17.174999,0.866000,-50,0.000000,7,8
1,13.000000,17.011999,0.615000,-50,0.000000,7,8
1,13.000000,17.337000,0.540000,-50,0.000000,7,8
1,13.000000,18.261999,0.602000,-50,0.000000,7,8
1,13.000000,17.475000,0.730000,-50,0.000000,7,8
1,13.000000,17.799000,0.646000,-50,0.000000,7,8
1,13.000000,17.718000,0.697000,-51,0.000000,7,8
1,13.000000,18.187000,0.657000,-50,0.000000,7,8
1,13.000000,18.274000,0.492000,-50,0.000000,7,8
1,13.000000,17.962000,0.736000,-50,0.000000,7,8
1,13.000000,17.025000,0.702000,-50,0.000000,7,8
1,13.000000,17.948999,0.905000,-50,0.000000,7,8
1,13.000000,18.424000,0.428000,-50,0.000000,7,8
1,13.000000,18.573999,0.237000,-50,0.000000,7,8
1,13.000000,18.112000,0.706000,-50,0.000000,7,8
1,13.000000,17.011999,0.658000,-50,0.000000,7,8
1,13.000000,17.025000,0.000000,-50,0.000000,1,8
1,13.000000,18.187000,0.581000,-50,0.000000,7,8
1,13.000000,16.781000,0.585000,-50,0.000000,7,8
1,13.000000,18.261999,0.428000,-50,0.000000,7,8
1,13.000000,17.649000,0.501000,-50,0.000000,7,8
1,13.000000,18.534000,0.227000,-50,0.000000,7,8
1,13.000000,18.274000,0.421000,-50,0.000000,7,8
1,13.000000,18.112000,0.702000,-50,0.000000,7,8
1,13.000000,18.261999,0.301000,-50,0.000000,7,8
1,13.000000,18.424000,0.396000,-50,0.000000,7,8
1,13.000000,18.587000,0.492000,-50,0.000000,7,8
1,13.000000,17.799000,0.667000,-50,0.000000,7,8
1,13.000000,17.025000,0.693000,-50,0.000000,4,8
1,13.000000,17.799000,0.606000,-50,0.000000,7,8
1,13.000000,18.424000,0.301000,-50,0.000000,7,8
1,13.000000,18.737000,0.301000,-50,0.000000,7,8
1,13.000000,18.112000,0.888000,-50,0.000000,7,8
1,13.000000,17.011999,0.961000,-50,0.000000,7,8
1,13.000000,17.475000,0.951000,-50,0.000000,7,8
1,13.000000,16.849001,0.722000,-50,0.000000,7,8
1,13.000000,17.250000,0.225000,-50,0.000000,2,8
1,13.000000,17.718000,0.387000,-50,0.000000,3,8
1,13.000000,17.636999,0.699000,-50,0.000000,7,8
1,13.000000,18.261999,0.298000,-50,0.000000,7,8
1,13.000000,17.948999,0.713000,-50,0.000000,7,8
1,13.000000,17.962000,0.335000,-50,0.000000,7,8
1,13.000000,18.112000,0.395000,-50,0.000000,7,8
1,13.000000,17.011999,0.789000,-50,0.000000,7,8
1,13.000000,17.948999,0.560000,-50,0.000000,7,8
1,13.000000,18.187000,0.549000,-50,0.000000,7,8
1,13.000000,17.475000,0.684000,-50,0.000000,7,8
1,13.000000,18.424000,0.491000,-50,0.000000,7,8
1,13.000000,18.187000,0.583000,-50,0.000000,7,8
1,13.000000,17.475000,0.732000,-50,0.000000,7,8
1,13.000000,18.099001,0.468000,-50,0.000000,7,8
1,13.000000,18.261999,0.560000,-50,0.000000,7,8
1,13.000000,18.112000,0.508000,-50,0.000000,7,8
1,13.000000,17.250000,0.935000,-50,0.000000,7,8
1,13.000000,17.606001,0.413000,-50,0.000000,7,8
1,13.000000,18.274000,0.547000,-50,0.000000,7,8
1,13.000000,18.309000,0.726000,-50,0.000000,7,8
1,13.000000,17.475000,0.832000,-50,0.000000,7,8
1,13.000000,17.174999,0.763000,-50,0.000000,7,8
1,13.000000,17.174999,1.111000,-50,0.000000,7,8
1,13.000000,17.948999,0.489000,-50,0.000000,7,8
1,13.000000,17.799000,0.888000,-50,0.000000,7,8
1,13.000000,17.799000,0.764000,-50,0.000000,7,8
1,13.000000,17.948999,0.687000,-50,0.000000,7,8
1,13.000000,18.261999,0.420000,-50,0.000000,7,8
1,13.000000,17.487000,0.414000,-50,0.000000,7,8
1,13.000000,17.014999,0.832000,-50,0.000000,7,8
1,13.000000,17.162001,0.820000,-50,0.000000,7,8
1,13.000000,18.261999,0.560000,-50,0.000000,7,8
1,13.000000,17.948999,0.608000,-50,0.000000,7,8
1,13.000000,18.187000,0.535000,-50,0.000000,7,8
1,13.000000,17.636999,0.864000,-50,0.000000,7,8
1,13.000000,17.948999,0.836000,-50,0.000000,7,8
1,13.000000,17.943001,0.468000,-50,0.000000,2,8
1,13.000000,17.162001,0.608000,-50,0.000000,7,8
1,13.000000,18.424000,0.423000,-50,0.000000,7,8
1,13.000000,17.636999,0.802000,-50,0.000000,7,8
1,13.000000,18.112000,0.541000,-50,0.000000,7,8
1,13.000000,17.174999,0.811000,-50,0.000000,7,8
1,13.000000,17.475000,0.842000,-50,0.000000,7,8
1,13.000000,17.718000,0.599000,-50,0.000000,7,8
1,13.000000,18.261999,0.258000,-50,0.000000,7,8
1,13.000000,18.261999,0.414000,-50,0.000000,7,8
1,13.000000,16.537001,0.924000,-50,0.000000,7,8
1,13.000000,17.325001,0.738000,-50,0.000000,7,8
1,13.000000,18.274000,0.413000,-51,0.000000,7,8
1,13.000000,17.952999,0.489000,-50,0.000000,7,8
1,13.000000,17.787001,0.635000,-50,0.000000,7,8
1,13.000000,17.636999,0.688000,-50,0.000000,7,8
1,13.000000,17.011999,0.831000,-50,0.000000,7,8
1,13.000000,17.174999,0.746000,-50,0.000000,7,8
1,13.000000,18.900000,0.000000,-51,0.000000,2,8
1,13.000000,18.656000,0.387000,-50,0.000000,7,8
1,13.000000,17.337000,0.922000,-50,0.000000,7,8
1,13.000000,17.962000,0.434000,-50,0.000000,7,8
1,13.000000,17.174999,0.787000,-50,0.000000,7,8
1,13.000000,17.025000,0.599000,-50,0.000000,7,8
1,13.000000,17.799000,0.484000,-50,0.000000,7,8
1,13.000000,18.187000,0.545000,-50,0.000000,7,8
1,13.000000,18.112000,0.298000,-50,0.000000,7,8
1,13.000000,17.952999,0.657000,-50,0.000000,7,8
1,13.000000,18.261999,0.650000,-50,0.000000,7,8
1,13.000000,18.187000,0.599000,-50,0.000000,7,8
1,13.000000,18.099001,0.654000,-50,0.000000,7,8
1,13.000000,18.542999,0.423000,-50,0.000000,7,8
1,13.000000,18.587000,0.350000,-50,0.000000,7,8
1,13.000000,16.698999,0.943000,-50,0.000000,7,8
1,13.000000,18.424000,0.423000,-50,0.000000,7,8
1,13.000000,17.487000,0.707000,-50,0.000000,7,8
1,13.000000,17.799000,0.358000,-50,0.000000,7,8
1,13.000000,17.799000,0.549000,-50,0.000000,7,8
1,13.000000,18.099001,0.501000,-50,0.000000,7,8
1,13.000000,17.840000,0.781000,-50,0.000000,7,8
1,13.000000,18.737000,0.305000,-50,0.000000,7,8
1,13.000000,17.174999,0.547000,-50,0.000000,7,8
1,13.000000,18.187000,0.700000,-50,0.000000,7,8
1,13.000000,16.399000,0.892000,-50,0.000000,7,8
1,13.000000,17.718000,0.794000,-50,0.000000,7,8
1,13.000000,18.412001,0.233000,-50,0.000000,5,8
1,13.000000,18.542999,0.414000,-50,0.000000,7,8
1,13.000000,17.025000,0.846000,-50,0.000000,7,8
1,13.000000,18.274000,0.895000,-50,0.000000,7,8
1,13.000000,18.099001,0.563000,-50,0.000000,7,8
1,13.000000,17.636999,0.707000,-50,0.000000,7,8
1,13.000000,17.025000,0.793000,-50,0.000000,7,8
1,13.000000,18.261999,0.632000,-50,0.000000,7,8
1,13.000000,17.948999,0.931000,-50,0.000000,7,8
1,13.000000,17.325001,0.770000,-50,0.000000,7,8
1,13.000000,18.112000,0.746000,-50,0.000000,7,8
1,13.000000,18.900000,0.000000,-50,0.000000,2,8
1,13.000000,18.187000,0.352000,-50,0.000000,7,8
1,13.000000,17.948999,1.000000,-50,0.000000,7,8
1,13.000000,17.025000,0.960000,-50,0.000000,7,8
1,13.000000,17.174999,0.931000,-50,0.000000,7,8
1,13.000000,16.698999,0.943000,-50,0.000000,7,8
1,13.000000,18.424000,0.652000,-50,0.000000,7,8
1,13.000000,18.412001,0.911000,-50,0.000000,7,8
1,13.000000,17.596001,0.560000,-50,0.000000,7,8
1,13.000000,18.424000,0.428000,-50,0.000000,7,8
1,13.000000,17.636999,0.616000,-50,0.000000,7,8
1,13.000000,17.487000,0.846000,-50,0.000000,7,8
1,13.000000,17.948999,0.770000,-50,0.000000,7,8
1,13.000000,16.698999,0.770000,-50,0.000000,7,8
1,13.000000,16.698999,0.903000,-50,0.000000,7,8
1,13.000000,17.952999,0.489000,-50,0.000000,7,8
1,13.000000,17.011999,0.998000,-50,0.000000,7,8
1,13.000000,17.487000,0.745000,-50,0.000000,7,8
1,13.000000,18.187000,0.615000,-50,0.000000,7,8
1,13.000000,17.799000,0.551000,-50,0.000000,7,8
1,13.000000,17.840000,0.651000,-51,0.000000,7,8
1,13.000000,17.487000,0.822000,-50,0.000000,7,8
1,13.000000,17.174999,0.585000,-50,0.000000,7,8
1,13.000000,18.112000,0.361000,-50,0.000000,7,8
1,13.000000,17.011999,1.046000,-50,0.000000,7,8
1,13.000000,18.075001,0.599000,-50,0.000000,7,8
1,13.000000,18.261999,0.258000,-50,0.000000,7,8
1,13.000000,18.424000,0.428000,-50,0.000000,7,8
1,13.000000,17.174999,0.656000,-50,0.000000,7,8
1,13.000000,17.174999,0.551000,-50,0.000000,7,8
1,13.000000,16.862000,0.827000,-50,0.000000,7,8
1,13.000000,18.424000,0.549000,-50,0.000000,7,8
1,13.000000,17.475000,0.885000,-50,0.000000,7,8
1,13.000000,17.325001,0.483000,-50,0.000000,7,8
1,13.000000,17.174999,0.329000,-50,0.000000,7,8
1,13.000000,17.799000,0.586000,-50,0.000000,7,8
1,13.000000,17.475000,0.699000,-50,0.000000,7,8
1,13.000000,17.487000,0.784000,-50,0.000000,7,8
1,13.000000,17.174999,0.755000,-50,0.000000,7,8
1,13.000000,18.424000,0.428000,-50,0.000000,7,8
1,13.000000,18.274000,0.492000,-50,0.000000,7,8
1,13.000000,17.787001,0.785000,-50,0.000000,7,8
1,13.000000,17.487000,0.585000,-50,0.000000,7,8
1,13.000000,17.799000,0.826000,-50,0.000000,7,8
1,13.000000,17.718000,0.777000,-50,0.000000,7,8
1,13.000000,17.787001,0.532000,-50,0.000000,7,8
1,13.000000,17.174999,0.726000,-50,0.000000,7,8
1,13.000000,17.174999,0.702000,-50,0.000000,7,8
1,13.000000,17.174999,0.919000,-50,0.000000,7,8
1,13.000000,17.709000,0.815000,-50,0.000000,7,8
1,13.000000,18.900000,0.000000,-51,0.000000,1,8
1,13.000000,17.325001,0.556000,-50,0.000000,7,8
1,13.000000,18.261999,0.298000,-50,0.000000,7,8
1,13.000000,17.475000,0.791000,-50,0.000000,7,8
1,13.000000,17.337000,0.551000,-50,0.000000,7,8
1,13.000000,17.174999,0.696000,-50,0.000000,7,8
1,13.000000,17.636999,0.599000,-50,0.000000,7,8
1,13.000000,18.274000,0.565000,-50,0.000000,7,8
1,13.000000,17.325001,0.752000,-51,0.000000,7,8
1,13.000000,17.174999,0.842000,-51,0.000000,6,8
1,13.000000,17.943001,0.608000,-50,0.000000,7,8
1,13.000000,16.667999,0.692000,-50,0.000000,7,8
1,13.000000,17.325001,0.970000,-50,0.000000,7,8
1,13.000000,17.014999,0.827000,-50,0.000000,7,8
1,13.000000,17.025000,1.042000,-50,0.000000,7,8
1,13.000000,18.573999,0.754000,-50,0.000000,7,8
1,13.000000,17.475000,0.645000,-50,0.000000,7,8
1,13.000000,18.187000,0.212000,-50,0.000000,7,8
1,13.000000,17.799000,0.733000,-50,0.000000,7,8
1,13.000000,18.112000,0.396000,-50,0.000000,7,8
1,13.000000,18.261999,0.560000,-50,0.000000,7,8
1,13.000000,18.573999,0.666000,-50,0.000000,7,8
1,13.000000,18.112000,0.694000,-50,0.000000,7,8
1,13.000000,18.065001,0.700000,-50,0.000000,7,8
1,13.000000,18.431000,0.499000,-50,0.000000,7,8
1,13.000000,16.862000,0.737000,-50,0.000000,7,8
1,13.000000,17.162001,0.848000,-50,0.000000,7,8
1,13.000000,18.187000,0.508000,-50,0.000000,7,8
1,13.000000,17.799000,1.006000,-50,0.000000,7,8
1,13.000000,18.656000,0.337000,-50,0.000000,7,8
1,13.000000,18.261999,0.602000,-50,0.000000,7,8
1,13.000000,17.962000,0.541000,-50,0.000000,7,8
1,13.000000,17.174999,0.599000,-50,0.000000,7,8
1,13.000000,17.943001,1.037000,-50,0.000000,7,8
1,13.000000,17.636999,0.752000,-50,0.000000,7,8
1,13.000000,16.849001,1.089000,-50,0.000000,7,8
1,13.000000,17.475000,0.413000,-50,0.000000,7,8
1,13.000000,17.718000,0.697000,-50,0.000000,7,8
1,13.000000,18.421000,0.526000,-50,0.000000,7,8
1,13.000000,17.025000,0.692000,-50,0.000000,7,8
1,13.000000,16.903000,0.793000,-50,0.000000,7,8
1,13.000000,17.337000,0.727000,-50,0.000000,7,8
1,13.000000,17.636999,0.732000,-50,0.000000,7,8
1,13.000000,18.075001,0.599000,-50,0.000000,7,8
1,13.000000,17.011999,0.952000,-50,0.000000,7,8
1,13.000000,17.718000,0.855000,-50,0.000000,7,8
1,13.000000,17.636999,0.802000,-50,0.000000,7,8
1,13.000000,17.962000,0.338000,-50,0.000000,7,8
1,13.000000,18.424000,0.460000,-50,0.000000,7,8
1,13.000000,17.799000,0.931000,-50,0.000000,7,8
1,13.000000,18.261999,0.658000,-50,0.000000,7,8
1,13.000000,17.475000,0.967000,-50,0.000000,7,8
1,13.000000,18.573999,0.514000,-50,0.000000,7,8
1,13.000000,17.362000,1.019000,-50,0.000000,7,8
1,13.000000,17.799000,0.495000,-50,0.000000,7,8
1,13.000000,18.424000,0.423000,-50,0.000000,7,8
1,13.000000,18.112000,0.686000,-50,0.000000,7,8
1,13.000000,17.948999,0.549000,-50,0.000000,7,8
1,13.000000,17.649000,0.743000,-50,0.000000,7,8
1,13.000000,17.948999,0.686000,-50,0.000000,7,8
1,13.000000,16.849001,0.729000,-50,0.000000,7,8
1,13.000000,16.862000,0.856000,-50,0.000000,7,8
1,13.000000,18.274000,0.611000,-50,0.000000,7,8
1,13.000000,17.487000,0.918000,-50,0.000000,7,8
1,13.000000,18.112000,0.599000,-50,0.000000,7,8
1,13.000000,16.862000,0.896000,-50,0.000000,7,8
1,13.000000,17.649000,0.878000,-50,0.000000,7,8
1,13.000000,18.424000,0.423000,-50,0.000000,7,8
1,13.000000,17.025000,0.794000,-50,0.000000,3,8
1,13.000000,17.487000,0.616000,-50,0.000000,7,8
1,13.000000,17.174999,0.789000,-50,0.000000,7,8
1,13.000000,18.065001,0.650000,-50,0.000000,7,8
1,13.000000,17.250000,0.706000,-50,0.000000,7,8
1,13.000000,18.099001,0.558000,-50,0.000000,7,8
1,13.000000,18.587000,0.414000,-50,0.000000,7,8
1,13.000000,17.325001,0.821000,-50,0.000000,7,8
1,13.000000,17.128000,0.951000,-50,0.000000,7,8
1,13.000000,18.261999,0.460000,-50,0.000000,7,8
1,13.000000,18.421000,0.357000,-50,0.000000,7,8
1,13.000000,17.799000,0.576000,-50,0.000000,7,8
1,13.000000,17.128000,0.687000,-50,0.000000,7,8
1,13.000000,17.962000,0.385000,-50,0.000000,7,8
1,13.000000,17.943001,0.358000,-50,0.000000,7,8
1,13.000000,17.174999,0.909000,-50,0.000000,7,8
1,13.000000,18.261999,0.460000,-50,0.000000,7,8
1,13.000000,17.636999,0.659000,-50,0.000000,7,8
1,13.000000,17.649000,0.834000,-50,0.000000,7,8
1,13.000000,18.261999,0.550000,-50,0.000000,7,8
1,13.000000,17.475000,0.666000,-50,0.000000,7,8
1,13.000000,18.737000,0.414000,-50,0.000000,7,8
1,13.000000,18.261999,0.491000,-50,0.000000,7,8
1,13.000000,17.162001,0.700000,-50,0.000000,7,8
1,13.000000,18.424000,0.502000,-50,0.000000,7,8
1,13.000000,17.948999,0.420000,-50,0.000000,7,8
1,13.000000,17.799000,0.697000,-50,0.000000,7,8
1,13.000000,17.830999,0.902000,-50,0.000000,7,8
1,13.000000,18.573999,0.423000,-50,0.000000,7,8
1,13.000000,17.799000,0.606000,-50,0.000000,7,8
1,13.000000,17.250000,0.965000,-50,0.000000,7,8
1,13.000000,17.636999,0.787000,-50,0.000000,7,8
1,13.000000,18.337000,0.663000,-50,0.000000,7,8
1,13.000000,17.948999,0.849000,-50,0.000000,7,8
1,13.000000,18.261999,0.585000,-50,0.000000,7,8
1,13.000000,18.573999,0.349000,-50,0.000000,7,8
1,13.000000,18.187000,0.496000,-50,0.000000,7,8
1,13.000000,18.065001,0.429000,-50,0.000000,7,8
1,13.000000,16.237000,1.274000,-50,0.000000,7,8
1,13.000000,17.174999,0.778000,-50,0.000000,7,8
1,13.000000,18.534000,0.348000,-50,0.000000,7,8
1,13.000000,17.337000,0.727000,-50,0.000000,7,8
1,13.000000,17.337000,0.880000,-50,0.000000,7,8
1,13.000000,18.261999,0.508000,-50,0.000000,7,8
1,13.000000,18.424000,0.484000,-25,0.000000,7,8
1,13.000000,17.799000,0.660000,-50,0.000000,7,8
1,13.000000,16.537001,0.468000,-50,0.000000,7,8
1,13.000000,18.587000,0.414000,-50,0.000000,7,8
1,13.000000,17.962000,1.015000,-50,0.000000,7,8
1,13.000000,18.421000,0.414000,-50,0.000000,7,8
1,13.000000,17.649000,0.901000,-50,0.000000,7,8
1,13.000000,17.475000,0.000000,-50,0.000000,2,8
1,13.000000,17.606001,0.413000,-50,0.000000,7,8
1,13.000000,17.011999,0.751000,-50,0.000000,7,8
1,13.000000,17.948999,0.585000,-50,0.000000,7,8
1,13.000000,18.424000,0.492000,-50,0.000000,7,8
1,13.000000,17.011999,0.862000,-50,0.000000,7,8
1,13.000000,18.274000,0.656000,-50,0.000000,7,8
1,13.000000,17.787001,0.754000,-50,0.000000,7,8
1,13.000000,17.337000,1.022000,-50,0.000000,7,8
1,13.000000,18.112000,0.896000,-50,0.000000,7,8
1,13.000000,17.487000,0.680000,-50,0.000000,7,8
1,13.000000,17.487000,0.898000,-50,0.000000,7,8
1,13.000000,17.596001,0.776000,-50,0.000000,7,8
1,13.000000,18.424000,0.414000,-50,0.000000,7,8
1,13.000000,17.636999,0.928000,-50,0.000000,7,8
1,13.000000,18.112000,0.713000,-50,0.000000,7,8
1,13.000000,17.337000,0.731000,-50,0.000000,7,8
1,13.000000,17.636999,0.864000,-50,0.000000,7,8
1,13.000000,18.187000,0.657000,-50,0.000000,7,8
1,13.000000,17.948999,0.426000,-50,0.000000,7,8
1,13.000000,18.656000,0.243000,-50,0.000000,2,8
1,13.000000,17.799000,0.745000,-50,0.000000,7,8
1,13.000000,18.261999,0.744000,-50,0.000000,7,8
1,13.000000,17.475000,0.899000,-50,0.000000,7,8
1,13.000000,18.187000,0.602000,-50,0.000000,7,8
1,13.000000,17.325001,1.011000,-50,0.000000,7,8
1,13.000000,18.587000,0.540000,-50,0.000000,7,8
1,13.000000,17.718000,0.518000,-50,0.000000,7,8
1,13.000000,17.025000,0.413000,-50,0.000000,7,8
1,13.000000,17.162001,0.686000,-50,0.000000,7,8
1,13.000000,17.830999,0.939000,-50,0.000000,7,8
1,13.000000,18.573999,0.358000,-50,0.000000,7,8
1,13.000000,17.493000,0.746000,-50,0.000000,7,8
1,13.000000,17.787001,0.741000,-50,0.000000,7,8
1,13.000000,18.261999,0.481000,-50,0.000000,7,8
1,13.000000,17.174999,0.551000,-50,0.000000,7,8
1,13.000000,16.537001,1.406000,-50,0.000000,3,8
1,13.000000,17.011999,0.733000,-50,0.000000,7,8
1,13.000000,17.174999,0.396000,-50,0.000000,7,8
1,13.000000,17.787001,0.809000,-50,0.000000,7,8
1,13.000000,17.799000,0.413000,-50,0.000000,7,8
1,13.000000,17.325001,1.059000,-50,0.000000,7,8
1,13.000000,18.573999,0.250000,-50,0.000000,7,8
1,13.000000,17.962000,0.537000,-50,0.000000,7,8
1,13.000000,18.261999,0.414000,-50,0.000000,7,8
1,13.000000,17.606001,0.771000,-50,0.000000,7,8
1,13.000000,17.337000,0.547000,-50,0.000000,7,8
1,13.000000,17.952999,0.678000,-50,0.000000,7,8
1,13.000000,18.261999,0.432000,-50,0.000000,7,8
1,13.000000,18.112000,0.656000,-50,0.000000,7,8
1,13.000000,17.325001,0.857000,-50,0.000000,7,8
1,13.000000,18.573999,0.428000,-50,0.000000,7,8
1,13.000000,17.962000,0.701000,-50,0.000000,7,8
1,13.000000,18.737000,0.393000,-50,0.000000,7,8
1,13.000000,17.475000,0.777000,-50,0.000000,7,8
1,13.000000,18.724001,0.337000,-50,0.000000,7,8
1,13.000000,17.799000,0.678000,-50,0.000000,7,8
1,13.000000,17.636999,0.441000,-50,0.000000,7,8
1,13.000000,18.187000,0.687000,-50,0.000000,7,8
1,13.000000,17.337000,0.481000,-50,0.000000,7,8
1,13.000000,18.424000,0.414000,-50,0.000000,7,8
1,13.000000,18.274000,0.565000,-50,0.000000,7,8
1,13.000000,18.534000,0.227000,-50,0.000000,7,8
1,13.000000,17.649000,0.709000,-50,0.000000,7,8
1,13.000000,17.475000,0.354000,-50,0.000000,7,8
1,13.000000,18.195999,0.338000,-50,0.000000,7,8
1,13.000000,17.174999,0.395000,-50,0.000000,7,8
1,13.000000,18.187000,0.959000,-50,0.000000,7,8
1,13.000000,17.948999,0.707000,-50,0.000000,7,8
1,13.000000,18.424000,0.414000,-50,0.000000,7,8
1,13.000000,17.830999,0.524000,-51,0.000000,7,8
1,13.000000,17.325001,1.040000,-51,0.000000,7,8
1,13.000000,18.424000,0.423000,-51,0.000000,7,8
1,13.000000,17.948999,0.607000,-51,0.000000,7,8
1,13.000000,18.112000,0.593000,-51,0.000000,7,8
1,13.000000,17.011999,0.789000,-51,0.000000,7,8
1,13.000000,17.799000,0.599000,-51,0.000000,7,8
1,13.000000,18.187000,0.585000,-50,0.000000,7,8
1,13.000000,18.542999,0.694000,-50,0.000000,7,8
1,13.000000,17.325001,1.068000,-50,0.000000,7,8
1,13.000000,17.718000,0.549000,-50,0.000000,7,8
1,13.000000,17.174999,0.968000,-50,0.000000,7,8
1,13.000000,17.011999,0.789000,-50,0.000000,7,8
1,13.000000,17.011999,0.836000,-50,0.000000,7,8
1,13.000000,17.830999,0.959000,-50,0.000000,7,8
1,13.000000,18.274000,0.636000,-49,0.000000,7,8
1,13.000000,18.412001,0.651000,-50,0.000000,7,8
1,13.000000,17.011999,0.563000,-51,0.000000,7,8
1,13.000000,17.011999,0.700000,-51,0.000000,7,8
1,13.000000,17.948999,0.750000,-51,0.000000,7,8
1,13.000000,18.424000,0.481000,-50,0.000000,7,8
1,13.000000,17.174999,0.962000,-50,0.000000,7,8
1,13.000000,18.573999,0.413000,-50,0.000000,7,8
1,13.000000,18.573999,0.250000,-50,0.000000,7,8
1,13.000000,18.075001,0.834000,-50,0.000000,7,8
1,13.000000,18.900000,0.000000,-51,0.000000,1,8
1,13.000000,18.778000,0.301000,-50,0.000000,7,8
1,13.000000,18.099001,0.420000,-50,0.000000,7,8
1,13.000000,17.325001,0.864000,-50,0.000000,7,8
1,13.000000,18.099001,0.956000,-50,0.000000,7,8
1,13.000000,18.421000,0.333000,-51,0.000000,7,8
1,13.000000,18.724001,0.576000,-50,0.000000,7,8
1,13.000000,17.948999,0.686000,-51,0.000000,7,8
1,13.000000,18.778000,0.195000,-50,0.000000,7,8
1,13.000000,17.948999,0.936000,-50,0.000000,7,8
1,13.000000,18.261999,0.659000,-51,0.000000,7,8
1,13.000000,17.948999,0.615000,-50,0.000000,7,8
1,13.000000,17.948999,0.607000,-51,0.000000,7,8
1,13.000000,17.475000,0.863000,-51,0.000000,7,8
1,13.000000,17.962000,1.446000,-50,0.000000,7,8
1,13.000000,17.840000,0.576000,-51,0.000000,7,8
1,13.000000,17.952999,0.659000,-51,0.000000,7,8
1,13.000000,17.649000,0.561000,-51,0.000000,7,8
1,13.000000,17.787001,0.639000,-51,0.000000,7,8
1,13.000000,18.075001,0.650000,-51,0.000000,7,8
1,13.000000,17.483999,0.707000,-51,0.000000,7,8
1,13.000000,17.943001,0.425000,-50,0.000000,7,8
1,13.000000,17.325001,1.070000,-51,0.000000,7,8
1,13.000000,18.424000,0.327000,-51,0.000000,7,8
1,13.000000,17.174999,0.990000,-51,0.000000,7,8
1,13.000000,17.475000,1.143000,-51,0.000000,7,8
1,13.000000,18.431000,0.414000,-52,0.000000,7,8
1,13.000000,17.718000,0.680000,-52,0.000000,7,8
1,13.000000,18.309000,0.526000,-51,0.000000,7,8
1,13.000000,16.862000,0.832000,-51,0.000000,7,8
1,13.000000,17.948999,0.545000,-51,0.000000,7,8
1,13.000000,17.948999,0.744000,-51,0.000000,7,8
1,13.000000,17.962000,0.700000,-51,0.000000,7,8
1,13.000000,17.636999,0.768000,-52,0.000000,7,8
1,13.000000,17.636999,0.771000,-51,0.000000,7,8
1,13.000000,18.587000,0.349000,-51,0.000000,7,8
1,13.000000,17.025000,0.508000,-51,0.000000,7,8
1,13.000000,17.830999,0.931000,-51,0.000000,7,8
1,13.000000,17.948999,0.532000,-51,0.000000,7,8
1,13.000000,18.274000,0.811000,-52,0.000000,7,8
1,13.000000,17.948999,0.415000,-51,0.000000,7,8
1,13.000000,17.250000,0.712000,-51,0.000000,3,8
1,13.000000,17.475000,0.000000,-51,0.000000,1,8
1,13.000000,18.534000,0.754000,-50,0.000000,7,8
1,13.000000,17.174999,0.498000,-51,0.000000,7,8
1,13.000000,18.309000,0.536000,-51,0.000000,7,8
1,13.000000,17.962000,0.685000,-51,0.000000,7,8
1,13.000000,18.412001,0.560000,-50,0.000000,7,8
1,13.000000,18.187000,0.743000,-50,0.000000,7,8
1,13.000000,17.475000,0.595000,-50,0.000000,7,8
1,13.000000,18.421000,0.460000,-50,0.000000,7,8
1,13.000000,17.636999,0.950000,-50,0.000000,7,8
1,13.000000,17.011999,0.993000,-50,0.000000,7,8
1,13.000000,18.112000,0.508000,-51,0.000000,7,8
1,13.000000,18.424000,0.525000,-51,0.000000,7,8
1,13.000000,18.424000,0.702000,-51,0.000000,7,8
1,13.000000,17.948999,0.545000,-51,0.000000,7,8
1,13.000000,18.187000,0.454000,-50,0.000000,7,8
1,13.000000,18.412001,0.352000,-50,0.000000,7,8
1,13.000000,18.424000,0.492000,-50,0.000000,7,8
1,13.000000,17.948999,0.508000,-50,0.000000,7,8
1,13.000000,17.174999,1.046000,-50,0.000000,7,8
1,13.000000,18.309000,0.639000,-50,0.000000,7,8
1,13.000000,17.787001,0.752000,-49,0.000000,7,8
1,13.000000,18.420000,0.301000,-50,0.000000,7,8
1,13.000000,18.573999,0.337000,-50,0.000000,7,8
1,13.000000,17.787001,0.885000,-50,0.000000,7,8
1,13.000000,17.325001,0.777000,-50,0.000000,7,8
1,13.000000,18.112000,0.457000,-50,0.000000,7,8
1,13.000000,17.483999,0.514000,-50,0.000000,7,8
1,13.000000,17.948999,0.783000,-50,0.000000,7,8
1,13.000000,17.162001,0.608000,-50,0.000000,7,8
1,13.000000,18.112000,0.680000,-50,0.000000,7,8
1,13.000000,18.656000,0.348000,-50,0.000000,5,8
1,13.000000,18.424000,0.423000,-50,0.000000,7,8
1,13.000000,18.187000,0.639000,-50,0.000000,7,8
1,13.000000,18.424000,0.499000,-50,0.000000,7,8
1,13.000000,17.649000,0.639000,-50,0.000000,7,8
1,13.000000,14.081000,5.099000,-50,0.000000,7,8
1,13.000000,17.371000,0.481000,-50,0.000000,7,8
1,13.000000,18.573999,0.534000,-50,0.000000,7,8
1,13.000000,18.412001,0.348000,-51,0.000000,7,8
1,13.000000,17.011999,0.770000,-51,0.000000,7,8
1,13.000000,17.362000,0.637000,-50,0.000000,7,8
1,13.000000,18.274000,0.493000,-51,0.000000,7,8
1,13.000000,17.174999,0.804000,-51,0.000000,7,8
1,13.000000,17.337000,0.547000,-51,0.000000,7,8
1,13.000000,17.948999,0.826000,-51,0.000000,7,8
1,13.000000,18.587000,0.391000,-51,0.000000,7,8
1,13.000000,18.299999,0.414000,-51,0.000000,7,8
1,13.000000,17.636999,0.982000,-50,0.000000,7,8
1,13.000000,18.309000,0.492000,-50,0.000000,7,8
1,13.000000,18.900000,0.335000,-51,0.000000,7,8
1,13.000000,18.112000,0.758000,-51,0.000000,7,8
1,13.000000,18.112000,0.752000,-51,0.000000,7,8
1,13.000000,17.259001,0.599000,-50,0.000000,7,8
1,13.000000,18.412001,0.376000,-51,0.000000,7,8
1,13.000000,16.698999,1.107000,-50,0.000000,7,8
1,13.000000,17.670000,1.014000,-50,0.000000,7,8
1,13.000000,18.573999,0.393000,-50,0.000000,7,8
1,13.000000,17.337000,0.949000,-50,0.000000,7,8
1,13.000000,18.309000,0.656000,-50,0.000000,7,8
1,13.000000,17.325001,0.738000,-50,0.000000,7,8
1,13.000000,17.787001,0.551000,-50,0.000000,7,8
1,13.000000,18.900000,0.305000,-50,0.000000,7,8
1,13.000000,17.799000,0.688000,-50,0.000000,7,8
1,13.000000,18.737000,0.464000,-50,0.000000,7,8
1,13.000000,17.799000,0.743000,-50,0.000000,7,8
1,13.000000,18.309000,0.413000,-50,0.000000,7,8
1,13.000000,18.778000,0.460000,-50,0.000000,7,8
1,13.000000,18.099001,0.935000,-50,0.000000,7,8
1,13.000000,17.337000,0.919000,-50,0.000000,7,8
1,13.000000,17.362000,0.701000,-50,0.000000,7,8
1,13.000000,17.487000,1.098000,-50,0.000000,7,8
1,13.000000,17.337000,1.022000,-50,0.000000,7,8
1,13.000000,18.112000,0.481000,-50,0.000000,7,8
1,13.000000,18.065001,1.087000,-50,0.000000,7,8
1,13.000000,18.065001,0.713000,-50,0.000000,7,8
1,13.000000,18.412001,0.709000,-50,0.000000,7,8
1,13.000000,18.261999,0.556000,-50,0.000000,7,8
1,13.000000,18.424000,0.491000,-50,0.000000,7,8
1,13.000000,17.487000,0.858000,-50,0.000000,7,8
1,13.000000,18.299999,0.669000,-50,0.000000,7,8
1,13.000000,18.424000,0.639000,-50,0.000000,7,8
1,13.000000,17.487000,0.820000,-50,0.000000,7,8
1,13.000000,16.893000,2.375000,-50,0.000000,7,8
1,13.000000,18.112000,0.549000,-50,0.000000,7,8
1,13.000000,18.075001,0.727000,-50,0.000000,7,8
1,13.000000,17.493000,0.790000,-50,0.000000,7,8
1,13.000000,18.112000,1.310000,-50,0.000000,7,8
1,13.000000,17.636999,0.743000,-50,0.000000,7,8
1,13.000000,18.112000,0.781000,-50,0.000000,7,8
1,13.000000,18.412001,0.779000,-50,0.000000,7,8
1,13.000000,17.636999,0.800000,-50,0.000000,7,8
1,13.000000,18.274000,0.649000,-49,0.000000,7,8
1,13.000000,17.136999,0.811000,-49,0.000000,7,8
1,13.000000,17.487000,1.082000,-50,0.000000,7,8
1,13.000000,17.636999,0.752000,-50,0.000000,7,8
1,13.000000,18.656000,0.393000,-50,0.000000,7,8
1,13.000000,17.487000,0.549000,-50,0.000000,7,8
1,13.000000,17.636999,1.115000,-50,0.000000,7,8
1,13.000000,19.350000,0.000000,-51,0.000000,1,8
1,13.000000,18.187000,0.593000,-50,0.000000,7,8
1,13.000000,18.656000,0.742000,-50,0.000000,7,8
1,13.000000,18.665001,0.329000,-50,0.000000,7,8
1,13.000000,19.003000,0.328000,-50,0.000000,7,8
1,13.000000,18.412001,0.550000,-50,0.000000,7,8
1,13.000000,17.606001,0.789000,-50,0.000000,7,8
1,13.000000,18.900000,0.937000,-50,0.000000,3,8
1,13.000000,18.261999,0.823000,-50,0.000000,7,8
1,13.000000,18.424000,0.736000,-50,0.000000,7,8
1,13.000000,18.261999,0.481000,-50,0.000000,7,8
1,13.000000,18.261999,0.678000,-50,0.000000,7,8
1,13.000000,17.487000,0.861000,-50,0.000000,7,8
1,13.000000,18.573999,0.337000,-50,0.000000,7,8
1,13.000000,18.656000,0.337000,-50,0.000000,7,8
1,13.000000,18.427000,0.891000,-50,0.000000,7,8
1,13.000000,17.799000,0.762000,-50,0.000000,7,8
1,13.000000,17.962000,0.785000,-50,0.000000,7,8
1,13.000000,17.014999,0.897000,-50,0.000000,7,8
1,13.000000,17.943001,0.685000,-50,0.000000,7,8
1,13.000000,18.534000,0.550000,-51,0.000000,7,8
1,13.000000,16.302999,2.843000,-50,0.000000,7,8
1,13.000000,17.799000,0.898000,-50,0.000000,7,8
1,13.000000,17.493000,0.707000,-50,0.000000,7,8
1,13.000000,18.424000,0.423000,-49,0.000000,7,8
1,13.000000,17.487000,1.176000,-49,0.000000,7,8
1,13.000000,17.649000,0.933000,-50,0.000000,7,8
1,13.000000,17.487000,0.926000,-51,0.000000,7,8
1,13.000000,18.886999,0.390000,-50,0.000000,7,8
1,13.000000,17.475000,0.902000,-50,0.000000,7,8
1,13.000000,18.737000,0.330000,-50,0.000000,7,8
1,13.000000,18.573999,0.250000,-50,0.000000,7,8
1,13.000000,18.195999,0.638000,-49,0.000000,7,8
1,13.000000,17.636999,0.616000,-49,0.000000,7,8
1,13.000000,17.709000,1.078000,-49,0.000000,7,8
1,13.000000,18.112000,0.664000,-50,0.000000,7,8
1,13.000000,18.424000,0.491000,-50,0.000000,7,8
1,13.000000,17.371000,0.656000,-50,0.000000,7,8
1,13.000000,18.112000,0.903000,-50,0.000000,7,8
1,13.000000,16.862000,0.993000,-50,0.000000,7,8
1,13.000000,18.099001,0.491000,-51,0.000000,7,8
1,13.000000,17.830999,0.923000,-51,0.000000,7,8
1,13.000000,18.542999,0.413000,-50,0.000000,7,8
1,13.000000,18.309000,0.602000,-50,0.000000,7,8
1,13.000000,17.325001,0.850000,-50,0.000000,7,8
1,13.000000,18.112000,0.615000,-50,0.000000,7,8
1,13.000000,18.424000,0.533000,-50,0.000000,7,8
1,13.000000,17.943001,0.687000,-50,0.000000,7,8
1,13.000000,18.534000,0.414000,-50,0.000000,7,8
1,13.000000,18.261999,0.610000,-50,0.000000,7,8
1,13.000000,18.431000,0.492000,-51,0.000000,7,8
1,13.000000,17.840000,0.688000,-50,0.000000,7,8
1,13.000000,17.475000,0.637000,-50,0.000000,7,8
1,13.000000,18.778000,0.181000,-51,0.000000,7,8
1,13.000000,18.424000,0.349000,-51,0.000000,7,8
1,13.000000,17.799000,0.927000,-51,0.000000,7,8
1,13.000000,18.274000,0.753000,-51,0.000000,7,8
1,13.000000,18.424000,0.484000,-51,0.000000,7,8
1,13.000000,17.787001,0.886000,-50,0.000000,7,8
1,13.000000,18.112000,0.733000,-50,0.000000,7,8
1,13.000000,17.325001,0.601000,-50,0.000000,7,8
1,13.000000,17.487000,0.492000,-50,0.000000,7,8
1,13.000000,18.424000,0.349000,-50,0.000000,7,8
1,13.000000,17.948999,0.794000,-50,0.000000,7,8
1,13.000000,18.737000,0.301000,-50,0.000000,7,8
1,13.000000,17.014999,0.817000,-51,0.000000,7,8
1,13.000000,17.948999,0.416000,-50,0.000000,7,8
1,13.000000,18.542999,0.481000,-50,0.000000,7,8
1,13.000000,18.656000,0.423000,-51,0.000000,7,8
1,13.000000,17.487000,0.662000,-50,0.000000,5,8
1,13.000000,17.636999,0.750000,-51,0.000000,7,8
1,13.000000,17.718000,0.491000,-51,0.000000,7,8
1,13.000000,17.799000,0.541000,-51,0.000000,7,8
1,13.000000,17.799000,0.650000,-51,0.000000,7,8
1,13.000000,17.337000,0.551000,-50,0.000000,7,8
1,13.000000,17.943001,0.358000,-50,0.000000,7,8
1,13.000000,18.261999,0.329000,-51,0.000000,7,8
1,13.000000,18.099001,0.563000,-50,0.000000,7,8
1,13.000000,17.799000,0.693000,-50,0.000000,7,8
1,13.000000,17.636999,0.524000,-51,0.000000,7,8
1,13.000000,18.112000,0.713000,-51,0.000000,7,8
1,13.000000,17.487000,0.725000,-51,0.000000,7,8
1,13.000000,17.325001,0.858000,-51,0.000000,7,8
1,13.000000,17.948999,0.328000,-52,0.000000,7,8
1,13.000000,17.011999,1.019000,-52,0.000000,7,8
1,13.000000,18.424000,0.481000,-51,0.000000,7,8
1,13.000000,17.606001,0.561000,-51,0.000000,7,8
1,13.000000,17.718000,0.476000,-51,0.000000,7,8
1,13.000000,17.787001,0.836000,-51,0.000000,7,8
1,13.000000,17.606001,0.737000,-50,0.000000,7,8
1,13.000000,18.412001,0.494000,-50,0.000000,7,8
1,13.000000,18.573999,0.689000,-51,0.000000,7,8
1,13.000000,17.943001,0.729000,-51,0.000000,7,8
1,13.000000,18.737000,0.460000,-51,0.000000,7,8
1,13.000000,17.948999,0.549000,-51,0.000000,7,8
1,13.000000,18.424000,0.413000,-51,0.000000,7,8
1,13.000000,18.112000,0.432000,-51,0.000000,7,8
1,13.000000,18.187000,0.298000,-51,0.000000,7,8
1,13.000000,17.014999,0.700000,-51,0.000000,7,8
1,13.000000,18.656000,0.243000,-51,0.000000,2,8
1,13.000000,16.862000,0.733000,-51,0.000000,7,8
1,13.000000,17.025000,0.576000,-51,0.000000,7,8
1,13.000000,17.799000,0.826000,-51,0.000000,7,8
1,13.000000,18.261999,0.470000,-51,0.000000,7,8
1,13.000000,17.006001,0.754000,-51,0.000000,7,8
1,13.000000,18.274000,0.540000,-51,0.000000,7,8
1,13.000000,18.573999,0.362000,-51,0.000000,7,8
1,13.000000,17.948999,0.697000,-51,0.000000,7,8
1,13.000000,17.487000,0.745000,-51,0.000000,7,8
1,13.000000,17.636999,0.864000,-51,0.000000,7,8
1,13.000000,18.299999,0.470000,-51,0.000000,7,8
1,13.000000,17.487000,0.742000,-51,0.000000,7,8
1,13.000000,17.325001,0.690000,-51,0.000000,5,8
1,13.000000,17.596001,0.723000,-51,0.000000,7,8
1,13.000000,17.011999,0.737000,-51,0.000000,7,8
1,13.000000,17.787001,0.591000,-51,0.000000,7,8
1,13.000000,17.115000,0.805000,-51,0.000000,7,8
1,13.000000,18.065001,0.420000,-51,0.000000,7,8
1,13.000000,17.011999,0.701000,-52,0.000000,7,8
1,13.000000,18.424000,0.301000,-51,0.000000,7,8
1,13.000000,18.412001,0.000000,-52,0.000000,1,8
1,13.000000,17.325001,0.794000,-51,0.000000,7,8
1,13.000000,18.261999,0.420000,-51,0.000000,7,8
1,13.000000,17.174999,1.206000,-51,0.000000,7,8
1,13.000000,17.025000,0.835000,-51,0.000000,7,8
1,13.000000,18.187000,0.489000,-51,0.000000,7,8
1,13.000000,17.636999,0.714000,-51,0.000000,7,8
1,13.000000,18.187000,0.212000,-51,0.000000,3,8
1,13.000000,17.325001,0.918000,-51,0.000000,7,8
1,13.000000,18.112000,0.615000,-51,0.000000,7,8
1,13.000000,18.424000,0.414000,-51,0.000000,7,8
1,13.000000,18.424000,0.301000,-51,0.000000,7,8
1,13.000000,18.424000,0.414000,-51,0.000000,7,8
1,13.000000,16.698999,0.800000,-51,0.000000,7,8
1,13.000000,16.698999,1.131000,-51,0.000000,7,8
1,13.000000,16.849001,0.902000,-51,0.000000,7,8
1,13.000000,17.799000,0.444000,-51,0.000000,7,8
1,13.000000,17.636999,0.993000,-51,0.000000,7,8
1,13.000000,17.011999,0.661000,-51,0.000000,7,8
1,13.000000,16.862000,0.825000,-51,0.000000,7,8
1,13.000000,17.475000,0.658000,-51,0.000000,7,8
1,13.000000,18.261999,0.639000,-51,0.000000,7,8
1,13.000000,18.261999,0.388000,-51,0.000000,7,8
1,13.000000,16.781000,0.481000,-51,0.000000,7,8
1,13.000000,17.174999,0.862000,-51,0.000000,7,8
1,13.000000,18.187000,0.351000,-51,0.000000,7,8
1,13.000000,18.112000,0.576000,-51,0.000000,7,8
1,13.000000,18.299999,0.812000,-51,0.000000,7,8
1,13.000000,18.112000,0.680000,-51,0.000000,7,8
1,13.000000,18.261999,0.298000,-50,0.000000,7,8
1,13.000000,17.011999,0.775000,-51,0.000000,7,8
1,13.000000,17.943001,0.567000,-51,0.000000,5,8
1,13.000000,17.787001,0.488000,-51,0.000000,7,8
1,13.000000,17.250000,0.811000,-51,0.000000,7,8
1,13.000000,18.421000,0.491000,-51,0.000000,7,8
1,13.000000,17.962000,0.638000,-20,0.000000,7,8
1,13.000000,17.962000,0.413000,-51,0.000000,7,8
1,13.000000,18.177999,0.529000,-51,0.000000,7,8
1,13.000000,17.948999,0.420000,-51,0.000000,7,8
1,13.000000,17.174999,1.138000,-51,0.000000,7,8
1,13.000000,17.649000,0.918000,-51,0.000000,6,8
1,13.000000,18.886999,0.274000,-51,0.000000,7,8
1,13.000000,16.667999,0.820000,-51,0.000000,7,8
1,13.000000,18.412001,0.000000,-52,0.000000,1,8
1,13.000000,18.424000,0.481000,-51,0.000000,7,8
1,13.000000,18.075001,0.726000,-51,0.000000,7,8
1,13.000000,17.025000,0.694000,-51,0.000000,7,8
1,13.000000,17.174999,0.996000,-52,0.000000,7,8
1,13.000000,18.261999,0.460000,-51,0.000000,7,8
1,13.000000,16.698999,0.653000,-52,0.000000,7,8
1,13.000000,16.781000,0.348000,-52,0.000000,5,0
1,13.000000,18.424000,0.349000,-52,0.000000,7,8
1,13.000000,17.857000,0.851000,-52,0.000000,7,8
1,13.000000,17.025000,1.170000,-52,0.000000,4,8
1,13.000000,18.112000,0.434000,-51,0.000000,7,8
1,13.000000,18.412001,0.175000,-51,0.000000,7,8
1,13.000000,17.636999,0.944000,-52,0.000000,7,8
1,13.000000,16.698999,0.560000,-51,0.000000,7,8
1,13.000000,17.174999,0.770000,-51,0.000000,7,8
1,13.000000,17.636999,0.714000,-51,0.000000,7,8
1,13.000000,17.487000,0.648000,-51,0.000000,7,8
1,13.000000,16.862000,0.864000,-51,0.000000,7,8
1,13.000000,17.325001,0.810000,-51,0.000000,7,8
1,13.000000,18.542999,0.423000,-51,0.000000,7,8
1,13.000000,18.261999,0.298000,-51,0.000000,7,8
1,13.000000,17.948999,0.468000,-51,0.000000,7,8
1,13.000000,18.274000,0.526000,-51,0.000000,7,8
1,13.000000,17.799000,0.538000,-51,0.000000,7,8
1,13.000000,17.948999,0.585000,-51,0.000000,7,8
1,13.000000,18.424000,0.481000,-51,0.000000,7,8
1,13.000000,17.636999,0.700000,-51,0.000000,7,8
1,13.000000,16.399000,0.994000,-51,0.000000,7,8
1,13.000000,18.542999,0.365000,-51,0.000000,7,8
1,13.000000,17.240000,0.608000,-51,0.000000,7,8
1,13.000000,18.187000,0.632000,-51,0.000000,7,8
1,13.000000,17.162001,0.732000,-51,0.000000,7,8
1,13.000000,18.112000,0.421000,-51,0.000000,7,8
1,13.000000,18.421000,0.357000,-51,0.000000,7,8
1,13.000000,17.799000,0.706000,-51,0.000000,7,8
1,13.000000,18.646000,0.362000,-51,0.000000,7,8
1,13.000000,17.952999,0.730000,-51,0.000000,7,8
1,13.000000,18.421000,0.357000,-51,0.000000,7,8
1,13.000000,17.487000,0.752000,-51,0.000000,7,8
1,13.000000,17.636999,0.823000,-51,0.000000,7,8
1,13.000000,17.475000,0.468000,-51,0.000000,3,8
1,13.000000,17.475000,0.848000,-51,0.000000,7,8
1,13.000000,16.556000,0.638000,-51,0.000000,7,8
1,13.000000,17.174999,0.707000,-51,0.000000,7,8
1,13.000000,17.830999,0.657000,-51,0.000000,7,8
1,13.000000,17.799000,0.693000,-51,0.000000,7,8
1,13.000000,18.261999,0.489000,-51,0.000000,7,8
1,13.000000,18.261999,0.333000,-51,0.000000,7,8
1,13.000000,16.698999,0.923000,-51,0.000000,7,8
1,13.000000,17.572001,0.414000,-51,0.000000,7,8
1,13.000000,17.162001,1.236000,-51,0.000000,7,8
1,13.000000,16.790001,0.697000,-51,0.000000,7,8
1,13.000000,18.112000,0.537000,-51,0.000000,6,8
1,13.000000,16.849001,0.956000,-51,0.000000,7,8
1,13.000000,18.261999,0.560000,-51,0.000000,7,8
1,13.000000,17.799000,0.633000,-51,0.000000,7,8
1,13.000000,16.862000,0.891000,-51,0.000000,7,8
1,13.000000,16.862000,0.891000,-51,0.000000,7,8
1,13.000000,18.421000,0.551000,-51,0.000000,7,8
1,13.000000,17.483999,0.595000,-51,0.000000,7,8
1,13.000000,18.274000,0.460000,-51,0.000000,7,8
1,13.000000,17.799000,0.737000,-51,0.000000,7,8
1,13.000000,18.274000,0.434000,-51,0.000000,7,8
1,13.000000,17.475000,0.973000,-51,0.000000,7,8
1,13.000000,17.128000,0.563000,-51,0.000000,7,8
1,13.000000,17.636999,0.781000,-51,0.000000,7,8
1,13.000000,18.274000,0.492000,-51,0.000000,7,8
1,13.000000,16.862000,1.015000,-51,0.000000,7,8
1,13.000000,17.799000,0.692000,-51,0.000000,7,8
1,13.000000,17.487000,0.883000,-51,0.000000,7,8
1,13.000000,17.011999,0.639000,-51,0.000000,7,8
1,13.000000,17.011999,0.939000,-51,0.000000,7,8
1,13.000000,16.556000,0.734000,-51,0.000000,7,8
1,13.000000,16.698999,1.089000,-51,0.000000,7,8
1,13.000000,17.475000,1.166000,-51,0.000000,7,8
1,13.000000,17.006001,0.468000,-51,0.000000,2,8
1,13.000000,18.900000,0.000000,-52,0.000000,1,8
1,13.000000,17.943001,0.566000,-51,0.000000,7,8
1,13.000000,17.718000,0.781000,-51,0.000000,7,8
1,13.000000,17.337000,0.638000,-51,0.000000,7,8
1,13.000000,17.830999,0.834000,-52,0.000000,7,8
1,13.000000,17.006001,0.750000,-51,0.000000,7,8
1,13.000000,17.948999,0.608000,-51,0.000000,7,8
1,13.000000,17.493000,0.580000,-51,0.000000,7,8
1,13.000000,17.475000,0.649000,-51,0.000000,7,8
1,13.000000,16.903000,0.304000,-52,0.000000,7,8
1,13.000000,17.337000,0.649000,-51,0.000000,7,8
1,13.000000,16.862000,0.599000,-52,0.000000,7,8
1,13.000000,17.799000,0.429000,-51,0.000000,7,8
1,13.000000,17.787001,0.495000,-51,0.000000,7,8
1,13.000000,17.011999,0.733000,-51,0.000000,7,8
1,13.000000,18.112000,0.615000,-52,0.000000,7,8
1,13.000000,18.112000,0.396000,-52,0.000000,7,8
1,13.000000,17.948999,0.424000,-52,0.000000,7,8
1,13.000000,18.424000,0.423000,-51,0.000000,7,8
1,13.000000,17.636999,0.768000,-51,0.000000,7,8
1,13.000000,17.250000,0.962000,-51,0.000000,7,8
1,13.000000,17.636999,0.599000,-51,0.000000,7,8
1,13.000000,17.487000,0.551000,-51,0.000000,7,8
1,13.000000,18.424000,0.414000,-51,0.000000,7,8
1,13.000000,18.065001,0.563000,-51,0.000000,7,8
1,13.000000,17.025000,0.852000,-51,0.000000,7,8
1,13.000000,16.781000,0.905000,-52,0.000000,4,8
1,13.000000,17.948999,0.904000,-51,0.000000,7,8
1,13.000000,17.487000,0.497000,-51,0.000000,7,8
1,13.000000,16.862000,0.657000,-51,0.000000,7,8
1,13.000000,17.636999,0.489000,-51,0.000000,7,8
1,13.000000,17.728001,0.656000,-51,0.000000,7,8
1,13.000000,18.431000,0.418000,-51,0.000000,7,8
1,13.000000,17.174999,0.593000,-51,0.000000,7,8
1,13.000000,15.140000,5.397000,-51,0.000000,7,8
1,13.000000,18.737000,0.358000,-51,0.000000,7,8
1,13.000000,17.649000,1.075000,-51,0.000000,7,8
1,13.000000,18.112000,0.357000,-50,0.000000,7,8
1,13.000000,18.412001,0.602000,-50,0.000000,7,8
1,13.000000,17.487000,0.745000,-50,0.000000,7,8
1,13.000000,18.573999,0.348000,-50,0.000000,7,8
1,13.000000,17.943001,0.704000,-50,0.000000,7,8
1,13.000000,17.174999,1.054000,-50,0.000000,7,8
1,13.000000,17.718000,0.714000,-50,0.000000,7,8
1,13.000000,17.948999,0.750000,-50,0.000000,7,8
1,13.000000,18.112000,0.583000,-50,0.000000,7,8
1,13.000000,18.261999,0.298000,-50,0.000000,7,8
1,13.000000,17.325001,0.428000,-50,0.000000,7,8
1,13.000000,17.011999,0.650000,-50,0.000000,7,8
1,13.000000,18.412001,0.549000,-50,0.000000,7,8
1,13.000000,17.962000,0.607000,-50,0.000000,7,8
1,13.000000,18.542999,0.547000,-50,0.000000,7,8
1,13.000000,18.534000,0.428000,-51,0.000000,7,8
1,13.000000,17.475000,0.894000,-50,0.000000,7,8
1,13.000000,18.737000,0.305000,-50,0.000000,7,8
1,13.000000,18.737000,0.301000,-50,0.000000,7,8
1,13.000000,18.424000,0.502000,-50,0.000000,7,8
1,13.000000,17.487000,0.688000,-51,0.000000,7,8
1,13.000000,16.698999,0.872000,-50,0.000000,7,8
1,13.000000,17.830999,0.607000,-50,0.000000,7,8
1,13.000000,18.573999,0.358000,-50,0.000000,7,8
1,13.000000,18.737000,0.225000,-50,0.000000,7,8
1,13.000000,18.099001,0.700000,-50,0.000000,7,8
1,13.000000,18.261999,0.527000,-51,0.000000,7,8
1,13.000000,17.011999,0.770000,-50,0.000000,7,8
1,13.000000,17.948999,0.800000,-50,0.000000,7,8
1,13.000000,18.261999,0.388000,-51,0.000000,7,8
1,13.000000,17.948999,0.615000,-50,0.000000,7,8
1,13.000000,17.799000,0.778000,-50,0.000000,7,8
1,13.000000,17.718000,0.747000,-51,0.000000,7,8
1,13.000000,17.162001,0.658000,-50,0.000000,7,8
1,13.000000,18.424000,0.492000,-50,0.000000,7,8
1,13.000000,18.412001,0.550000,-51,0.000000,7,8
1,13.000000,17.962000,0.863000,-51,0.000000,7,8
1,13.000000,17.636999,0.423000,-51,0.000000,7,8
1,13.000000,17.649000,0.611000,-51,0.000000,7,8
1,13.000000,18.112000,0.659000,-51,0.000000,7,8
1,13.000000,17.475000,0.637000,-51,0.000000,7,8
1,13.000000,17.948999,0.747000,-51,0.000000,7,8
1,13.000000,18.900000,0.000000,-51,0.000000,1,8
1,13.000000,17.962000,0.000000,-51,0.000000,2,8
1,13.000000,18.542999,0.349000,-50,0.000000,7,8
1,13.000000,18.261999,0.357000,-50,0.000000,7,8
1,13.000000,18.900000,0.444000,-51,0.000000,3,8
1,13.000000,18.424000,0.333000,-50,0.000000,7,8
1,13.000000,17.025000,0.623000,-50,0.000000,7,8
1,13.000000,17.162001,0.958000,-51,0.000000,7,8
1,13.000000,18.421000,0.327000,-51,0.000000,7,8
1,13.000000,18.573999,0.749000,-51,0.000000,7,8
1,13.000000,17.948999,0.527000,-51,0.000000,7,8
1,13.000000,17.943001,0.416000,-51,0.000000,7,8
1,13.000000,17.475000,1.119000,-51,0.000000,7,8
1,13.000000,17.250000,0.827000,-51,0.000000,7,8
1,13.000000,18.112000,0.595000,-51,0.000000,7,8
1,13.000000,17.948999,0.745000,-51,0.000000,7,8
1,13.000000,18.573999,0.250000,-51,0.000000,7,8
1,13.000000,16.698999,0.970000,-51,0.000000,7,8
1,13.000000,17.025000,0.645000,-51,0.000000,7,8
1,13.000000,17.952999,0.752000,-51,0.000000,7,8
1,13.000000,17.487000,0.481000,-51,0.000000,7,8
1,13.000000,18.737000,0.225000,-50,0.000000,7,8
1,13.000000,17.787001,0.707000,-51,0.000000,7,8
1,13.000000,17.962000,0.599000,-51,0.000000,7,8
1,13.000000,17.948999,0.927000,-51,0.000000,7,8
1,13.000000,18.587000,0.414000,-50,0.000000,7,8
1,13.000000,17.787001,0.358000,-50,0.000000,7,8
1,13.000000,17.636999,0.957000,-50,0.000000,7,8
1,13.000000,17.325001,0.678000,-49,0.000000,7,8
1,13.000000,17.649000,0.649000,-49,0.000000,7,8
1,13.000000,18.573999,0.428000,-50,0.000000,7,8
1,13.000000,18.778000,0.181000,-50,0.000000,7,8
1,13.000000,17.830999,0.560000,-50,0.000000,7,8
1,13.000000,17.943001,0.523000,-50,0.000000,6,8
1,13.000000,17.475000,0.602000,-50,0.000000,7,8
1,13.000000,17.948999,1.027000,-50,0.000000,7,8
1,13.000000,14.906000,5.347000,-50,0.000000,7,8
1,13.000000,18.177999,0.890000,-50,0.000000,7,8
1,13.000000,17.943001,0.639000,-51,0.000000,7,8
1,13.000000,17.799000,0.938000,-50,0.000000,7,8
1,13.000000,18.112000,0.599000,-50,0.000000,7,8
1,13.000000,18.656000,0.238000,-50,0.000000,7,8
1,13.000000,17.483999,0.656000,-51,0.000000,7,8
1,13.000000,17.636999,0.599000,-50,0.000000,7,8
1,13.000000,18.542999,0.349000,-50,0.000000,7,8
1,13.000000,18.737000,0.533000,-50,0.000000,7,8
1,13.000000,17.174999,0.460000,-51,0.000000,7,8
1,13.000000,17.718000,0.243000,-50,0.000000,2,8
1,13.000000,17.799000,0.599000,-51,0.000000,7,8
1,13.000000,18.075001,0.489000,-51,0.000000,7,8
1,13.000000,17.948999,0.488000,-51,0.000000,7,8
1,13.000000,16.781000,3.316000,-50,0.000000,7,8
1,13.000000,18.900000,0.000000,-50,0.000000,2,8
1,13.000000,17.948999,0.714000,-51,0.000000,7,8
1,13.000000,17.636999,0.657000,-50,0.000000,7,8
1,13.000000,17.174999,0.656000,-50,0.000000,7,8
1,13.000000,18.065001,0.558000,-51,0.000000,7,8
1,13.000000,18.737000,0.225000,-50,0.000000,7,8
1,13.000000,17.493000,0.684000,-50,0.000000,7,8
1,13.000000,17.952999,0.928000,-50,0.000000,7,8
1,13.000000,18.274000,0.425000,-50,0.000000,7,8
1,13.000000,16.087000,1.170000,-50,0.000000,3,8
1,13.000000,18.412001,0.354000,-50,0.000000,7,8
1,13.000000,17.649000,1.098000,-50,0.000000,7,8
1,13.000000,17.948999,0.602000,-50,0.000000,7,8
1,13.000000,18.261999,0.491000,-50,0.000000,7,8
1,13.000000,17.596001,0.858000,-50,0.000000,7,8
1,13.000000,17.718000,0.667000,-50,0.000000,7,8
1,13.000000,17.787001,1.291000,-50,0.000000,7,8
1,13.000000,17.830999,0.499000,-49,0.000000,7,8
1,13.000000,18.299999,0.432000,-49,0.000000,7,8
1,13.000000,18.542999,0.350000,-49,0.000000,7,8
1,13.000000,17.025000,0.805000,-50,0.000000,7,8
1,13.000000,18.424000,0.593000,-49,0.000000,7,8
1,13.000000,17.649000,0.821000,-50,0.000000,7,8
1,13.000000,18.274000,0.540000,-50,0.000000,7,8
1,13.000000,18.573999,0.509000,-50,0.000000,7,8
1,13.000000,17.487000,0.897000,-50,0.000000,7,8
1,13.000000,18.587000,0.365000,-50,0.000000,7,8
1,13.000000,18.424000,0.616000,-50,0.000000,7,8
1,13.000000,18.424000,0.414000,-50,0.000000,7,8
1,13.000000,17.948999,0.800000,-50,0.000000,7,8
1,13.000000,18.573999,0.250000,-50,0.000000,7,8
1,13.000000,17.799000,0.781000,-50,0.000000,7,8
1,13.000000,17.799000,0.687000,-50,0.000000,7,8
1,13.000000,17.174999,0.982000,-50,0.000000,7,8
1,13.000000,17.487000,0.846000,-50,0.000000,7,8
1,13.000000,17.636999,0.823000,-50,0.000000,7,8
1,13.000000,17.250000,0.921000,-50,0.000000,7,8
1,13.000000,18.299999,0.810000,-50,0.000000,7,8
1,13.000000,16.903000,0.997000,-50,0.000000,7,8
1,13.000000,17.475000,0.884000,-51,0.000000,3,8
1,13.000000,17.636999,0.635000,-50,0.000000,7,8
1,13.000000,17.799000,0.850000,-50,0.000000,7,8
1,13.000000,18.112000,0.822000,-50,0.000000,7,8
1,13.000000,17.337000,0.781000,-50,0.000000,7,8
1,13.000000,18.261999,0.604000,-50,0.000000,7,8
1,13.000000,17.962000,0.697000,-50,0.000000,7,8
1,13.000000,16.903000,0.692000,-50,0.000000,7,8
1,13.000000,18.431000,0.350000,-50,0.000000,7,8
1,13.000000,17.371000,0.918000,-50,0.000000,7,8
1,13.000000,17.250000,0.662000,-50,0.000000,7,8
1,13.000000,18.099001,0.468000,-50,0.000000,7,8
1,13.000000,17.011999,0.872000,-50,0.000000,7,8
1,13.000000,17.174999,0.770000,-50,0.000000,7,8
1,13.000000,17.162001,1.001000,-50,0.000000,7,8
1,13.000000,18.431000,0.684000,-51,0.000000,7,8
1,13.000000,16.862000,0.962000,-51,0.000000,7,8
1,13.000000,17.636999,0.872000,-50,0.000000,7,8
1,13.000000,18.424000,0.484000,-50,0.000000,7,8
1,13.000000,17.962000,0.685000,-50,0.000000,7,8
1,13.000000,18.309000,0.537000,-50,0.000000,7,8
1,13.000000,18.065001,0.650000,-50,0.000000,7,8
1,13.000000,18.112000,0.481000,-50,0.000000,7,8
1,13.000000,18.274000,0.493000,-50,0.000000,7,8
1,13.000000,17.325001,1.138000,-50,0.000000,7,8
1,13.000000,17.799000,0.692000,-50,0.000000,7,8
1,13.000000,17.325001,0.857000,-50,0.000000,7,8
1,13.000000,17.948999,0.585000,-50,0.000000,7,8
1,13.000000,18.112000,0.413000,-50,0.000000,7,8
1,13.000000,17.487000,1.054000,-50,0.000000,7,8
1,13.000000,17.174999,0.826000,-50,0.000000,7,8
1,13.000000,17.250000,0.918000,-50,0.000000,7,8
1,13.000000,18.075001,0.565000,-50,0.000000,7,8
1,13.000000,17.174999,0.880000,-50,0.000000,7,8
1,13.000000,18.099001,0.530000,-50,0.000000,7,8
1,13.000000,18.112000,0.656000,-50,0.000000,7,8
1,13.000000,17.799000,0.706000,-50,0.000000,7,8
1,13.000000,18.112000,0.357000,-50,0.000000,7,8
1,13.000000,17.943001,0.993000,-50,0.000000,7,8
1,13.000000,18.274000,0.481000,-50,0.000000,7,8
1,13.000000,18.187000,0.475000,-50,0.000000,7,8
1,13.000000,17.952999,0.599000,-50,0.000000,7,8
1,13.000000,16.712000,0.987000,-50,0.000000,7,8
1,13.000000,18.309000,0.385000,-50,0.000000,7,8
1,13.000000,17.487000,0.702000,-50,0.000000,7,8
1,13.000000,18.274000,0.419000,-50,0.000000,7,8
1,13.000000,17.174999,0.854000,-50,0.000000,7,8
1,13.000000,18.274000,0.602000,-50,0.000000,7,8
1,13.000000,17.025000,1.018000,-50,0.000000,7,8
1,13.000000,17.174999,0.752000,-50,0.000000,7,8
1,13.000000,16.698999,1.031000,-50,0.000000,7,8
1,13.000000,17.636999,0.743000,-51,0.000000,7,8
1,13.000000,18.112000,0.742000,-50,0.000000,7,8
1,13.000000,18.261999,0.489000,-50,0.000000,7,8
1,13.000000,18.112000,0.787000,-50,0.000000,7,8
1,13.000000,16.893000,1.055000,-50,0.000000,7,8
1,13.000000,17.830999,0.558000,-50,0.000000,7,8
1,13.000000,18.665001,0.350000,-50,0.000000,7,8
1,13.000000,18.187000,0.352000,-50,0.000000,5,8
1,13.000000,16.781000,0.872000,-50,0.000000,7,8
1,13.000000,17.948999,1.030000,-50,0.000000,7,8
1,13.000000,17.487000,0.763000,-50,0.000000,7,8
1,13.000000,17.636999,0.700000,-50,0.000000,7,8
1,13.000000,17.475000,1.059000,-50,0.000000,7,8
1,13.000000,17.337000,0.846000,-50,0.000000,7,8
1,13.000000,17.487000,0.781000,-50,0.000000,7,8
1,13.000000,17.636999,0.599000,-50,0.000000,7,8
1,13.000000,17.636999,0.787000,-50,0.000000,7,8
1,13.000000,17.487000,0.802000,-50,0.000000,7,8
1,13.000000,18.187000,0.475000,-50,0.000000,5,8
1,13.000000,18.112000,0.656000,-50,0.000000,7,8
1,13.000000,16.712000,0.864000,-50,0.000000,7,8
1,13.000000,16.862000,0.902000,-50,0.000000,7,8
1,13.000000,17.636999,1.001000,-50,0.000000,7,8
1,13.000000,18.195999,0.526000,-50,0.000000,7,8
1,13.000000,18.099001,0.550000,-50,0.000000,7,8
1,13.000000,17.787001,0.897000,-50,0.000000,7,8
1,13.000000,18.656000,0.242000,-50,0.000000,7,8
1,13.000000,18.737000,0.225000,-50,0.000000,7,8
1,13.000000,17.371000,0.832000,-50,0.000000,7,8
1,13.000000,17.948999,0.864000,-50,0.000000,7,8
1,13.000000,17.325001,0.982000,-50,0.000000,7,8
1,13.000000,18.309000,0.357000,-50,0.000000,7,8
1,13.000000,18.421000,0.551000,-50,0.000000,7,8
1,13.000000,18.886999,0.586000,-49,0.000000,7,8
1,13.000000,18.656000,0.484000,-50,0.000000,7,8
1,13.000000,17.487000,0.586000,-50,0.000000,7,8
1,13.000000,17.325001,0.637000,-49,0.000000,7,8
1,13.000000,17.948999,0.781000,-49,0.000000,7,8
1,13.000000,18.534000,0.589000,-50,0.000000,7,8
1,13.000000,18.261999,0.481000,-49,0.000000,7,8
1,13.000000,18.112000,0.657000,-50,0.000000,7,8
1,13.000000,18.099001,0.495000,-50,0.000000,7,8
1,13.000000,18.261999,0.733000,-50,0.000000,7,8
1,13.000000,18.412001,0.000000,-51,0.000000,1,8
1,13.000000,17.830999,0.975000,-51,0.000000,7,8
1,13.000000,17.174999,0.763000,-51,0.000000,7,8
1,13.000000,17.475000,0.777000,-51,0.000000,7,8
1,13.000000,18.309000,0.663000,-51,0.000000,7,8
1,13.000000,18.187000,0.690000,-51,0.000000,7,8
1,13.000000,18.187000,0.687000,-51,0.000000,7,8
1,13.000000,18.309000,0.547000,-51,0.000000,7,8
1,13.000000,17.487000,0.822000,-51,0.000000,7,8
1,13.000000,16.087000,1.216000,-50,0.000000,7,8
1,13.000000,16.862000,0.918000,-50,0.000000,7,8
1,13.000000,17.487000,0.895000,-50,0.000000,7,8
1,13.000000,18.424000,0.350000,-50,0.000000,7,8
1,13.000000,18.881001,0.468000,-50,0.000000,2,8
1,13.000000,17.799000,0.936000,-50,0.000000,7,8
1,13.000000,17.830999,0.586000,-50,0.000000,7,8
1,13.000000,17.952999,0.846000,-50,0.000000,7,8
1,13.000000,18.274000,0.615000,-50,0.000000,7,8
1,13.000000,17.948999,0.688000,-50,0.000000,7,8
1,13.000000,18.177999,0.740000,-50,0.000000,7,8
1,13.000000,18.412001,0.195000,-50,0.000000,5,8
1,13.000000,17.718000,0.749000,-50,0.000000,7,8
1,13.000000,18.261999,0.428000,-50,0.000000,7,8
1,13.000000,18.309000,0.583000,-50,0.000000,7,8
1,13.000000,17.787001,0.775000,-50,0.000000,7,8
1,13.000000,17.596001,0.470000,-49,0.000000,7,8
1,13.000000,18.261999,0.258000,-49,0.000000,7,8
1,13.000000,17.948999,1.090000,-49,0.000000,7,8
1,13.000000,18.274000,0.811000,-49,0.000000,7,8
1,13.000000,17.962000,0.631000,-49,0.000000,7,8
1,13.000000,18.427000,0.536000,-49,0.000000,7,8
1,13.000000,16.862000,0.793000,-50,0.000000,7,8
1,13.000000,18.261999,0.602000,-49,0.000000,7,8
1,13.000000,18.261999,0.432000,-49,0.000000,7,8
1,13.000000,17.962000,0.699000,-49,0.000000,7,8
1,13.000000,17.948999,0.654000,-49,0.000000,7,8
1,13.000000,18.542999,0.350000,-49,0.000000,7,8
1,13.000000,18.424000,0.561000,-49,0.000000,7,8
1,13.000000,17.606001,0.834000,-49,0.000000,7,8
1,13.000000,17.636999,1.045000,-49,0.000000,7,8
1,13.000000,18.412001,0.680000,-49,0.000000,7,8
1,13.000000,18.768000,0.585000,-50,0.000000,7,8
1,13.000000,17.337000,0.809000,-50,0.000000,7,8
1,13.000000,18.424000,0.948000,-50,0.000000,7,8
1,13.000000,17.174999,0.607000,-50,0.000000,7,8
1,13.000000,18.065001,0.338000,-51,0.000000,7,8
1,13.000000,17.728001,0.462000,-51,0.000000,7,8
1,13.000000,17.487000,0.396000,-51,0.000000,7,8
1,13.000000,18.274000,0.434000,-50,0.000000,7,8
1,13.000000,17.487000,1.156000,-51,0.000000,7,8
1,13.000000,17.475000,0.757000,-50,0.000000,7,8
1,13.000000,18.261999,0.687000,-50,0.000000,7,8
1,13.000000,18.424000,0.687000,-51,0.000000,7,8
1,13.000000,17.636999,1.031000,-50,0.000000,7,8
1,13.000000,18.412001,0.238000,-50,0.000000,6,8
1,13.000000,17.728001,0.636000,-49,0.000000,7,8
1,13.000000,18.534000,0.250000,-49,0.000000,7,8
1,13.000000,17.787001,1.045000,-50,0.000000,7,8
1,13.000000,18.421000,0.333000,-50,0.000000,7,8
1,13.000000,18.412001,0.836000,-50,0.000000,7,8
1,13.000000,17.325001,0.556000,-50,0.000000,7,8
1,13.000000,17.606001,0.931000,-50,0.000000,7,8
1,13.000000,17.025000,0.997000,-50,0.000000,7,8
1,13.000000,18.542999,0.349000,-50,0.000000,7,8
1,13.000000,17.718000,0.519000,-50,0.000000,7,8
1,13.000000,17.787001,0.657000,-50,0.000000,7,8
1,13.000000,17.487000,0.492000,-50,0.000000,7,8
1,13.000000,17.011999,0.784000,-50,0.000000,7,8
1,13.000000,17.325001,0.880000,-50,0.000000,7,8
1,13.000000,18.261999,0.702000,-50,0.000000,5,8
1,13.000000,16.862000,0.560000,-50,0.000000,7,8
1,13.000000,17.136999,0.663000,-50,0.000000,7,8
1,13.000000,16.862000,0.973000,-50,0.000000,7,8
1,13.000000,17.962000,0.956000,-50,0.000000,7,8
1,13.000000,17.174999,1.045000,-50,0.000000,7,8
1,13.000000,18.573999,0.301000,-50,0.000000,7,8
1,13.000000,17.962000,0.602000,-50,0.000000,7,8
1,13.000000,17.487000,0.707000,-50,0.000000,7,8
1,13.000000,18.274000,0.492000,-50,0.000000,7,8
1,13.000000,17.718000,0.656000,-50,0.000000,7,8
1,13.000000,17.014999,0.583000,-50,0.000000,7,8
1,13.000000,17.011999,1.167000,-50,0.000000,7,8
1,13.000000,18.424000,0.333000,-50,0.000000,7,8
1,13.000000,17.596001,0.491000,-50,0.000000,7,8
1,13.000000,17.948999,0.872000,-50,0.000000,7,8
1,13.000000,18.412001,0.362000,-50,0.000000,7,8
1,13.000000,18.261999,0.589000,-50,0.000000,7,8
1,13.000000,18.424000,0.333000,-50,0.000000,7,8
1,13.000000,18.112000,0.858000,-50,0.000000,7,8
1,13.000000,18.309000,0.866000,-50,0.000000,7,8
1,13.000000,17.952999,0.549000,-50,0.000000,7,8
1,13.000000,18.412001,0.687000,-50,0.000000,7,8
1,13.000000,17.636999,0.754000,-50,0.000000,7,8
1,13.000000,17.840000,0.752000,-50,0.000000,7,8
1,13.000000,17.174999,0.927000,-50,0.000000,7,8
1,13.000000,17.487000,0.610000,-50,0.000000,7,8
1,13.000000,17.325001,0.809000,-50,0.000000,7,8
1,13.000000,18.424000,0.651000,-50,0.000000,7,8
1,13.000000,17.025000,0.457000,-50,0.000000,7,8
1,13.000000,17.636999,0.604000,-50,0.000000,7,8
1,13.000000,17.011999,0.727000,-50,0.000000,7,8
1,13.000000,18.424000,0.602000,-50,0.000000,7,8
1,13.000000,18.065001,0.358000,-50,0.000000,7,8
1,13.000000,18.534000,0.414000,-50,0.000000,7,8
1,13.000000,18.587000,0.329000,-50,0.000000,7,8
1,13.000000,17.830999,0.358000,-50,0.000000,7,8
1,13.000000,17.325001,0.809000,-50,0.000000,7,8
1,13.000000,17.362000,0.556000,-50,0.000000,7,8
1,13.000000,17.006001,1.056000,-50,0.000000,5,8
1,13.000000,17.948999,0.770000,-50,0.000000,7,8
1,13.000000,18.573999,0.337000,-50,0.000000,7,8
1,13.000000,16.893000,0.495000,-50,0.000000,7,8
1,13.000000,18.112000,0.599000,-50,0.000000,7,8
1,13.000000,18.112000,0.749000,-50,0.000000,7,8
1,13.000000,17.325001,0.933000,-50,0.000000,7,8
1,13.000000,18.261999,0.301000,-50,0.000000,7,8
1,13.000000,18.187000,0.214000,-50,0.000000,7,8
1,13.000000,17.475000,0.812000,-50,0.000000,7,8
1,13.000000,18.412001,0.608000,-50,0.000000,7,8
1,13.000000,18.424000,0.423000,-50,0.000000,7,8
1,13.000000,17.948999,0.604000,-50,0.000000,7,8
1,13.000000,18.424000,0.423000,-50,0.000000,7,8
1,13.000000,17.948999,0.634000,-50,0.000000,7,8
1,13.000000,17.362000,0.849000,-50,0.000000,7,8
1,13.000000,16.862000,1.106000,-50,0.000000,7,8
1,13.000000,17.962000,0.926000,-50,0.000000,7,8
1,13.000000,17.025000,0.790000,-50,0.000000,7,8
1,13.000000,18.656000,0.242000,-50,0.000000,7,8
1,13.000000,18.424000,0.423000,-50,0.000000,7,8
1,13.000000,18.274000,0.703000,-50,0.000000,7,8
1,13.000000,17.948999,0.599000,-50,0.000000,7,8
1,13.000000,17.325001,0.610000,-50,0.000000,7,8
1,13.000000,18.424000,0.327000,-50,0.000000,7,8
1,13.000000,17.799000,0.462000,-50,0.000000,7,8
1,13.000000,18.075001,0.866000,-50,0.000000,7,8
1,13.000000,18.261999,0.298000,-50,0.000000,7,8
1,13.000000,18.421000,0.357000,-50,0.000000,7,8
1,13.000000,17.840000,1.147000,-50,0.000000,7,8
1,13.000000,18.261999,0.556000,-50,0.000000,7,8
1,13.000000,18.737000,0.274000,-50,0.000000,7,8
1,13.000000,17.487000,0.616000,-50,0.000000,7,8
1,13.000000,17.487000,0.846000,-50,0.000000,7,8
1,13.000000,17.025000,0.736000,-50,0.000000,7,8
1,13.000000,18.646000,0.348000,-50,0.000000,7,8
1,13.000000,18.261999,0.560000,-50,0.000000,7,8
1,13.000000,18.261999,0.352000,-50,0.000000,7,8
1,13.000000,17.962000,0.663000,-50,0.000000,7,8
1,13.000000,18.112000,0.551000,-50,0.000000,7,8
1,13.000000,18.573999,0.225000,-50,0.000000,7,8
1,13.000000,18.421000,0.357000,-50,0.000000,7,8
1,13.000000,18.261999,0.610000,-50,0.000000,7,8
1,13.000000,17.636999,0.866000,-50,0.000000,7,8
1,13.000000,16.862000,0.961000,-50,0.000000,7,8
1,13.000000,17.948999,0.854000,-50,0.000000,7,8
1,13.000000,18.299999,0.583000,-50,0.000000,7,8
1,13.000000,18.112000,0.549000,-50,0.000000,7,8
1,13.000000,17.174999,0.506000,-50,0.000000,5,8
1,13.000000,17.371000,0.547000,-50,0.000000,7,8
1,13.000000,18.261999,0.541000,-50,0.000000,7,8
1,13.000000,17.948999,0.659000,-50,0.000000,7,8
1,13.000000,17.799000,0.495000,-50,0.000000,7,8
1,13.000000,17.947001,0.643000,-50,0.000000,7,8
1,13.000000,18.737000,0.470000,-50,0.000000,7,8
1,13.000000,18.065001,0.444000,-50,0.000000,7,8
1,13.000000,17.787001,0.723000,-50,0.000000,7,8
1,13.000000,18.112000,0.481000,-50,0.000000,7,8
1,13.000000,17.325001,0.851000,-50,0.000000,7,8
1,13.000000,18.573999,0.393000,-50,0.000000,7,8
1,13.000000,17.636999,0.843000,-51,0.000000,7,8
1,13.000000,17.952999,0.328000,-50,0.000000,7,8
1,13.000000,17.025000,0.812000,-50,0.000000,7,8
1,13.000000,18.573999,0.242000,-50,0.000000,7,8
1,13.000000,17.962000,0.794000,-50,0.000000,7,8
1,13.000000,17.483999,0.615000,-50,0.000000,7,8
1,13.000000,17.787001,0.439000,-50,0.000000,7,8
1,13.000000,18.274000,0.694000,-50,0.000000,7,8
1,13.000000,17.830999,0.523000,-50,0.000000,7,8
1,13.000000,17.483999,0.854000,-50,0.000000,7,8
1,13.000000,17.799000,0.483000,-50,0.000000,7,8
1,13.000000,18.412001,0.563000,-50,0.000000,7,8
1,13.000000,16.302999,2.427000,-50,0.000000,7,8
1,13.000000,17.325001,0.702000,-50,0.000000,7,8
1,13.000000,17.475000,0.685000,-50,0.000000,7,8
1,13.000000,18.424000,0.349000,-50,0.000000,7,8
1,13.000000,17.011999,0.951000,-50,0.000000,7,8
1,13.000000,17.487000,0.460000,-50,0.000000,7,8
1,13.000000,18.274000,0.547000,-50,0.000000,7,8
1,13.000000,18.261999,0.666000,-50,0.000000,7,8
1,13.000000,18.261999,0.591000,-50,0.000000,7,8
1,13.000000,17.475000,0.834000,-50,0.000000,7,8
1,13.000000,18.112000,0.495000,-50,0.000000,7,8
1,13.000000,17.649000,0.862000,-50,0.000000,7,8
1,13.000000,17.787001,0.439000,-50,0.000000,7,8
1,13.000000,17.948999,0.927000,-50,0.000000,7,8
1,13.000000,18.261999,0.357000,-50,0.000000,7,8
1,13.000000,17.475000,0.541000,-50,0.000000,7,8
1,13.000000,18.112000,0.495000,-50,0.000000,7,8
1,13.000000,17.487000,0.413000,-50,0.000000,7,8
1,13.000000,18.412001,0.354000,-50,0.000000,7,8
1,13.000000,18.261999,0.634000,-50,0.000000,7,8
1,13.000000,17.799000,0.752000,-50,0.000000,7,8
1,13.000000,18.099001,0.470000,-50,0.000000,7,8
1,13.000000,17.162001,0.707000,-50,0.000000,7,8
1,13.000000,18.261999,0.862000,-50,0.000000,7,8
1,13.000000,18.421000,0.664000,-50,0.000000,7,8
1,13.000000,18.187000,0.475000,-50,0.000000,5,8
1,13.000000,18.112000,0.558000,-50,0.000000,7,8
1,13.000000,17.787001,0.534000,-50,0.000000,7,8
1,13.000000,18.099001,0.659000,-50,0.000000,7,8
1,13.000000,17.636999,0.933000,-50,0.000000,7,8
1,13.000000,18.615000,0.610000,-50,0.000000,7,8
1,13.000000,18.424000,0.423000,-50,0.000000,7,8
1,13.000000,17.955000,0.599000,-50,0.000000,7,8
1,13.000000,17.948999,1.120000,-50,0.000000,5,8
1,13.000000,17.636999,0.933000,-50,0.000000,7,8
1,13.000000,18.421000,0.491000,-50,0.000000,7,8
1,13.000000,18.412001,0.243000,-50,0.000000,7,8
1,13.000000,17.362000,0.881000,-50,0.000000,7,8
1,13.000000,18.274000,0.551000,-50,0.000000,7,8
1,13.000000,16.698999,1.422000,-50,0.000000,7,8
1,13.000000,19.350000,0.000000,-50,0.000000,1,8
1,13.000000,17.325001,0.781000,-50,0.000000,7,8
1,13.000000,18.431000,0.396000,-50,0.000000,7,8
1,13.000000,17.325001,0.603000,-50,0.000000,7,8
1,13.000000,18.299999,0.585000,-50,0.000000,7,8
1,13.000000,18.542999,0.349000,-50,0.000000,7,8
1,13.000000,17.487000,0.603000,-50,0.000000,7,8
1,13.000000,17.362000,1.186000,-50,0.000000,7,8
1,13.000000,18.778000,0.253000,-50,0.000000,7,8
1,13.000000,18.573999,0.337000,-50,0.000000,7,8
1,13.000000,17.840000,0.599000,-50,0.000000,7,8
1,13.000000,17.943001,0.765000,-50,0.000000,7,8
1,13.000000,17.475000,0.923000,-50,0.000000,7,8
1,13.000000,18.099001,0.420000,-50,0.000000,7,8
1,13.000000,17.325001,0.777000,-50,0.000000,7,8
1,13.000000,16.698999,1.072000,-50,0.000000,7,8
1,13.000000,18.573999,0.491000,-50,0.000000,7,8
1,13.000000,17.606001,0.639000,-50,0.000000,7,8
1,13.000000,17.174999,0.736000,-50,0.000000,7,8
1,13.000000,18.656000,0.238000,-50,0.000000,7,8
1,13.000000,17.325001,0.935000,-50,0.000000,7,8
1,13.000000,17.948999,0.638000,-50,0.000000,7,8
1,13.000000,17.011999,0.995000,-50,0.000000,7,8
1,13.000000,17.011999,1.054000,-50,0.000000,7,8
1,13.000000,18.112000,0.396000,-50,0.000000,7,8
1,13.000000,17.174999,0.762000,-50,0.000000,7,8
1,13.000000,17.799000,0.781000,-50,0.000000,7,8
1,13.000000,17.799000,0.734000,-50,0.000000,7,8
1,13.000000,17.596001,0.778000,-50,0.000000,7,8
1,13.000000,16.712000,0.726000,-50,0.000000,7,8
1,13.000000,18.573999,0.703000,-50,0.000000,7,8
1,13.000000,18.737000,0.305000,-50,0.000000,7,8
1,13.000000,17.337000,0.872000,-50,0.000000,7,8
1,13.000000,17.636999,0.509000,-50,0.000000,7,8
1,13.000000,17.325001,0.423000,-50,0.000000,7,8
1,13.000000,18.112000,0.693000,-49,0.000000,7,8
1,13.000000,18.587000,0.652000,-49,0.000000,7,8
1,13.000000,18.573999,0.962000,-50,0.000000,7,8
1,13.000000,17.475000,0.969000,-50,0.000000,7,8
1,13.000000,18.424000,0.526000,-50,0.000000,7,8
1,13.000000,17.636999,0.657000,-51,0.000000,7,8
1,13.000000,18.768000,0.393000,-25,0.000000,7,8
1,13.000000,17.787001,0.554000,-51,0.000000,7,8
1,13.000000,17.475000,0.301000,-51,0.000000,7,8
1,13.000000,17.948999,0.809000,-51,0.000000,7,8
1,13.000000,17.337000,0.492000,-51,0.000000,7,8
1,13.000000,18.587000,0.349000,-51,0.000000,7,8
1,13.000000,17.718000,0.606000,-51,0.000000,7,8
1,13.000000,17.011999,1.056000,-51,0.000000,7,8
1,13.000000,18.424000,0.602000,-51,0.000000,7,8
1,13.000000,18.112000,0.726000,-50,0.000000,7,8
1,13.000000,18.424000,0.551000,-49,0.000000,7,8
1,13.000000,17.596001,0.483000,-50,0.000000,7,8
1,13.000000,17.948999,0.522000,-50,0.000000,7,8
1,13.000000,17.709000,0.810000,-49,0.000000,7,8
1,13.000000,18.309000,0.615000,-50,0.000000,7,8
1,13.000000,17.943001,0.498000,-50,0.000000,7,8
1,13.000000,18.424000,0.533000,-50,0.000000,7,8
1,13.000000,17.649000,0.464000,-50,0.000000,7,8
1,13.000000,18.424000,0.333000,-50,0.000000,7,8
1,13.000000,18.737000,0.301000,-50,0.000000,7,8
1,13.000000,17.799000,0.551000,-50,0.000000,7,8
1,13.000000,17.830999,0.558000,-50,0.000000,7,8
1,13.000000,18.534000,0.250000,-51,0.000000,7,8
1,13.000000,18.299999,0.602000,-51,0.000000,7,8
1,13.000000,18.112000,0.602000,-51,0.000000,7,8
1,13.000000,17.636999,0.390000,-51,0.000000,7,8
1,13.000000,18.187000,0.481000,-51,0.000000,7,8
1,13.000000,17.325001,0.687000,-51,0.000000,7,8
1,13.000000,17.162001,0.444000,-51,0.000000,7,8
1,13.000000,17.636999,0.491000,-51,0.000000,7,8
1,13.000000,17.636999,0.707000,-51,0.000000,7,8
1,13.000000,17.952999,0.426000,-51,0.000000,7,8
1,13.000000,18.534000,0.344000,-51,0.000000,7,8
1,13.000000,18.112000,0.460000,-51,0.000000,7,8
1,13.000000,18.431000,0.375000,-51,0.000000,5,8
1,13.000000,17.487000,0.776000,-51,0.000000,7,8
1,13.000000,17.487000,1.147000,-51,0.000000,7,8
1,13.000000,18.261999,0.687000,-52,0.000000,7,8
1,13.000000,17.787001,0.488000,-51,0.000000,7,8
1,13.000000,16.698999,0.897000,-51,0.000000,7,8
1,13.000000,17.174999,0.696000,-51,0.000000,7,8
1,13.000000,18.424000,0.301000,-51,0.000000,7,8
1,13.000000,17.325001,0.457000,-51,0.000000,7,8
1,13.000000,18.099001,0.426000,-51,0.000000,7,8
1,13.000000,17.952999,0.429000,-51,0.000000,7,8
1,13.000000,17.799000,0.599000,-51,0.000000,7,8
1,13.000000,18.542999,0.333000,-51,0.000000,7,8
1,13.000000,17.325001,0.444000,-51,0.000000,7,8
1,13.000000,17.136999,0.962000,-51,0.000000,7,8
1,13.000000,18.424000,0.428000,-51,0.000000,7,8
1,13.000000,18.274000,0.396000,-51,0.000000,7,8
1,13.000000,17.952999,0.826000,-51,0.000000,7,8
1,13.000000,17.840000,0.460000,-51,0.000000,7,8
1,13.000000,18.187000,0.787000,-51,0.000000,7,8
1,13.000000,17.952999,0.328000,-51,0.000000,7,8
1,13.000000,18.075001,0.750000,-51,0.000000,7,8
1,13.000000,18.424000,0.423000,-51,0.000000,7,8
1,13.000000,18.187000,0.468000,-51,0.000000,7,8
1,13.000000,17.325001,0.583000,-51,0.000000,7,8
1,13.000000,18.534000,0.227000,-51,0.000000,7,8
1,13.000000,18.261999,0.498000,-51,0.000000,7,8
1,13.000000,17.596001,0.428000,-51,0.000000,7,8
1,13.000000,18.112000,0.526000,-51,0.000000,7,8
1,13.000000,18.099001,0.498000,-51,0.000000,7,8
1,13.000000,17.483999,0.550000,-51,0.000000,7,8
1,13.000000,17.487000,0.787000,-51,0.000000,7,8
1,13.000000,17.325001,0.491000,-51,0.000000,7,8
1,13.000000,17.649000,0.492000,-51,0.000000,7,8
1,13.000000,17.325001,0.702000,-51,0.000000,7,8
1,13.000000,18.737000,0.414000,-51,0.000000,7,8
1,13.000000,18.737000,0.330000,-51,0.000000,7,8
1,13.000000,18.646000,0.491000,-51,0.000000,7,8
1,13.000000,17.011999,0.965000,-51,0.000000,7,8
1,13.000000,17.948999,0.450000,-51,0.000000,7,8
1,13.000000,17.162001,0.836000,-51,0.000000,7,8
1,13.000000,17.475000,0.867000,-51,0.000000,7,8
1,13.000000,18.261999,0.563000,-50,0.000000,7,8
1,13.000000,17.718000,0.225000,-51,0.000000,7,8
1,13.000000,18.099001,0.338000,-51,0.000000,7,8
1,13.000000,17.799000,0.834000,-51,0.000000,7,8
1,13.000000,17.325001,0.491000,-51,0.000000,7,8
1,13.000000,17.718000,0.524000,-51,0.000000,7,8
1,13.000000,17.014999,0.549000,-51,0.000000,7,8
1,13.000000,17.718000,0.680000,-51,0.000000,7,8
1,13.000000,18.261999,0.550000,-51,0.000000,7,8
1,13.000000,18.075001,0.205000,-51,0.000000,7,8
1,13.000000,18.424000,0.301000,-51,0.000000,7,8
1,13.000000,18.421000,0.470000,-51,0.000000,7,8
1,13.000000,17.799000,0.454000,-51,0.000000,5,8
1,13.000000,17.487000,0.680000,-51,0.000000,7,8
1,13.000000,17.962000,0.000000,-51,0.000000,2,8
1,13.000000,18.412001,0.000000,-51,0.000000,3,8
1,13.000000,17.787001,0.757000,-51,0.000000,7,8
1,13.000000,17.572001,0.610000,-51,0.000000,7,8
1,13.000000,18.261999,0.560000,-51,0.000000,7,8
1,13.000000,18.412001,0.421000,-51,0.000000,7,8
1,13.000000,18.274000,0.514000,-51,0.000000,7,8
1,13.000000,17.787001,0.390000,-51,0.000000,7,8
1,13.000000,17.830999,0.635000,-51,0.000000,7,8
1,13.000000,17.718000,0.549000,-51,0.000000,7,8
1,13.000000,17.787001,0.665000,-51,0.000000,7,8
1,13.000000,18.421000,0.396000,-51,0.000000,7,8
1,13.000000,18.412001,0.388000,-51,0.000000,7,8
1,13.000000,18.587000,0.414000,-51,0.000000,7,8
1,13.000000,18.737000,0.253000,-51,0.000000,7,8
1,13.000000,17.830999,0.495000,-51,0.000000,7,8
1,13.000000,17.943001,0.495000,-51,0.000000,7,8
1,13.000000,18.421000,0.498000,-51,0.000000,7,8
1,13.000000,17.325001,0.414000,-50,0.000000,7,8
1,13.000000,17.636999,0.532000,-50,0.000000,7,8
1,13.000000,18.534000,0.227000,-50,0.000000,7,8
1,13.000000,18.421000,0.333000,-50,0.000000,7,8
1,13.000000,18.573999,0.376000,-50,0.000000,7,8
1,13.000000,17.649000,0.492000,-51,0.000000,7,8
1,13.000000,17.174999,0.338000,-51,0.000000,7,8
1,13.000000,17.948999,0.627000,-50,0.000000,7,8
1,13.000000,17.636999,0.725000,-51,0.000000,7,8
1,13.000000,18.542999,0.333000,-51,0.000000,7,8
1,13.000000,17.636999,0.714000,-51,0.000000,7,8
1,13.000000,17.718000,0.749000,-51,0.000000,7,8
1,13.000000,18.587000,0.349000,-51,0.000000,7,8
