1,6.000000,5.321000,0.159000,-63,0.000000,7,8
1,6.000000,4.340000,0.837000,-63,0.000000,7,8
1,6.000000,3.754000,1.007000,-63,0.000000,7,8
1,6.000000,3.754000,0.832000,-62,0.000000,7,8
1,6.000000,3.417000,1.068000,-63,0.000000,7,8
1,6.000000,3.285000,1.220000,-63,0.000000,7,8
1,6.000000,3.842000,0.946000,-63,0.000000,7,8
1,6.000000,3.666000,0.919000,-63,0.000000,7,8
1,6.000000,3.886000,1.092000,-62,0.000000,7,8
1,6.000000,4.398000,0.612000,-61,0.000000,7,8
1,6.000000,4.340000,0.722000,-62,0.000000,7,8
1,6.000000,4.281000,1.242000,-62,0.000000,7,8
1,6.000000,4.047000,1.353000,-62,0.000000,7,8
1,6.000000,4.296000,1.533000,-61,0.000000,7,8
1,6.000000,4.135000,1.361000,-61,0.000000,7,8
1,6.000000,3.842000,1.683000,-59,0.000000,7,8
1,6.000000,4.149000,1.486000,-59,0.000000,7,8
1,6.000000,3.768000,1.370000,-61,0.000000,7,8
1,6.000000,4.032000,1.157000,-63,0.000000,7,8
1,6.000000,3.402000,1.301000,-64,0.000000,7,8
1,6.000000,3.695000,1.344000,-63,0.000000,7,8
1,6.000000,3.739000,1.376000,-60,0.000000,7,8
1,6.000000,3.549000,1.914000,-59,0.000000,7,8
1,6.000000,3.651000,1.919000,-60,0.000000,7,8
1,6.000000,3.666000,1.587000,-60,0.000000,7,8
1,6.000000,3.607000,1.571000,-61,0.000000,7,8
1,6.000000,3.695000,1.183000,-60,0.000000,7,8
1,6.000000,3.871000,1.314000,-59,0.000000,7,8
1,6.000000,4.017000,1.044000,-59,0.000000,7,8
1,6.000000,4.442000,0.750000,-60,0.000000,7,8
1,6.000000,4.589000,0.285000,-55,0.000000,7,8
1,6.000000,4.003000,0.462000,-58,0.000000,7,8
1,6.000000,3.666000,0.327000,-56,0.000000,7,8
1,6.000000,4.369000,0.468000,-56,0.000000,7,8
1,6.000000,4.061000,0.934000,-57,0.000000,7,8
1,6.000000,3.490000,0.241000,-58,0.000000,7,8
1,6.000000,3.685000,0.298000,-57,0.000000,7,8
1,6.000000,3.974000,0.772000,-60,0.000000,7,8
1,6.000000,3.861000,0.172000,-57,0.000000,7,8
1,6.000000,3.900000,0.422000,-58,0.000000,7,8
1,6.000000,3.666000,0.337000,-58,0.000000,7,8
1,6.000000,3.812000,1.019000,-56,0.000000,7,8
1,6.000000,3.705000,0.471000,-62,0.000000,7,8
1,6.000000,3.842000,1.419000,-56,0.000000,7,8
1,6.000000,4.149000,0.789000,-57,0.000000,7,8
1,6.000000,4.296000,1.136000,-55,0.000000,7,8
1,6.000000,4.340000,0.819000,-56,0.000000,7,8
1,6.000000,3.900000,0.863000,-57,0.000000,7,8
1,6.000000,4.310000,1.065000,-56,0.000000,7,8
1,6.000000,4.603000,0.634000,-55,0.000000,7,8
1,6.000000,4.311000,0.685000,-55,0.000000,7,8
1,6.000000,4.750000,0.368000,-55,0.000000,7,8
1,6.000000,4.398000,0.583000,-55,0.000000,7,8
1,6.000000,4.354000,0.674000,-56,0.000000,7,8
1,6.000000,4.311000,0.786000,-55,0.000000,7,8
1,6.000000,4.310000,0.652000,-55,0.000000,7,8
1,6.000000,4.516000,0.792000,-55,0.000000,7,8
1,6.000000,4.560000,0.761000,-56,0.000000,7,8
1,6.000000,4.486000,0.703000,-56,0.000000,7,8
1,6.000000,4.149000,0.537000,-57,0.000000,7,8
1,6.000000,4.252000,0.819000,-57,0.000000,7,8
1,6.000000,4.398000,0.673000,-57,0.000000,7,8
1,6.000000,4.369000,0.993000,-56,0.000000,7,8
1,6.000000,4.369000,0.841000,-56,0.000000,7,8
1,6.000000,4.267000,0.781000,-57,0.000000,7,8
1,6.000000,4.296000,0.831000,-57,0.000000,7,8
1,6.000000,4.208000,0.888000,-57,0.000000,7,8
1,6.000000,4.310000,0.509000,-57,0.000000,7,8
1,6.000000,4.237000,0.858000,-57,0.000000,7,8
1,6.000000,4.384000,0.647000,-57,0.000000,7,8
1,6.000000,4.354000,0.564000,-57,0.000000,7,8
1,6.000000,4.413000,0.561000,-56,0.000000,7,8
1,6.000000,4.325000,0.615000,-56,0.000000,7,8
1,6.000000,4.501000,0.528000,-56,0.000000,7,8
1,6.000000,4.428000,0.613000,-56,0.000000,7,8
1,6.000000,4.428000,0.521000,-57,0.000000,7,8
1,6.000000,4.428000,0.789000,-57,0.000000,7,8
1,6.000000,4.398000,0.551000,-57,0.000000,7,8
1,6.000000,4.354000,0.473000,-57,0.000000,7,8
1,6.000000,4.486000,0.524000,-56,0.000000,7,8
1,6.000000,4.076000,0.649000,-56,0.000000,7,8
1,6.000000,4.252000,0.457000,-57,0.000000,7,8
1,6.000000,4.267000,0.462000,-57,0.000000,7,8
1,6.000000,4.091000,0.565000,-58,0.000000,7,8
1,6.000000,3.881000,0.230000,-59,0.000000,7,8
1,6.000000,4.105000,0.605000,-57,0.000000,7,8
1,6.000000,4.115000,0.449000,-55,0.000000,7,8
1,6.000000,3.764000,0.341000,-54,0.000000,7,8
1,6.000000,4.222000,0.453000,-54,0.000000,7,8
1,6.000000,4.193000,0.675000,-55,0.000000,7,8
1,6.000000,4.281000,0.774000,-56,0.000000,7,8
1,6.000000,4.354000,0.758000,-56,0.000000,7,8
1,6.000000,4.340000,0.998000,-56,0.000000,7,8
1,6.000000,4.296000,0.835000,-56,0.000000,7,8
1,6.000000,4.633000,0.194000,-55,0.000000,7,8
1,6.000000,4.486000,0.399000,-57,0.000000,7,8
1,6.000000,4.120000,0.463000,-57,0.000000,7,8
1,6.000000,3.607000,0.435000,-58,0.000000,7,8
1,6.000000,4.603000,0.194000,-54,0.000000,7,8
1,6.000000,4.296000,0.311000,-57,0.000000,7,8
1,6.000000,4.154000,0.157000,-57,0.000000,7,8
1,6.000000,3.827000,0.225000,-59,0.000000,7,8
1,6.000000,4.076000,0.308000,-59,0.000000,7,8
1,6.000000,3.861000,0.195000,-58,0.000000,7,8
1,6.000000,3.871000,0.605000,-59,0.000000,7,8
1,6.000000,3.813000,0.224000,-59,0.000000,7,8
1,6.000000,4.061000,0.522000,-58,0.000000,7,8
1,6.000000,4.105000,0.618000,-58,0.000000,7,8
1,6.000000,3.768000,0.583000,-58,0.000000,7,8
1,6.000000,4.105000,0.626000,-58,0.000000,7,8
1,6.000000,4.340000,0.946000,-56,0.000000,7,8
1,6.000000,4.311000,0.630000,-56,0.000000,7,8
1,6.000000,4.076000,0.740000,-59,0.000000,7,8
1,6.000000,4.193000,0.418000,-57,0.000000,7,8
1,6.000000,4.369000,0.484000,-56,0.000000,7,8
1,6.000000,4.633000,0.535000,-54,0.000000,7,8
1,6.000000,4.208000,0.504000,-56,0.000000,7,8
1,6.000000,3.861000,0.300000,-56,0.000000,7,8
1,6.000000,4.096000,0.258000,-57,0.000000,7,8
1,6.000000,3.510000,0.496000,-56,0.000000,7,8
1,6.000000,4.311000,0.605000,-55,0.000000,7,8
1,6.000000,3.510000,0.419000,-56,0.000000,7,8
1,6.000000,4.325000,0.312000,-56,0.000000,7,8
1,6.000000,3.724000,0.377000,-59,0.000000,7,8
1,6.000000,3.685000,0.416000,-58,0.000000,7,8
1,6.000000,4.037000,0.258000,-56,0.000000,7,8
1,6.000000,4.076000,0.337000,-56,0.000000,7,8
1,6.000000,4.369000,0.540000,-56,0.000000,7,8
1,6.000000,4.398000,0.435000,-55,0.000000,7,8
1,6.000000,4.530000,0.358000,-57,0.000000,7,8
1,6.000000,3.471000,0.471000,-54,0.000000,7,8
1,6.000000,3.666000,0.412000,-56,0.000000,7,8
1,6.000000,3.725000,0.409000,-55,0.000000,7,8
1,6.000000,3.451000,0.618000,-54,0.000000,7,8
1,6.000000,3.861000,0.339000,-55,0.000000,7,8
1,6.000000,3.705000,0.562000,-54,0.000000,7,8
1,6.000000,3.881000,0.313000,-54,0.000000,7,8
1,6.000000,4.120000,0.872000,-57,0.000000,7,8
1,6.000000,4.677000,0.925000,-55,0.000000,7,8
1,6.000000,4.501000,0.274000,-56,0.000000,7,8
1,6.000000,4.174000,0.406000,-57,0.000000,7,8
1,6.000000,4.882000,0.469000,-60,0.000000,7,8
1,6.000000,4.252000,1.089000,-62,0.000000,7,8
1,6.000000,4.135000,0.970000,-62,0.000000,7,8
1,6.000000,3.915000,1.267000,-61,0.000000,7,8
1,6.000000,4.272000,0.190000,-58,0.000000,7,8
1,6.000000,4.428000,0.180000,-57,0.000000,7,8
1,6.000000,4.311000,0.155000,-57,0.000000,7,8
1,6.000000,4.154000,0.232000,-56,0.000000,7,8
1,6.000000,4.135000,0.316000,-56,0.000000,7,8
1,6.000000,4.037000,0.431000,-56,0.000000,7,8
1,6.000000,3.764000,0.474000,-55,0.000000,7,8
1,6.000000,3.842000,0.397000,-55,0.000000,7,8
1,6.000000,3.959000,0.455000,-55,0.000000,7,8
1,6.000000,3.900000,0.504000,-54,0.000000,7,8
1,6.000000,3.900000,0.375000,-54,0.000000,7,8
1,6.000000,4.618000,0.982000,-54,0.000000,7,8
1,6.000000,4.296000,1.235000,-57,0.000000,7,8
1,6.000000,4.760000,0.364000,-57,0.000000,7,8
1,6.000000,4.764000,0.325000,-55,0.000000,7,8
1,6.000000,4.589000,0.703000,-57,0.000000,7,8
1,6.000000,4.574000,0.496000,-58,0.000000,7,8
1,6.000000,3.627000,0.499000,-57,0.000000,7,8
1,6.000000,4.457000,0.651000,-55,0.000000,7,8
1,6.000000,3.881000,0.399000,-56,0.000000,7,8
1,6.000000,3.978000,0.323000,-54,0.000000,7,8
1,6.000000,4.389000,0.349000,-55,0.000000,7,8
1,6.000000,4.384000,0.562000,-55,0.000000,7,8
1,6.000000,4.325000,1.037000,-56,0.000000,7,8
1,6.000000,4.237000,1.045000,-56,0.000000,7,8
1,6.000000,4.267000,0.943000,-56,0.000000,7,8
1,6.000000,4.325000,1.270000,-56,0.000000,7,8
1,6.000000,4.179000,1.486000,-56,0.000000,7,8
1,6.000000,4.516000,1.304000,-55,0.000000,7,8
1,6.000000,4.398000,1.498000,-55,0.000000,7,8
1,6.000000,4.633000,0.852000,-55,0.000000,7,8
1,6.000000,4.398000,1.001000,-55,0.000000,7,8
1,6.000000,4.589000,0.646000,-54,0.000000,7,8
1,6.000000,4.647000,0.768000,-55,0.000000,7,8
1,6.000000,4.559000,0.980000,-55,0.000000,7,8
1,6.000000,4.076000,0.374000,-54,0.000000,7,8
1,6.000000,4.096000,0.211000,-55,0.000000,7,8
1,6.000000,4.750000,0.654000,-54,0.000000,7,8
1,6.000000,3.529000,0.507000,-54,0.000000,7,8
1,6.000000,4.018000,0.524000,-54,0.000000,7,8
1,6.000000,4.413000,0.463000,-53,0.000000,7,8
1,6.000000,4.765000,0.420000,-55,0.000000,7,8
1,6.000000,4.516000,0.438000,-54,0.000000,7,8
1,6.000000,4.325000,0.797000,-57,0.000000,7,8
1,6.000000,4.076000,0.291000,-55,0.000000,7,8
1,6.000000,4.428000,0.273000,-55,0.000000,7,8
1,6.000000,4.193000,0.606000,-57,0.000000,7,8
1,6.000000,4.037000,0.161000,-56,0.000000,7,8
1,6.000000,4.296000,0.468000,-55,0.000000,7,8
1,6.000000,4.340000,0.398000,-55,0.000000,7,8
1,6.000000,3.510000,0.432000,-55,0.000000,7,8
1,6.000000,3.666000,0.417000,-55,0.000000,7,8
1,6.000000,3.978000,0.352000,-55,0.000000,7,8
1,6.000000,3.979000,0.229000,-55,0.000000,7,8
1,6.000000,4.232000,0.476000,-55,0.000000,7,8
1,6.000000,3.920000,0.386000,-55,0.000000,7,8
1,6.000000,3.666000,0.445000,-57,0.000000,7,8
1,6.000000,4.149000,0.535000,-57,0.000000,7,8
1,6.000000,3.959000,0.276000,-55,0.000000,7,8
1,6.000000,4.179000,0.260000,-57,0.000000,7,8
1,6.000000,4.017000,0.215000,-57,0.000000,7,8
1,6.000000,4.076000,0.209000,-56,0.000000,7,8
1,6.000000,3.920000,0.236000,-56,0.000000,7,8
1,6.000000,3.988000,0.253000,-57,0.000000,7,8
1,6.000000,4.272000,0.105000,-55,0.000000,7,8
1,6.000000,4.164000,0.483000,-56,0.000000,7,8
1,6.000000,4.271000,0.325000,-58,0.000000,7,8
1,6.000000,4.232000,0.307000,-55,0.000000,7,8
1,6.000000,3.900000,0.279000,-54,0.000000,7,8
1,6.000000,4.442000,0.321000,-54,0.000000,7,8
1,6.000000,2.982000,0.841000,-56,0.000000,7,8
1,6.000000,4.311000,0.734000,-59,0.000000,7,8
1,6.000000,4.457000,0.236000,-61,0.000000,7,8
1,6.000000,4.267000,0.442000,-55,0.000000,7,8
1,6.000000,4.559000,0.435000,-58,0.000000,7,8
1,6.000000,4.447000,0.503000,-58,0.000000,7,8
1,6.000000,4.311000,1.308000,-53,0.000000,7,8
1,6.000000,4.384000,1.165000,-57,0.000000,7,8
1,6.000000,4.560000,0.309000,-53,0.000000,7,8
1,6.000000,4.271000,0.274000,-51,0.000000,7,8
1,6.000000,4.164000,0.083000,-53,0.000000,7,8
1,6.000000,4.076000,0.168000,-56,0.000000,7,8
1,6.000000,4.017000,0.323000,-55,0.000000,7,8
1,6.000000,3.334000,0.727000,-54,0.000000,7,8
1,6.000000,4.369000,0.532000,-54,0.000000,7,8
1,6.000000,4.174000,0.182000,-56,0.000000,7,8
1,6.000000,4.325000,0.536000,-55,0.000000,7,8
1,6.000000,4.076000,0.420000,-56,0.000000,7,8
1,6.000000,4.061000,0.352000,-57,0.000000,7,8
1,6.000000,4.056000,0.159000,-55,0.000000,7,8
1,6.000000,4.193000,0.450000,-55,0.000000,7,8
1,6.000000,3.900000,0.223000,-58,0.000000,7,8
1,6.000000,4.369000,0.258000,-57,0.000000,7,8
1,6.000000,4.354000,0.356000,-60,0.000000,7,8
1,6.000000,4.662000,0.333000,-59,0.000000,7,8
1,6.000000,4.428000,0.692000,-60,0.000000,7,8
1,6.000000,4.296000,0.976000,-58,0.000000,7,8
1,6.000000,4.398000,1.102000,-60,0.000000,7,8
1,6.000000,4.237000,1.099000,-59,0.000000,7,8
1,6.000000,4.384000,0.331000,-59,0.000000,7,8
1,6.000000,4.105000,0.713000,-60,0.000000,7,8
1,6.000000,4.413000,0.887000,-57,0.000000,7,8
1,6.000000,4.515000,0.399000,-57,0.000000,7,8
1,6.000000,4.530000,0.320000,-58,0.000000,7,8
1,6.000000,4.560000,0.485000,-58,0.000000,7,8
1,6.000000,4.516000,0.701000,-59,0.000000,7,8
1,6.000000,4.340000,0.586000,-58,0.000000,7,8
1,6.000000,4.735000,0.329000,-58,0.000000,7,8
1,6.000000,4.369000,0.244000,-58,0.000000,7,8
1,6.000000,4.047000,0.515000,-58,0.000000,7,8
1,6.000000,4.442000,0.695000,-58,0.000000,7,8
1,6.000000,4.296000,0.766000,-60,0.000000,7,8
1,6.000000,4.149000,0.772000,-59,0.000000,7,8
1,6.000000,4.061000,1.068000,-58,0.000000,7,8
1,6.000000,4.281000,0.715000,-57,0.000000,7,8
1,6.000000,4.662000,0.256000,-57,0.000000,7,8
1,6.000000,4.330000,0.300000,-58,0.000000,7,8
1,6.000000,4.428000,0.551000,-58,0.000000,7,8
1,6.000000,4.852000,0.973000,-61,0.000000,7,8
1,6.000000,4.809000,1.321000,-61,0.000000,7,8
1,6.000000,3.900000,0.806000,-59,0.000000,7,8
1,6.000000,3.695000,1.104000,-58,0.000000,7,8
1,6.000000,4.076000,0.850000,-60,0.000000,7,8
1,6.000000,4.193000,0.733000,-59,0.000000,7,8
1,6.000000,4.120000,1.012000,-58,0.000000,7,8
1,6.000000,4.428000,0.702000,-58,0.000000,7,8
1,6.000000,4.047000,1.817000,-58,0.000000,7,8
1,6.000000,4.442000,1.631000,-59,0.000000,7,8
1,6.000000,4.428000,1.517000,-58,0.000000,7,8
1,6.000000,4.735000,1.550000,-60,0.000000,7,8
1,6.000000,4.852000,1.695000,-61,0.000000,7,8
1,6.000000,4.032000,1.154000,-59,0.000000,7,8
1,6.000000,4.179000,0.864000,-61,0.000000,7,8
1,6.000000,4.882000,1.242000,-57,0.000000,7,8
1,6.000000,4.838000,0.450000,-57,0.000000,7,8
1,6.000000,4.545000,0.682000,-58,0.000000,7,8
1,6.000000,4.940000,0.370000,-57,0.000000,7,8
1,6.000000,4.506000,0.155000,-58,0.000000,7,8
1,6.000000,4.467000,0.276000,-57,0.000000,7,8
1,6.000000,4.105000,0.282000,-58,0.000000,7,8
1,6.000000,4.662000,0.098000,-58,0.000000,7,8
1,6.000000,4.642000,0.145000,-58,0.000000,7,8
1,6.000000,4.389000,0.349000,-59,0.000000,7,8
1,6.000000,4.740000,0.259000,-57,0.000000,7,8
1,6.000000,4.584000,0.259000,-57,0.000000,7,8
1,6.000000,4.350000,0.193000,-58,0.000000,7,8
1,6.000000,4.940000,0.270000,-58,0.000000,7,8
1,6.000000,4.677000,0.377000,-58,0.000000,7,8
1,6.000000,5.043000,0.933000,-61,0.000000,7,8
1,6.000000,4.516000,1.210000,-61,0.000000,7,8
1,6.000000,4.252000,1.530000,-62,0.000000,7,8
1,6.000000,4.340000,1.108000,-60,0.000000,7,8
1,6.000000,4.105000,0.735000,-60,0.000000,7,8
1,6.000000,4.618000,1.106000,-60,0.000000,7,8
1,6.000000,4.237000,1.332000,-61,0.000000,7,8
1,6.000000,4.032000,0.544000,-61,0.000000,7,8
1,6.000000,4.706000,0.505000,-60,0.000000,7,8
1,6.000000,4.926000,0.340000,-60,0.000000,7,8
1,6.000000,4.970000,0.177000,-59,0.000000,7,8
1,6.000000,4.457000,1.047000,-63,0.000000,7,8
1,6.000000,5.145000,0.880000,-61,0.000000,7,8
1,6.000000,4.677000,0.545000,-61,0.000000,7,8
1,6.000000,4.999000,1.240000,-61,0.000000,7,8
1,6.000000,4.603000,1.416000,-61,0.000000,7,8
1,6.000000,4.721000,0.925000,-61,0.000000,7,8
1,6.000000,4.691000,0.801000,-64,0.000000,7,8
1,6.000000,4.999000,0.917000,-64,0.000000,7,8
1,6.000000,4.545000,1.357000,-63,0.000000,7,8
1,6.000000,4.428000,1.440000,-62,0.000000,7,8
1,6.000000,4.076000,1.989000,-62,0.000000,7,8
1,6.000000,4.560000,0.977000,-61,0.000000,7,8
1,6.000000,4.809000,1.025000,-61,0.000000,7,8
1,6.000000,4.794000,1.364000,-61,0.000000,7,8
1,6.000000,4.135000,1.385000,-62,0.000000,7,8
1,6.000000,4.076000,1.200000,-61,0.000000,7,8
1,6.000000,4.076000,1.192000,-60,0.000000,7,8
1,6.000000,4.032000,1.334000,-60,0.000000,7,8
1,6.000000,4.472000,0.447000,-61,0.000000,7,8
1,6.000000,4.281000,0.950000,-60,0.000000,7,8
1,6.000000,4.281000,0.777000,-61,0.000000,7,8
1,6.000000,4.325000,1.002000,-60,0.000000,7,8
1,6.000000,4.354000,0.993000,-61,0.000000,7,8
1,6.000000,4.296000,1.590000,-61,0.000000,7,8
1,6.000000,4.457000,1.086000,-60,0.000000,7,8
1,6.000000,4.472000,1.252000,-60,0.000000,7,8
1,6.000000,4.428000,1.149000,-60,0.000000,7,8
1,6.000000,4.486000,1.170000,-60,0.000000,7,8
1,6.000000,4.413000,1.224000,-59,0.000000,7,8
1,6.000000,4.471000,0.590000,-60,0.000000,7,8
1,6.000000,4.457000,0.405000,-60,0.000000,7,8
1,6.000000,4.398000,0.774000,-60,0.000000,7,8
1,6.000000,4.354000,1.008000,-60,0.000000,7,8
1,6.000000,4.208000,0.800000,-61,0.000000,7,8
1,6.000000,4.135000,1.050000,-60,0.000000,7,8
1,6.000000,4.457000,1.009000,-60,0.000000,7,8
1,6.000000,4.398000,1.274000,-60,0.000000,7,8
1,6.000000,4.413000,1.491000,-61,0.000000,7,8
1,6.000000,4.222000,1.391000,-61,0.000000,7,8
1,6.000000,4.442000,1.258000,-61,0.000000,7,8
1,6.000000,4.266000,1.523000,-62,0.000000,7,8
1,6.000000,4.574000,1.382000,-62,0.000000,7,8
1,6.000000,4.252000,1.440000,-62,0.000000,7,8
1,6.000000,4.325000,0.707000,-62,0.000000,7,8
1,6.000000,4.193000,1.356000,-62,0.000000,7,8
1,6.000000,4.164000,1.456000,-62,0.000000,7,8
1,6.000000,4.237000,1.237000,-62,0.000000,7,8
1,6.000000,4.193000,1.005000,-61,0.000000,7,8
1,6.000000,4.340000,0.956000,-61,0.000000,7,8
1,6.000000,4.266000,0.902000,-61,0.000000,7,8
1,6.000000,4.486000,0.972000,-61,0.000000,7,8
1,6.000000,4.691000,0.577000,-61,0.000000,7,8
1,6.000000,4.515000,0.752000,-61,0.000000,7,8
1,6.000000,4.354000,1.141000,-60,0.000000,7,8
1,6.000000,4.501000,1.192000,-60,0.000000,7,8
1,6.000000,4.589000,0.599000,-60,0.000000,7,8
1,6.000000,4.384000,0.652000,-61,0.000000,7,8
1,6.000000,4.325000,0.909000,-61,0.000000,7,8
1,6.000000,4.149000,0.892000,-61,0.000000,7,8
1,6.000000,4.325000,0.673000,-61,0.000000,7,8
1,6.000000,4.457000,0.594000,-61,0.000000,7,8
1,6.000000,4.398000,1.108000,-60,0.000000,7,8
1,6.000000,4.398000,1.309000,-60,0.000000,7,8
1,6.000000,4.442000,1.196000,-61,0.000000,7,8
1,6.000000,4.560000,1.312000,-61,0.000000,7,8
1,6.000000,4.472000,1.187000,-61,0.000000,7,8
1,6.000000,4.354000,1.551000,-62,0.000000,7,8
1,6.000000,4.252000,1.411000,-62,0.000000,7,8
1,6.000000,4.193000,1.709000,-62,0.000000,7,8
1,6.000000,4.135000,1.824000,-62,0.000000,7,8
1,6.000000,4.252000,1.414000,-62,0.000000,7,8
1,6.000000,4.062000,1.519000,-62,0.000000,7,8
1,6.000000,3.856000,1.626000,-63,0.000000,7,8
1,6.000000,3.988000,1.497000,-63,0.000000,7,8
1,6.000000,3.930000,1.682000,-63,0.000000,7,8
1,6.000000,3.915000,1.761000,-63,0.000000,7,8
1,6.000000,3.944000,1.735000,-63,0.000000,7,8
1,6.000000,4.105000,1.601000,-62,0.000000,7,8
1,6.000000,4.120000,1.586000,-62,0.000000,7,8
1,6.000000,3.959000,1.836000,-62,0.000000,7,8
1,6.000000,4.252000,1.666000,-62,0.000000,7,8
1,6.000000,4.193000,1.568000,-62,0.000000,7,8
1,6.000000,4.149000,1.469000,-62,0.000000,7,8
1,6.000000,4.501000,1.215000,-61,0.000000,7,8
1,6.000000,4.149000,1.551000,-61,0.000000,7,8
1,6.000000,4.428000,1.377000,-62,0.000000,7,8
1,6.000000,4.223000,1.432000,-62,0.000000,7,8
1,6.000000,4.516000,1.564000,-62,0.000000,7,8
1,6.000000,4.354000,1.455000,-61,0.000000,7,8
1,6.000000,4.252000,1.700000,-61,0.000000,7,8
1,6.000000,4.545000,1.029000,-61,0.000000,7,8
1,6.000000,4.413000,1.556000,-61,0.000000,7,8
1,6.000000,4.252000,1.283000,-61,0.000000,7,8
1,6.000000,4.222000,1.073000,-61,0.000000,7,8
1,6.000000,4.501000,1.087000,-61,0.000000,7,8
1,6.000000,4.413000,0.807000,-61,0.000000,7,8
1,6.000000,4.603000,1.077000,-61,0.000000,7,8
1,6.000000,4.354000,1.026000,-61,0.000000,7,8
1,6.000000,4.501000,1.221000,-62,0.000000,7,8
1,6.000000,4.574000,0.929000,-62,0.000000,7,8
1,6.000000,4.325000,1.099000,-62,0.000000,7,8
1,6.000000,4.442000,1.308000,-62,0.000000,7,8
1,6.000000,4.516000,0.988000,-61,0.000000,7,8
1,6.000000,4.310000,0.852000,-62,0.000000,7,8
1,6.000000,4.281000,1.296000,-62,0.000000,7,8
1,6.000000,4.340000,1.131000,-62,0.000000,7,8
1,6.000000,4.237000,1.341000,-62,0.000000,7,8
1,6.000000,4.223000,1.198000,-62,0.000000,7,8
1,6.000000,4.237000,1.189000,-62,0.000000,7,8
1,6.000000,4.237000,1.324000,-62,0.000000,7,8
1,6.000000,4.252000,1.188000,-63,0.000000,7,8
1,6.000000,4.398000,0.923000,-63,0.000000,7,8
1,6.000000,4.222000,1.449000,-62,0.000000,7,8
1,6.000000,4.149000,1.496000,-62,0.000000,7,8
1,6.000000,4.237000,1.363000,-62,0.000000,7,8
1,6.000000,4.208000,1.723000,-62,0.000000,7,8
1,6.000000,4.164000,1.476000,-62,0.000000,7,8
1,6.000000,4.105000,1.324000,-62,0.000000,7,8
1,6.000000,4.149000,1.189000,-63,0.000000,7,8
1,6.000000,4.237000,1.464000,-62,0.000000,7,8
1,6.000000,4.428000,1.343000,-62,0.000000,7,8
1,6.000000,4.164000,1.452000,-62,0.000000,7,8
1,6.000000,4.018000,1.343000,-63,0.000000,7,8
1,6.000000,4.252000,1.236000,-63,0.000000,7,8
1,6.000000,4.457000,1.132000,-62,0.000000,7,8
1,6.000000,4.105000,1.365000,-62,0.000000,7,8
1,6.000000,4.223000,1.433000,-62,0.000000,7,8
1,6.000000,4.384000,1.241000,-62,0.000000,7,8
1,6.000000,4.120000,1.371000,-62,0.000000,7,8
1,6.000000,4.017000,1.418000,-63,0.000000,7,8
1,6.000000,4.120000,1.209000,-63,0.000000,7,8
1,6.000000,3.944000,1.386000,-63,0.000000,7,8
1,6.000000,4.149000,1.519000,-62,0.000000,7,8
1,6.000000,4.018000,1.374000,-62,0.000000,7,8
1,6.000000,4.120000,1.374000,-62,0.000000,7,8
1,6.000000,4.223000,1.043000,-61,0.000000,7,8
1,6.000000,4.486000,0.744000,-61,0.000000,7,8
1,6.000000,4.384000,1.521000,-61,0.000000,7,8
1,6.000000,4.442000,0.977000,-61,0.000000,7,8
1,6.000000,4.384000,0.890000,-61,0.000000,7,8
1,6.000000,4.779000,1.249000,-60,0.000000,7,8
1,6.000000,4.574000,1.195000,-60,0.000000,7,8
1,6.000000,4.677000,1.062000,-60,0.000000,7,8
1,6.000000,4.457000,1.277000,-60,0.000000,7,8
1,6.000000,4.457000,1.157000,-61,0.000000,7,8
1,6.000000,4.369000,1.456000,-60,0.000000,7,8
1,6.000000,4.252000,1.310000,-60,0.000000,7,8
1,6.000000,4.662000,1.533000,-60,0.000000,7,8
1,6.000000,4.560000,0.941000,-61,0.000000,7,8
1,6.000000,4.457000,0.960000,-61,0.000000,7,8
1,6.000000,4.501000,1.370000,-61,0.000000,7,8
1,6.000000,4.545000,1.405000,-60,0.000000,7,8
1,6.000000,4.809000,0.856000,-60,0.000000,7,8
1,6.000000,4.735000,1.160000,-61,0.000000,7,8
1,6.000000,4.750000,1.073000,-60,0.000000,7,8
1,6.000000,4.486000,1.092000,-60,0.000000,7,8
1,6.000000,4.516000,1.363000,-61,0.000000,7,8
1,6.000000,4.618000,1.166000,-61,0.000000,7,8
1,6.000000,4.633000,1.071000,-61,0.000000,7,8
1,6.000000,4.501000,0.910000,-60,0.000000,7,8
1,6.000000,4.486000,1.181000,-60,0.000000,7,8
1,6.000000,4.413000,0.920000,-60,0.000000,7,8
1,6.000000,4.545000,0.754000,-61,0.000000,7,8
1,6.000000,4.442000,0.753000,-60,0.000000,7,8
1,6.000000,4.677000,0.644000,-61,0.000000,7,8
1,6.000000,4.603000,1.058000,-61,0.000000,7,8
1,6.000000,4.735000,0.636000,-61,0.000000,7,8
1,6.000000,4.574000,0.908000,-60,0.000000,7,8
1,6.000000,4.530000,0.963000,-60,0.000000,7,8
1,6.000000,4.691000,1.208000,-60,0.000000,7,8
1,6.000000,4.574000,1.141000,-60,0.000000,7,8
1,6.000000,4.618000,1.183000,-60,0.000000,7,8
1,6.000000,4.618000,1.203000,-60,0.000000,7,8
1,6.000000,4.823000,1.100000,-60,0.000000,7,8
1,6.000000,4.501000,1.269000,-61,0.000000,7,8
1,6.000000,4.516000,1.202000,-61,0.000000,7,8
1,6.000000,4.677000,1.083000,-61,0.000000,7,8
1,6.000000,4.618000,1.841000,-61,0.000000,7,8
1,6.000000,4.677000,1.168000,-60,0.000000,7,8
1,6.000000,4.340000,1.940000,-60,0.000000,7,8
1,6.000000,4.633000,1.632000,-61,0.000000,7,8
1,6.000000,4.574000,1.206000,-61,0.000000,7,8
1,6.000000,4.589000,1.372000,-61,0.000000,7,8
1,6.000000,4.457000,1.183000,-61,0.000000,7,8
1,6.000000,4.691000,1.352000,-61,0.000000,7,8
1,6.000000,4.574000,1.428000,-61,0.000000,7,8
1,6.000000,4.603000,1.289000,-61,0.000000,7,8
1,6.000000,4.618000,1.507000,-61,0.000000,7,8
1,6.000000,4.384000,1.723000,-61,0.000000,7,8
1,6.000000,4.574000,1.168000,-61,0.000000,7,8
1,6.000000,4.633000,0.965000,-61,0.000000,7,8
1,6.000000,4.765000,1.155000,-61,0.000000,7,8
1,6.000000,4.252000,1.309000,-62,0.000000,7,8
1,6.000000,4.589000,1.386000,-61,0.000000,7,8
1,6.000000,4.472000,1.397000,-61,0.000000,7,8
1,6.000000,4.442000,1.150000,-61,0.000000,7,8
1,6.000000,4.603000,1.400000,-61,0.000000,7,8
1,6.000000,4.603000,1.146000,-61,0.000000,7,8
1,6.000000,4.340000,1.328000,-61,0.000000,7,8
1,6.000000,4.574000,1.172000,-61,0.000000,7,8
1,6.000000,4.442000,1.272000,-61,0.000000,7,8
1,6.000000,4.457000,1.057000,-61,0.000000,7,8
1,6.000000,4.457000,1.371000,-61,0.000000,7,8
1,6.000000,4.179000,1.548000,-61,0.000000,7,8
1,6.000000,4.266000,1.278000,-62,0.000000,7,8
1,6.000000,4.457000,1.281000,-62,0.000000,7,8
1,6.000000,4.384000,1.129000,-62,0.000000,7,8
1,6.000000,4.296000,1.240000,-61,0.000000,7,8
1,6.000000,4.310000,1.317000,-61,0.000000,7,8
1,6.000000,4.354000,1.454000,-61,0.000000,7,8
1,6.000000,4.398000,1.313000,-61,0.000000,7,8
1,6.000000,4.296000,1.244000,-61,0.000000,7,8
1,6.000000,4.472000,1.278000,-61,0.000000,7,8
1,6.000000,4.208000,1.257000,-61,0.000000,7,8
1,6.000000,4.266000,1.026000,-61,0.000000,7,8
1,6.000000,4.296000,1.402000,-61,0.000000,7,8
1,6.000000,4.325000,1.458000,-61,0.000000,7,8
1,6.000000,4.516000,1.088000,-61,0.000000,7,8
1,6.000000,4.281000,1.350000,-62,0.000000,7,8
1,6.000000,4.457000,1.171000,-61,0.000000,7,8
1,6.000000,4.384000,1.179000,-61,0.000000,7,8
1,6.000000,4.472000,1.332000,-61,0.000000,7,8
1,6.000000,4.662000,1.213000,-61,0.000000,7,8
1,6.000000,4.633000,1.081000,-61,0.000000,7,8
1,6.000000,4.735000,0.783000,-60,0.000000,7,8
1,6.000000,4.633000,1.076000,-60,0.000000,7,8
1,6.000000,4.501000,1.203000,-60,0.000000,7,8
1,6.000000,4.398000,1.193000,-61,0.000000,7,8
1,6.000000,4.281000,1.324000,-60,0.000000,7,8
1,6.000000,4.032000,1.425000,-61,0.000000,7,8
1,6.000000,4.047000,1.386000,-61,0.000000,7,8
1,6.000000,4.120000,1.501000,-61,0.000000,7,8
1,6.000000,3.959000,1.610000,-61,0.000000,7,8
1,6.000000,4.164000,1.615000,-61,0.000000,7,8
1,6.000000,4.340000,1.395000,-61,0.000000,7,8
1,6.000000,4.237000,1.267000,-61,0.000000,7,8
1,6.000000,3.915000,1.531000,-61,0.000000,7,8
1,6.000000,3.930000,1.517000,-61,0.000000,7,8
1,6.000000,3.754000,1.975000,-62,0.000000,7,8
1,6.000000,4.047000,1.964000,-62,0.000000,7,8
1,6.000000,3.915000,2.108000,-62,0.000000,7,8
1,6.000000,3.856000,1.790000,-62,0.000000,7,8
1,6.000000,3.988000,1.664000,-62,0.000000,7,8
1,6.000000,4.105000,1.697000,-62,0.000000,7,8
1,6.000000,4.061000,1.510000,-62,0.000000,7,8
1,6.000000,4.164000,1.612000,-61,0.000000,7,8
1,6.000000,4.472000,1.127000,-61,0.000000,7,8
1,6.000000,4.062000,1.092000,-63,0.000000,7,8
1,6.000000,4.032000,1.726000,-63,0.000000,7,8
1,6.000000,3.827000,1.804000,-63,0.000000,7,8
1,6.000000,3.959000,1.409000,-62,0.000000,7,8
1,6.000000,4.091000,1.570000,-62,0.000000,7,8
1,6.000000,4.603000,0.729000,-61,0.000000,7,8
1,6.000000,4.062000,1.478000,-61,0.000000,7,8
1,6.000000,4.310000,1.321000,-61,0.000000,7,8
1,6.000000,4.325000,1.700000,-60,0.000000,7,8
1,6.000000,4.223000,1.318000,-61,0.000000,7,8
1,6.000000,4.369000,1.175000,-60,0.000000,7,8
1,6.000000,4.545000,0.933000,-61,0.000000,7,8
1,6.000000,4.354000,1.198000,-61,0.000000,7,8
1,6.000000,4.266000,1.117000,-61,0.000000,7,8
1,6.000000,4.428000,1.223000,-61,0.000000,7,8
1,6.000000,4.325000,1.462000,-60,0.000000,7,8
1,6.000000,4.501000,1.198000,-61,0.000000,7,8
1,6.000000,3.974000,1.545000,-61,0.000000,7,8
1,6.000000,4.252000,1.447000,-61,0.000000,7,8
1,6.000000,4.149000,1.418000,-60,0.000000,7,8
1,6.000000,4.325000,1.256000,-61,0.000000,7,8
1,6.000000,4.252000,1.299000,-61,0.000000,7,8
1,6.000000,4.105000,1.606000,-61,0.000000,7,8
1,6.000000,4.208000,1.495000,-61,0.000000,7,8
1,6.000000,4.296000,1.326000,-62,0.000000,7,8
1,6.000000,4.266000,1.430000,-62,0.000000,7,8
1,6.000000,3.988000,1.753000,-61,0.000000,7,8
1,6.000000,4.032000,1.314000,-61,0.000000,7,8
1,6.000000,4.047000,1.566000,-62,0.000000,7,8
1,6.000000,4.032000,1.385000,-62,0.000000,7,8
1,6.000000,4.047000,1.492000,-61,0.000000,7,8
1,6.000000,3.959000,1.668000,-61,0.000000,7,8
1,6.000000,4.179000,1.359000,-60,0.000000,7,8
1,6.000000,4.032000,1.594000,-61,0.000000,7,8
1,6.000000,4.076000,1.644000,-61,0.000000,7,8
1,6.000000,4.164000,1.532000,-61,0.000000,7,8
1,6.000000,4.091000,1.481000,-61,0.000000,7,8
1,6.000000,4.076000,1.586000,-61,0.000000,7,8
1,6.000000,4.135000,1.696000,-62,0.000000,7,8
1,6.000000,4.003000,1.630000,-62,0.000000,7,8
1,6.000000,4.164000,1.754000,-61,0.000000,7,8
1,6.000000,4.047000,1.794000,-61,0.000000,7,8
1,6.000000,4.179000,1.629000,-61,0.000000,7,8
1,6.000000,4.354000,1.208000,-61,0.000000,7,8
1,6.000000,3.959000,1.782000,-61,0.000000,7,8
1,6.000000,4.076000,1.583000,-61,0.000000,7,8
1,6.000000,4.003000,1.565000,-61,0.000000,7,8
1,6.000000,3.988000,1.648000,-61,0.000000,7,8
1,6.000000,3.988000,1.687000,-61,0.000000,7,8
1,6.000000,3.856000,1.444000,-61,0.000000,7,8
1,6.000000,3.988000,1.685000,-61,0.000000,7,8
1,6.000000,3.886000,1.650000,-61,0.000000,7,8
1,6.000000,4.164000,1.548000,-62,0.000000,7,8
1,6.000000,3.871000,1.660000,-62,0.000000,7,8
1,6.000000,4.076000,1.684000,-61,0.000000,7,8
1,6.000000,4.062000,1.592000,-61,0.000000,7,8
1,6.000000,3.973000,1.885000,-62,0.000000,7,8
1,6.000000,3.915000,1.528000,-62,0.000000,7,8
1,6.000000,4.017000,1.364000,-61,0.000000,7,8
1,6.000000,4.091000,1.833000,-61,0.000000,7,8
1,6.000000,3.769000,1.548000,-61,0.000000,7,8
1,6.000000,4.311000,1.739000,-61,0.000000,7,8
1,6.000000,3.959000,1.540000,-61,0.000000,7,8
1,6.000000,4.120000,1.547000,-61,0.000000,7,8
1,6.000000,4.281000,1.489000,-61,0.000000,7,8
1,6.000000,4.076000,1.396000,-61,0.000000,7,8
1,6.000000,4.193000,1.717000,-61,0.000000,7,8
1,6.000000,4.061000,1.478000,-61,0.000000,7,8
1,6.000000,4.164000,1.530000,-61,0.000000,7,8
1,6.000000,4.223000,1.480000,-61,0.000000,7,8
1,6.000000,4.105000,1.409000,-61,0.000000,7,8
1,6.000000,4.354000,1.299000,-61,0.000000,7,8
1,6.000000,4.340000,1.361000,-61,0.000000,7,8
1,6.000000,4.061000,1.635000,-61,0.000000,7,8
1,6.000000,4.325000,1.321000,-61,0.000000,7,8
1,6.000000,4.281000,1.440000,-61,0.000000,7,8
1,6.000000,4.149000,1.411000,-60,0.000000,7,8
1,6.000000,4.369000,1.282000,-61,0.000000,7,8
1,6.000000,4.105000,1.608000,-61,0.000000,7,8
1,6.000000,4.296000,1.338000,-61,0.000000,7,8
1,6.000000,4.222000,1.359000,-61,0.000000,7,8
1,6.000000,4.340000,1.198000,-61,0.000000,7,8
1,6.000000,4.442000,1.136000,-61,0.000000,7,8
1,6.000000,4.252000,1.176000,-61,0.000000,7,8
1,6.000000,4.135000,1.339000,-61,0.000000,7,8
1,6.000000,4.325000,1.265000,-61,0.000000,7,8
1,6.000000,4.296000,1.126000,-61,0.000000,7,8
1,6.000000,4.179000,1.279000,-61,0.000000,7,8
1,6.000000,4.296000,1.198000,-61,0.000000,7,8
1,6.000000,4.311000,1.396000,-61,0.000000,7,8
1,6.000000,4.179000,1.407000,-61,0.000000,7,8
1,6.000000,4.560000,1.349000,-61,0.000000,7,8
1,6.000000,4.310000,1.348000,-61,0.000000,7,8
1,6.000000,4.428000,0.879000,-61,0.000000,7,8
1,6.000000,4.193000,1.227000,-61,0.000000,7,8
1,6.000000,4.193000,1.142000,-61,0.000000,7,8
1,6.000000,4.310000,1.276000,-61,0.000000,7,8
1,6.000000,4.281000,1.138000,-61,0.000000,7,8
1,6.000000,4.428000,1.007000,-61,0.000000,7,8
1,6.000000,4.296000,1.335000,-61,0.000000,7,8
1,6.000000,4.281000,1.255000,-61,0.000000,7,8
1,6.000000,4.296000,1.012000,-61,0.000000,7,8
1,6.000000,4.135000,1.230000,-61,0.000000,7,8
1,6.000000,4.442000,0.923000,-62,0.000000,7,8
1,6.000000,4.369000,1.014000,-62,0.000000,7,8
1,6.000000,4.310000,1.260000,-61,0.000000,7,8
1,6.000000,4.413000,1.013000,-61,0.000000,7,8
1,6.000000,4.179000,1.251000,-61,0.000000,7,8
1,6.000000,4.311000,1.038000,-61,0.000000,7,8
1,6.000000,4.149000,1.383000,-61,0.000000,7,8
1,6.000000,4.266000,1.221000,-61,0.000000,7,8
1,6.000000,4.457000,1.286000,-61,0.000000,7,8
1,6.000000,4.281000,1.329000,-61,0.000000,7,8
1,6.000000,4.471000,1.098000,-61,0.000000,7,8
1,6.000000,4.311000,1.286000,-60,0.000000,7,8
1,6.000000,4.384000,1.428000,-60,0.000000,7,8
1,6.000000,4.311000,1.576000,-60,0.000000,7,8
1,6.000000,4.193000,1.420000,-61,0.000000,7,8
1,6.000000,4.325000,1.416000,-61,0.000000,7,8
1,6.000000,4.193000,1.504000,-61,0.000000,7,8
1,6.000000,4.325000,0.958000,-61,0.000000,7,8
1,6.000000,4.237000,1.515000,-61,0.000000,7,8
1,6.000000,4.310000,1.336000,-61,0.000000,7,8
1,6.000000,4.296000,1.608000,-61,0.000000,7,8
1,6.000000,4.354000,1.185000,-61,0.000000,7,8
1,6.000000,4.193000,1.487000,-61,0.000000,7,8
1,6.000000,4.471000,1.382000,-61,0.000000,7,8
1,6.000000,4.442000,1.087000,-61,0.000000,7,8
1,6.000000,4.252000,1.348000,-61,0.000000,7,8
1,6.000000,4.398000,1.569000,-61,0.000000,7,8
1,6.000000,4.208000,1.527000,-61,0.000000,7,8
1,6.000000,4.413000,1.110000,-61,0.000000,7,8
1,6.000000,4.618000,1.162000,-61,0.000000,7,8
1,6.000000,4.310000,1.086000,-61,0.000000,7,8
1,6.000000,4.633000,0.864000,-61,0.000000,7,8
1,6.000000,4.266000,1.196000,-61,0.000000,7,8
1,6.000000,4.149000,1.153000,-61,0.000000,7,8
1,6.000000,4.354000,1.104000,-61,0.000000,7,8
1,6.000000,4.354000,1.452000,-61,0.000000,7,8
1,6.000000,4.193000,1.424000,-61,0.000000,7,8
1,6.000000,4.281000,1.123000,-61,0.000000,7,8
1,6.000000,4.252000,1.535000,-61,0.000000,7,8
1,6.000000,4.384000,1.298000,-61,0.000000,7,8
1,6.000000,4.398000,1.087000,-61,0.000000,7,8
1,6.000000,4.486000,1.118000,-61,0.000000,7,8
1,6.000000,4.384000,1.119000,-61,0.000000,7,8
1,6.000000,4.310000,1.174000,-61,0.000000,7,8
1,6.000000,4.281000,1.509000,-61,0.000000,7,8
1,6.000000,4.311000,1.234000,-61,0.000000,7,8
1,6.000000,4.325000,1.270000,-61,0.000000,7,8
1,6.000000,4.384000,1.546000,-61,0.000000,7,8
1,6.000000,4.398000,1.321000,-61,0.000000,7,8
1,6.000000,4.237000,1.215000,-61,0.000000,7,8
1,6.000000,4.560000,1.023000,-61,0.000000,7,8
1,6.000000,4.428000,1.124000,-61,0.000000,7,8
1,6.000000,4.398000,1.163000,-61,0.000000,7,8
1,6.000000,4.471000,1.140000,-61,0.000000,7,8
1,6.000000,4.457000,1.033000,-61,0.000000,7,8
1,6.000000,4.457000,1.128000,-61,0.000000,7,8
1,6.000000,4.457000,1.415000,-61,0.000000,7,8
1,6.000000,4.354000,1.357000,-61,0.000000,7,8
1,6.000000,4.252000,1.354000,-61,0.000000,7,8
1,6.000000,4.560000,1.381000,-60,0.000000,7,8
1,6.000000,4.471000,1.470000,-60,0.000000,7,8
1,6.000000,4.457000,1.474000,-60,0.000000,7,8
1,6.000000,4.501000,1.513000,-60,0.000000,7,8
1,6.000000,4.457000,1.354000,-60,0.000000,7,8
1,6.000000,4.501000,1.340000,-60,0.000000,7,8
1,6.000000,4.457000,1.183000,-60,0.000000,7,8
1,6.000000,4.267000,1.415000,-60,0.000000,7,8
1,6.000000,4.266000,1.521000,-61,0.000000,7,8
1,6.000000,4.398000,1.390000,-61,0.000000,7,8
1,6.000000,4.281000,1.334000,-60,0.000000,7,8
1,6.000000,4.208000,1.503000,-61,0.000000,7,8
1,6.000000,4.340000,1.267000,-61,0.000000,7,8
1,6.000000,4.428000,1.139000,-61,0.000000,7,8
1,6.000000,4.266000,1.498000,-61,0.000000,7,8
1,6.000000,4.091000,1.518000,-61,0.000000,7,8
1,6.000000,4.032000,1.533000,-61,0.000000,7,8
1,6.000000,4.120000,1.385000,-61,0.000000,7,8
1,6.000000,4.296000,1.368000,-61,0.000000,7,8
1,6.000000,4.281000,1.507000,-61,0.000000,7,8
1,6.000000,4.457000,1.116000,-61,0.000000,7,8
1,6.000000,4.208000,1.236000,-61,0.000000,7,8
1,6.000000,4.281000,1.345000,-61,0.000000,7,8
1,6.000000,4.765000,1.211000,-61,0.000000,7,8
1,6.000000,4.120000,1.602000,-61,0.000000,7,8
1,6.000000,4.296000,1.619000,-61,0.000000,7,8
1,6.000000,4.135000,1.718000,-61,0.000000,7,8
1,6.000000,4.516000,1.404000,-61,0.000000,7,8
1,6.000000,4.193000,1.600000,-61,0.000000,7,8
1,6.000000,4.428000,1.664000,-60,0.000000,7,8
1,6.000000,4.486000,1.233000,-60,0.000000,7,8
1,6.000000,4.501000,1.388000,-60,0.000000,7,8
1,6.000000,4.442000,1.155000,-61,0.000000,7,8
1,6.000000,4.325000,1.642000,-61,0.000000,7,8
1,6.000000,4.413000,1.259000,-61,0.000000,7,8
1,6.000000,4.281000,1.504000,-60,0.000000,7,8
1,6.000000,4.486000,0.992000,-60,0.000000,7,8
1,6.000000,4.354000,1.430000,-60,0.000000,7,8
1,6.000000,4.428000,1.226000,-60,0.000000,7,8
1,6.000000,4.267000,1.606000,-61,0.000000,7,8
1,6.000000,4.428000,1.564000,-60,0.000000,7,8
1,6.000000,4.252000,1.620000,-60,0.000000,7,8
1,6.000000,4.384000,1.455000,-61,0.000000,7,8
1,6.000000,4.179000,1.656000,-60,0.000000,7,8
1,6.000000,4.281000,1.578000,-61,0.000000,7,8
1,6.000000,4.354000,1.323000,-61,0.000000,7,8
1,6.000000,4.193000,1.505000,-60,0.000000,7,8
1,6.000000,4.135000,1.328000,-60,0.000000,7,8
1,6.000000,4.384000,1.471000,-60,0.000000,7,8
1,6.000000,4.354000,1.110000,-60,0.000000,7,8
1,6.000000,4.208000,1.188000,-60,0.000000,7,8
1,6.000000,4.223000,1.127000,-60,0.000000,7,8
1,6.000000,4.164000,1.243000,-60,0.000000,7,8
1,6.000000,4.296000,1.169000,-60,0.000000,7,8
1,6.000000,4.457000,1.041000,-60,0.000000,7,8
1,6.000000,4.442000,0.805000,-60,0.000000,7,8
1,6.000000,4.442000,1.551000,-60,0.000000,7,8
1,6.000000,4.545000,0.984000,-60,0.000000,7,8
1,6.000000,4.486000,1.483000,-61,0.000000,7,8
1,6.000000,4.193000,1.523000,-61,0.000000,7,8
1,6.000000,4.222000,1.595000,-61,0.000000,7,8
1,6.000000,4.135000,0.952000,-60,0.000000,7,8
1,6.000000,4.384000,1.154000,-60,0.000000,7,8
1,6.000000,4.266000,0.931000,-60,0.000000,7,8
1,6.000000,4.545000,0.575000,-61,0.000000,7,8
1,6.000000,4.369000,1.001000,-61,0.000000,7,8
1,6.000000,4.223000,1.276000,-61,0.000000,7,8
1,6.000000,4.179000,1.235000,-62,0.000000,7,8
1,6.000000,4.457000,1.254000,-62,0.000000,7,8
1,6.000000,4.208000,1.283000,-62,0.000000,7,8
1,6.000000,4.076000,1.239000,-62,0.000000,7,8
1,6.000000,3.973000,1.045000,-62,0.000000,7,8
1,6.000000,3.871000,1.238000,-62,0.000000,7,8
1,6.000000,4.149000,1.028000,-62,0.000000,7,8
1,6.000000,3.900000,0.795000,-62,0.000000,7,8
1,6.000000,3.856000,0.823000,-62,0.000000,7,8
1,6.000000,4.076000,0.712000,-61,0.000000,7,8
1,6.000000,4.222000,0.807000,-61,0.000000,7,8
1,6.000000,3.930000,0.865000,-61,0.000000,7,8
1,6.000000,3.959000,0.816000,-61,0.000000,7,8
1,6.000000,3.900000,0.683000,-61,0.000000,7,8
1,6.000000,3.798000,0.814000,-61,0.000000,7,8
1,6.000000,3.856000,0.962000,-61,0.000000,7,8
1,6.000000,3.754000,1.041000,-62,0.000000,7,8
1,6.000000,3.959000,0.697000,-61,0.000000,7,8
1,6.000000,3.827000,1.199000,-62,0.000000,7,8
1,6.000000,3.973000,0.809000,-62,0.000000,7,8
1,6.000000,3.856000,0.762000,-62,0.000000,7,8
1,6.000000,4.076000,0.908000,-61,0.000000,7,8
1,6.000000,3.666000,1.147000,-62,0.000000,7,8
1,6.000000,3.754000,1.195000,-62,0.000000,7,8
1,6.000000,3.651000,1.435000,-63,0.000000,7,8
1,6.000000,3.974000,1.561000,-62,0.000000,7,8
1,6.000000,3.915000,0.966000,-62,0.000000,7,8
1,6.000000,4.061000,0.766000,-62,0.000000,7,8
1,6.000000,4.223000,1.211000,-62,0.000000,7,8
1,6.000000,4.017000,1.280000,-62,0.000000,7,8
1,6.000000,4.091000,1.219000,-62,0.000000,7,8
1,6.000000,4.105000,0.876000,-62,0.000000,7,8
1,6.000000,4.017000,1.479000,-62,0.000000,7,8
1,6.000000,4.179000,1.454000,-63,0.000000,7,8
1,6.000000,3.900000,1.045000,-63,0.000000,7,8
1,6.000000,3.827000,1.396000,-63,0.000000,7,8
1,6.000000,3.886000,1.152000,-62,0.000000,7,8
1,6.000000,3.871000,1.042000,-62,0.000000,7,8
1,6.000000,4.076000,0.834000,-62,0.000000,7,8
1,6.000000,3.944000,0.928000,-62,0.000000,7,8
1,6.000000,3.871000,1.071000,-62,0.000000,7,8
1,6.000000,3.754000,1.088000,-62,0.000000,7,8
1,6.000000,4.047000,0.939000,-62,0.000000,7,8
1,6.000000,4.164000,0.864000,-61,0.000000,7,8
1,6.000000,3.944000,1.124000,-62,0.000000,7,8
1,6.000000,4.135000,1.286000,-62,0.000000,7,8
1,6.000000,4.017000,1.439000,-62,0.000000,7,8
1,6.000000,3.871000,1.374000,-61,0.000000,7,8
1,6.000000,4.091000,0.871000,-61,0.000000,7,8
1,6.000000,4.076000,1.316000,-61,0.000000,7,8
1,6.000000,3.959000,1.416000,-61,0.000000,7,8
1,6.000000,4.164000,1.443000,-62,0.000000,7,8
1,6.000000,4.164000,1.268000,-61,0.000000,7,8
1,6.000000,4.061000,0.994000,-61,0.000000,7,8
1,6.000000,4.105000,1.345000,-61,0.000000,7,8
1,6.000000,4.003000,0.756000,-61,0.000000,7,8
1,6.000000,4.076000,1.004000,-61,0.000000,7,8
1,6.000000,3.974000,1.068000,-61,0.000000,7,8
1,6.000000,4.017000,0.866000,-62,0.000000,7,8
1,6.000000,4.237000,1.059000,-62,0.000000,7,8
1,6.000000,4.179000,0.753000,-62,0.000000,7,8
1,6.000000,3.930000,1.040000,-62,0.000000,7,8
1,6.000000,4.091000,0.922000,-62,0.000000,7,8
1,6.000000,4.223000,0.892000,-61,0.000000,7,8
1,6.000000,4.032000,0.984000,-61,0.000000,7,8
1,6.000000,4.193000,1.014000,-62,0.000000,7,8
1,6.000000,4.354000,1.108000,-62,0.000000,7,8
1,6.000000,4.061000,1.195000,-62,0.000000,7,8
1,6.000000,4.237000,1.036000,-62,0.000000,7,8
1,6.000000,4.398000,1.198000,-62,0.000000,7,8
1,6.000000,4.076000,1.328000,-62,0.000000,7,8
1,6.000000,4.208000,1.341000,-62,0.000000,7,8
1,6.000000,4.061000,0.912000,-62,0.000000,7,8
1,6.000000,4.281000,1.036000,-61,0.000000,7,8
1,6.000000,4.267000,1.372000,-61,0.000000,7,8
1,6.000000,4.457000,1.349000,-62,0.000000,7,8
1,6.000000,4.252000,1.341000,-61,0.000000,7,8
1,6.000000,4.149000,1.334000,-62,0.000000,7,8
1,6.000000,4.457000,1.095000,-62,0.000000,7,8
1,6.000000,4.252000,1.361000,-62,0.000000,7,8
1,6.000000,4.091000,1.311000,-62,0.000000,7,8
1,6.000000,4.135000,1.428000,-61,0.000000,7,8
1,6.000000,4.311000,1.524000,-61,0.000000,7,8
1,6.000000,4.017000,1.439000,-61,0.000000,7,8
1,6.000000,4.266000,1.343000,-61,0.000000,7,8
1,6.000000,4.267000,1.012000,-62,0.000000,7,8
1,6.000000,4.061000,1.570000,-62,0.000000,7,8
1,6.000000,3.988000,1.706000,-62,0.000000,7,8
1,6.000000,4.135000,1.738000,-61,0.000000,7,8
1,6.000000,4.340000,1.369000,-62,0.000000,7,8
1,6.000000,3.974000,1.398000,-62,0.000000,7,8
1,6.000000,4.267000,1.538000,-62,0.000000,7,8
1,6.000000,4.003000,1.924000,-62,0.000000,7,8
1,6.000000,4.061000,1.631000,-62,0.000000,7,8
1,6.000000,4.105000,1.246000,-62,0.000000,7,8
1,6.000000,4.105000,1.186000,-62,0.000000,7,8
1,6.000000,3.930000,1.627000,-62,0.000000,7,8
1,6.000000,4.076000,1.558000,-62,0.000000,7,8
1,6.000000,3.959000,1.677000,-62,0.000000,7,8
1,6.000000,4.179000,1.430000,-62,0.000000,7,8
1,6.000000,4.266000,1.131000,-62,0.000000,7,8
1,6.000000,3.856000,1.802000,-62,0.000000,7,8
1,6.000000,4.091000,1.574000,-62,0.000000,7,8
1,6.000000,4.032000,1.482000,-62,0.000000,7,8
1,6.000000,3.944000,1.781000,-62,0.000000,7,8
1,6.000000,4.266000,1.550000,-62,0.000000,7,8
1,6.000000,4.135000,1.555000,-62,0.000000,7,8
1,6.000000,4.237000,1.375000,-62,0.000000,7,8
1,6.000000,4.061000,1.543000,-62,0.000000,7,8
1,6.000000,4.047000,1.479000,-62,0.000000,7,8
1,6.000000,4.120000,1.578000,-62,0.000000,7,8
1,6.000000,4.281000,1.376000,-61,0.000000,7,8
1,6.000000,4.061000,1.518000,-61,0.000000,7,8
1,6.000000,4.047000,1.746000,-62,0.000000,7,8
1,6.000000,4.120000,1.639000,-62,0.000000,7,8
1,6.000000,4.222000,1.551000,-62,0.000000,7,8
1,6.000000,4.061000,1.777000,-62,0.000000,7,8
1,6.000000,3.930000,1.804000,-62,0.000000,7,8
1,6.000000,3.988000,1.604000,-63,0.000000,7,8
1,6.000000,4.076000,1.428000,-62,0.000000,7,8
1,6.000000,4.222000,1.470000,-62,0.000000,7,8
1,6.000000,4.179000,1.346000,-62,0.000000,7,8
1,6.000000,3.915000,1.662000,-62,0.000000,7,8
1,6.000000,4.047000,1.593000,-62,0.000000,7,8
1,6.000000,3.973000,1.543000,-62,0.000000,7,8
1,6.000000,4.120000,1.458000,-62,0.000000,7,8
1,6.000000,3.900000,1.298000,-62,0.000000,7,8
1,6.000000,3.856000,1.690000,-61,0.000000,7,8
1,6.000000,3.988000,1.549000,-61,0.000000,7,8
1,6.000000,3.886000,1.682000,-62,0.000000,7,8
1,6.000000,3.856000,1.497000,-62,0.000000,7,8
1,6.000000,4.017000,1.621000,-62,0.000000,7,8
1,6.000000,3.768000,1.538000,-62,0.000000,7,8
1,6.000000,3.856000,1.483000,-62,0.000000,7,8
1,6.000000,4.017000,1.528000,-62,0.000000,7,8
1,6.000000,3.842000,1.584000,-62,0.000000,7,8
1,6.000000,4.091000,1.726000,-62,0.000000,7,8
1,6.000000,3.798000,1.765000,-62,0.000000,7,8
1,6.000000,4.193000,1.505000,-62,0.000000,7,8
1,6.000000,4.149000,1.733000,-62,0.000000,7,8
1,6.000000,3.973000,1.630000,-62,0.000000,7,8
1,6.000000,4.032000,1.405000,-62,0.000000,7,8
1,6.000000,4.076000,1.486000,-62,0.000000,7,8
1,6.000000,4.076000,1.569000,-62,0.000000,7,8
1,6.000000,3.973000,1.960000,-62,0.000000,7,8
1,6.000000,4.311000,1.468000,-62,0.000000,7,8
1,6.000000,4.222000,1.390000,-62,0.000000,7,8
1,6.000000,3.988000,1.569000,-62,0.000000,7,8
1,6.000000,4.179000,1.370000,-62,0.000000,7,8
1,6.000000,4.325000,1.430000,-62,0.000000,7,8
1,6.000000,4.222000,1.597000,-62,0.000000,7,8
1,6.000000,4.281000,1.431000,-62,0.000000,7,8
1,6.000000,4.179000,1.431000,-62,0.000000,7,8
1,6.000000,4.179000,1.375000,-62,0.000000,7,8
1,6.000000,4.222000,1.507000,-62,0.000000,7,8
1,6.000000,3.988000,1.582000,-62,0.000000,7,8
1,6.000000,3.900000,1.486000,-62,0.000000,7,8
1,6.000000,4.076000,1.417000,-63,0.000000,7,8
1,6.000000,3.915000,1.690000,-62,0.000000,7,8
1,6.000000,3.944000,1.503000,-62,0.000000,7,8
1,6.000000,4.003000,1.502000,-62,0.000000,7,8
1,6.000000,3.827000,1.839000,-63,0.000000,7,8
1,6.000000,4.091000,1.731000,-62,0.000000,7,8
1,6.000000,3.930000,1.539000,-62,0.000000,7,8
1,6.000000,3.754000,1.542000,-62,0.000000,7,8
1,6.000000,3.798000,1.666000,-63,0.000000,7,8
1,6.000000,3.988000,1.687000,-62,0.000000,7,8
1,6.000000,4.091000,1.649000,-62,0.000000,7,8
1,6.000000,3.842000,1.672000,-63,0.000000,7,8
1,6.000000,3.534000,2.260000,-64,0.000000,7,8
1,6.000000,3.461000,2.252000,-64,0.000000,7,8
1,6.000000,3.930000,1.434000,-63,0.000000,7,8
1,6.000000,4.076000,1.508000,-62,0.000000,7,8
1,6.000000,3.856000,1.805000,-62,0.000000,7,8
1,6.000000,4.120000,1.373000,-61,0.000000,7,8
1,6.000000,4.735000,0.750000,-61,0.000000,7,8
1,6.000000,4.926000,1.250000,-61,0.000000,7,8
1,6.000000,4.706000,0.376000,-61,0.000000,7,8
1,6.000000,5.321000,0.707000,-57,0.000000,7,8
1,6.000000,4.721000,0.200000,-59,0.000000,7,8
1,6.000000,4.662000,0.254000,-59,0.000000,7,8
1,6.000000,4.252000,1.350000,-61,0.000000,7,8
1,6.000000,4.398000,1.719000,-60,0.000000,7,8
1,6.000000,4.105000,1.408000,-61,0.000000,7,8
1,6.000000,4.208000,1.424000,-61,0.000000,7,8
1,6.000000,4.457000,0.839000,-59,0.000000,7,8
1,6.000000,4.296000,0.897000,-60,0.000000,7,8
1,6.000000,4.457000,0.510000,-60,0.000000,7,8
1,6.000000,4.296000,1.435000,-60,0.000000,7,8
1,6.000000,4.340000,1.371000,-60,0.000000,7,8
1,6.000000,4.721000,1.096000,-58,0.000000,7,8
1,6.000000,4.940000,0.713000,-57,0.000000,7,8
1,6.000000,4.838000,0.654000,-57,0.000000,7,8
1,6.000000,4.970000,0.422000,-57,0.000000,7,8
1,6.000000,4.955000,0.208000,-56,0.000000,7,8
1,6.000000,4.633000,0.310000,-55,0.000000,7,8
1,6.000000,4.281000,0.334000,-55,0.000000,7,8
1,6.000000,4.472000,0.717000,-59,0.000000,7,8
1,6.000000,4.296000,0.432000,-55,0.000000,7,8
1,6.000000,4.208000,0.603000,-55,0.000000,7,8
1,6.000000,4.398000,0.567000,-56,0.000000,7,8
1,6.000000,4.325000,0.343000,-56,0.000000,7,8
1,6.000000,4.486000,0.250000,-55,0.000000,7,8
1,6.000000,4.413000,0.490000,-55,0.000000,7,8
1,6.000000,4.545000,0.562000,-56,0.000000,7,8
1,6.000000,4.501000,0.630000,-57,0.000000,7,8
1,6.000000,4.398000,0.396000,-57,0.000000,7,8
1,6.000000,4.208000,0.747000,-57,0.000000,7,8
1,6.000000,4.149000,0.938000,-56,0.000000,7,8
1,6.000000,4.398000,0.681000,-56,0.000000,7,8
1,6.000000,4.325000,0.537000,-56,0.000000,7,8
1,6.000000,4.281000,0.712000,-55,0.000000,7,8
1,6.000000,4.340000,0.528000,-56,0.000000,7,8
1,6.000000,4.545000,0.429000,-55,0.000000,7,8
1,6.000000,4.384000,0.417000,-56,0.000000,7,8
1,6.000000,4.296000,0.791000,-56,0.000000,7,8
1,6.000000,4.281000,0.538000,-56,0.000000,7,8
1,6.000000,4.252000,0.765000,-56,0.000000,7,8
1,6.000000,4.325000,0.308000,-56,0.000000,7,8
1,6.000000,4.384000,0.609000,-56,0.000000,7,8
1,6.000000,4.223000,0.591000,-56,0.000000,7,8
1,6.000000,4.296000,0.544000,-56,0.000000,7,8
1,6.000000,4.384000,0.537000,-55,0.000000,7,8
1,6.000000,4.208000,0.661000,-55,0.000000,7,8
1,6.000000,4.340000,0.480000,-55,0.000000,7,8
1,6.000000,4.325000,0.454000,-56,0.000000,7,8
1,6.000000,4.076000,0.648000,-56,0.000000,7,8
1,6.000000,4.252000,0.563000,-56,0.000000,7,8
1,6.000000,4.135000,0.722000,-56,0.000000,7,8
1,6.000000,4.237000,0.602000,-56,0.000000,7,8
1,6.000000,4.032000,0.810000,-56,0.000000,7,8
1,6.000000,4.179000,0.645000,-56,0.000000,7,8
1,6.000000,4.501000,0.475000,-56,0.000000,7,8
1,6.000000,4.384000,0.472000,-56,0.000000,7,8
1,6.000000,4.267000,0.715000,-56,0.000000,7,8
1,6.000000,4.281000,0.782000,-55,0.000000,7,8
1,6.000000,4.252000,0.490000,-56,0.000000,7,8
1,6.000000,4.281000,0.474000,-56,0.000000,7,8
1,6.000000,4.037000,0.434000,-56,0.000000,7,8
1,6.000000,4.047000,0.777000,-56,0.000000,7,8
1,6.000000,4.032000,0.639000,-56,0.000000,7,8
1,6.000000,4.091000,0.528000,-56,0.000000,7,8
1,6.000000,4.135000,0.603000,-56,0.000000,7,8
1,6.000000,4.062000,0.602000,-56,0.000000,7,8
1,6.000000,4.296000,0.453000,-56,0.000000,7,8
1,6.000000,4.311000,0.643000,-55,0.000000,7,8
1,6.000000,4.267000,0.412000,-55,0.000000,7,8
1,6.000000,4.208000,0.596000,-55,0.000000,7,8
1,6.000000,4.179000,0.579000,-55,0.000000,7,8
1,6.000000,4.296000,0.792000,-55,0.000000,7,8
1,6.000000,4.340000,0.452000,-55,0.000000,7,8
1,6.000000,4.384000,0.530000,-55,0.000000,7,8
1,6.000000,4.267000,0.645000,-55,0.000000,7,8
1,6.000000,4.354000,0.335000,-56,0.000000,7,8
1,6.000000,4.193000,0.616000,-56,0.000000,7,8
1,6.000000,4.281000,0.659000,-56,0.000000,7,8
1,6.000000,4.311000,0.796000,-56,0.000000,7,8
1,6.000000,4.149000,0.828000,-56,0.000000,7,8
1,6.000000,4.208000,1.009000,-56,0.000000,7,8
1,6.000000,4.266000,0.678000,-56,0.000000,7,8
1,6.000000,4.076000,0.898000,-56,0.000000,7,8
1,6.000000,4.062000,0.876000,-56,0.000000,7,8
1,6.000000,4.281000,0.732000,-56,0.000000,7,8
1,6.000000,4.179000,0.852000,-56,0.000000,7,8
1,6.000000,4.237000,0.643000,-56,0.000000,7,8
1,6.000000,4.208000,0.750000,-56,0.000000,7,8
1,6.000000,4.076000,0.744000,-56,0.000000,7,8
1,6.000000,4.032000,0.908000,-56,0.000000,7,8
1,6.000000,3.988000,0.838000,-56,0.000000,7,8
1,6.000000,3.930000,0.977000,-56,0.000000,7,8
1,6.000000,4.091000,1.095000,-56,0.000000,7,8
1,6.000000,4.164000,0.810000,-56,0.000000,7,8
1,6.000000,4.032000,0.797000,-56,0.000000,7,8
1,6.000000,4.105000,0.819000,-57,0.000000,7,8
1,6.000000,4.061000,0.859000,-56,0.000000,7,8
1,6.000000,4.091000,0.648000,-56,0.000000,7,8
1,6.000000,4.179000,0.711000,-56,0.000000,7,8
1,6.000000,3.988000,0.810000,-56,0.000000,7,8
1,6.000000,4.032000,0.737000,-57,0.000000,7,8
1,6.000000,4.135000,0.757000,-57,0.000000,7,8
1,6.000000,4.091000,0.826000,-56,0.000000,7,8
1,6.000000,4.047000,1.008000,-56,0.000000,7,8
1,6.000000,3.988000,0.873000,-56,0.000000,7,8
1,6.000000,4.179000,1.000000,-56,0.000000,7,8
1,6.000000,4.222000,0.813000,-56,0.000000,7,8
1,6.000000,4.208000,0.487000,-56,0.000000,7,8
1,6.000000,4.296000,0.756000,-56,0.000000,7,8
1,6.000000,4.281000,0.650000,-56,0.000000,7,8
1,6.000000,4.091000,0.875000,-56,0.000000,7,8
1,6.000000,4.222000,0.622000,-56,0.000000,7,8
1,6.000000,4.442000,0.620000,-56,0.000000,7,8
1,6.000000,4.061000,0.753000,-56,0.000000,7,8
1,6.000000,4.311000,0.654000,-56,0.000000,7,8
1,6.000000,4.208000,0.781000,-56,0.000000,7,8
1,6.000000,4.164000,0.772000,-56,0.000000,7,8
1,6.000000,4.120000,0.668000,-56,0.000000,7,8
1,6.000000,4.311000,0.548000,-56,0.000000,7,8
1,6.000000,4.179000,0.564000,-56,0.000000,7,8
1,6.000000,4.061000,0.672000,-56,0.000000,7,8
1,6.000000,4.325000,0.681000,-56,0.000000,7,8
1,6.000000,4.471000,0.526000,-56,0.000000,7,8
1,6.000000,4.325000,0.627000,-56,0.000000,7,8
1,6.000000,4.281000,0.633000,-56,0.000000,7,8
1,6.000000,4.179000,0.634000,-56,0.000000,7,8
1,6.000000,4.003000,0.921000,-56,0.000000,7,8
1,6.000000,4.208000,0.863000,-56,0.000000,7,8
1,6.000000,4.135000,1.026000,-56,0.000000,7,8
1,6.000000,4.164000,0.925000,-56,0.000000,7,8
1,6.000000,4.135000,0.713000,-56,0.000000,7,8
1,6.000000,4.193000,0.555000,-56,0.000000,7,8
1,6.000000,4.237000,0.730000,-56,0.000000,7,8
1,6.000000,4.120000,0.808000,-56,0.000000,7,8
1,6.000000,3.915000,0.973000,-56,0.000000,7,8
1,6.000000,4.149000,0.670000,-56,0.000000,7,8
1,6.000000,4.032000,0.785000,-56,0.000000,7,8
1,6.000000,4.135000,0.616000,-56,0.000000,7,8
1,6.000000,4.120000,0.697000,-57,0.000000,7,8
1,6.000000,4.062000,0.775000,-56,0.000000,7,8
1,6.000000,4.032000,0.895000,-56,0.000000,7,8
1,6.000000,4.120000,0.845000,-56,0.000000,7,8
1,6.000000,4.105000,0.891000,-56,0.000000,7,8
1,6.000000,4.135000,0.772000,-56,0.000000,7,8
1,6.000000,4.003000,0.831000,-56,0.000000,7,8
1,6.000000,4.179000,0.776000,-56,0.000000,7,8
1,6.000000,4.018000,0.977000,-56,0.000000,7,8
1,6.000000,4.091000,0.710000,-56,0.000000,7,8
1,6.000000,4.179000,0.833000,-56,0.000000,7,8
1,6.000000,4.076000,0.912000,-56,0.000000,7,8
1,6.000000,4.032000,0.805000,-56,0.000000,7,8
1,6.000000,4.135000,0.648000,-56,0.000000,7,8
1,6.000000,4.179000,0.849000,-56,0.000000,7,8
1,6.000000,4.149000,0.644000,-56,0.000000,7,8
1,6.000000,4.193000,0.835000,-56,0.000000,7,8
1,6.000000,4.135000,0.999000,-56,0.000000,7,8
1,6.000000,4.208000,0.657000,-56,0.000000,7,8
1,6.000000,4.120000,0.724000,-56,0.000000,7,8
1,6.000000,4.164000,0.746000,-56,0.000000,7,8
1,6.000000,4.267000,0.755000,-56,0.000000,7,8
1,6.000000,4.369000,0.493000,-56,0.000000,7,8
1,6.000000,4.208000,0.626000,-56,0.000000,7,8
1,6.000000,4.311000,0.589000,-56,0.000000,7,8
1,6.000000,4.281000,0.764000,-56,0.000000,7,8
1,6.000000,4.120000,0.768000,-56,0.000000,7,8
1,6.000000,4.091000,0.735000,-56,0.000000,7,8
1,6.000000,4.325000,0.536000,-56,0.000000,7,8
1,6.000000,4.105000,0.799000,-56,0.000000,7,8
1,6.000000,4.179000,0.511000,-56,0.000000,7,8
1,6.000000,4.164000,0.584000,-56,0.000000,7,8
1,6.000000,4.252000,0.634000,-56,0.000000,7,8
1,6.000000,4.208000,0.895000,-56,0.000000,7,8
1,6.000000,4.252000,0.626000,-56,0.000000,7,8
1,6.000000,4.237000,0.758000,-56,0.000000,7,8
1,6.000000,4.296000,0.751000,-56,0.000000,7,8
1,6.000000,4.193000,0.746000,-56,0.000000,7,8
1,6.000000,4.267000,0.851000,-56,0.000000,7,8
1,6.000000,4.208000,0.613000,-56,0.000000,7,8
1,6.000000,4.179000,0.851000,-56,0.000000,7,8
1,6.000000,4.325000,0.581000,-56,0.000000,7,8
1,6.000000,4.281000,0.459000,-56,0.000000,7,8
1,6.000000,4.179000,0.548000,-56,0.000000,7,8
1,6.000000,4.223000,0.775000,-56,0.000000,7,8
1,6.000000,4.369000,0.596000,-56,0.000000,7,8
1,6.000000,4.193000,0.744000,-56,0.000000,7,8
1,6.000000,4.252000,0.645000,-56,0.000000,7,8
1,6.000000,4.325000,0.668000,-56,0.000000,7,8
1,6.000000,4.193000,0.498000,-55,0.000000,7,8
1,6.000000,4.311000,0.317000,-55,0.000000,7,8
1,6.000000,4.369000,0.475000,-55,0.000000,7,8
1,6.000000,4.354000,0.298000,-55,0.000000,7,8
1,6.000000,4.340000,0.199000,-55,0.000000,7,8
1,6.000000,4.179000,0.464000,-55,0.000000,7,8
1,6.000000,4.237000,0.358000,-55,0.000000,7,8
1,6.000000,4.398000,0.367000,-55,0.000000,7,8
1,6.000000,4.325000,0.275000,-55,0.000000,7,8
1,6.000000,4.281000,0.253000,-55,0.000000,7,8
1,6.000000,4.208000,0.363000,-55,0.000000,7,8
1,6.000000,4.179000,0.327000,-55,0.000000,7,8
1,6.000000,4.266000,0.244000,-55,0.000000,7,8
1,6.000000,4.237000,0.356000,-55,0.000000,7,8
1,6.000000,4.193000,0.540000,-55,0.000000,7,8
1,6.000000,4.120000,0.354000,-55,0.000000,7,8
1,6.000000,4.330000,0.398000,-55,0.000000,7,8
1,6.000000,4.208000,0.299000,-55,0.000000,7,8
1,6.000000,4.369000,0.414000,-55,0.000000,7,8
1,6.000000,4.281000,0.403000,-55,0.000000,7,8
1,6.000000,4.237000,0.625000,-55,0.000000,7,8
1,6.000000,4.267000,0.267000,-55,0.000000,7,8
1,6.000000,4.281000,0.400000,-55,0.000000,7,8
1,6.000000,4.135000,0.438000,-55,0.000000,7,8
1,6.000000,4.296000,0.441000,-55,0.000000,7,8
1,6.000000,4.281000,0.404000,-56,0.000000,7,8
1,6.000000,4.340000,0.425000,-55,0.000000,7,8
1,6.000000,4.296000,0.427000,-55,0.000000,7,8
1,6.000000,4.384000,0.376000,-55,0.000000,7,8
1,6.000000,4.325000,0.501000,-55,0.000000,7,8
1,6.000000,4.340000,0.260000,-55,0.000000,7,8
1,6.000000,4.340000,0.351000,-55,0.000000,7,8
1,6.000000,4.311000,0.651000,-55,0.000000,7,8
1,6.000000,4.267000,0.654000,-55,0.000000,7,8
1,6.000000,4.193000,0.568000,-55,0.000000,7,8
1,6.000000,4.252000,0.728000,-55,0.000000,7,8
1,6.000000,4.267000,0.507000,-55,0.000000,7,8
1,6.000000,4.340000,0.611000,-55,0.000000,7,8
1,6.000000,4.149000,0.668000,-55,0.000000,7,8
1,6.000000,4.237000,0.348000,-55,0.000000,7,8
1,6.000000,4.442000,0.512000,-55,0.000000,7,8
1,6.000000,4.267000,0.418000,-55,0.000000,7,8
1,6.000000,4.369000,0.416000,-55,0.000000,7,8
1,6.000000,4.193000,0.548000,-55,0.000000,7,8
1,6.000000,4.325000,0.437000,-56,0.000000,7,8
1,6.000000,4.252000,0.551000,-55,0.000000,7,8
1,6.000000,4.193000,0.560000,-55,0.000000,7,8
1,6.000000,4.193000,0.375000,-55,0.000000,7,8
1,6.000000,4.223000,0.325000,-55,0.000000,7,8
1,6.000000,4.325000,0.434000,-55,0.000000,7,8
1,6.000000,4.252000,0.645000,-55,0.000000,7,8
1,6.000000,4.120000,0.718000,-55,0.000000,7,8
1,6.000000,4.296000,0.417000,-55,0.000000,7,8
1,6.000000,4.237000,0.705000,-56,0.000000,7,8
1,6.000000,4.340000,0.563000,-55,0.000000,7,8
1,6.000000,4.252000,0.590000,-55,0.000000,7,8
1,6.000000,4.120000,0.620000,-55,0.000000,7,8
1,6.000000,4.369000,0.600000,-55,0.000000,7,8
1,6.000000,4.354000,0.452000,-55,0.000000,7,8
1,6.000000,4.149000,0.652000,-55,0.000000,7,8
1,6.000000,4.354000,0.669000,-55,0.000000,7,8
1,6.000000,4.208000,0.738000,-55,0.000000,7,8
1,6.000000,4.208000,0.572000,-56,0.000000,7,8
1,6.000000,4.384000,0.682000,-56,0.000000,7,8
1,6.000000,4.179000,0.861000,-56,0.000000,7,8
1,6.000000,4.223000,0.536000,-56,0.000000,7,8
1,6.000000,4.222000,0.832000,-56,0.000000,7,8
1,6.000000,4.164000,0.676000,-56,0.000000,7,8
1,6.000000,4.149000,0.887000,-56,0.000000,7,8
1,6.000000,4.223000,0.612000,-56,0.000000,7,8
1,6.000000,4.179000,0.750000,-56,0.000000,7,8
1,6.000000,4.135000,0.731000,-56,0.000000,7,8
1,6.000000,4.281000,0.665000,-56,0.000000,7,8
1,6.000000,4.340000,0.601000,-56,0.000000,7,8
1,6.000000,4.310000,0.536000,-56,0.000000,7,8
1,6.000000,4.296000,0.781000,-56,0.000000,7,8
1,6.000000,4.193000,0.626000,-56,0.000000,7,8
1,6.000000,4.222000,0.699000,-56,0.000000,7,8
1,6.000000,4.252000,0.600000,-55,0.000000,7,8
1,6.000000,4.267000,0.655000,-56,0.000000,7,8
1,6.000000,4.237000,0.621000,-55,0.000000,7,8
1,6.000000,4.311000,0.588000,-55,0.000000,7,8
1,6.000000,4.296000,0.536000,-56,0.000000,7,8
1,6.000000,4.179000,0.540000,-56,0.000000,7,8
1,6.000000,4.091000,0.810000,-56,0.000000,7,8
1,6.000000,4.296000,0.416000,-56,0.000000,7,8
1,6.000000,4.223000,0.483000,-56,0.000000,7,8
1,6.000000,4.179000,0.288000,-56,0.000000,7,8
1,6.000000,4.208000,0.790000,-56,0.000000,7,8
1,6.000000,4.047000,0.681000,-56,0.000000,7,8
1,6.000000,4.164000,0.763000,-56,0.000000,7,8
1,6.000000,4.296000,0.539000,-56,0.000000,7,8
1,6.000000,4.120000,0.586000,-56,0.000000,7,8
1,6.000000,4.135000,0.669000,-56,0.000000,7,8
1,6.000000,4.310000,0.540000,-56,0.000000,7,8
1,6.000000,4.266000,0.636000,-56,0.000000,7,8
1,6.000000,4.281000,0.552000,-56,0.000000,7,8
1,6.000000,4.193000,0.641000,-56,0.000000,7,8
1,6.000000,4.428000,0.539000,-56,0.000000,7,8
1,6.000000,4.223000,0.549000,-56,0.000000,7,8
1,6.000000,4.252000,0.502000,-56,0.000000,7,8
1,6.000000,4.281000,0.572000,-56,0.000000,7,8
1,6.000000,4.296000,0.454000,-55,0.000000,7,8
1,6.000000,4.164000,0.658000,-56,0.000000,7,8
1,6.000000,4.267000,0.502000,-55,0.000000,7,8
1,6.000000,4.223000,0.666000,-55,0.000000,7,8
1,6.000000,4.325000,0.586000,-55,0.000000,7,8
1,6.000000,4.354000,0.493000,-56,0.000000,7,8
1,6.000000,4.164000,0.539000,-56,0.000000,7,8
1,6.000000,4.252000,0.670000,-55,0.000000,7,8
1,6.000000,4.296000,0.592000,-56,0.000000,7,8
1,6.000000,4.325000,0.690000,-56,0.000000,7,8
1,6.000000,4.354000,0.555000,-55,0.000000,7,8
1,6.000000,4.384000,0.508000,-55,0.000000,7,8
1,6.000000,4.252000,0.868000,-55,0.000000,7,8
1,6.000000,4.223000,0.601000,-55,0.000000,7,8
1,6.000000,4.442000,0.405000,-55,0.000000,7,8
1,6.000000,4.354000,0.526000,-55,0.000000,7,8
1,6.000000,4.193000,0.604000,-55,0.000000,7,8
1,6.000000,4.267000,0.598000,-55,0.000000,7,8
1,6.000000,4.266000,0.683000,-56,0.000000,7,8
1,6.000000,4.325000,0.414000,-56,0.000000,7,8
1,6.000000,4.223000,0.581000,-55,0.000000,7,8
1,6.000000,4.252000,0.574000,-55,0.000000,7,8
1,6.000000,4.369000,0.386000,-56,0.000000,7,8
1,6.000000,4.149000,0.756000,-56,0.000000,7,8
1,6.000000,4.296000,0.732000,-56,0.000000,7,8
1,6.000000,4.281000,0.661000,-56,0.000000,7,8
1,6.000000,4.179000,0.648000,-56,0.000000,7,8
1,6.000000,4.340000,0.289000,-55,0.000000,7,8
1,6.000000,4.252000,0.622000,-56,0.000000,7,8
1,6.000000,4.340000,0.507000,-55,0.000000,7,8
1,6.000000,4.164000,0.705000,-55,0.000000,7,8
1,6.000000,4.325000,0.547000,-55,0.000000,7,8
1,6.000000,4.237000,0.543000,-55,0.000000,7,8
1,6.000000,4.325000,0.441000,-55,0.000000,7,8
1,6.000000,4.311000,0.587000,-55,0.000000,7,8
1,6.000000,4.179000,0.686000,-55,0.000000,7,8
1,6.000000,4.354000,0.565000,-55,0.000000,7,8
1,6.000000,4.281000,0.658000,-55,0.000000,7,8
1,6.000000,4.266000,0.256000,-55,0.000000,7,8
1,6.000000,4.237000,0.702000,-56,0.000000,7,8
1,6.000000,4.413000,0.372000,-56,0.000000,7,8
1,6.000000,4.369000,0.601000,-56,0.000000,7,8
1,6.000000,4.369000,0.620000,-56,0.000000,7,8
1,6.000000,4.296000,0.465000,-56,0.000000,7,8
1,6.000000,4.266000,0.328000,-56,0.000000,7,8
1,6.000000,4.135000,0.834000,-56,0.000000,7,8
1,6.000000,4.325000,0.572000,-56,0.000000,7,8
1,6.000000,4.281000,0.507000,-56,0.000000,7,8
1,6.000000,4.296000,0.657000,-56,0.000000,7,8
1,6.000000,4.149000,0.629000,-56,0.000000,7,8
1,6.000000,4.237000,0.674000,-56,0.000000,7,8
1,6.000000,4.149000,0.772000,-56,0.000000,7,8
1,6.000000,4.237000,0.613000,-56,0.000000,7,8
1,6.000000,4.281000,0.467000,-56,0.000000,7,8
1,6.000000,4.325000,0.519000,-56,0.000000,7,8
1,6.000000,4.296000,0.608000,-56,0.000000,7,8
1,6.000000,4.354000,0.561000,-56,0.000000,7,8
1,6.000000,4.149000,0.577000,-56,0.000000,7,8
1,6.000000,4.354000,0.585000,-56,0.000000,7,8
1,6.000000,4.164000,0.922000,-56,0.000000,7,8
1,6.000000,4.222000,0.673000,-56,0.000000,7,8
1,6.000000,4.311000,0.706000,-56,0.000000,7,8
1,6.000000,4.281000,0.777000,-56,0.000000,7,8
1,6.000000,4.149000,0.521000,-56,0.000000,7,8
1,6.000000,4.208000,0.678000,-56,0.000000,7,8
1,6.000000,4.325000,0.509000,-56,0.000000,7,8
1,6.000000,4.149000,0.774000,-56,0.000000,7,8
1,6.000000,4.208000,0.810000,-56,0.000000,7,8
1,6.000000,4.179000,0.831000,-56,0.000000,7,8
1,6.000000,4.120000,0.673000,-56,0.000000,7,8
1,6.000000,4.135000,0.602000,-56,0.000000,7,8
1,6.000000,4.354000,0.672000,-56,0.000000,7,8
1,6.000000,4.340000,0.712000,-55,0.000000,7,8
1,6.000000,4.267000,0.729000,-56,0.000000,7,8
1,6.000000,4.369000,0.714000,-55,0.000000,7,8
1,6.000000,4.589000,0.578000,-55,0.000000,7,8
1,6.000000,4.340000,0.578000,-55,0.000000,7,8
1,6.000000,4.442000,0.988000,-55,0.000000,7,8
1,6.000000,4.471000,0.572000,-55,0.000000,7,8
1,6.000000,4.530000,0.527000,-56,0.000000,7,8
1,6.000000,4.501000,0.650000,-56,0.000000,7,8
1,6.000000,4.384000,0.700000,-57,0.000000,7,8
1,6.000000,4.340000,0.618000,-57,0.000000,7,8
1,6.000000,4.222000,0.643000,-58,0.000000,7,8
1,6.000000,4.179000,0.705000,-58,0.000000,7,8
1,6.000000,4.296000,0.460000,-57,0.000000,7,8
1,6.000000,4.354000,0.816000,-57,0.000000,7,8
1,6.000000,4.325000,0.732000,-57,0.000000,7,8
1,6.000000,4.574000,0.393000,-57,0.000000,7,8
1,6.000000,4.398000,0.434000,-57,0.000000,7,8
1,6.000000,4.398000,0.597000,-56,0.000000,7,8
1,6.000000,4.179000,0.765000,-56,0.000000,7,8
1,6.000000,4.457000,0.337000,-56,0.000000,7,8
1,6.000000,4.354000,0.637000,-56,0.000000,7,8
1,6.000000,4.252000,0.391000,-56,0.000000,7,8
1,6.000000,4.369000,0.498000,-56,0.000000,7,8
1,6.000000,4.179000,0.616000,-56,0.000000,7,8
1,6.000000,4.135000,0.455000,-56,0.000000,7,8
1,6.000000,4.149000,0.593000,-56,0.000000,7,8
1,6.000000,4.164000,0.439000,-56,0.000000,7,8
1,6.000000,4.193000,0.309000,-56,0.000000,7,8
1,6.000000,4.149000,0.544000,-56,0.000000,7,8
1,6.000000,4.149000,0.589000,-56,0.000000,7,8
1,6.000000,4.267000,0.527000,-56,0.000000,7,8
1,6.000000,4.252000,0.606000,-55,0.000000,7,8
1,6.000000,4.164000,0.635000,-55,0.000000,7,8
1,6.000000,4.252000,0.348000,-56,0.000000,7,8
1,6.000000,4.164000,0.684000,-56,0.000000,7,8
1,6.000000,4.105000,0.555000,-56,0.000000,7,8
1,6.000000,4.252000,0.552000,-56,0.000000,7,8
1,6.000000,4.193000,0.680000,-56,0.000000,7,8
1,6.000000,4.232000,0.464000,-56,0.000000,7,8
1,6.000000,4.091000,0.565000,-56,0.000000,7,8
1,6.000000,4.149000,0.690000,-56,0.000000,7,8
1,6.000000,4.164000,0.424000,-56,0.000000,7,8
1,6.000000,4.296000,0.540000,-56,0.000000,7,8
1,6.000000,4.267000,0.512000,-56,0.000000,7,8
1,6.000000,4.174000,0.505000,-56,0.000000,7,8
1,6.000000,4.457000,0.561000,-56,0.000000,7,8
1,6.000000,4.096000,0.538000,-56,0.000000,7,8
1,6.000000,3.959000,0.279000,-55,0.000000,7,8
1,6.000000,4.296000,0.298000,-55,0.000000,7,8
1,6.000000,4.193000,0.567000,-56,0.000000,7,8
1,6.000000,4.252000,0.600000,-55,0.000000,7,8
1,6.000000,4.325000,0.397000,-55,0.000000,7,8
1,6.000000,4.354000,0.536000,-56,0.000000,7,8
1,6.000000,4.310000,0.539000,-55,0.000000,7,8
1,6.000000,4.311000,0.288000,-55,0.000000,7,8
1,6.000000,4.018000,0.322000,-56,0.000000,7,8
1,6.000000,4.369000,0.555000,-55,0.000000,7,8
1,6.000000,4.442000,0.613000,-55,0.000000,7,8
1,6.000000,4.384000,0.420000,-55,0.000000,7,8
1,6.000000,4.296000,0.309000,-56,0.000000,7,8
1,6.000000,4.545000,0.449000,-55,0.000000,7,8
1,6.000000,4.296000,0.372000,-55,0.000000,7,8
1,6.000000,4.330000,0.395000,-56,0.000000,7,8
1,6.000000,4.267000,0.631000,-55,0.000000,7,8
1,6.000000,4.354000,0.385000,-56,0.000000,7,8
1,6.000000,4.193000,0.545000,-56,0.000000,7,8
1,6.000000,4.223000,0.509000,-56,0.000000,7,8
1,6.000000,4.164000,0.586000,-56,0.000000,7,8
1,6.000000,4.149000,0.590000,-56,0.000000,7,8
1,6.000000,4.413000,0.715000,-55,0.000000,7,8
1,6.000000,4.135000,0.626000,-55,0.000000,7,8
1,6.000000,4.267000,0.428000,-55,0.000000,7,8
1,6.000000,4.369000,0.694000,-55,0.000000,7,8
1,6.000000,4.310000,0.460000,-55,0.000000,7,8
1,6.000000,4.266000,0.630000,-55,0.000000,7,8
1,6.000000,4.311000,0.719000,-55,0.000000,7,8
1,6.000000,4.179000,0.739000,-55,0.000000,7,8
1,6.000000,4.252000,0.522000,-55,0.000000,7,8
1,6.000000,4.354000,0.525000,-55,0.000000,7,8
1,6.000000,4.267000,0.643000,-55,0.000000,7,8
1,6.000000,4.252000,0.743000,-56,0.000000,7,8
1,6.000000,4.296000,0.688000,-55,0.000000,7,8
1,6.000000,4.311000,0.334000,-55,0.000000,7,8
1,6.000000,4.179000,0.533000,-56,0.000000,7,8
1,6.000000,4.442000,0.443000,-56,0.000000,7,8
1,6.000000,4.149000,0.549000,-56,0.000000,7,8
1,6.000000,4.296000,0.660000,-56,0.000000,7,8
1,6.000000,4.135000,0.814000,-56,0.000000,7,8
1,6.000000,4.223000,0.612000,-56,0.000000,7,8
1,6.000000,4.223000,0.630000,-56,0.000000,7,8
1,6.000000,4.193000,0.483000,-56,0.000000,7,8
1,6.000000,4.266000,0.556000,-56,0.000000,7,8
1,6.000000,4.164000,0.552000,-55,0.000000,7,8
1,6.000000,4.193000,0.582000,-55,0.000000,7,8
1,6.000000,4.135000,0.718000,-56,0.000000,7,8
1,6.000000,4.164000,0.719000,-56,0.000000,7,8
1,6.000000,4.325000,0.464000,-56,0.000000,7,8
1,6.000000,4.223000,0.592000,-56,0.000000,7,8
1,6.000000,4.120000,0.579000,-56,0.000000,7,8
1,6.000000,4.267000,0.711000,-56,0.000000,7,8
1,6.000000,4.149000,0.649000,-56,0.000000,7,8
1,6.000000,4.281000,0.535000,-56,0.000000,7,8
1,6.000000,4.296000,0.724000,-56,0.000000,7,8
1,6.000000,4.135000,0.684000,-56,0.000000,7,8
1,6.000000,4.193000,0.727000,-56,0.000000,7,8
1,6.000000,4.208000,0.797000,-56,0.000000,7,8
1,6.000000,4.222000,0.524000,-56,0.000000,7,8
1,6.000000,4.208000,0.676000,-56,0.000000,7,8
1,6.000000,4.237000,0.672000,-56,0.000000,7,8
1,6.000000,4.193000,0.587000,-56,0.000000,7,8
1,6.000000,4.237000,0.631000,-56,0.000000,7,8
1,6.000000,4.223000,0.584000,-56,0.000000,7,8
1,6.000000,4.428000,0.403000,-55,0.000000,7,8
1,6.000000,4.252000,0.543000,-55,0.000000,7,8
1,6.000000,4.149000,0.778000,-55,0.000000,7,8
1,6.000000,4.149000,0.652000,-55,0.000000,7,8
1,6.000000,4.442000,0.588000,-55,0.000000,7,8
1,6.000000,4.340000,0.669000,-55,0.000000,7,8
1,6.000000,4.267000,0.552000,-56,0.000000,7,8
1,6.000000,4.325000,0.599000,-55,0.000000,7,8
1,6.000000,4.325000,0.503000,-55,0.000000,7,8
1,6.000000,4.281000,0.485000,-55,0.000000,7,8
1,6.000000,4.296000,0.583000,-55,0.000000,7,8
1,6.000000,4.281000,0.729000,-55,0.000000,7,8
1,6.000000,4.340000,0.525000,-56,0.000000,7,8
1,6.000000,4.457000,0.502000,-55,0.000000,7,8
1,6.000000,4.296000,0.433000,-56,0.000000,7,8
1,6.000000,4.325000,0.532000,-56,0.000000,7,8
1,6.000000,4.267000,0.662000,-55,0.000000,7,8
1,6.000000,4.237000,0.769000,-55,0.000000,7,8
1,6.000000,4.325000,0.392000,-56,0.000000,7,8
1,6.000000,4.311000,0.491000,-55,0.000000,7,8
1,6.000000,4.266000,0.523000,-56,0.000000,7,8
1,6.000000,4.369000,0.427000,-55,0.000000,7,8
1,6.000000,4.179000,0.596000,-56,0.000000,7,8
1,6.000000,4.325000,0.546000,-56,0.000000,7,8
1,6.000000,4.193000,0.651000,-56,0.000000,7,8
1,6.000000,4.252000,0.598000,-56,0.000000,7,8
1,6.000000,4.223000,0.506000,-55,0.000000,7,8
1,6.000000,4.296000,0.446000,-55,0.000000,7,8
1,6.000000,4.237000,0.508000,-56,0.000000,7,8
1,6.000000,4.325000,0.665000,-56,0.000000,7,8
1,6.000000,4.266000,0.426000,-55,0.000000,7,8
1,6.000000,4.252000,0.424000,-56,0.000000,7,8
1,6.000000,4.281000,0.745000,-55,0.000000,7,8
1,6.000000,4.222000,0.526000,-56,0.000000,7,8
1,6.000000,4.252000,0.581000,-56,0.000000,7,8
1,6.000000,4.223000,0.462000,-56,0.000000,7,8
1,6.000000,4.252000,0.587000,-56,0.000000,7,8
1,6.000000,4.047000,0.624000,-55,0.000000,7,8
1,6.000000,4.208000,0.638000,-56,0.000000,7,8
1,6.000000,4.267000,0.512000,-55,0.000000,7,8
1,6.000000,4.164000,0.741000,-55,0.000000,7,8
1,6.000000,4.149000,0.521000,-56,0.000000,7,8
1,6.000000,4.266000,0.496000,-56,0.000000,7,8
1,6.000000,4.091000,0.541000,-56,0.000000,7,8
1,6.000000,4.281000,0.428000,-55,0.000000,7,8
1,6.000000,4.237000,0.519000,-55,0.000000,7,8
1,6.000000,4.340000,0.381000,-55,0.000000,7,8
1,6.000000,4.223000,0.571000,-55,0.000000,7,8
1,6.000000,4.325000,0.430000,-55,0.000000,7,8
1,6.000000,4.252000,0.691000,-56,0.000000,7,8
1,6.000000,4.237000,0.524000,-55,0.000000,7,8
1,6.000000,4.105000,0.678000,-56,0.000000,7,8
1,6.000000,4.267000,0.589000,-56,0.000000,7,8
1,6.000000,4.252000,0.671000,-56,0.000000,7,8
1,6.000000,4.296000,0.320000,-56,0.000000,7,8
1,6.000000,4.428000,0.275000,-56,0.000000,7,8
1,6.000000,4.354000,0.640000,-55,0.000000,7,8
1,6.000000,4.296000,0.624000,-55,0.000000,7,8
1,6.000000,4.296000,0.454000,-55,0.000000,7,8
1,6.000000,4.179000,0.646000,-55,0.000000,7,8
1,6.000000,4.296000,0.580000,-55,0.000000,7,8
1,6.000000,4.384000,0.552000,-55,0.000000,7,8
1,6.000000,4.267000,0.511000,-56,0.000000,7,8
1,6.000000,4.413000,0.444000,-55,0.000000,7,8
1,6.000000,4.281000,0.514000,-56,0.000000,7,8
1,6.000000,4.223000,0.586000,-55,0.000000,7,8
1,6.000000,4.516000,0.190000,-56,0.000000,7,8
1,6.000000,4.398000,0.242000,-55,0.000000,7,8
1,6.000000,4.179000,0.755000,-56,0.000000,7,8
1,6.000000,4.193000,0.637000,-56,0.000000,7,8
1,6.000000,4.369000,0.542000,-55,0.000000,7,8
1,6.000000,4.213000,0.246000,-55,0.000000,7,8
1,6.000000,4.428000,0.405000,-55,0.000000,7,8
1,6.000000,4.281000,0.713000,-55,0.000000,7,8
1,6.000000,4.281000,0.655000,-56,0.000000,7,8
1,6.000000,4.252000,0.513000,-55,0.000000,7,8
1,6.000000,4.516000,0.540000,-56,0.000000,7,8
1,6.000000,4.223000,0.395000,-54,0.000000,7,8
1,6.000000,4.154000,0.390000,-55,0.000000,7,8
1,6.000000,3.705000,0.428000,-55,0.000000,7,8
1,6.000000,4.809000,1.152000,-63,0.000000,7,8
1,6.000000,4.105000,1.316000,-59,0.000000,7,8
1,6.000000,2.924000,0.671000,-54,0.000000,7,8
1,6.000000,4.179000,0.859000,-54,0.000000,7,8
1,6.000000,4.281000,0.602000,-58,0.000000,7,8
1,6.000000,4.223000,0.921000,-53,0.000000,7,8
1,6.000000,4.750000,0.488000,-56,0.000000,7,8
1,6.000000,4.779000,0.302000,-56,0.000000,7,8
1,6.000000,3.783000,0.616000,-54,0.000000,7,8
1,6.000000,4.486000,0.726000,-56,0.000000,7,8
1,6.000000,4.442000,0.435000,-57,0.000000,7,8
1,6.000000,4.232000,0.250000,-55,0.000000,7,8
1,6.000000,3.705000,0.326000,-55,0.000000,7,8
1,6.000000,4.281000,1.252000,-55,0.000000,7,8
1,6.000000,4.003000,0.471000,-57,0.000000,7,8
1,6.000000,4.413000,0.619000,-55,0.000000,7,8
1,6.000000,4.237000,0.584000,-55,0.000000,7,8
1,6.000000,4.105000,0.420000,-56,0.000000,7,8
1,6.000000,4.223000,0.727000,-55,0.000000,7,8
1,6.000000,4.208000,0.534000,-55,0.000000,7,8
1,6.000000,4.193000,0.456000,-55,0.000000,7,8
1,6.000000,3.881000,0.291000,-54,0.000000,7,8
1,6.000000,4.442000,0.768000,-55,0.000000,7,8
1,6.000000,4.135000,0.577000,-55,0.000000,7,8
1,6.000000,4.515000,1.417000,-55,0.000000,7,8
1,6.000000,4.296000,0.309000,-55,0.000000,7,8
1,6.000000,3.803000,0.453000,-55,0.000000,7,8
1,6.000000,4.311000,1.114000,-56,0.000000,7,8
1,6.000000,4.164000,0.494000,-57,0.000000,7,8
1,6.000000,4.237000,0.366000,-56,0.000000,7,8
1,6.000000,4.296000,1.040000,-55,0.000000,7,8
1,6.000000,3.822000,0.440000,-55,0.000000,7,8
1,6.000000,4.266000,0.563000,-56,0.000000,7,8
1,6.000000,4.252000,0.705000,-55,0.000000,7,8
1,6.000000,4.135000,0.333000,-56,0.000000,7,8
1,6.000000,4.281000,0.255000,-56,0.000000,7,8
1,6.000000,4.179000,0.189000,-56,0.000000,7,8
1,6.000000,4.193000,0.513000,-56,0.000000,7,8
1,6.000000,4.003000,0.844000,-57,0.000000,7,8
1,6.000000,4.135000,0.652000,-57,0.000000,7,8
1,6.000000,4.003000,1.107000,-57,0.000000,7,8
1,6.000000,4.003000,0.802000,-57,0.000000,7,8
1,6.000000,3.988000,0.762000,-57,0.000000,7,8
1,6.000000,3.842000,0.917000,-56,0.000000,7,8
1,6.000000,4.237000,0.220000,-56,0.000000,7,8
1,6.000000,3.930000,0.109000,-56,0.000000,7,8
1,6.000000,4.091000,0.201000,-56,0.000000,7,8
1,6.000000,3.930000,0.619000,-56,0.000000,7,8
1,6.000000,3.959000,0.508000,-57,0.000000,7,8
1,6.000000,4.017000,0.585000,-57,0.000000,7,8
1,6.000000,4.017000,0.559000,-56,0.000000,7,8
1,6.000000,4.032000,0.447000,-56,0.000000,7,8
1,6.000000,4.164000,0.364000,-56,0.000000,7,8
1,6.000000,3.944000,0.480000,-56,0.000000,7,8
1,6.000000,4.032000,0.439000,-56,0.000000,7,8
1,6.000000,4.061000,0.771000,-56,0.000000,7,8
1,6.000000,4.091000,0.606000,-56,0.000000,7,8
1,6.000000,4.047000,0.801000,-56,0.000000,7,8
1,6.000000,4.149000,0.506000,-56,0.000000,7,8
1,6.000000,3.930000,0.743000,-56,0.000000,7,8
1,6.000000,4.076000,0.577000,-56,0.000000,7,8
1,6.000000,4.164000,0.361000,-56,0.000000,7,8
1,6.000000,4.237000,0.482000,-56,0.000000,7,8
1,6.000000,4.164000,0.493000,-56,0.000000,7,8
1,6.000000,4.193000,0.291000,-56,0.000000,7,8
1,6.000000,4.208000,0.661000,-56,0.000000,7,8
1,6.000000,4.193000,0.633000,-56,0.000000,7,8
1,6.000000,4.135000,0.645000,-56,0.000000,7,8
1,6.000000,4.252000,0.454000,-56,0.000000,7,8
1,6.000000,4.017000,0.575000,-56,0.000000,7,8
1,6.000000,4.120000,0.580000,-56,0.000000,7,8
1,6.000000,4.252000,0.420000,-56,0.000000,7,8
1,6.000000,4.208000,0.596000,-56,0.000000,7,8
1,6.000000,4.105000,0.743000,-56,0.000000,7,8
1,6.000000,4.135000,0.629000,-56,0.000000,7,8
1,6.000000,4.267000,0.593000,-56,0.000000,7,8
1,6.000000,4.179000,0.363000,-56,0.000000,7,8
1,6.000000,4.193000,0.222000,-56,0.000000,7,8
1,6.000000,4.091000,0.600000,-56,0.000000,7,8
1,6.000000,4.105000,0.442000,-56,0.000000,7,8
1,6.000000,4.208000,0.648000,-55,0.000000,7,8
1,6.000000,4.237000,0.539000,-56,0.000000,7,8
1,6.000000,4.179000,0.563000,-56,0.000000,7,8
1,6.000000,4.208000,0.297000,-56,0.000000,7,8
1,6.000000,4.135000,0.575000,-55,0.000000,7,8
1,6.000000,4.076000,0.693000,-56,0.000000,7,8
1,6.000000,4.149000,0.576000,-56,0.000000,7,8
1,6.000000,4.061000,0.580000,-56,0.000000,7,8
1,6.000000,4.222000,0.644000,-56,0.000000,7,8
1,6.000000,4.120000,0.613000,-55,0.000000,7,8
1,6.000000,4.252000,0.480000,-56,0.000000,7,8
1,6.000000,4.164000,0.584000,-56,0.000000,7,8
1,6.000000,4.149000,0.534000,-56,0.000000,7,8
1,6.000000,4.252000,0.420000,-55,0.000000,7,8
1,6.000000,4.164000,0.495000,-55,0.000000,7,8
1,6.000000,4.193000,0.738000,-56,0.000000,7,8
1,6.000000,4.047000,0.459000,-55,0.000000,7,8
1,6.000000,4.179000,0.527000,-55,0.000000,7,8
1,6.000000,4.135000,0.490000,-55,0.000000,7,8
1,6.000000,4.149000,0.416000,-55,0.000000,7,8
1,6.000000,4.223000,0.407000,-55,0.000000,7,8
1,6.000000,4.296000,0.312000,-55,0.000000,7,8
1,6.000000,4.222000,0.378000,-55,0.000000,7,8
1,6.000000,4.062000,0.309000,-55,0.000000,7,8
1,6.000000,4.281000,0.406000,-55,0.000000,7,8
1,6.000000,4.223000,0.499000,-55,0.000000,7,8
1,6.000000,4.252000,0.366000,-55,0.000000,7,8
1,6.000000,4.179000,0.433000,-55,0.000000,7,8
1,6.000000,4.105000,0.451000,-56,0.000000,7,8
1,6.000000,4.179000,0.463000,-55,0.000000,7,8
1,6.000000,4.149000,0.443000,-55,0.000000,7,8
1,6.000000,4.296000,0.613000,-55,0.000000,7,8
1,6.000000,4.149000,0.618000,-55,0.000000,7,8
1,6.000000,4.237000,0.606000,-55,0.000000,7,8
1,6.000000,4.179000,0.499000,-55,0.000000,7,8
1,6.000000,4.237000,0.363000,-55,0.000000,7,8
1,6.000000,4.135000,0.101000,-55,0.000000,7,8
1,6.000000,4.076000,0.276000,-55,0.000000,7,8
1,6.000000,3.842000,0.342000,-55,0.000000,7,8
1,6.000000,4.164000,0.273000,-55,0.000000,7,8
1,6.000000,4.237000,0.356000,-55,0.000000,7,8
1,6.000000,4.354000,0.284000,-55,0.000000,7,8
1,6.000000,4.267000,0.419000,-55,0.000000,7,8
1,6.000000,4.115000,0.368000,-55,0.000000,7,8
1,6.000000,4.296000,0.410000,-55,0.000000,7,8
1,6.000000,4.457000,0.351000,-55,0.000000,7,8
1,6.000000,4.266000,0.445000,-55,0.000000,7,8
1,6.000000,4.208000,0.385000,-56,0.000000,7,8
1,6.000000,4.091000,0.482000,-56,0.000000,7,8
1,6.000000,4.179000,0.465000,-56,0.000000,7,8
1,6.000000,4.340000,0.457000,-56,0.000000,7,8
1,6.000000,4.193000,0.330000,-56,0.000000,7,8
1,6.000000,4.208000,0.417000,-56,0.000000,7,8
1,6.000000,4.267000,0.429000,-56,0.000000,7,8
1,6.000000,4.120000,0.525000,-56,0.000000,7,8
1,6.000000,4.208000,0.499000,-56,0.000000,7,8
1,6.000000,4.296000,0.703000,-56,0.000000,7,8
1,6.000000,4.179000,0.563000,-56,0.000000,7,8
1,6.000000,4.193000,0.477000,-56,0.000000,7,8
1,6.000000,4.237000,0.393000,-56,0.000000,7,8
1,6.000000,4.179000,0.523000,-56,0.000000,7,8
1,6.000000,4.120000,0.551000,-56,0.000000,7,8
1,6.000000,4.091000,0.504000,-56,0.000000,7,8
1,6.000000,4.032000,0.491000,-56,0.000000,7,8
1,6.000000,4.018000,0.452000,-56,0.000000,7,8
1,6.000000,4.018000,0.386000,-56,0.000000,7,8
1,6.000000,4.179000,0.513000,-56,0.000000,7,8
1,6.000000,4.105000,0.242000,-56,0.000000,7,8
1,6.000000,4.252000,0.543000,-56,0.000000,7,8
1,6.000000,4.193000,0.743000,-56,0.000000,7,8
1,6.000000,4.266000,0.420000,-56,0.000000,7,8
1,6.000000,4.237000,0.456000,-56,0.000000,7,8
1,6.000000,4.296000,0.694000,-56,0.000000,7,8
1,6.000000,4.281000,0.544000,-55,0.000000,7,8
1,6.000000,4.471000,0.281000,-55,0.000000,7,8
1,6.000000,4.296000,0.259000,-55,0.000000,7,8
1,6.000000,4.252000,0.254000,-55,0.000000,7,8
1,6.000000,4.135000,0.631000,-55,0.000000,7,8
1,6.000000,4.340000,0.415000,-55,0.000000,7,8
1,6.000000,4.311000,0.444000,-55,0.000000,7,8
1,6.000000,4.384000,0.312000,-55,0.000000,7,8
1,6.000000,4.325000,0.362000,-55,0.000000,7,8
1,6.000000,4.208000,0.484000,-55,0.000000,7,8
1,6.000000,4.135000,0.501000,-55,0.000000,7,8
1,6.000000,4.179000,0.246000,-55,0.000000,7,8
1,6.000000,4.325000,0.366000,-55,0.000000,7,8
1,6.000000,4.193000,0.211000,-56,0.000000,7,8
1,6.000000,4.310000,0.420000,-56,0.000000,7,8
1,6.000000,4.223000,0.632000,-56,0.000000,7,8
1,6.000000,4.208000,0.380000,-56,0.000000,7,8
1,6.000000,4.208000,0.296000,-56,0.000000,7,8
1,6.000000,4.311000,0.527000,-56,0.000000,7,8
1,6.000000,4.135000,0.673000,-56,0.000000,7,8
1,6.000000,4.135000,0.349000,-56,0.000000,7,8
1,6.000000,4.149000,0.494000,-56,0.000000,7,8
1,6.000000,4.135000,0.923000,-56,0.000000,7,8
1,6.000000,4.149000,0.186000,-56,0.000000,7,8
1,6.000000,4.149000,0.532000,-56,0.000000,7,8
1,6.000000,4.179000,0.254000,-56,0.000000,7,8
1,6.000000,4.252000,0.240000,-56,0.000000,7,8
1,6.000000,4.193000,0.371000,-56,0.000000,7,8
1,6.000000,4.296000,0.274000,-55,0.000000,7,8
1,6.000000,4.413000,0.411000,-56,0.000000,7,8
1,6.000000,4.354000,0.356000,-55,0.000000,7,8
1,6.000000,4.223000,0.331000,-55,0.000000,7,8
1,6.000000,4.369000,0.230000,-55,0.000000,7,8
1,6.000000,4.222000,0.586000,-55,0.000000,7,8
1,6.000000,4.149000,0.670000,-55,0.000000,7,8
1,6.000000,4.237000,0.319000,-55,0.000000,7,8
1,6.000000,4.208000,0.415000,-55,0.000000,7,8
1,6.000000,4.267000,0.622000,-55,0.000000,7,8
1,6.000000,4.311000,0.306000,-55,0.000000,7,8
1,6.000000,4.135000,0.567000,-56,0.000000,7,8
1,6.000000,4.311000,0.411000,-55,0.000000,7,8
1,6.000000,4.296000,0.399000,-55,0.000000,7,8
1,6.000000,4.340000,0.391000,-55,0.000000,7,8
1,6.000000,4.311000,0.473000,-55,0.000000,7,8
1,6.000000,4.057000,0.462000,-56,0.000000,7,8
1,6.000000,4.369000,0.343000,-55,0.000000,7,8
1,6.000000,4.310000,0.410000,-55,0.000000,7,8
1,6.000000,4.266000,0.502000,-55,0.000000,7,8
1,6.000000,4.369000,0.344000,-55,0.000000,7,8
1,6.000000,4.413000,0.354000,-55,0.000000,7,8
1,6.000000,4.384000,0.156000,-55,0.000000,7,8
1,6.000000,4.296000,0.332000,-55,0.000000,7,8
1,6.000000,4.325000,0.406000,-55,0.000000,7,8
1,6.000000,4.266000,0.573000,-55,0.000000,7,8
1,6.000000,4.340000,0.499000,-55,0.000000,7,8
1,6.000000,4.193000,0.593000,-55,0.000000,7,8
1,6.000000,4.340000,0.511000,-55,0.000000,7,8
1,6.000000,4.222000,0.310000,-55,0.000000,7,8
1,6.000000,4.237000,0.719000,-55,0.000000,7,8
1,6.000000,4.208000,0.265000,-55,0.000000,7,8
1,6.000000,4.266000,0.677000,-55,0.000000,7,8
1,6.000000,4.281000,0.540000,-56,0.000000,7,8
1,6.000000,4.135000,0.396000,-56,0.000000,7,8
1,6.000000,4.325000,0.536000,-56,0.000000,7,8
1,6.000000,4.267000,0.250000,-56,0.000000,7,8
1,6.000000,4.296000,0.250000,-56,0.000000,7,8
1,6.000000,4.193000,0.424000,-56,0.000000,7,8
1,6.000000,4.222000,0.477000,-56,0.000000,7,8
1,6.000000,4.296000,0.555000,-56,0.000000,7,8
1,6.000000,4.208000,0.449000,-56,0.000000,7,8
1,6.000000,4.325000,0.341000,-56,0.000000,7,8
1,6.000000,4.164000,0.402000,-56,0.000000,7,8
1,6.000000,4.179000,0.385000,-56,0.000000,7,8
1,6.000000,3.881000,0.373000,-56,0.000000,7,8
1,6.000000,3.490000,0.450000,-56,0.000000,7,8
1,6.000000,4.174000,0.373000,-55,0.000000,7,8
1,6.000000,4.281000,0.307000,-56,0.000000,7,8
1,6.000000,3.764000,0.353000,-56,0.000000,7,8
1,6.000000,3.959000,0.237000,-56,0.000000,7,8
1,6.000000,4.296000,0.269000,-55,0.000000,7,8
1,6.000000,4.208000,0.262000,-56,0.000000,7,8
1,6.000000,4.311000,0.607000,-56,0.000000,7,8
1,6.000000,4.149000,0.391000,-56,0.000000,7,8
1,6.000000,3.900000,0.406000,-55,0.000000,7,8
1,6.000000,3.685000,0.318000,-55,0.000000,7,8
1,6.000000,4.164000,0.620000,-55,0.000000,7,8
1,6.000000,4.310000,0.526000,-55,0.000000,7,8
1,6.000000,4.120000,0.249000,-55,0.000000,7,8
1,6.000000,4.296000,0.279000,-55,0.000000,7,8
1,6.000000,3.998000,0.315000,-55,0.000000,7,8
1,6.000000,4.164000,0.217000,-56,0.000000,7,8
1,6.000000,4.354000,0.288000,-55,0.000000,7,8
1,6.000000,4.037000,0.427000,-55,0.000000,7,8
1,6.000000,4.232000,0.194000,-55,0.000000,7,8
1,6.000000,4.252000,0.564000,-56,0.000000,7,8
1,6.000000,4.266000,0.332000,-56,0.000000,7,8
1,6.000000,3.861000,0.312000,-56,0.000000,7,8
1,6.000000,3.998000,0.334000,-56,0.000000,7,8
1,6.000000,4.296000,0.437000,-55,0.000000,7,8
1,6.000000,3.607000,0.447000,-56,0.000000,7,8
1,6.000000,4.384000,0.404000,-56,0.000000,7,8
1,6.000000,4.296000,0.570000,-55,0.000000,7,8
1,6.000000,3.939000,0.379000,-56,0.000000,7,8
1,6.000000,4.281000,0.427000,-55,0.000000,7,8
1,6.000000,4.296000,0.487000,-55,0.000000,7,8
1,6.000000,4.193000,0.156000,-55,0.000000,7,8
1,6.000000,4.310000,0.369000,-55,0.000000,7,8
1,6.000000,4.096000,0.442000,-56,0.000000,7,8
1,6.000000,4.340000,0.520000,-55,0.000000,7,8
1,6.000000,4.193000,0.569000,-55,0.000000,7,8
1,6.000000,3.783000,0.409000,-55,0.000000,7,8
1,6.000000,4.252000,0.303000,-56,0.000000,7,8
1,6.000000,4.149000,0.470000,-56,0.000000,7,8
1,6.000000,4.311000,0.222000,-55,0.000000,7,8
1,6.000000,4.164000,0.443000,-56,0.000000,7,8
1,6.000000,3.939000,0.346000,-55,0.000000,7,8
1,6.000000,4.291000,0.136000,-56,0.000000,7,8
1,6.000000,4.237000,0.511000,-56,0.000000,7,8
1,6.000000,4.037000,0.396000,-56,0.000000,7,8
1,6.000000,4.179000,0.307000,-55,0.000000,7,8
1,6.000000,3.666000,0.425000,-56,0.000000,7,8
1,6.000000,3.764000,0.339000,-56,0.000000,7,8
1,6.000000,4.325000,0.473000,-56,0.000000,7,8
1,6.000000,4.223000,0.300000,-56,0.000000,7,8
1,6.000000,4.037000,0.228000,-56,0.000000,7,8
1,6.000000,4.174000,0.179000,-56,0.000000,7,8
1,6.000000,4.281000,0.621000,-56,0.000000,7,8
1,6.000000,4.252000,0.623000,-55,0.000000,7,8
1,6.000000,4.164000,0.682000,-56,0.000000,7,8
1,6.000000,4.311000,0.710000,-56,0.000000,7,8
1,6.000000,4.281000,0.296000,-55,0.000000,7,8
1,6.000000,4.296000,0.374000,-56,0.000000,7,8
1,6.000000,4.223000,0.466000,-56,0.000000,7,8
1,6.000000,4.076000,0.381000,-56,0.000000,7,8
1,6.000000,4.389000,0.384000,-55,0.000000,7,8
1,6.000000,4.223000,0.236000,-55,0.000000,7,8
1,6.000000,4.076000,0.192000,-56,0.000000,7,8
1,6.000000,4.223000,0.251000,-55,0.000000,7,8
1,6.000000,4.115000,0.426000,-55,0.000000,7,8
1,6.000000,4.037000,0.556000,-55,0.000000,7,8
1,6.000000,3.978000,0.273000,-56,0.000000,7,8
1,6.000000,4.154000,0.383000,-55,0.000000,7,8
1,6.000000,4.091000,0.558000,-55,0.000000,7,8
1,6.000000,4.057000,0.168000,-55,0.000000,7,8
1,6.000000,4.115000,0.459000,-55,0.000000,7,8
1,6.000000,4.037000,0.199000,-55,0.000000,7,8
1,6.000000,4.310000,0.302000,-55,0.000000,7,8
1,6.000000,4.281000,0.277000,-55,0.000000,7,8
1,6.000000,3.998000,0.273000,-55,0.000000,7,8
1,6.000000,4.266000,0.441000,-55,0.000000,7,8
1,6.000000,4.017000,0.345000,-55,0.000000,7,8
1,6.000000,4.281000,0.352000,-55,0.000000,7,8
1,6.000000,3.783000,0.343000,-55,0.000000,7,8
1,6.000000,4.091000,0.230000,-56,0.000000,7,8
1,6.000000,4.115000,0.233000,-56,0.000000,7,8
1,6.000000,3.959000,0.330000,-56,0.000000,7,8
1,6.000000,4.237000,0.536000,-56,0.000000,7,8
1,6.000000,4.179000,0.282000,-56,0.000000,7,8
1,6.000000,4.232000,0.269000,-56,0.000000,7,8
1,6.000000,4.281000,0.490000,-55,0.000000,7,8
1,6.000000,4.222000,0.181000,-56,0.000000,7,8
1,6.000000,4.252000,0.525000,-56,0.000000,7,8
1,6.000000,4.091000,0.373000,-56,0.000000,7,8
1,6.000000,4.076000,0.396000,-56,0.000000,7,8
1,6.000000,4.105000,0.147000,-56,0.000000,7,8
1,6.000000,4.252000,0.444000,-56,0.000000,7,8
1,6.000000,4.193000,0.700000,-55,0.000000,7,8
1,6.000000,4.369000,0.465000,-56,0.000000,7,8
1,6.000000,4.237000,0.724000,-56,0.000000,7,8
1,6.000000,4.115000,0.296000,-56,0.000000,7,8
1,6.000000,3.705000,0.450000,-56,0.000000,7,8
1,6.000000,3.822000,0.216000,-56,0.000000,7,8
1,6.000000,3.744000,0.358000,-56,0.000000,7,8
1,6.000000,4.037000,0.384000,-56,0.000000,7,8
1,6.000000,4.193000,0.303000,-56,0.000000,7,8
1,6.000000,4.135000,0.474000,-55,0.000000,7,8
1,6.000000,4.047000,0.512000,-56,0.000000,7,8
1,6.000000,4.252000,0.216000,-56,0.000000,7,8
1,6.000000,3.822000,0.559000,-56,0.000000,7,8
1,6.000000,3.725000,0.627000,-55,0.000000,7,8
1,6.000000,4.384000,0.420000,-56,0.000000,7,8
1,6.000000,4.096000,0.139000,-56,0.000000,7,8
1,6.000000,4.193000,0.261000,-56,0.000000,7,8
1,6.000000,3.744000,0.346000,-56,0.000000,7,8
1,6.000000,4.115000,0.360000,-56,0.000000,7,8
1,6.000000,4.223000,0.479000,-56,0.000000,7,8
1,6.000000,4.208000,0.345000,-56,0.000000,7,8
1,6.000000,4.076000,0.599000,-56,0.000000,7,8
1,6.000000,4.076000,0.858000,-56,0.000000,7,8
1,6.000000,4.179000,0.273000,-56,0.000000,7,8
1,6.000000,4.091000,0.307000,-56,0.000000,7,8
1,6.000000,4.291000,0.478000,-56,0.000000,7,8
1,6.000000,4.340000,0.275000,-56,0.000000,7,8
1,6.000000,4.267000,0.210000,-56,0.000000,7,8
1,6.000000,4.037000,0.358000,-56,0.000000,7,8
1,6.000000,4.076000,0.430000,-56,0.000000,7,8
1,6.000000,4.062000,0.365000,-56,0.000000,7,8
1,6.000000,3.881000,0.193000,-56,0.000000,7,8
1,6.000000,4.193000,0.235000,-56,0.000000,7,8
1,6.000000,4.174000,0.269000,-56,0.000000,7,8
1,6.000000,4.310000,0.469000,-56,0.000000,7,8
1,6.000000,4.271000,0.361000,-55,0.000000,7,8
1,6.000000,4.340000,0.504000,-55,0.000000,7,8
1,6.000000,4.271000,0.313000,-55,0.000000,7,8
1,6.000000,4.232000,0.249000,-55,0.000000,7,8
1,6.000000,4.271000,0.222000,-55,0.000000,7,8
1,6.000000,4.311000,0.265000,-55,0.000000,7,8
1,6.000000,4.057000,0.387000,-55,0.000000,7,8
1,6.000000,4.325000,0.358000,-55,0.000000,7,8
1,6.000000,4.442000,0.675000,-55,0.000000,7,8
1,6.000000,4.471000,0.462000,-55,0.000000,7,8
1,6.000000,4.501000,0.481000,-55,0.000000,7,8
1,6.000000,4.530000,0.544000,-55,0.000000,7,8
1,6.000000,4.369000,0.763000,-55,0.000000,7,8
1,6.000000,4.501000,0.494000,-56,0.000000,7,8
1,6.000000,4.223000,0.932000,-56,0.000000,7,8
1,6.000000,4.208000,0.972000,-56,0.000000,7,8
1,6.000000,4.237000,0.331000,-56,0.000000,7,8
1,6.000000,4.267000,0.501000,-56,0.000000,7,8
1,6.000000,4.193000,0.798000,-57,0.000000,7,8
1,6.000000,4.096000,0.334000,-56,0.000000,7,8
1,6.000000,4.354000,0.382000,-56,0.000000,7,8
1,6.000000,3.988000,0.766000,-56,0.000000,7,8
1,6.000000,4.149000,0.708000,-56,0.000000,7,8
1,6.000000,4.149000,0.425000,-56,0.000000,7,8
1,6.000000,4.179000,0.574000,-56,0.000000,7,8
1,6.000000,4.222000,0.407000,-56,0.000000,7,8
1,6.000000,4.193000,0.865000,-55,0.000000,7,8
1,6.000000,4.193000,0.612000,-56,0.000000,7,8
1,6.000000,4.135000,0.813000,-56,0.000000,7,8
1,6.000000,4.325000,0.600000,-56,0.000000,7,8
1,6.000000,4.193000,0.333000,-55,0.000000,7,8
1,6.000000,4.267000,0.390000,-56,0.000000,7,8
1,6.000000,4.311000,0.348000,-56,0.000000,7,8
1,6.000000,4.208000,0.451000,-56,0.000000,7,8
1,6.000000,4.047000,0.485000,-56,0.000000,7,8
1,6.000000,4.179000,0.467000,-56,0.000000,7,8
1,6.000000,4.266000,0.526000,-56,0.000000,7,8
1,6.000000,4.076000,0.750000,-56,0.000000,7,8
1,6.000000,3.973000,0.719000,-56,0.000000,7,8
1,6.000000,4.091000,0.361000,-56,0.000000,7,8
1,6.000000,3.959000,0.633000,-57,0.000000,7,8
1,6.000000,4.047000,0.534000,-56,0.000000,7,8
1,6.000000,4.091000,0.639000,-56,0.000000,7,8
1,6.000000,4.164000,0.370000,-56,0.000000,7,8
1,6.000000,4.149000,0.586000,-56,0.000000,7,8
1,6.000000,4.208000,0.410000,-56,0.000000,7,8
1,6.000000,4.164000,0.291000,-56,0.000000,7,8
1,6.000000,4.135000,0.496000,-56,0.000000,7,8
1,6.000000,4.047000,0.350000,-56,0.000000,7,8
1,6.000000,4.311000,0.266000,-56,0.000000,7,8
1,6.000000,4.061000,0.552000,-56,0.000000,7,8
1,6.000000,4.179000,0.546000,-56,0.000000,7,8
1,6.000000,4.164000,0.452000,-56,0.000000,7,8
1,6.000000,4.179000,0.477000,-56,0.000000,7,8
1,6.000000,4.120000,0.528000,-56,0.000000,7,8
1,6.000000,4.061000,0.597000,-56,0.000000,7,8
1,6.000000,4.061000,0.559000,-56,0.000000,7,8
1,6.000000,4.062000,0.612000,-56,0.000000,7,8
1,6.000000,4.193000,0.473000,-56,0.000000,7,8
1,6.000000,4.047000,0.815000,-56,0.000000,7,8
1,6.000000,3.959000,0.656000,-56,0.000000,7,8
1,6.000000,4.149000,0.384000,-56,0.000000,7,8
1,6.000000,4.032000,0.642000,-56,0.000000,7,8
1,6.000000,4.223000,0.366000,-56,0.000000,7,8
1,6.000000,4.296000,0.437000,-56,0.000000,7,8
1,6.000000,4.179000,0.320000,-56,0.000000,7,8
1,6.000000,4.091000,0.544000,-56,0.000000,7,8
1,6.000000,4.061000,0.603000,-56,0.000000,7,8
1,6.000000,4.061000,0.698000,-56,0.000000,7,8
1,6.000000,4.135000,0.772000,-56,0.000000,7,8
1,6.000000,4.076000,0.365000,-56,0.000000,7,8
1,6.000000,4.179000,0.456000,-56,0.000000,7,8
1,6.000000,4.369000,0.327000,-56,0.000000,7,8
1,6.000000,4.193000,0.439000,-56,0.000000,7,8
1,6.000000,4.193000,0.456000,-56,0.000000,7,8
1,6.000000,4.340000,0.211000,-56,0.000000,7,8
1,6.000000,4.325000,0.366000,-56,0.000000,7,8
1,6.000000,4.120000,0.411000,-56,0.000000,7,8
1,6.000000,4.223000,0.691000,-56,0.000000,7,8
1,6.000000,4.252000,0.716000,-56,0.000000,7,8
1,6.000000,4.135000,0.579000,-56,0.000000,7,8
1,6.000000,4.208000,0.630000,-56,0.000000,7,8
1,6.000000,4.310000,0.466000,-56,0.000000,7,8
1,6.000000,4.311000,0.523000,-56,0.000000,7,8
1,6.000000,4.330000,0.321000,-56,0.000000,7,8
1,6.000000,4.272000,0.288000,-56,0.000000,7,8
1,6.000000,4.340000,0.445000,-56,0.000000,7,8
1,6.000000,4.164000,0.662000,-56,0.000000,7,8
1,6.000000,4.061000,0.467000,-56,0.000000,7,8
1,6.000000,4.296000,0.506000,-56,0.000000,7,8
1,6.000000,4.193000,0.424000,-56,0.000000,7,8
1,6.000000,4.408000,0.397000,-56,0.000000,7,8
1,6.000000,4.252000,0.512000,-56,0.000000,7,8
1,6.000000,4.291000,0.277000,-56,0.000000,7,8
1,6.000000,4.354000,0.578000,-56,0.000000,7,8
1,6.000000,4.340000,0.527000,-56,0.000000,7,8
1,6.000000,4.296000,0.333000,-55,0.000000,7,8
1,6.000000,4.281000,0.222000,-56,0.000000,7,8
1,6.000000,4.222000,0.343000,-56,0.000000,7,8
1,6.000000,4.413000,0.326000,-56,0.000000,7,8
1,6.000000,4.164000,0.233000,-56,0.000000,7,8
1,6.000000,4.164000,0.543000,-56,0.000000,7,8
1,6.000000,4.340000,0.583000,-56,0.000000,7,8
1,6.000000,4.442000,0.295000,-56,0.000000,7,8
1,6.000000,4.237000,0.405000,-56,0.000000,7,8
1,6.000000,4.266000,0.310000,-56,0.000000,7,8
1,6.000000,4.213000,0.280000,-56,0.000000,7,8
1,6.000000,4.076000,0.429000,-56,0.000000,7,8
1,6.000000,4.340000,0.481000,-56,0.000000,7,8
1,6.000000,4.266000,0.438000,-56,0.000000,7,8
1,6.000000,4.310000,0.420000,-55,0.000000,7,8
1,6.000000,4.369000,0.358000,-56,0.000000,7,8
1,6.000000,4.281000,0.582000,-56,0.000000,7,8
1,6.000000,4.369000,0.375000,-56,0.000000,7,8
1,6.000000,4.281000,0.501000,-56,0.000000,7,8
1,6.000000,4.252000,0.486000,-56,0.000000,7,8
1,6.000000,4.252000,0.576000,-56,0.000000,7,8
1,6.000000,4.457000,0.485000,-56,0.000000,7,8
1,6.000000,4.149000,0.557000,-56,0.000000,7,8
1,6.000000,4.325000,0.470000,-55,0.000000,7,8
1,6.000000,4.135000,0.821000,-55,0.000000,7,8
1,6.000000,4.193000,0.655000,-55,0.000000,7,8
1,6.000000,4.310000,0.430000,-56,0.000000,7,8
1,6.000000,4.222000,0.628000,-56,0.000000,7,8
1,6.000000,4.354000,0.261000,-56,0.000000,7,8
1,6.000000,4.252000,0.392000,-55,0.000000,7,8
1,6.000000,4.266000,0.288000,-55,0.000000,7,8
1,6.000000,4.237000,0.338000,-56,0.000000,7,8
1,6.000000,4.325000,0.262000,-55,0.000000,7,8
1,6.000000,4.340000,0.493000,-56,0.000000,7,8
1,6.000000,4.428000,0.331000,-56,0.000000,7,8
1,6.000000,4.237000,0.744000,-56,0.000000,7,8
1,6.000000,4.296000,0.574000,-56,0.000000,7,8
1,6.000000,4.369000,0.476000,-55,0.000000,7,8
