1,11.000000,10.441000,1.805000,-71,0.000000,7,8
1,11.000000,10.310000,2.412000,-71,0.000000,7,8
1,11.000000,10.276000,2.329000,-70,0.000000,7,8
1,11.000000,11.604000,1.805000,-70,0.000000,7,8
1,11.000000,10.842000,0.354000,-71,0.000000,7,8
1,11.000000,10.469000,0.431000,-70,0.000000,7,8
1,11.000000,11.532000,0.118000,-68,0.000000,7,8
1,11.000000,11.491000,1.542000,-70,0.000000,7,8
1,11.000000,10.751000,0.344000,-69,0.000000,7,8
1,11.000000,11.198000,1.567000,-70,0.000000,7,8
1,11.000000,12.069000,0.450000,-70,0.000000,7,8
1,11.000000,10.554000,0.073000,-72,0.000000,7,8
1,11.000000,11.098000,0.184000,-68,0.000000,7,8
1,11.000000,11.179000,1.843000,-70,0.000000,7,8
1,11.000000,11.682000,1.080000,-70,0.000000,7,8
1,11.000000,12.136000,0.608000,-70,0.000000,7,8
1,11.000000,11.341000,0.320000,-70,0.000000,7,8
1,11.000000,11.341000,0.319000,-71,0.000000,7,8
1,11.000000,11.445000,2.775000,-70,0.000000,7,8
1,11.000000,10.973000,0.485000,-71,0.000000,7,8
1,11.000000,10.575000,1.464000,-70,0.000000,7,8
1,11.000000,11.608000,0.529000,-69,0.000000,7,8
1,11.000000,11.841000,0.272000,-70,0.000000,7,8
1,11.000000,11.836000,0.142000,-70,0.000000,7,8
1,11.000000,12.973000,1.002000,-69,0.000000,7,8
1,11.000000,11.410000,2.630000,-70,0.000000,7,8
1,11.000000,11.410000,1.477000,-70,0.000000,7,8
1,11.000000,11.254000,0.581000,-69,0.000000,7,8
1,11.000000,11.510000,0.614000,-69,0.000000,7,8
1,11.000000,12.204000,0.102000,-69,0.000000,7,8
1,11.000000,11.644000,0.355000,-69,0.000000,7,8
1,11.000000,11.341000,1.046000,-70,0.000000,7,8
1,11.000000,11.405000,0.554000,-70,0.000000,7,8
1,11.000000,11.063000,0.529000,-70,0.000000,7,8
1,11.000000,10.985000,0.586000,-70,0.000000,7,8
1,11.000000,11.252000,0.583000,-71,0.000000,7,8
1,11.000000,11.782000,0.382000,-70,0.000000,7,8
1,11.000000,11.895000,0.308000,-71,0.000000,7,8
1,11.000000,12.040000,0.234000,-71,0.000000,7,8
1,11.000000,11.749000,0.596000,-70,0.000000,7,8
1,11.000000,11.538000,0.133000,-71,0.000000,7,8
1,11.000000,10.594000,0.284000,-71,0.000000,7,8
1,11.000000,10.608000,1.932000,-70,0.000000,7,8
1,11.000000,11.067000,0.280000,-72,0.000000,7,8
1,11.000000,10.863000,0.346000,-72,0.000000,7,8
1,11.000000,10.920000,0.258000,-71,0.000000,7,8
1,11.000000,11.583000,0.158000,-72,0.000000,7,8
1,11.000000,10.699000,1.290000,-71,0.000000,7,8
1,11.000000,10.927000,0.369000,-71,0.000000,7,8
1,11.000000,11.135000,0.136000,-72,0.000000,7,8
1,11.000000,11.007000,0.458000,-72,0.000000,7,8
1,11.000000,11.451000,0.301000,-72,0.000000,7,8
1,11.000000,10.842000,0.963000,-71,0.000000,7,8
1,11.000000,10.966000,0.334000,-71,0.000000,7,8
1,11.000000,11.641000,0.386000,-71,0.000000,7,8
1,11.000000,11.176000,1.900000,-71,0.000000,7,8
1,11.000000,11.557000,0.586000,-70,0.000000,7,8
1,11.000000,11.405000,0.492000,-70,0.000000,7,8
1,11.000000,11.523000,1.954000,-71,0.000000,7,8
1,11.000000,11.041000,0.419000,-73,0.000000,7,8
1,11.000000,10.608000,1.032000,-72,0.000000,7,8
1,11.000000,10.807000,0.876000,-71,0.000000,7,8
1,11.000000,12.110000,0.171000,-70,0.000000,7,8
1,11.000000,10.929000,1.008000,-70,0.000000,7,8
1,11.000000,11.916000,2.573000,-71,0.000000,7,8
1,11.000000,10.755000,0.774000,-69,0.000000,7,8
1,11.000000,12.379000,2.380000,-72,0.000000,7,8
1,11.000000,11.613000,0.680000,-72,0.000000,7,8
1,11.000000,11.101000,0.538000,-72,0.000000,7,8
1,11.000000,11.515000,0.142000,-72,0.000000,7,8
1,11.000000,10.959000,0.321000,-71,0.000000,7,8
1,11.000000,11.252000,0.568000,-71,0.000000,7,8
1,11.000000,10.931000,1.026000,-72,0.000000,7,8
1,11.000000,10.699000,0.481000,-71,0.000000,7,8
1,11.000000,10.875000,1.472000,-70,0.000000,7,8
1,11.000000,10.669000,0.265000,-71,0.000000,7,8
1,11.000000,10.788000,1.740000,-71,0.000000,7,8
1,11.000000,10.723000,2.026000,-71,0.000000,7,8
1,11.000000,10.633000,1.582000,-70,0.000000,7,8
1,11.000000,10.807000,1.547000,-71,0.000000,7,8
1,11.000000,10.807000,1.425000,-70,0.000000,7,8
1,11.000000,10.791000,0.795000,-70,0.000000,7,8
1,11.000000,11.020000,1.552000,-69,0.000000,7,8
1,11.000000,11.433000,1.400000,-70,0.000000,7,8
1,11.000000,12.541000,0.801000,-71,0.000000,7,8
1,11.000000,13.240000,0.198000,-70,0.000000,7,8
1,11.000000,12.204000,2.070000,-71,0.000000,7,8
1,11.000000,11.226000,0.613000,-69,0.000000,7,8
1,11.000000,11.107000,0.568000,-70,0.000000,7,8
1,11.000000,11.606000,0.672000,-70,0.000000,7,8
1,11.000000,12.129000,0.541000,-70,0.000000,7,8
1,11.000000,11.777000,0.681000,-70,0.000000,7,8
1,11.000000,11.545000,1.197000,-70,0.000000,7,8
1,11.000000,12.041000,0.994000,-71,0.000000,7,8
1,11.000000,11.339000,1.135000,-70,0.000000,7,8
1,11.000000,11.459000,1.161000,-70,0.000000,7,8
1,11.000000,11.400000,0.629000,-71,0.000000,7,8
1,11.000000,11.070000,0.980000,-71,0.000000,7,8
1,11.000000,10.877000,0.846000,-71,0.000000,7,8
1,11.000000,11.196000,0.114000,-71,0.000000,7,8
1,11.000000,10.526000,0.189000,-71,0.000000,7,8
1,11.000000,10.632000,0.126000,-71,0.000000,7,8
1,11.000000,10.898000,0.165000,-70,0.000000,7,8
1,11.000000,10.931000,0.118000,-71,0.000000,7,8
1,11.000000,10.959000,1.641000,-71,0.000000,7,8
1,11.000000,10.641000,1.153000,-70,0.000000,7,8
1,11.000000,10.985000,1.164000,-69,0.000000,7,8
1,11.000000,11.130000,0.701000,-69,0.000000,7,8
1,11.000000,11.757000,0.216000,-70,0.000000,7,8
1,11.000000,11.566000,0.471000,-71,0.000000,7,8
1,11.000000,11.480000,0.254000,-70,0.000000,7,8
1,11.000000,11.754000,0.546000,-70,0.000000,7,8
1,11.000000,11.571000,0.259000,-70,0.000000,7,8
1,11.000000,11.285000,1.441000,-70,0.000000,7,8
1,11.000000,11.757000,0.184000,-72,0.000000,7,8
1,11.000000,11.563000,2.055000,-70,0.000000,7,8
1,11.000000,11.723000,0.304000,-70,0.000000,7,8
1,11.000000,11.543000,0.111000,-70,0.000000,7,8
1,11.000000,10.873000,0.491000,-70,0.000000,7,8
1,11.000000,11.020000,0.484000,-70,0.000000,7,8
1,11.000000,11.046000,0.518000,-70,0.000000,7,8
1,11.000000,11.051000,0.464000,-70,0.000000,7,8
1,11.000000,11.161000,0.267000,-70,0.000000,7,8
1,11.000000,11.161000,0.307000,-70,0.000000,7,8
1,11.000000,10.929000,0.587000,-70,0.000000,7,8
1,11.000000,11.074000,0.475000,-69,0.000000,7,8
1,11.000000,11.899000,0.150000,-70,0.000000,7,8
1,11.000000,11.747000,0.130000,-70,0.000000,7,8
1,11.000000,11.747000,0.216000,-70,0.000000,7,8
1,11.000000,11.787000,0.175000,-70,0.000000,7,8
1,11.000000,11.072000,1.164000,-69,0.000000,7,8
1,11.000000,11.370000,0.537000,-70,0.000000,7,8
1,11.000000,11.367000,0.680000,-70,0.000000,7,8
1,11.000000,11.433000,0.657000,-69,0.000000,7,8
1,11.000000,11.318000,0.619000,-69,0.000000,7,8
1,11.000000,11.280000,0.748000,-70,0.000000,7,8
1,11.000000,11.250000,1.182000,-69,0.000000,7,8
1,11.000000,11.163000,1.192000,-69,0.000000,7,8
1,11.000000,11.079000,1.282000,-69,0.000000,7,8
1,11.000000,11.257000,1.005000,-69,0.000000,7,8
1,11.000000,11.133000,1.032000,-69,0.000000,7,8
1,11.000000,11.316000,1.173000,-69,0.000000,7,8
1,11.000000,11.402000,0.978000,-69,0.000000,7,8
1,11.000000,11.430000,0.933000,-69,0.000000,7,8
1,11.000000,11.458000,1.017000,-69,0.000000,7,8
1,11.000000,11.639000,0.857000,-69,0.000000,7,8
1,11.000000,11.609000,0.805000,-69,0.000000,7,8
1,11.000000,11.634000,0.828000,-69,0.000000,7,8
1,11.000000,11.665000,0.697000,-69,0.000000,7,8
1,11.000000,11.686000,0.770000,-69,0.000000,7,8
1,11.000000,11.691000,1.011000,-69,0.000000,7,8
1,11.000000,11.777000,0.658000,-69,0.000000,7,8
1,11.000000,11.721000,0.907000,-69,0.000000,7,8
1,11.000000,11.752000,0.850000,-69,0.000000,7,8
1,11.000000,11.833000,0.678000,-69,0.000000,7,8
1,11.000000,11.869000,0.522000,-69,0.000000,7,8
1,11.000000,11.841000,0.534000,-69,0.000000,7,8
1,11.000000,11.805000,0.473000,-69,0.000000,7,8
1,11.000000,11.838000,0.396000,-69,0.000000,7,8
1,11.000000,11.780000,0.403000,-69,0.000000,7,8
1,11.000000,11.866000,0.493000,-69,0.000000,7,8
1,11.000000,11.745000,0.510000,-69,0.000000,7,8
1,11.000000,11.871000,0.347000,-69,0.000000,7,8
1,11.000000,11.777000,0.510000,-69,0.000000,7,8
1,11.000000,11.721000,0.674000,-69,0.000000,7,8
1,11.000000,11.693000,0.540000,-69,0.000000,7,8
1,11.000000,11.787000,0.476000,-69,0.000000,7,8
1,11.000000,11.777000,0.521000,-69,0.000000,7,8
1,11.000000,11.721000,0.608000,-69,0.000000,7,8
1,11.000000,11.775000,0.393000,-69,0.000000,7,8
1,11.000000,11.660000,0.654000,-69,0.000000,7,8
1,11.000000,11.655000,0.536000,-69,0.000000,7,8
1,11.000000,11.658000,0.594000,-69,0.000000,7,8
1,11.000000,11.604000,0.686000,-69,0.000000,7,8
1,11.000000,11.487000,0.593000,-69,0.000000,7,8
1,11.000000,11.660000,0.439000,-70,0.000000,7,8
1,11.000000,11.512000,0.594000,-70,0.000000,7,8
1,11.000000,11.784000,0.446000,-69,0.000000,7,8
1,11.000000,11.688000,0.370000,-70,0.000000,7,8
1,11.000000,11.693000,0.381000,-69,0.000000,7,8
1,11.000000,11.693000,0.345000,-69,0.000000,7,8
1,11.000000,11.777000,0.329000,-69,0.000000,7,8
1,11.000000,11.775000,0.270000,-69,0.000000,7,8
1,11.000000,11.784000,0.205000,-69,0.000000,7,8
1,11.000000,11.777000,0.375000,-69,0.000000,7,8
1,11.000000,11.782000,0.439000,-69,0.000000,7,8
1,11.000000,11.693000,0.513000,-69,0.000000,7,8
1,11.000000,11.747000,0.389000,-69,0.000000,7,8
1,11.000000,11.695000,0.590000,-69,0.000000,7,8
1,11.000000,11.655000,0.430000,-69,0.000000,7,8
1,11.000000,11.780000,0.375000,-69,0.000000,7,8
1,11.000000,11.578000,0.471000,-69,0.000000,7,8
1,11.000000,11.698000,0.549000,-69,0.000000,7,8
1,11.000000,11.749000,0.686000,-69,0.000000,7,8
1,11.000000,11.660000,0.689000,-69,0.000000,7,8
1,11.000000,11.632000,0.730000,-69,0.000000,7,8
1,11.000000,11.721000,0.774000,-69,0.000000,7,8
1,11.000000,11.637000,0.550000,-69,0.000000,7,8
1,11.000000,11.634000,0.588000,-69,0.000000,7,8
1,11.000000,11.662000,0.535000,-69,0.000000,7,8
1,11.000000,11.608000,0.635000,-69,0.000000,7,8
1,11.000000,11.606000,0.520000,-69,0.000000,7,8
1,11.000000,11.632000,0.493000,-69,0.000000,7,8
1,11.000000,11.681000,0.334000,-69,0.000000,7,8
1,11.000000,11.698000,0.346000,-69,0.000000,7,8
1,11.000000,11.639000,0.480000,-69,0.000000,7,8
1,11.000000,11.721000,0.279000,-69,0.000000,7,8
1,11.000000,11.665000,0.502000,-69,0.000000,7,8
1,11.000000,11.665000,0.567000,-69,0.000000,7,8
1,11.000000,11.658000,0.509000,-69,0.000000,7,8
1,11.000000,11.805000,0.312000,-69,0.000000,7,8
1,11.000000,11.728000,0.401000,-69,0.000000,7,8
1,11.000000,11.716000,0.399000,-69,0.000000,7,8
1,11.000000,11.841000,0.355000,-69,0.000000,7,8
1,11.000000,11.812000,0.354000,-69,0.000000,7,8
1,11.000000,11.836000,0.438000,-69,0.000000,7,8
1,11.000000,11.810000,0.482000,-69,0.000000,7,8
1,11.000000,11.749000,0.469000,-69,0.000000,7,8
1,11.000000,11.775000,0.541000,-69,0.000000,7,8
1,11.000000,11.864000,0.541000,-69,0.000000,7,8
1,11.000000,11.660000,0.622000,-69,0.000000,7,8
1,11.000000,11.665000,0.404000,-69,0.000000,7,8
1,11.000000,11.693000,0.248000,-69,0.000000,7,8
1,11.000000,11.747000,0.328000,-69,0.000000,7,8
1,11.000000,11.716000,0.373000,-69,0.000000,7,8
1,11.000000,11.693000,0.410000,-69,0.000000,7,8
1,11.000000,11.730000,0.554000,-69,0.000000,7,8
1,11.000000,11.775000,0.487000,-69,0.000000,7,8
1,11.000000,11.899000,0.591000,-69,0.000000,7,8
1,11.000000,11.595000,0.738000,-69,0.000000,7,8
1,11.000000,11.655000,0.753000,-69,0.000000,7,8
1,11.000000,11.833000,0.563000,-69,0.000000,7,8
1,11.000000,11.660000,0.688000,-69,0.000000,7,8
1,11.000000,11.566000,1.064000,-69,0.000000,7,8
1,11.000000,11.660000,0.964000,-69,0.000000,7,8
1,11.000000,11.667000,1.080000,-69,0.000000,7,8
1,11.000000,11.777000,1.134000,-69,0.000000,7,8
1,11.000000,11.775000,1.038000,-69,0.000000,7,8
1,11.000000,11.716000,0.937000,-69,0.000000,7,8
1,11.000000,11.660000,0.928000,-69,0.000000,7,8
1,11.000000,11.747000,0.808000,-69,0.000000,7,8
1,11.000000,11.726000,0.948000,-69,0.000000,7,8
1,11.000000,11.669000,0.938000,-69,0.000000,7,8
1,11.000000,11.721000,0.905000,-69,0.000000,7,8
1,11.000000,11.580000,0.914000,-70,0.000000,7,8
1,11.000000,11.749000,0.759000,-69,0.000000,7,8
1,11.000000,11.815000,0.865000,-70,0.000000,7,8
1,11.000000,11.866000,0.613000,-70,0.000000,7,8
1,11.000000,11.876000,0.658000,-70,0.000000,7,8
1,11.000000,11.752000,0.788000,-70,0.000000,7,8
1,11.000000,11.552000,0.938000,-70,0.000000,7,8
1,11.000000,11.428000,0.835000,-70,0.000000,7,8
1,11.000000,11.517000,0.542000,-70,0.000000,7,8
1,11.000000,11.634000,0.257000,-70,0.000000,7,8
1,11.000000,11.529000,2.685000,-71,0.000000,7,8
1,11.000000,11.679000,0.523000,-70,0.000000,7,8
1,11.000000,11.337000,0.141000,-69,0.000000,7,8
1,11.000000,11.107000,0.828000,-70,0.000000,7,8
1,11.000000,11.970000,2.119000,-70,0.000000,7,8
1,11.000000,11.491000,0.634000,-68,0.000000,7,8
1,11.000000,10.351000,0.242000,-69,0.000000,7,8
1,11.000000,10.473000,0.882000,-70,0.000000,7,8
1,11.000000,11.679000,1.456000,-69,0.000000,7,8
1,11.000000,11.048000,0.701000,-69,0.000000,7,8
1,11.000000,11.676000,1.418000,-70,0.000000,7,8
1,11.000000,11.523000,1.771000,-70,0.000000,7,8
1,11.000000,11.748000,1.531000,-69,0.000000,7,8
1,11.000000,11.798000,1.036000,-69,0.000000,7,8
1,11.000000,11.777000,0.363000,-70,0.000000,7,8
1,11.000000,11.895000,0.292000,-70,0.000000,7,8
1,11.000000,11.932000,0.212000,-70,0.000000,7,8
1,11.000000,11.598000,0.541000,-70,0.000000,7,8
1,11.000000,11.023000,0.739000,-70,0.000000,7,8
1,11.000000,12.273000,0.171000,-71,0.000000,7,8
1,11.000000,11.641000,0.599000,-71,0.000000,7,8
1,11.000000,11.373000,0.746000,-71,0.000000,7,8
1,11.000000,10.632000,0.693000,-70,0.000000,7,8
1,11.000000,10.757000,0.578000,-70,0.000000,7,8
1,11.000000,11.026000,0.318000,-70,0.000000,7,8
1,11.000000,11.606000,1.329000,-70,0.000000,7,8
1,11.000000,11.578000,0.557000,-69,0.000000,7,8
1,11.000000,11.780000,0.167000,-69,0.000000,7,8
1,11.000000,11.532000,0.132000,-69,0.000000,7,8
1,11.000000,11.517000,1.243000,-69,0.000000,7,8
1,11.000000,11.604000,1.246000,-69,0.000000,7,8
1,11.000000,11.517000,1.228000,-69,0.000000,7,8
1,11.000000,11.716000,1.091000,-70,0.000000,7,8
1,11.000000,11.815000,0.636000,-70,0.000000,7,8
1,11.000000,11.803000,0.435000,-70,0.000000,7,8
1,11.000000,11.808000,0.379000,-71,0.000000,7,8
1,11.000000,11.726000,0.489000,-71,0.000000,7,8
1,11.000000,11.693000,0.332000,-71,0.000000,7,8
1,11.000000,11.747000,0.400000,-71,0.000000,7,8
1,11.000000,11.805000,0.358000,-71,0.000000,7,8
1,11.000000,11.841000,0.621000,-71,0.000000,7,8
1,11.000000,11.930000,0.538000,-71,0.000000,7,8
1,11.000000,11.932000,0.505000,-71,0.000000,7,8
1,11.000000,11.899000,0.475000,-71,0.000000,7,8
1,11.000000,11.721000,0.473000,-71,0.000000,7,8
1,11.000000,11.660000,0.424000,-71,0.000000,7,8
1,11.000000,11.667000,0.396000,-71,0.000000,7,8
1,11.000000,11.688000,0.268000,-71,0.000000,7,8
1,11.000000,11.864000,0.213000,-71,0.000000,7,8
1,11.000000,12.166000,0.102000,-71,0.000000,7,8
1,11.000000,12.244000,0.087000,-71,0.000000,7,8
1,11.000000,12.218000,0.075000,-71,0.000000,7,8
1,11.000000,12.073000,0.156000,-71,0.000000,7,8
1,11.000000,11.919000,0.208000,-70,0.000000,7,8
1,11.000000,11.691000,0.284000,-71,0.000000,7,8
1,11.000000,11.473000,0.311000,-71,0.000000,7,8
1,11.000000,11.563000,0.273000,-71,0.000000,7,8
1,11.000000,11.882000,0.153000,-71,0.000000,7,8
1,11.000000,11.838000,0.135000,-71,0.000000,7,8
1,11.000000,11.676000,0.210000,-71,0.000000,7,8
1,11.000000,11.801000,0.234000,-71,0.000000,7,8
1,11.000000,11.713000,0.292000,-71,0.000000,7,8
1,11.000000,11.719000,0.310000,-71,0.000000,7,8
1,11.000000,11.563000,0.419000,-71,0.000000,7,8
1,11.000000,11.644000,0.411000,-71,0.000000,7,8
1,11.000000,11.601000,0.414000,-71,0.000000,7,8
1,11.000000,11.798000,0.249000,-71,0.000000,7,8
1,11.000000,11.488000,0.482000,-71,0.000000,7,8
1,11.000000,11.520000,0.486000,-71,0.000000,7,8
1,11.000000,11.651000,0.430000,-71,0.000000,7,8
1,11.000000,11.520000,0.602000,-71,0.000000,7,8
1,11.000000,11.598000,0.583000,-71,0.000000,7,8
1,11.000000,11.641000,0.622000,-71,0.000000,7,8
1,11.000000,11.438000,0.769000,-71,0.000000,7,8
1,11.000000,11.457000,0.631000,-71,0.000000,7,8
1,11.000000,11.204000,0.860000,-71,0.000000,7,8
1,11.000000,11.288000,0.732000,-71,0.000000,7,8
1,11.000000,11.145000,0.666000,-71,0.000000,7,8
1,11.000000,11.291000,0.538000,-71,0.000000,7,8
1,11.000000,11.241000,0.571000,-70,0.000000,7,8
1,11.000000,11.254000,0.682000,-70,0.000000,7,8
1,11.000000,11.448000,0.669000,-70,0.000000,7,8
1,11.000000,11.529000,0.634000,-70,0.000000,7,8
1,11.000000,11.451000,0.676000,-70,0.000000,7,8
1,11.000000,11.285000,0.752000,-71,0.000000,7,8
1,11.000000,11.285000,0.703000,-71,0.000000,7,8
1,11.000000,11.338000,0.603000,-70,0.000000,7,8
1,11.000000,11.254000,0.568000,-70,0.000000,7,8
1,11.000000,11.291000,0.706000,-70,0.000000,7,8
1,11.000000,11.241000,0.751000,-70,0.000000,7,8
1,11.000000,11.451000,0.650000,-70,0.000000,7,8
1,11.000000,11.520000,0.589000,-71,0.000000,7,8
1,11.000000,11.479000,0.692000,-71,0.000000,7,8
1,11.000000,11.448000,0.715000,-71,0.000000,7,8
1,11.000000,11.563000,0.648000,-71,0.000000,7,8
1,11.000000,11.401000,1.191000,-71,0.000000,7,8
1,11.000000,11.635000,1.668000,-71,0.000000,7,8
1,11.000000,11.604000,1.678000,-70,0.000000,7,8
1,11.000000,11.376000,1.187000,-71,0.000000,7,8
1,11.000000,11.435000,1.153000,-71,0.000000,7,8
1,11.000000,11.641000,0.994000,-71,0.000000,7,8
1,11.000000,11.673000,1.070000,-71,0.000000,7,8
1,11.000000,11.598000,1.104000,-71,0.000000,7,8
1,11.000000,11.569000,1.374000,-71,0.000000,7,8
1,11.000000,11.938000,0.974000,-71,0.000000,7,8
1,11.000000,11.838000,1.180000,-70,0.000000,7,8
1,11.000000,11.595000,1.441000,-70,0.000000,7,8
1,11.000000,11.641000,1.422000,-70,0.000000,7,8
1,11.000000,11.485000,1.503000,-71,0.000000,7,8
1,11.000000,11.441000,1.136000,-71,0.000000,7,8
1,11.000000,11.751000,1.333000,-70,0.000000,7,8
1,11.000000,11.732000,1.152000,-70,0.000000,7,8
1,11.000000,11.563000,1.265000,-70,0.000000,7,8
1,11.000000,11.835000,1.181000,-70,0.000000,7,8
1,11.000000,11.560000,1.175000,-70,0.000000,7,8
1,11.000000,11.601000,0.841000,-70,0.000000,7,8
1,11.000000,11.332000,1.274000,-70,0.000000,7,8
1,11.000000,11.332000,1.219000,-70,0.000000,7,8
1,11.000000,11.288000,1.174000,-70,0.000000,7,8
1,11.000000,11.170000,0.858000,-70,0.000000,7,8
1,11.000000,11.407000,1.091000,-70,0.000000,7,8
1,11.000000,11.288000,0.813000,-70,0.000000,7,8
1,11.000000,11.338000,0.794000,-70,0.000000,7,8
1,11.000000,11.166000,0.787000,-70,0.000000,7,8
1,11.000000,11.335000,0.660000,-70,0.000000,7,8
1,11.000000,11.326000,0.753000,-71,0.000000,7,8
1,11.000000,11.298000,0.713000,-70,0.000000,7,8
1,11.000000,11.173000,0.998000,-70,0.000000,7,8
1,11.000000,11.413000,0.703000,-71,0.000000,7,8
1,11.000000,11.257000,0.706000,-70,0.000000,7,8
1,11.000000,11.216000,0.838000,-71,0.000000,7,8
1,11.000000,11.407000,0.717000,-70,0.000000,7,8
1,11.000000,11.604000,1.114000,-70,0.000000,7,8
1,11.000000,11.598000,1.242000,-70,0.000000,7,8
1,11.000000,11.801000,1.488000,-70,0.000000,7,8
1,11.000000,11.560000,1.149000,-70,0.000000,7,8
1,11.000000,11.398000,1.274000,-70,0.000000,7,8
1,11.000000,11.526000,1.471000,-70,0.000000,7,8
1,11.000000,11.479000,1.410000,-70,0.000000,7,8
1,11.000000,11.526000,1.149000,-70,0.000000,7,8
1,11.000000,11.216000,1.238000,-70,0.000000,7,8
1,11.000000,11.263000,0.965000,-70,0.000000,7,8
1,11.000000,11.169000,1.196000,-69,0.000000,7,8
1,11.000000,10.938000,1.600000,-69,0.000000,7,8
1,11.000000,11.088000,1.011000,-70,0.000000,7,8
1,11.000000,11.095000,1.492000,-70,0.000000,7,8
1,11.000000,10.935000,1.645000,-70,0.000000,7,8
1,11.000000,10.857000,1.572000,-70,0.000000,7,8
1,11.000000,11.094000,1.239000,-70,0.000000,7,8
1,11.000000,11.129000,1.220000,-70,0.000000,7,8
1,11.000000,11.366000,1.231000,-70,0.000000,7,8
1,11.000000,11.291000,1.147000,-70,0.000000,7,8
1,11.000000,11.257000,1.284000,-70,0.000000,7,8
1,11.000000,11.295000,0.726000,-70,0.000000,7,8
1,11.000000,11.563000,0.634000,-70,0.000000,7,8
1,11.000000,11.257000,1.198000,-70,0.000000,7,8
1,11.000000,11.448000,0.776000,-70,0.000000,7,8
1,11.000000,11.135000,0.780000,-70,0.000000,7,8
1,11.000000,11.291000,0.708000,-70,0.000000,7,8
1,11.000000,11.132000,1.233000,-70,0.000000,7,8
1,11.000000,11.220000,1.191000,-70,0.000000,7,8
1,11.000000,11.223000,1.423000,-70,0.000000,7,8
1,11.000000,11.207000,0.869000,-70,0.000000,7,8
1,11.000000,11.366000,1.350000,-70,0.000000,7,8
1,11.000000,11.295000,0.861000,-70,0.000000,7,8
1,11.000000,11.288000,0.703000,-70,0.000000,7,8
1,11.000000,11.048000,0.834000,-70,0.000000,7,8
1,11.000000,11.298000,0.741000,-70,0.000000,7,8
1,11.000000,11.182000,1.250000,-70,0.000000,7,8
1,11.000000,11.179000,1.283000,-70,0.000000,7,8
1,11.000000,11.138000,1.600000,-70,0.000000,7,8
1,11.000000,11.129000,1.637000,-70,0.000000,7,8
1,11.000000,11.135000,1.666000,-70,0.000000,7,8
1,11.000000,11.060000,1.475000,-70,0.000000,7,8
1,11.000000,11.170000,1.843000,-70,0.000000,7,8
1,11.000000,11.013000,1.868000,-70,0.000000,7,8
1,11.000000,11.138000,1.819000,-70,0.000000,7,8
1,11.000000,11.201000,1.802000,-71,0.000000,7,8
1,11.000000,11.676000,2.087000,-71,0.000000,7,8
1,11.000000,11.991000,0.900000,-72,0.000000,7,8
1,11.000000,12.570000,0.327000,-72,0.000000,7,8
1,11.000000,12.966000,1.027000,-71,0.000000,7,8
1,11.000000,12.457000,1.501000,-71,0.000000,7,8
1,11.000000,12.455000,0.507000,-70,0.000000,7,8
1,11.000000,12.473000,0.724000,-70,0.000000,7,8
1,11.000000,12.855000,0.173000,-70,0.000000,7,8
1,11.000000,12.432000,1.374000,-70,0.000000,7,8
1,11.000000,11.716000,1.510000,-70,0.000000,7,8
1,11.000000,11.610000,1.649000,-70,0.000000,7,8
1,11.000000,11.951000,0.574000,-70,0.000000,7,8
1,11.000000,12.026000,0.442000,-70,0.000000,7,8
1,11.000000,11.641000,1.652000,-69,0.000000,7,8
1,11.000000,11.607000,1.710000,-69,0.000000,7,8
1,11.000000,12.338000,1.852000,-69,0.000000,7,8
1,11.000000,12.541000,1.074000,-69,0.000000,7,8
1,11.000000,11.815000,1.320000,-69,0.000000,7,8
1,11.000000,11.611000,1.110000,-69,0.000000,7,8
1,11.000000,11.747000,1.390000,-69,0.000000,7,8
1,11.000000,11.496000,1.040000,-69,0.000000,7,8
1,11.000000,11.426000,1.207000,-70,0.000000,7,8
1,11.000000,12.330000,0.116000,-70,0.000000,7,8
1,11.000000,11.545000,1.290000,-70,0.000000,7,8
1,11.000000,10.959000,0.960000,-71,0.000000,7,8
1,11.000000,11.402000,1.538000,-71,0.000000,7,8
1,11.000000,10.695000,0.726000,-69,0.000000,7,8
1,11.000000,10.554000,1.300000,-69,0.000000,7,8
1,11.000000,10.580000,1.483000,-70,0.000000,7,8
1,11.000000,10.944000,0.205000,-72,0.000000,7,8
1,11.000000,17.287001,0.130000,-72,0.000000,7,8
1,11.000000,11.723000,1.396000,-70,0.000000,7,8
1,11.000000,11.515000,1.140000,-69,0.000000,7,8
1,11.000000,11.869000,0.309000,-70,0.000000,7,8
1,11.000000,12.073000,1.123000,-70,0.000000,7,8
1,11.000000,11.158000,1.277000,-70,0.000000,7,8
1,11.000000,11.020000,1.532000,-70,0.000000,7,8
1,11.000000,11.039000,1.116000,-70,0.000000,7,8
1,11.000000,11.109000,0.825000,-70,0.000000,7,8
1,11.000000,11.639000,0.514000,-71,0.000000,7,8
1,11.000000,14.310000,1.376000,-71,0.000000,7,8
1,11.000000,11.491000,1.235000,-70,0.000000,7,8
1,11.000000,11.608000,0.487000,-70,0.000000,7,8
1,11.000000,12.539000,0.295000,-71,0.000000,7,8
1,11.000000,12.613000,0.995000,-70,0.000000,7,8
1,11.000000,12.183000,1.085000,-69,0.000000,7,8
1,11.000000,12.131000,0.744000,-70,0.000000,7,8
1,11.000000,11.981000,0.371000,-70,0.000000,7,8
1,11.000000,11.573000,0.704000,-70,0.000000,7,8
1,11.000000,11.552000,0.918000,-70,0.000000,7,8
1,11.000000,12.506000,0.534000,-69,0.000000,7,8
1,11.000000,12.241000,0.486000,-69,0.000000,7,8
1,11.000000,12.042000,0.432000,-69,0.000000,7,8
1,11.000000,11.754000,0.560000,-69,0.000000,7,8
1,11.000000,11.421000,0.483000,-69,0.000000,7,8
1,11.000000,11.927000,0.489000,-69,0.000000,7,8
1,11.000000,13.907000,0.718000,-70,0.000000,7,8
1,11.000000,12.009000,1.424000,-69,0.000000,7,8
1,11.000000,11.430000,0.858000,-69,0.000000,7,8
1,11.000000,11.545000,0.167000,-69,0.000000,7,8
1,11.000000,12.164000,0.292000,-70,0.000000,7,8
1,11.000000,11.897000,0.605000,-70,0.000000,7,8
1,11.000000,11.866000,0.167000,-69,0.000000,7,8
1,11.000000,11.407000,0.241000,-70,0.000000,7,8
1,11.000000,11.245000,0.225000,-70,0.000000,7,8
1,11.000000,11.784000,0.659000,-69,0.000000,7,8
1,11.000000,11.892000,0.401000,-68,0.000000,7,8
1,11.000000,11.402000,0.777000,-69,0.000000,7,8
1,11.000000,11.018000,0.468000,-69,0.000000,7,8
1,11.000000,11.634000,0.827000,-70,0.000000,7,8
1,11.000000,11.198000,0.622000,-69,0.000000,7,8
1,11.000000,11.510000,0.602000,-69,0.000000,7,8
1,11.000000,12.124000,0.546000,-70,0.000000,7,8
1,11.000000,13.005000,0.608000,-70,0.000000,7,8
1,11.000000,12.508000,0.570000,-70,0.000000,7,8
1,11.000000,11.416000,0.122000,-70,0.000000,7,8
1,11.000000,11.224000,0.212000,-69,0.000000,7,8
1,11.000000,12.424000,0.582000,-70,0.000000,7,8
1,11.000000,15.123000,1.052000,-70,0.000000,7,8
1,11.000000,12.041000,0.149000,-69,0.000000,7,8
1,11.000000,10.844000,0.262000,-69,0.000000,7,8
1,11.000000,11.782000,0.704000,-70,0.000000,7,8
1,11.000000,13.248000,0.861000,-70,0.000000,7,8
1,11.000000,11.252000,0.295000,-69,0.000000,7,8
1,11.000000,13.034000,0.448000,-71,0.000000,7,8
1,11.000000,13.718000,0.616000,-70,0.000000,7,8
1,11.000000,12.309000,0.480000,-69,0.000000,7,8
1,11.000000,11.311000,0.113000,-69,0.000000,7,8
1,11.000000,11.365000,0.114000,-69,0.000000,7,8
1,11.000000,11.372000,0.313000,-69,0.000000,7,8
1,11.000000,11.519000,0.455000,-69,0.000000,7,8
1,11.000000,12.771000,0.883000,-70,0.000000,7,8
1,11.000000,11.805000,0.211000,-69,0.000000,7,8
1,11.000000,12.183000,0.819000,-70,0.000000,7,8
1,11.000000,14.831000,0.320000,-70,0.000000,7,8
1,11.000000,12.973000,0.281000,-69,0.000000,7,8
1,11.000000,13.338000,0.848000,-70,0.000000,7,8
1,11.000000,12.070000,0.423000,-69,0.000000,7,8
1,11.000000,12.422000,0.436000,-69,0.000000,7,8
1,11.000000,12.384000,0.696000,-70,0.000000,7,8
1,11.000000,12.075000,0.461000,-69,0.000000,7,8
1,11.000000,12.307000,0.960000,-70,0.000000,7,8
1,11.000000,11.248000,0.338000,-69,0.000000,7,8
1,11.000000,10.966000,0.255000,-68,0.000000,7,8
1,11.000000,11.196000,0.150000,-68,0.000000,7,8
1,11.000000,11.726000,0.639000,-68,0.000000,7,8
1,11.000000,11.632000,0.116000,-68,0.000000,7,8
1,11.000000,12.827000,0.376000,-68,0.000000,7,8
1,11.000000,12.919000,0.196000,-69,0.000000,7,8
1,11.000000,12.009000,0.174000,-68,0.000000,7,8
1,11.000000,11.721000,0.722000,-68,0.000000,7,8
1,11.000000,12.862000,0.168000,-70,0.000000,7,8
1,11.000000,12.068000,0.958000,-69,0.000000,7,8
1,11.000000,12.164000,0.391000,-69,0.000000,7,8
1,11.000000,11.665000,0.370000,-70,0.000000,7,8
1,11.000000,14.532000,0.231000,-69,0.000000,7,8
1,11.000000,12.810000,0.739000,-69,0.000000,7,8
1,11.000000,12.107000,1.128000,-70,0.000000,7,8
1,11.000000,12.223000,2.172000,-70,0.000000,7,8
1,11.000000,15.154000,0.174000,-70,0.000000,7,8
1,11.000000,13.212000,0.833000,-71,0.000000,7,8
1,11.000000,12.600000,1.587000,-69,0.000000,7,8
1,11.000000,12.120000,1.585000,-68,0.000000,7,8
1,11.000000,15.087000,0.490000,-68,0.000000,7,8
1,11.000000,11.141000,0.658000,-69,0.000000,7,8
1,11.000000,10.955000,0.757000,-68,0.000000,7,8
1,11.000000,11.458000,1.675000,-69,0.000000,7,8
1,11.000000,12.304000,1.472000,-71,0.000000,7,8
1,11.000000,11.401000,0.782000,-71,0.000000,7,8
1,11.000000,11.329000,2.030000,-72,0.000000,7,8
1,11.000000,11.610000,0.392000,-70,0.000000,7,8
1,11.000000,10.629000,2.659000,-71,0.000000,7,8
1,11.000000,11.104000,2.028000,-71,0.000000,7,8
1,11.000000,11.051000,1.891000,-71,0.000000,7,8
1,11.000000,11.216000,0.487000,-70,0.000000,7,8
1,11.000000,11.641000,0.181000,-70,0.000000,7,8
1,11.000000,10.957000,0.775000,-69,0.000000,7,8
1,11.000000,11.719000,0.139000,-71,0.000000,7,8
1,11.000000,17.466000,0.134000,-73,0.000000,7,8
1,11.000000,10.945000,0.426000,-72,0.000000,7,8
1,11.000000,11.057000,1.810000,-73,0.000000,7,8
1,11.000000,11.560000,0.377000,-73,0.000000,7,8
1,11.000000,10.615000,0.634000,-73,0.000000,7,8
1,11.000000,10.753000,0.983000,-72,0.000000,7,8
1,11.000000,11.456000,0.733000,-70,0.000000,7,8
1,11.000000,10.666000,1.216000,-69,0.000000,7,8
1,11.000000,12.101000,0.517000,-70,0.000000,7,8
1,11.000000,11.316000,0.800000,-69,0.000000,7,8
1,11.000000,11.374000,0.435000,-68,0.000000,7,8
1,11.000000,12.348000,1.552000,-68,0.000000,7,8
1,11.000000,12.145000,2.328000,-70,0.000000,7,8
1,11.000000,11.981000,0.712000,-70,0.000000,7,8
1,11.000000,11.693000,1.020000,-69,0.000000,7,8
1,11.000000,12.717000,0.611000,-68,0.000000,7,8
1,11.000000,12.929000,1.346000,-68,0.000000,7,8
1,11.000000,12.837000,0.226000,-68,0.000000,7,8
1,11.000000,11.780000,0.772000,-68,0.000000,7,8
1,11.000000,11.749000,0.492000,-68,0.000000,7,8
1,11.000000,12.426000,0.761000,-68,0.000000,7,8
1,11.000000,12.218000,0.362000,-68,0.000000,7,8
1,11.000000,11.634000,0.423000,-68,0.000000,7,8
1,11.000000,11.927000,0.109000,-67,0.000000,7,8
1,11.000000,11.487000,0.277000,-68,0.000000,7,8
1,11.000000,10.868000,0.735000,-69,0.000000,7,8
1,11.000000,11.484000,0.378000,-68,0.000000,7,8
1,11.000000,11.583000,0.371000,-68,0.000000,7,8
1,11.000000,11.226000,0.503000,-68,0.000000,7,8
1,11.000000,11.018000,0.589000,-69,0.000000,7,8
1,11.000000,11.222000,0.391000,-69,0.000000,7,8
1,11.000000,10.987000,0.530000,-69,0.000000,7,8
1,11.000000,10.901000,0.492000,-69,0.000000,7,8
1,11.000000,10.901000,0.556000,-69,0.000000,7,8
1,11.000000,10.933000,0.746000,-69,0.000000,7,8
1,11.000000,11.135000,0.618000,-69,0.000000,7,8
1,11.000000,11.229000,0.392000,-69,0.000000,7,8
1,11.000000,11.107000,0.499000,-70,0.000000,7,8
1,11.000000,11.250000,0.172000,-70,0.000000,7,8
1,11.000000,11.226000,0.142000,-69,0.000000,7,8
1,11.000000,11.163000,0.200000,-69,0.000000,7,8
1,11.000000,10.870000,0.467000,-69,0.000000,7,8
1,11.000000,10.699000,0.527000,-69,0.000000,7,8
1,11.000000,10.732000,0.549000,-69,0.000000,7,8
1,11.000000,10.725000,0.665000,-69,0.000000,7,8
1,11.000000,10.816000,1.122000,-69,0.000000,7,8
1,11.000000,10.809000,1.240000,-69,0.000000,7,8
1,11.000000,10.873000,1.412000,-69,0.000000,7,8
1,11.000000,11.041000,1.287000,-69,0.000000,7,8
1,11.000000,11.046000,1.210000,-68,0.000000,7,8
1,11.000000,11.044000,1.142000,-69,0.000000,7,8
1,11.000000,11.051000,1.049000,-69,0.000000,7,8
1,11.000000,11.341000,0.801000,-68,0.000000,7,8
1,11.000000,11.571000,0.570000,-68,0.000000,7,8
1,11.000000,11.780000,0.202000,-70,0.000000,7,8
1,11.000000,11.869000,0.080000,-69,0.000000,7,8
1,11.000000,11.913000,0.389000,-70,0.000000,7,8
1,11.000000,11.516000,0.432000,-70,0.000000,7,8
1,11.000000,11.255000,0.513000,-68,0.000000,7,8
1,11.000000,12.157000,0.193000,-69,0.000000,7,8
1,11.000000,10.932000,0.499000,-69,0.000000,7,8
1,11.000000,11.138000,0.675000,-69,0.000000,7,8
1,11.000000,17.278000,0.136000,-70,0.000000,7,8
1,11.000000,11.288000,0.708000,-70,0.000000,7,8
1,11.000000,11.416000,2.446000,-70,0.000000,7,8
1,11.000000,11.491000,1.474000,-68,0.000000,7,8
1,11.000000,10.701000,0.970000,-68,0.000000,7,8
1,11.000000,11.748000,0.381000,-70,0.000000,7,8
1,11.000000,11.951000,0.215000,-69,0.000000,7,8
1,11.000000,11.541000,0.972000,-70,0.000000,7,8
1,11.000000,11.660000,1.625000,-68,0.000000,7,8
1,11.000000,14.145000,0.823000,-69,0.000000,7,8
1,11.000000,11.760000,0.170000,-68,0.000000,7,8
1,11.000000,12.164000,0.929000,-69,0.000000,7,8
1,11.000000,11.749000,0.379000,-68,0.000000,7,8
1,11.000000,12.358000,1.368000,-67,0.000000,7,8
1,11.000000,11.927000,1.501000,-68,0.000000,7,8
1,11.000000,11.843000,1.583000,-68,0.000000,7,8
1,11.000000,11.862000,1.270000,-69,0.000000,7,8
1,11.000000,11.308000,0.902000,-69,0.000000,7,8
1,11.000000,10.966000,0.309000,-69,0.000000,7,8
1,11.000000,11.135000,0.181000,-69,0.000000,7,8
1,11.000000,11.191000,0.141000,-68,0.000000,7,8
1,11.000000,11.020000,0.912000,-69,0.000000,7,8
1,11.000000,10.898000,0.827000,-69,0.000000,7,8
1,11.000000,10.933000,0.351000,-68,0.000000,7,8
1,11.000000,10.873000,0.424000,-69,0.000000,7,8
1,11.000000,10.816000,0.879000,-68,0.000000,7,8
1,11.000000,10.959000,1.216000,-68,0.000000,7,8
1,11.000000,10.957000,1.587000,-69,0.000000,7,8
1,11.000000,10.922000,1.602000,-69,0.000000,7,8
1,11.000000,11.018000,1.469000,-69,0.000000,7,8
1,11.000000,11.156000,1.075000,-69,0.000000,7,8
1,11.000000,11.224000,0.388000,-69,0.000000,7,8
1,11.000000,11.254000,0.158000,-69,0.000000,7,8
1,11.000000,11.133000,0.200000,-69,0.000000,7,8
1,11.000000,11.365000,0.382000,-68,0.000000,7,8
1,11.000000,10.898000,0.508000,-69,0.000000,7,8
1,11.000000,11.252000,0.490000,-69,0.000000,7,8
1,11.000000,11.291000,0.113000,-68,0.000000,7,8
1,11.000000,10.932000,0.472000,-68,0.000000,7,8
1,11.000000,11.601000,0.134000,-69,0.000000,7,8
1,11.000000,11.634000,0.190000,-69,0.000000,7,8
1,11.000000,11.644000,0.187000,-69,0.000000,7,8
1,11.000000,11.638000,0.180000,-69,0.000000,7,8
1,11.000000,11.662000,0.121000,-69,0.000000,7,8
1,11.000000,11.713000,0.144000,-69,0.000000,7,8
1,11.000000,11.707000,0.251000,-69,0.000000,7,8
1,11.000000,11.635000,0.154000,-69,0.000000,7,8
1,11.000000,11.693000,0.379000,-68,0.000000,7,8
1,11.000000,11.161000,1.215000,-70,0.000000,7,8
1,11.000000,11.048000,2.212000,-69,0.000000,7,8
1,11.000000,11.545000,2.161000,-70,0.000000,7,8
1,11.000000,11.608000,1.002000,-69,0.000000,7,8
1,11.000000,11.838000,0.547000,-69,0.000000,7,8
1,11.000000,12.473000,1.060000,-70,0.000000,7,8
1,11.000000,12.501000,2.329000,-69,0.000000,7,8
1,11.000000,17.290001,0.134000,-69,0.000000,7,8
1,11.000000,11.679000,1.620000,-69,0.000000,7,8
1,11.000000,12.026000,0.456000,-69,0.000000,7,8
1,11.000000,11.360000,0.356000,-69,0.000000,7,8
1,11.000000,11.308000,0.101000,-70,0.000000,7,8
1,11.000000,11.693000,0.130000,-69,0.000000,7,8
1,11.000000,11.573000,0.148000,-68,0.000000,7,8
1,11.000000,10.982000,0.435000,-69,0.000000,7,8
1,11.000000,11.044000,0.644000,-68,0.000000,7,8
1,11.000000,10.905000,1.210000,-69,0.000000,7,8
1,11.000000,11.135000,0.154000,-68,0.000000,7,8
1,11.000000,10.651000,0.546000,-68,0.000000,7,8
1,11.000000,16.999001,0.121000,-71,0.000000,7,8
1,11.000000,10.785000,0.561000,-71,0.000000,7,8
1,11.000000,10.994000,0.601000,-69,0.000000,7,8
1,11.000000,11.048000,0.514000,-70,0.000000,7,8
1,11.000000,11.196000,0.075000,-68,0.000000,7,8
1,11.000000,11.288000,0.444000,-69,0.000000,7,8
1,11.000000,11.454000,1.648000,-69,0.000000,7,8
1,11.000000,11.248000,1.266000,-70,0.000000,7,8
1,11.000000,11.060000,0.243000,-71,0.000000,7,8
1,11.000000,11.223000,0.300000,-70,0.000000,7,8
1,11.000000,11.723000,0.669000,-69,0.000000,7,8
1,11.000000,11.374000,0.577000,-71,0.000000,7,8
1,11.000000,11.665000,1.210000,-70,0.000000,7,8
1,11.000000,11.988000,0.621000,-70,0.000000,7,8
1,11.000000,12.045000,0.359000,-70,0.000000,7,8
1,11.000000,10.976000,2.098000,-68,0.000000,7,8
1,11.000000,11.845000,1.648000,-68,0.000000,7,8
1,11.000000,11.094000,0.279000,-69,0.000000,7,8
1,11.000000,10.826000,3.080000,-68,0.000000,7,8
1,11.000000,10.944000,2.196000,-70,0.000000,7,8
1,11.000000,11.693000,0.327000,-68,0.000000,7,8
1,11.000000,11.217000,0.140000,-69,0.000000,7,8
1,11.000000,11.487000,0.458000,-68,0.000000,7,8
1,11.000000,13.195000,1.138000,-70,0.000000,7,8
1,11.000000,11.301000,0.521000,-69,0.000000,7,8
1,11.000000,11.665000,0.495000,-70,0.000000,7,8
1,11.000000,11.632000,0.946000,-70,0.000000,7,8
1,11.000000,11.404000,0.226000,-69,0.000000,7,8
1,11.000000,11.482000,0.965000,-68,0.000000,7,8
1,11.000000,11.576000,0.896000,-70,0.000000,7,8
1,11.000000,12.218000,0.281000,-69,0.000000,7,8
1,11.000000,11.573000,0.523000,-69,0.000000,7,8
1,11.000000,11.404000,0.614000,-69,0.000000,7,8
1,11.000000,15.554000,0.835000,-70,0.000000,7,8
1,11.000000,11.571000,0.304000,-69,0.000000,7,8
1,11.000000,12.491000,2.288000,-70,0.000000,7,8
1,11.000000,12.279000,1.395000,-68,0.000000,7,8
1,11.000000,11.018000,0.824000,-69,0.000000,7,8
1,11.000000,11.250000,0.653000,-69,0.000000,7,8
1,11.000000,10.933000,2.254000,-69,0.000000,7,8
1,11.000000,11.079000,1.968000,-69,0.000000,7,8
1,11.000000,11.194000,2.013000,-69,0.000000,7,8
1,11.000000,11.365000,1.432000,-69,0.000000,7,8
1,11.000000,11.372000,1.742000,-69,0.000000,7,8
1,11.000000,11.041000,2.138000,-69,0.000000,7,8
1,11.000000,11.187000,1.676000,-70,0.000000,7,8
1,11.000000,11.194000,1.363000,-69,0.000000,7,8
1,11.000000,11.344000,1.049000,-69,0.000000,7,8
1,11.000000,11.393000,1.166000,-70,0.000000,7,8
1,11.000000,11.430000,0.858000,-70,0.000000,7,8
1,11.000000,11.543000,0.807000,-70,0.000000,7,8
1,11.000000,11.576000,0.541000,-70,0.000000,7,8
1,11.000000,11.543000,0.120000,-70,0.000000,7,8
1,11.000000,11.400000,0.143000,-70,0.000000,7,8
1,11.000000,11.076000,0.552000,-70,0.000000,7,8
1,11.000000,11.109000,0.780000,-70,0.000000,7,8
1,11.000000,11.458000,0.789000,-70,0.000000,7,8
1,11.000000,11.805000,0.343000,-70,0.000000,7,8
1,11.000000,12.426000,0.123000,-69,0.000000,7,8
1,11.000000,12.120000,1.516000,-69,0.000000,7,8
1,11.000000,12.420000,1.486000,-70,0.000000,7,8
1,11.000000,12.413000,1.724000,-69,0.000000,7,8
1,11.000000,12.157000,1.487000,-69,0.000000,7,8
1,11.000000,11.610000,1.796000,-69,0.000000,7,8
1,11.000000,11.757000,0.644000,-69,0.000000,7,8
1,11.000000,11.882000,0.342000,-68,0.000000,7,8
1,11.000000,11.904000,0.263000,-69,0.000000,7,8
1,11.000000,11.957000,0.356000,-68,0.000000,7,8
1,11.000000,11.910000,0.564000,-69,0.000000,7,8
1,11.000000,11.566000,0.853000,-69,0.000000,7,8
1,11.000000,11.285000,1.026000,-69,0.000000,7,8
1,11.000000,11.054000,0.946000,-69,0.000000,7,8
1,11.000000,11.016000,0.788000,-69,0.000000,7,8
1,11.000000,10.938000,0.727000,-69,0.000000,7,8
1,11.000000,11.132000,0.400000,-69,0.000000,7,8
1,11.000000,11.719000,0.199000,-69,0.000000,7,8
1,11.000000,11.288000,0.335000,-69,0.000000,7,8
1,11.000000,11.485000,0.172000,-68,0.000000,7,8
1,11.000000,11.566000,0.219000,-68,0.000000,7,8
1,11.000000,11.444000,0.304000,-68,0.000000,7,8
1,11.000000,11.376000,0.308000,-68,0.000000,7,8
1,11.000000,11.445000,0.300000,-68,0.000000,7,8
1,11.000000,11.560000,0.220000,-68,0.000000,7,8
1,11.000000,11.563000,0.307000,-68,0.000000,7,8
1,11.000000,11.448000,0.508000,-69,0.000000,7,8
1,11.000000,17.083000,0.069000,-69,0.000000,7,8
1,11.000000,11.135000,2.395000,-69,0.000000,7,8
1,11.000000,10.982000,1.894000,-69,0.000000,7,8
1,11.000000,10.907000,1.898000,-69,0.000000,7,8
1,11.000000,11.023000,0.928000,-69,0.000000,7,8
1,11.000000,11.060000,1.054000,-69,0.000000,7,8
1,11.000000,11.023000,2.547000,-68,0.000000,7,8
1,11.000000,10.935000,2.138000,-68,0.000000,7,8
1,11.000000,11.057000,1.623000,-68,0.000000,7,8
1,11.000000,11.057000,0.849000,-69,0.000000,7,8
1,11.000000,11.335000,0.705000,-69,0.000000,7,8
1,11.000000,11.416000,0.398000,-69,0.000000,7,8
1,11.000000,11.913000,0.258000,-69,0.000000,7,8
1,11.000000,12.029000,0.120000,-69,0.000000,7,8
1,11.000000,12.047000,0.352000,-68,0.000000,7,8
1,11.000000,11.632000,0.551000,-68,0.000000,7,8
1,11.000000,11.695000,1.099000,-69,0.000000,7,8
1,11.000000,11.625000,1.447000,-69,0.000000,7,8
1,11.000000,11.550000,1.075000,-69,0.000000,7,8
1,11.000000,11.393000,1.189000,-69,0.000000,7,8
1,11.000000,11.744000,1.081000,-69,0.000000,7,8
1,11.000000,12.133000,0.959000,-70,0.000000,7,8
1,11.000000,13.944000,0.688000,-69,0.000000,7,8
1,11.000000,13.435000,1.869000,-70,0.000000,7,8
1,11.000000,12.237000,0.636000,-70,0.000000,7,8
1,11.000000,11.016000,1.045000,-68,0.000000,7,8
1,11.000000,11.018000,0.835000,-67,0.000000,7,8
1,11.000000,11.751000,0.816000,-68,0.000000,7,8
1,11.000000,17.525999,0.149000,-69,0.000000,7,8
1,11.000000,17.434999,0.206000,-69,0.000000,7,8
1,11.000000,17.205000,0.098000,-69,0.000000,7,8
1,11.000000,11.644000,2.022000,-69,0.000000,7,8
1,11.000000,11.682000,1.413000,-69,0.000000,7,8
1,11.000000,12.035000,0.203000,-69,0.000000,7,8
1,11.000000,12.155000,0.184000,-70,0.000000,7,8
1,11.000000,12.246000,0.128000,-69,0.000000,7,8
1,11.000000,12.101000,0.371000,-69,0.000000,7,8
1,11.000000,12.251000,0.178000,-69,0.000000,7,8
1,11.000000,12.426000,0.357000,-69,0.000000,7,8
1,11.000000,12.307000,1.297000,-69,0.000000,7,8
1,11.000000,12.185000,1.390000,-69,0.000000,7,8
1,11.000000,11.994000,1.484000,-69,0.000000,7,8
1,11.000000,11.682000,1.619000,-69,0.000000,7,8
1,11.000000,11.569000,1.633000,-69,0.000000,7,8
1,11.000000,11.457000,1.626000,-69,0.000000,7,8
1,11.000000,11.569000,0.514000,-69,0.000000,7,8
1,11.000000,11.498000,0.551000,-69,0.000000,7,8
1,11.000000,11.651000,0.391000,-69,0.000000,7,8
1,11.000000,11.691000,0.398000,-69,0.000000,7,8
1,11.000000,11.526000,0.431000,-69,0.000000,7,8
1,11.000000,11.638000,0.279000,-69,0.000000,7,8
1,11.000000,11.257000,0.481000,-69,0.000000,7,8
1,11.000000,11.376000,0.312000,-68,0.000000,7,8
1,11.000000,11.280000,0.809000,-69,0.000000,7,8
1,11.000000,11.519000,0.276000,-69,0.000000,7,8
1,11.000000,11.835000,0.096000,-69,0.000000,7,8
1,11.000000,11.569000,0.194000,-70,0.000000,7,8
1,11.000000,11.957000,0.133000,-69,0.000000,7,8
1,11.000000,11.923000,0.154000,-69,0.000000,7,8
1,11.000000,11.644000,0.267000,-69,0.000000,7,8
1,11.000000,11.841000,0.258000,-69,0.000000,7,8
1,11.000000,11.598000,0.348000,-69,0.000000,7,8
1,11.000000,11.838000,0.240000,-69,0.000000,7,8
1,11.000000,11.682000,0.205000,-69,0.000000,7,8
1,11.000000,11.760000,0.345000,-69,0.000000,7,8
1,11.000000,11.335000,0.590000,-69,0.000000,7,8
1,11.000000,11.213000,0.309000,-69,0.000000,7,8
1,11.000000,11.476000,0.312000,-68,0.000000,7,8
1,11.000000,11.951000,0.305000,-69,0.000000,7,8
1,11.000000,11.780000,0.322000,-68,0.000000,7,8
1,11.000000,11.958000,0.220000,-68,0.000000,7,8
1,11.000000,12.129000,0.124000,-69,0.000000,7,8
1,11.000000,11.693000,0.187000,-69,0.000000,7,8
1,11.000000,11.745000,0.159000,-69,0.000000,7,8
1,11.000000,11.662000,0.119000,-69,0.000000,7,8
1,11.000000,11.754000,0.237000,-69,0.000000,7,8
1,11.000000,11.869000,0.176000,-69,0.000000,7,8
1,11.000000,12.073000,0.091000,-68,0.000000,7,8
1,11.000000,12.044000,0.135000,-69,0.000000,7,8
1,11.000000,11.838000,0.139000,-69,0.000000,7,8
1,11.000000,11.775000,0.473000,-68,0.000000,7,8
1,11.000000,11.751000,0.363000,-68,0.000000,7,8
1,11.000000,11.749000,0.267000,-68,0.000000,7,8
1,11.000000,11.784000,0.379000,-69,0.000000,7,8
1,11.000000,11.693000,0.429000,-69,0.000000,7,8
1,11.000000,11.512000,0.365000,-69,0.000000,7,8
1,11.000000,11.548000,0.384000,-69,0.000000,7,8
1,11.000000,11.951000,0.194000,-69,0.000000,7,8
1,11.000000,11.693000,0.108000,-69,0.000000,7,8
1,11.000000,11.608000,0.193000,-69,0.000000,7,8
1,11.000000,11.641000,0.124000,-69,0.000000,7,8
1,11.000000,11.749000,0.144000,-69,0.000000,7,8
1,11.000000,11.782000,0.253000,-68,0.000000,7,8
1,11.000000,11.523000,0.296000,-68,0.000000,7,8
1,11.000000,11.367000,0.540000,-68,0.000000,7,8
1,11.000000,11.311000,0.811000,-69,0.000000,7,8
1,11.000000,11.543000,0.289000,-69,0.000000,7,8
1,11.000000,11.601000,0.192000,-69,0.000000,7,8
1,11.000000,11.456000,0.345000,-68,0.000000,7,8
1,11.000000,11.515000,0.231000,-68,0.000000,7,8
1,11.000000,11.601000,0.265000,-68,0.000000,7,8
1,11.000000,11.515000,0.294000,-68,0.000000,7,8
1,11.000000,11.545000,0.313000,-68,0.000000,7,8
1,11.000000,11.541000,0.266000,-68,0.000000,7,8
1,11.000000,11.634000,0.272000,-68,0.000000,7,8
1,11.000000,11.522000,0.260000,-68,0.000000,7,8
1,11.000000,11.660000,0.240000,-68,0.000000,7,8
1,11.000000,11.815000,0.138000,-68,0.000000,7,8
1,11.000000,11.658000,0.175000,-68,0.000000,7,8
1,11.000000,11.580000,0.216000,-68,0.000000,7,8
1,11.000000,11.662000,0.299000,-69,0.000000,7,8
1,11.000000,11.454000,0.298000,-69,0.000000,7,8
1,11.000000,11.487000,0.266000,-69,0.000000,7,8
1,11.000000,11.454000,0.394000,-69,0.000000,7,8
1,11.000000,11.545000,0.480000,-69,0.000000,7,8
1,11.000000,11.428000,0.322000,-69,0.000000,7,8
1,11.000000,11.545000,0.316000,-69,0.000000,7,8
1,11.000000,11.634000,0.235000,-69,0.000000,7,8
1,11.000000,11.604000,0.266000,-69,0.000000,7,8
1,11.000000,11.780000,0.168000,-69,0.000000,7,8
1,11.000000,11.713000,0.148000,-69,0.000000,7,8
1,11.000000,11.494000,0.294000,-69,0.000000,7,8
1,11.000000,11.445000,0.259000,-69,0.000000,7,8
1,11.000000,11.488000,0.237000,-69,0.000000,7,8
1,11.000000,11.635000,0.172000,-69,0.000000,7,8
1,11.000000,11.488000,0.254000,-69,0.000000,7,8
1,11.000000,11.488000,0.261000,-69,0.000000,7,8
1,11.000000,11.526000,0.171000,-69,0.000000,7,8
1,11.000000,11.580000,0.149000,-69,0.000000,7,8
1,11.000000,11.519000,0.079000,-69,0.000000,7,8
1,11.000000,11.451000,0.129000,-70,0.000000,7,8
1,11.000000,11.448000,0.091000,-69,0.000000,7,8
1,11.000000,11.369000,0.236000,-69,0.000000,7,8
1,11.000000,11.367000,0.229000,-69,0.000000,7,8
1,11.000000,11.346000,0.184000,-69,0.000000,7,8
1,11.000000,11.398000,0.261000,-69,0.000000,7,8
1,11.000000,11.374000,0.123000,-69,0.000000,7,8
1,11.000000,11.482000,0.113000,-69,0.000000,7,8
1,11.000000,11.376000,0.153000,-69,0.000000,7,8
1,11.000000,11.491000,0.215000,-68,0.000000,7,8
1,11.000000,11.398000,0.306000,-68,0.000000,7,8
1,11.000000,11.295000,0.430000,-69,0.000000,7,8
1,11.000000,11.410000,0.420000,-69,0.000000,7,8
1,11.000000,11.263000,0.589000,-69,0.000000,7,8
1,11.000000,11.210000,0.617000,-69,0.000000,7,8
1,11.000000,11.101000,0.697000,-69,0.000000,7,8
1,11.000000,11.254000,0.628000,-69,0.000000,7,8
1,11.000000,11.410000,0.705000,-69,0.000000,7,8
1,11.000000,11.257000,0.577000,-69,0.000000,7,8
1,11.000000,11.370000,0.573000,-69,0.000000,7,8
1,11.000000,11.416000,0.453000,-69,0.000000,7,8
1,11.000000,11.482000,1.342000,-69,0.000000,7,8
1,11.000000,11.569000,0.363000,-68,0.000000,7,8
1,11.000000,11.457000,0.399000,-68,0.000000,7,8
1,11.000000,11.416000,0.373000,-68,0.000000,7,8
1,11.000000,11.213000,0.451000,-68,0.000000,7,8
1,11.000000,11.254000,0.410000,-68,0.000000,7,8
1,11.000000,11.373000,0.265000,-68,0.000000,7,8
1,11.000000,11.454000,0.213000,-68,0.000000,7,8
1,11.000000,11.601000,0.145000,-69,0.000000,7,8
1,11.000000,11.723000,0.163000,-69,0.000000,7,8
1,11.000000,11.339000,0.855000,-68,0.000000,7,8
1,11.000000,11.135000,0.262000,-70,0.000000,7,8
1,11.000000,11.488000,1.616000,-69,0.000000,7,8
1,11.000000,11.960000,0.119000,-68,0.000000,7,8
1,11.000000,11.726000,0.263000,-69,0.000000,7,8
1,11.000000,11.335000,0.437000,-69,0.000000,7,8
1,11.000000,11.360000,2.414000,-69,0.000000,7,8
1,11.000000,11.719000,1.197000,-69,0.000000,7,8
1,11.000000,11.958000,0.401000,-68,0.000000,7,8
1,11.000000,11.843000,0.373000,-68,0.000000,7,8
1,11.000000,11.962000,0.271000,-68,0.000000,7,8
1,11.000000,11.951000,0.476000,-68,0.000000,7,8
1,11.000000,11.951000,0.461000,-68,0.000000,7,8
1,11.000000,11.723000,1.500000,-69,0.000000,7,8
1,11.000000,11.213000,0.244000,-69,0.000000,7,8
1,11.000000,11.894000,0.154000,-68,0.000000,7,8
1,11.000000,11.876000,0.653000,-69,0.000000,7,8
1,11.000000,11.728000,0.250000,-68,0.000000,7,8
1,11.000000,11.529000,0.522000,-68,0.000000,7,8
1,11.000000,16.993999,0.132000,-70,0.000000,7,8
1,11.000000,11.719000,0.531000,-69,0.000000,7,8
1,11.000000,11.747000,0.261000,-69,0.000000,7,8
1,11.000000,11.713000,0.361000,-68,0.000000,7,8
1,11.000000,11.794000,0.254000,-68,0.000000,7,8
1,11.000000,11.955000,0.173000,-68,0.000000,7,8
1,11.000000,11.807000,0.258000,-68,0.000000,7,8
1,11.000000,11.641000,0.327000,-68,0.000000,7,8
1,11.000000,11.769000,0.159000,-68,0.000000,7,8
1,11.000000,11.535000,0.295000,-68,0.000000,7,8
1,11.000000,11.491000,0.441000,-68,0.000000,7,8
1,11.000000,11.719000,0.160000,-68,0.000000,7,8
1,11.000000,11.532000,0.345000,-68,0.000000,7,8
1,11.000000,11.594000,0.279000,-68,0.000000,7,8
1,11.000000,11.401000,0.381000,-68,0.000000,7,8
1,11.000000,11.379000,0.433000,-68,0.000000,7,8
1,11.000000,11.407000,0.410000,-68,0.000000,7,8
1,11.000000,11.563000,0.260000,-68,0.000000,7,8
1,11.000000,11.682000,0.170000,-68,0.000000,7,8
1,11.000000,11.573000,0.295000,-68,0.000000,7,8
1,11.000000,11.535000,0.288000,-68,0.000000,7,8
1,11.000000,11.613000,0.226000,-68,0.000000,7,8
1,11.000000,11.479000,0.271000,-68,0.000000,7,8
1,11.000000,11.607000,0.237000,-68,0.000000,7,8
1,11.000000,11.410000,0.217000,-68,0.000000,7,8
1,11.000000,11.578000,0.106000,-68,0.000000,7,8
1,11.000000,11.313000,0.462000,-68,0.000000,7,8
1,11.000000,11.543000,0.348000,-69,0.000000,7,8
1,11.000000,11.957000,0.088000,-68,0.000000,7,8
1,11.000000,11.719000,0.165000,-68,0.000000,7,8
1,11.000000,11.763000,0.125000,-69,0.000000,7,8
1,11.000000,11.451000,0.342000,-69,0.000000,7,8
1,11.000000,11.693000,0.225000,-68,0.000000,7,8
1,11.000000,11.476000,0.273000,-68,0.000000,7,8
1,11.000000,11.520000,0.390000,-69,0.000000,7,8
1,11.000000,11.648000,0.240000,-68,0.000000,7,8
1,11.000000,11.607000,0.208000,-68,0.000000,7,8
1,11.000000,11.601000,0.230000,-69,0.000000,7,8
1,11.000000,11.529000,0.300000,-69,0.000000,7,8
1,11.000000,11.788000,0.250000,-69,0.000000,7,8
1,11.000000,11.757000,0.149000,-69,0.000000,7,8
1,11.000000,11.441000,0.430000,-69,0.000000,7,8
1,11.000000,11.366000,0.349000,-68,0.000000,7,8
1,11.000000,11.298000,0.459000,-69,0.000000,7,8
1,11.000000,11.445000,0.366000,-69,0.000000,7,8
1,11.000000,11.448000,0.381000,-69,0.000000,7,8
1,11.000000,11.485000,0.336000,-69,0.000000,7,8
1,11.000000,11.370000,0.354000,-69,0.000000,7,8
1,11.000000,11.419000,0.334000,-69,0.000000,7,8
1,11.000000,11.482000,0.273000,-69,0.000000,7,8
1,11.000000,11.566000,0.276000,-69,0.000000,7,8
1,11.000000,11.532000,0.259000,-69,0.000000,7,8
1,11.000000,11.376000,0.293000,-69,0.000000,7,8
1,11.000000,11.441000,0.331000,-69,0.000000,7,8
1,11.000000,11.563000,0.241000,-69,0.000000,7,8
1,11.000000,11.513000,0.321000,-69,0.000000,7,8
1,11.000000,11.407000,0.322000,-69,0.000000,7,8
1,11.000000,11.363000,0.360000,-69,0.000000,7,8
1,11.000000,11.335000,0.358000,-69,0.000000,7,8
1,11.000000,11.441000,0.327000,-69,0.000000,7,8
1,11.000000,11.519000,0.291000,-69,0.000000,7,8
1,11.000000,11.401000,0.333000,-69,0.000000,7,8
1,11.000000,11.529000,0.242000,-69,0.000000,7,8
1,11.000000,11.488000,0.271000,-69,0.000000,7,8
1,11.000000,11.513000,0.326000,-69,0.000000,7,8
1,11.000000,11.566000,0.251000,-69,0.000000,7,8
1,11.000000,11.329000,0.335000,-68,0.000000,7,8
1,11.000000,11.591000,0.282000,-69,0.000000,7,8
1,11.000000,11.560000,0.301000,-69,0.000000,7,8
1,11.000000,11.407000,0.373000,-69,0.000000,7,8
1,11.000000,11.419000,0.327000,-69,0.000000,7,8
1,11.000000,11.457000,0.252000,-69,0.000000,7,8
1,11.000000,11.441000,0.359000,-69,0.000000,7,8
1,11.000000,11.376000,0.425000,-69,0.000000,7,8
1,11.000000,11.676000,0.086000,-69,0.000000,7,8
1,11.000000,11.488000,0.352000,-69,0.000000,7,8
1,11.000000,11.591000,0.320000,-68,0.000000,7,8
1,11.000000,11.482000,0.387000,-69,0.000000,7,8
1,11.000000,11.526000,0.403000,-68,0.000000,7,8
1,11.000000,11.523000,0.411000,-68,0.000000,7,8
1,11.000000,11.638000,0.296000,-68,0.000000,7,8
1,11.000000,11.644000,0.205000,-68,0.000000,7,8
1,11.000000,11.498000,0.358000,-68,0.000000,7,8
1,11.000000,11.451000,0.298000,-68,0.000000,7,8
1,11.000000,11.482000,0.342000,-69,0.000000,7,8
1,11.000000,11.516000,0.388000,-69,0.000000,7,8
1,11.000000,11.607000,0.291000,-68,0.000000,7,8
1,11.000000,11.644000,0.253000,-69,0.000000,7,8
1,11.000000,11.413000,0.362000,-68,0.000000,7,8
1,11.000000,11.441000,0.354000,-68,0.000000,7,8
1,11.000000,11.523000,0.429000,-68,0.000000,7,8
1,11.000000,11.488000,0.403000,-68,0.000000,7,8
1,11.000000,11.370000,0.466000,-68,0.000000,7,8
1,11.000000,11.413000,0.484000,-68,0.000000,7,8
1,11.000000,11.523000,0.355000,-68,0.000000,7,8
1,11.000000,11.416000,0.432000,-68,0.000000,7,8
1,11.000000,11.494000,0.410000,-68,0.000000,7,8
1,11.000000,11.569000,0.390000,-68,0.000000,7,8
1,11.000000,11.419000,0.453000,-68,0.000000,7,8
1,11.000000,11.323000,0.471000,-69,0.000000,7,8
1,11.000000,11.523000,0.352000,-68,0.000000,7,8
1,11.000000,11.441000,0.409000,-68,0.000000,7,8
1,11.000000,11.485000,0.361000,-68,0.000000,7,8
1,11.000000,11.441000,0.385000,-68,0.000000,7,8
1,11.000000,11.332000,0.376000,-69,0.000000,7,8
1,11.000000,11.520000,0.217000,-68,0.000000,7,8
1,11.000000,11.407000,0.320000,-69,0.000000,7,8
1,11.000000,11.338000,0.429000,-68,0.000000,7,8
1,11.000000,11.498000,0.320000,-69,0.000000,7,8
1,11.000000,11.407000,0.282000,-68,0.000000,7,8
1,11.000000,11.613000,0.251000,-68,0.000000,7,8
1,11.000000,11.132000,0.633000,-69,0.000000,7,8
1,11.000000,11.051000,0.902000,-69,0.000000,7,8
1,11.000000,11.632000,0.345000,-68,0.000000,7,8
1,11.000000,11.669000,0.210000,-69,0.000000,7,8
1,11.000000,11.094000,1.612000,-69,0.000000,7,8
1,11.000000,12.082000,0.975000,-68,0.000000,7,8
1,11.000000,10.907000,0.450000,-70,0.000000,7,8
1,11.000000,12.012000,0.284000,-69,0.000000,7,8
1,11.000000,11.369000,1.092000,-69,0.000000,7,8
1,11.000000,11.344000,1.333000,-68,0.000000,7,8
1,11.000000,11.532000,0.396000,-68,0.000000,7,8
1,11.000000,11.213000,1.869000,-69,0.000000,7,8
1,11.000000,11.220000,2.653000,-70,0.000000,7,8
1,11.000000,11.477000,0.437000,-69,0.000000,7,8
1,11.000000,11.927000,0.151000,-68,0.000000,7,8
1,11.000000,11.777000,0.415000,-68,0.000000,7,8
1,11.000000,11.754000,0.351000,-68,0.000000,7,8
1,11.000000,12.016000,0.132000,-68,0.000000,7,8
1,11.000000,11.688000,0.276000,-68,0.000000,7,8
1,11.000000,11.637000,0.274000,-69,0.000000,7,8
1,11.000000,11.751000,0.134000,-68,0.000000,7,8
1,11.000000,11.756000,0.198000,-69,0.000000,7,8
1,11.000000,11.526000,0.339000,-69,0.000000,7,8
1,11.000000,11.728000,0.154000,-68,0.000000,7,8
1,11.000000,11.634000,0.310000,-69,0.000000,7,8
1,11.000000,11.569000,0.223000,-69,0.000000,7,8
1,11.000000,11.557000,0.221000,-69,0.000000,7,8
1,11.000000,11.410000,0.367000,-68,0.000000,7,8
1,11.000000,11.251000,0.640000,-68,0.000000,7,8
1,11.000000,11.201000,0.834000,-68,0.000000,7,8
1,11.000000,11.216000,0.523000,-68,0.000000,7,8
1,11.000000,11.435000,0.472000,-68,0.000000,7,8
1,11.000000,11.135000,0.593000,-68,0.000000,7,8
1,11.000000,11.254000,0.486000,-69,0.000000,7,8
1,11.000000,11.691000,0.188000,-68,0.000000,7,8
1,11.000000,11.729000,0.167000,-68,0.000000,7,8
1,11.000000,11.638000,0.127000,-68,0.000000,7,8
1,11.000000,11.723000,0.165000,-68,0.000000,7,8
1,11.000000,11.573000,0.230000,-68,0.000000,7,8
1,11.000000,11.532000,0.328000,-68,0.000000,7,8
1,11.000000,11.532000,0.343000,-68,0.000000,7,8
1,11.000000,11.729000,0.194000,-68,0.000000,7,8
1,11.000000,11.833000,0.106000,-69,0.000000,7,8
1,11.000000,11.667000,0.165000,-69,0.000000,7,8
1,11.000000,11.613000,0.198000,-69,0.000000,7,8
1,11.000000,11.488000,0.239000,-69,0.000000,7,8
1,11.000000,11.766000,0.149000,-69,0.000000,7,8
1,11.000000,11.766000,0.200000,-69,0.000000,7,8
1,11.000000,11.836000,0.120000,-69,0.000000,7,8
1,11.000000,11.791000,0.167000,-69,0.000000,7,8
1,11.000000,11.838000,0.105000,-69,0.000000,7,8
1,11.000000,11.866000,0.131000,-69,0.000000,7,8
1,11.000000,11.916000,0.067000,-69,0.000000,7,8
1,11.000000,11.916000,0.094000,-69,0.000000,7,8
1,11.000000,11.892000,0.186000,-69,0.000000,7,8
1,11.000000,11.838000,0.319000,-69,0.000000,7,8
1,11.000000,11.679000,0.261000,-69,0.000000,7,8
1,11.000000,11.637000,0.264000,-69,0.000000,7,8
1,11.000000,11.757000,0.187000,-69,0.000000,7,8
1,11.000000,11.869000,0.113000,-69,0.000000,7,8
1,11.000000,11.838000,0.187000,-69,0.000000,7,8
1,11.000000,11.791000,0.260000,-69,0.000000,7,8
1,11.000000,11.638000,0.261000,-69,0.000000,7,8
1,11.000000,11.841000,0.162000,-69,0.000000,7,8
1,11.000000,11.685000,0.342000,-69,0.000000,7,8
1,11.000000,11.749000,0.165000,-69,0.000000,7,8
1,11.000000,11.285000,0.563000,-68,0.000000,7,8
1,11.000000,11.635000,0.402000,-68,0.000000,7,8
1,11.000000,11.401000,0.487000,-69,0.000000,7,8
1,11.000000,11.491000,0.389000,-69,0.000000,7,8
1,11.000000,11.244000,0.502000,-69,0.000000,7,8
1,11.000000,11.179000,0.753000,-69,0.000000,7,8
1,11.000000,11.223000,0.527000,-69,0.000000,7,8
1,11.000000,11.026000,0.791000,-70,0.000000,7,8
1,11.000000,11.098000,0.599000,-70,0.000000,7,8
1,11.000000,11.179000,0.451000,-70,0.000000,7,8
1,11.000000,11.370000,0.438000,-70,0.000000,7,8
1,11.000000,11.569000,0.444000,-69,0.000000,7,8
1,11.000000,11.373000,0.684000,-69,0.000000,7,8
1,11.000000,11.488000,0.578000,-69,0.000000,7,8
1,11.000000,11.007000,2.211000,-68,0.000000,7,8
1,11.000000,11.532000,0.491000,-69,0.000000,7,8
1,11.000000,11.410000,0.396000,-68,0.000000,7,8
1,11.000000,11.488000,0.390000,-68,0.000000,7,8
1,11.000000,11.685000,0.303000,-68,0.000000,7,8
1,11.000000,11.794000,0.146000,-68,0.000000,7,8
1,11.000000,11.815000,0.131000,-68,0.000000,7,8
1,11.000000,11.135000,2.887000,-69,0.000000,7,8
1,11.000000,11.844000,0.214000,-69,0.000000,7,8
1,11.000000,11.494000,0.336000,-69,0.000000,7,8
1,11.000000,11.316000,0.877000,-69,0.000000,7,8
1,11.000000,11.298000,0.474000,-69,0.000000,7,8
1,11.000000,11.257000,0.529000,-70,0.000000,7,8
1,11.000000,11.132000,0.778000,-69,0.000000,7,8
1,11.000000,11.332000,0.487000,-69,0.000000,7,8
1,11.000000,11.326000,0.595000,-69,0.000000,7,8
1,11.000000,11.282000,0.397000,-68,0.000000,7,8
1,11.000000,11.662000,0.142000,-68,0.000000,7,8
1,11.000000,11.803000,0.131000,-68,0.000000,7,8
1,11.000000,11.405000,0.683000,-68,0.000000,7,8
1,11.000000,11.729000,0.125000,-69,0.000000,7,8
1,11.000000,11.598000,0.277000,-69,0.000000,7,8
1,11.000000,11.316000,0.612000,-69,0.000000,7,8
1,11.000000,11.751000,0.214000,-68,0.000000,7,8
1,11.000000,11.176000,1.957000,-69,0.000000,7,8
1,11.000000,11.410000,2.325000,-69,0.000000,7,8
1,11.000000,11.760000,1.522000,-69,0.000000,7,8
1,11.000000,11.729000,1.533000,-69,0.000000,7,8
1,11.000000,11.760000,0.478000,-69,0.000000,7,8
1,11.000000,12.032000,0.269000,-69,0.000000,7,8
1,11.000000,11.957000,0.242000,-69,0.000000,7,8
1,11.000000,12.035000,0.091000,-69,0.000000,7,8
1,11.000000,11.899000,0.218000,-69,0.000000,7,8
1,11.000000,11.925000,0.111000,-69,0.000000,7,8
1,11.000000,11.763000,0.236000,-70,0.000000,7,8
1,11.000000,11.869000,0.111000,-69,0.000000,7,8
1,11.000000,11.923000,0.079000,-69,0.000000,7,8
1,11.000000,11.866000,0.151000,-69,0.000000,7,8
1,11.000000,11.784000,0.228000,-69,0.000000,7,8
1,11.000000,11.775000,0.242000,-69,0.000000,7,8
1,11.000000,11.810000,0.397000,-69,0.000000,7,8
1,11.000000,11.573000,0.452000,-69,0.000000,7,8
1,11.000000,11.543000,0.677000,-69,0.000000,7,8
1,11.000000,11.393000,0.979000,-69,0.000000,7,8
1,11.000000,11.341000,0.944000,-69,0.000000,7,8
1,11.000000,11.379000,0.658000,-69,0.000000,7,8
1,11.000000,11.606000,0.475000,-69,0.000000,7,8
1,11.000000,11.569000,0.440000,-69,0.000000,7,8
1,11.000000,11.630000,0.411000,-69,0.000000,7,8
1,11.000000,11.545000,0.506000,-69,0.000000,7,8
1,11.000000,11.512000,0.573000,-69,0.000000,7,8
1,11.000000,11.548000,0.543000,-69,0.000000,7,8
1,11.000000,11.428000,0.763000,-69,0.000000,7,8
1,11.000000,11.430000,0.887000,-69,0.000000,7,8
1,11.000000,11.407000,0.153000,-70,0.000000,7,8
1,11.000000,11.135000,0.922000,-69,0.000000,7,8
1,11.000000,11.407000,1.440000,-69,0.000000,7,8
1,11.000000,11.435000,0.684000,-69,0.000000,7,8
1,11.000000,11.607000,0.546000,-68,0.000000,7,8
1,11.000000,11.651000,0.449000,-68,0.000000,7,8
1,11.000000,11.891000,0.159000,-68,0.000000,7,8
1,11.000000,11.410000,0.520000,-68,0.000000,7,8
1,11.000000,12.026000,0.193000,-69,0.000000,7,8
1,11.000000,12.026000,0.127000,-69,0.000000,7,8
1,11.000000,12.107000,0.109000,-69,0.000000,7,8
1,11.000000,11.979000,0.144000,-69,0.000000,7,8
1,11.000000,11.660000,0.720000,-69,0.000000,7,8
1,11.000000,11.716000,0.296000,-69,0.000000,7,8
1,11.000000,11.791000,0.256000,-69,0.000000,7,8
1,11.000000,11.994000,0.386000,-69,0.000000,7,8
1,11.000000,11.808000,0.196000,-68,0.000000,7,8
1,11.000000,11.723000,0.187000,-68,0.000000,7,8
1,11.000000,11.135000,0.805000,-69,0.000000,7,8
1,11.000000,11.210000,2.015000,-69,0.000000,7,8
1,11.000000,11.260000,0.519000,-69,0.000000,7,8
1,11.000000,11.401000,1.140000,-69,0.000000,7,8
1,11.000000,12.229000,1.218000,-68,0.000000,7,8
1,11.000000,11.129000,0.757000,-69,0.000000,7,8
1,11.000000,11.260000,0.124000,-69,0.000000,7,8
1,11.000000,11.109000,1.162000,-68,0.000000,7,8
1,11.000000,11.426000,1.131000,-67,0.000000,7,8
1,11.000000,11.719000,0.262000,-68,0.000000,7,8
1,11.000000,11.241000,0.519000,-68,0.000000,7,8
1,11.000000,11.063000,1.953000,-68,0.000000,7,8
1,11.000000,11.126000,2.052000,-68,0.000000,7,8
1,11.000000,11.363000,1.892000,-69,0.000000,7,8
1,11.000000,11.370000,1.561000,-69,0.000000,7,8
1,11.000000,11.295000,1.923000,-69,0.000000,7,8
1,11.000000,11.207000,2.481000,-70,0.000000,7,8
1,11.000000,17.146999,0.127000,-69,0.000000,7,8
1,11.000000,11.051000,2.030000,-69,0.000000,7,8
1,11.000000,11.982000,0.152000,-70,0.000000,7,8
1,11.000000,11.466000,0.651000,-69,0.000000,7,8
1,11.000000,10.987000,1.217000,-69,0.000000,7,8
1,11.000000,10.957000,0.790000,-68,0.000000,7,8
1,11.000000,11.169000,0.174000,-68,0.000000,7,8
1,11.000000,10.479000,0.450000,-71,0.000000,7,8
1,11.000000,10.710000,0.901000,-70,0.000000,7,8
1,11.000000,11.295000,2.762000,-70,0.000000,7,8
1,11.000000,12.535000,0.853000,-71,0.000000,7,8
1,11.000000,11.713000,1.323000,-69,0.000000,7,8
1,11.000000,12.366000,0.221000,-69,0.000000,7,8
1,11.000000,11.487000,0.603000,-69,0.000000,7,8
1,11.000000,11.373000,1.802000,-69,0.000000,7,8
1,11.000000,11.763000,0.224000,-70,0.000000,7,8
1,11.000000,17.051001,0.115000,-70,0.000000,7,8
1,11.000000,16.791000,0.110000,-69,0.000000,7,8
1,11.000000,11.257000,0.573000,-71,0.000000,7,8
1,11.000000,12.063000,0.133000,-69,0.000000,7,8
1,11.000000,12.366000,0.201000,-69,0.000000,7,8
1,11.000000,12.260000,0.242000,-68,0.000000,7,8
1,11.000000,12.312000,0.351000,-69,0.000000,7,8
1,11.000000,11.220000,2.174000,-69,0.000000,7,8
1,11.000000,12.216000,0.116000,-69,0.000000,7,8
1,11.000000,11.526000,1.053000,-70,0.000000,7,8
1,11.000000,11.726000,0.407000,-69,0.000000,7,8
1,11.000000,11.791000,0.198000,-69,0.000000,7,8
1,11.000000,11.665000,0.593000,-68,0.000000,7,8
1,11.000000,16.933001,0.145000,-70,0.000000,7,8
1,11.000000,11.691000,0.199000,-69,0.000000,7,8
1,11.000000,11.337000,1.182000,-68,0.000000,7,8
1,11.000000,10.744000,0.435000,-70,0.000000,7,8
1,11.000000,11.370000,0.156000,-69,0.000000,7,8
1,11.000000,11.494000,0.230000,-69,0.000000,7,8
1,11.000000,10.638000,0.389000,-68,0.000000,7,8
1,11.000000,10.357000,0.555000,-69,0.000000,7,8
1,11.000000,10.591000,0.470000,-71,0.000000,7,8
1,11.000000,16.719000,1.395000,-71,0.000000,7,8
1,11.000000,10.163000,1.171000,-71,0.000000,7,8
1,11.000000,10.285000,0.501000,-70,0.000000,7,8
1,11.000000,10.519000,0.457000,-72,0.000000,7,8
1,11.000000,10.401000,0.615000,-70,0.000000,7,8
1,11.000000,10.048000,1.774000,-70,0.000000,7,8
1,11.000000,10.276000,0.822000,-70,0.000000,7,8
1,11.000000,10.513000,0.456000,-70,0.000000,7,8
1,11.000000,10.901000,0.128000,-69,0.000000,7,8
1,11.000000,10.788000,0.385000,-69,0.000000,7,8
1,11.000000,10.840000,1.206000,-70,0.000000,7,8
1,11.000000,10.551000,0.593000,-71,0.000000,7,8
1,11.000000,15.415000,0.338000,-71,0.000000,7,8
1,11.000000,11.760000,0.208000,-70,0.000000,7,8
1,11.000000,11.747000,2.069000,-70,0.000000,7,8
1,11.000000,11.487000,2.061000,-70,0.000000,7,8
1,11.000000,11.107000,1.690000,-70,0.000000,7,8
1,11.000000,10.857000,0.072000,-70,0.000000,7,8
1,11.000000,10.479000,0.204000,-70,0.000000,7,8
1,11.000000,10.344000,0.254000,-70,0.000000,7,8
1,11.000000,10.551000,0.268000,-71,0.000000,7,8
1,11.000000,10.669000,0.289000,-71,0.000000,7,8
1,11.000000,10.704000,0.195000,-68,0.000000,7,8
1,11.000000,11.426000,0.276000,-71,0.000000,7,8
1,11.000000,11.489000,1.584000,-70,0.000000,7,8
1,11.000000,11.686000,1.469000,-70,0.000000,7,8
1,11.000000,11.658000,0.976000,-70,0.000000,7,8
1,11.000000,11.602000,0.805000,-70,0.000000,7,8
1,11.000000,13.435000,1.104000,-71,0.000000,7,8
1,11.000000,10.814000,0.762000,-68,0.000000,7,8
1,11.000000,11.899000,0.129000,-70,0.000000,7,8
1,11.000000,11.313000,1.565000,-70,0.000000,7,8
1,11.000000,10.931000,0.263000,-69,0.000000,7,8
1,11.000000,11.608000,0.163000,-72,0.000000,7,8
1,11.000000,10.663000,0.288000,-69,0.000000,7,8
1,11.000000,10.195000,1.161000,-69,0.000000,7,8
1,11.000000,11.203000,0.371000,-70,0.000000,7,8
1,11.000000,10.903000,0.294000,-69,0.000000,7,8
1,11.000000,10.313000,0.508000,-70,0.000000,7,8
1,11.000000,10.126000,0.932000,-69,0.000000,7,8
1,11.000000,10.082000,2.583000,-70,0.000000,7,8
1,11.000000,10.476000,0.926000,-70,0.000000,7,8
1,11.000000,10.470000,0.640000,-70,0.000000,7,8
1,11.000000,11.962000,0.558000,-71,0.000000,7,8
1,11.000000,12.012000,0.167000,-71,0.000000,7,8
1,11.000000,10.270000,1.100000,-71,0.000000,7,8
1,11.000000,11.051000,0.288000,-70,0.000000,7,8
1,11.000000,10.326000,1.189000,-70,0.000000,7,8
1,11.000000,17.843000,0.052000,-71,0.000000,7,8
1,11.000000,10.435000,0.798000,-72,0.000000,7,8
1,11.000000,11.515000,0.627000,-71,0.000000,7,8
1,11.000000,11.487000,0.377000,-71,0.000000,7,8
1,11.000000,11.482000,0.100000,-71,0.000000,7,8
1,11.000000,11.313000,0.258000,-71,0.000000,7,8
1,11.000000,11.280000,0.412000,-71,0.000000,7,8
1,11.000000,11.313000,0.556000,-70,0.000000,7,8
1,11.000000,11.463000,0.414000,-71,0.000000,7,8
1,11.000000,11.433000,0.707000,-71,0.000000,7,8
1,11.000000,11.452000,0.663000,-71,0.000000,7,8
1,11.000000,11.695000,0.522000,-71,0.000000,7,8
1,11.000000,11.670000,1.302000,-71,0.000000,7,8
1,11.000000,11.716000,1.562000,-71,0.000000,7,8
1,11.000000,11.979000,1.928000,-71,0.000000,7,8
1,11.000000,11.801000,0.287000,-71,0.000000,7,8
1,11.000000,10.704000,0.771000,-71,0.000000,7,8
1,11.000000,10.263000,1.085000,-71,0.000000,7,8
1,11.000000,10.160000,1.244000,-71,0.000000,7,8
1,11.000000,10.038000,1.254000,-71,0.000000,7,8
1,11.000000,9.994000,1.210000,-71,0.000000,7,8
1,11.000000,10.082000,1.135000,-71,0.000000,7,8
1,11.000000,10.032000,1.212000,-71,0.000000,7,8
1,11.000000,10.001000,1.215000,-70,0.000000,7,8
1,11.000000,10.051000,1.095000,-70,0.000000,7,8
1,11.000000,9.994000,1.268000,-70,0.000000,7,8
1,11.000000,10.073000,1.069000,-70,0.000000,7,8
1,11.000000,10.163000,0.952000,-69,0.000000,7,8
1,11.000000,10.263000,0.916000,-70,0.000000,7,8
1,11.000000,10.395000,0.864000,-69,0.000000,7,8
1,11.000000,10.266000,0.964000,-69,0.000000,7,8
1,11.000000,10.551000,0.982000,-70,0.000000,7,8
1,11.000000,10.857000,0.943000,-70,0.000000,7,8
1,11.000000,11.820000,0.286000,-71,0.000000,7,8
1,11.000000,12.101000,1.663000,-70,0.000000,7,8
1,11.000000,10.620000,2.951000,-71,0.000000,7,8
1,11.000000,10.782000,0.211000,-72,0.000000,7,8
1,11.000000,15.398000,1.320000,-71,0.000000,7,8
1,11.000000,10.755000,0.262000,-71,0.000000,7,8
1,11.000000,10.235000,0.297000,-72,0.000000,7,8
1,11.000000,10.669000,0.637000,-68,0.000000,7,8
1,11.000000,10.744000,0.330000,-68,0.000000,7,8
1,11.000000,10.676000,0.461000,-68,0.000000,7,8
1,11.000000,11.730000,0.634000,-70,0.000000,7,8
1,11.000000,11.638000,0.152000,-66,0.000000,7,8
1,11.000000,11.374000,2.305000,-69,0.000000,7,8
1,11.000000,11.601000,0.322000,-69,0.000000,7,8
1,11.000000,11.994000,0.450000,-69,0.000000,7,8
1,11.000000,11.252000,0.859000,-71,0.000000,7,8
1,11.000000,11.543000,0.498000,-70,0.000000,7,8
1,11.000000,11.166000,0.604000,-71,0.000000,7,8
1,11.000000,11.363000,0.127000,-70,0.000000,7,8
1,11.000000,11.046000,0.633000,-71,0.000000,7,8
1,11.000000,11.161000,0.473000,-71,0.000000,7,8
1,11.000000,11.887000,0.061000,-71,0.000000,7,8
1,11.000000,11.216000,1.707000,-69,0.000000,7,8
1,11.000000,11.876000,1.446000,-70,0.000000,7,8
1,11.000000,11.419000,1.778000,-70,0.000000,7,8
1,11.000000,11.398000,1.891000,-68,0.000000,7,8
1,11.000000,11.323000,0.705000,-68,0.000000,7,8
1,11.000000,11.251000,1.765000,-67,0.000000,7,8
1,11.000000,11.613000,0.408000,-67,0.000000,7,8
1,11.000000,11.897000,0.292000,-67,0.000000,7,8
1,11.000000,11.988000,0.501000,-67,0.000000,7,8
1,11.000000,11.763000,0.858000,-67,0.000000,7,8
1,11.000000,13.261000,0.563000,-68,0.000000,7,8
1,11.000000,12.021000,0.945000,-68,0.000000,7,8
1,11.000000,11.841000,0.915000,-68,0.000000,7,8
1,11.000000,12.251000,0.717000,-66,0.000000,7,8
1,11.000000,12.159000,0.326000,-67,0.000000,7,8
1,11.000000,13.620000,1.073000,-67,0.000000,7,8
1,11.000000,12.276000,0.650000,-68,0.000000,7,8
1,11.000000,10.901000,1.754000,-68,0.000000,7,8
1,11.000000,12.379000,0.743000,-68,0.000000,7,8
1,11.000000,11.519000,0.273000,-68,0.000000,7,8
1,11.000000,11.318000,0.260000,-68,0.000000,7,8
1,11.000000,11.463000,0.105000,-67,0.000000,7,8
1,11.000000,11.573000,0.740000,-69,0.000000,7,8
1,11.000000,11.133000,1.668000,-69,0.000000,7,8
1,11.000000,11.259000,1.245000,-70,0.000000,7,8
1,11.000000,11.845000,0.603000,-69,0.000000,7,8
1,11.000000,11.295000,0.144000,-70,0.000000,7,8
1,11.000000,11.550000,0.152000,-69,0.000000,7,8
1,11.000000,10.962000,1.183000,-71,0.000000,7,8
1,11.000000,12.073000,0.384000,-69,0.000000,7,8
1,11.000000,11.857000,1.157000,-69,0.000000,7,8
1,11.000000,11.543000,1.588000,-69,0.000000,7,8
1,11.000000,12.016000,0.850000,-69,0.000000,7,8
1,11.000000,12.316000,0.111000,-69,0.000000,7,8
1,11.000000,11.632000,0.730000,-69,0.000000,7,8
1,11.000000,11.576000,0.812000,-68,0.000000,7,8
1,11.000000,11.306000,1.362000,-68,0.000000,7,8
1,11.000000,11.341000,0.581000,-68,0.000000,7,8
1,11.000000,11.051000,0.262000,-67,0.000000,7,8
1,11.000000,11.526000,0.151000,-68,0.000000,7,8
1,11.000000,11.869000,0.593000,-68,0.000000,7,8
1,11.000000,11.250000,1.294000,-68,0.000000,7,8
1,11.000000,11.543000,0.829000,-68,0.000000,7,8
1,11.000000,11.094000,0.236000,-68,0.000000,7,8
1,11.000000,11.608000,0.931000,-67,0.000000,7,8
1,11.000000,10.779000,0.187000,-68,0.000000,7,8
1,11.000000,11.229000,0.295000,-69,0.000000,7,8
1,11.000000,11.226000,0.106000,-69,0.000000,7,8
1,11.000000,11.137000,0.275000,-68,0.000000,7,8
1,11.000000,11.245000,0.294000,-68,0.000000,7,8
1,11.000000,11.019000,0.166000,-69,0.000000,7,8
1,11.000000,11.184000,0.200000,-68,0.000000,7,8
1,11.000000,10.851000,0.462000,-68,0.000000,7,8
1,11.000000,11.213000,0.143000,-68,0.000000,7,8
1,11.000000,10.904000,0.427000,-70,0.000000,7,8
1,11.000000,10.857000,1.983000,-69,0.000000,7,8
1,11.000000,12.032000,0.203000,-68,0.000000,7,8
1,11.000000,12.157000,0.162000,-68,0.000000,7,8
1,11.000000,11.919000,1.651000,-69,0.000000,7,8
1,11.000000,17.489000,0.155000,-69,0.000000,7,8
1,11.000000,11.085000,2.263000,-68,0.000000,7,8
1,11.000000,11.013000,0.594000,-67,0.000000,7,8
1,11.000000,11.066000,0.731000,-68,0.000000,7,8
1,11.000000,11.188000,0.571000,-67,0.000000,7,8
1,11.000000,11.448000,0.442000,-66,0.000000,7,8
1,11.000000,11.141000,0.635000,-67,0.000000,7,8
1,11.000000,11.019000,0.650000,-67,0.000000,7,8
1,11.000000,11.213000,0.490000,-67,0.000000,7,8
1,11.000000,11.970000,0.235000,-67,0.000000,7,8
1,11.000000,11.248000,0.564000,-68,0.000000,7,8
1,11.000000,11.019000,1.664000,-68,0.000000,7,8
1,11.000000,10.751000,2.240000,-68,0.000000,7,8
1,11.000000,11.004000,2.521000,-69,0.000000,7,8
1,11.000000,11.054000,2.132000,-68,0.000000,7,8
1,11.000000,10.551000,1.855000,-68,0.000000,7,8
1,11.000000,10.666000,2.268000,-68,0.000000,7,8
1,11.000000,11.026000,2.202000,-69,0.000000,7,8
1,11.000000,10.964000,2.307000,-69,0.000000,7,8
1,11.000000,11.091000,2.502000,-69,0.000000,7,8
1,11.000000,10.816000,2.322000,-68,0.000000,7,8
1,11.000000,10.788000,2.313000,-68,0.000000,7,8
1,11.000000,17.466000,0.149000,-68,0.000000,7,8
1,11.000000,11.941000,2.521000,-68,0.000000,7,8
1,11.000000,12.541000,1.996000,-69,0.000000,7,8
1,11.000000,11.782000,0.525000,-68,0.000000,7,8
1,11.000000,11.613000,0.639000,-68,0.000000,7,8
1,11.000000,11.801000,0.101000,-68,0.000000,7,8
1,11.000000,12.144000,0.121000,-68,0.000000,7,8
1,11.000000,12.035000,0.193000,-68,0.000000,7,8
1,11.000000,13.170000,2.026000,-69,0.000000,7,8
1,11.000000,11.176000,0.781000,-68,0.000000,7,8
1,11.000000,11.951000,0.926000,-68,0.000000,7,8
1,11.000000,12.333000,0.231000,-69,0.000000,7,8
1,11.000000,11.294000,1.495000,-68,0.000000,7,8
1,11.000000,11.757000,0.291000,-69,0.000000,7,8
1,11.000000,11.801000,0.161000,-69,0.000000,7,8
1,11.000000,11.707000,2.095000,-69,0.000000,7,8
1,11.000000,12.068000,2.378000,-69,0.000000,7,8
1,11.000000,10.985000,1.675000,-68,0.000000,7,8
1,11.000000,16.708000,0.116000,-69,0.000000,7,8
1,11.000000,11.532000,2.469000,-69,0.000000,7,8
1,11.000000,11.991000,2.447000,-69,0.000000,7,8
1,11.000000,12.191000,2.426000,-69,0.000000,7,8
1,11.000000,17.114000,0.182000,-69,0.000000,7,8
1,11.000000,11.323000,1.839000,-70,0.000000,7,8
1,11.000000,11.088000,1.854000,-70,0.000000,7,8
1,11.000000,11.407000,2.447000,-69,0.000000,7,8
1,11.000000,11.248000,0.520000,-69,0.000000,7,8
1,11.000000,11.482000,2.764000,-69,0.000000,7,8
1,11.000000,11.163000,1.240000,-69,0.000000,7,8
1,11.000000,11.451000,2.684000,-69,0.000000,7,8
1,11.000000,12.480000,0.186000,-70,0.000000,7,8
1,11.000000,12.138000,0.443000,-69,0.000000,7,8
1,11.000000,11.298000,0.874000,-69,0.000000,7,8
1,11.000000,11.604000,1.751000,-68,0.000000,7,8
1,11.000000,11.604000,1.681000,-68,0.000000,7,8
1,11.000000,11.848000,2.593000,-68,0.000000,7,8
1,11.000000,13.163000,1.897000,-69,0.000000,7,8
1,11.000000,12.014000,0.481000,-69,0.000000,7,8
1,11.000000,11.823000,0.202000,-68,0.000000,7,8
1,11.000000,12.263000,0.952000,-68,0.000000,7,8
1,11.000000,11.841000,0.342000,-68,0.000000,7,8
1,11.000000,11.748000,0.171000,-69,0.000000,7,8
1,11.000000,11.517000,0.736000,-69,0.000000,7,8
1,11.000000,11.923000,0.285000,-68,0.000000,7,8
1,11.000000,11.925000,0.157000,-69,0.000000,7,8
1,11.000000,11.983000,0.648000,-68,0.000000,7,8
1,11.000000,12.283000,0.872000,-69,0.000000,7,8
1,11.000000,12.248000,1.050000,-69,0.000000,7,8
1,11.000000,12.570000,0.298000,-69,0.000000,7,8
1,11.000000,12.363000,0.209000,-69,0.000000,7,8
1,11.000000,11.526000,0.622000,-69,0.000000,7,8
1,11.000000,12.038000,1.397000,-68,0.000000,7,8
1,11.000000,11.951000,2.531000,-69,0.000000,7,8
1,11.000000,11.291000,1.985000,-69,0.000000,7,8
1,11.000000,12.382000,0.147000,-69,0.000000,7,8
1,11.000000,12.806000,0.424000,-69,0.000000,7,8
1,11.000000,11.721000,0.518000,-69,0.000000,7,8
1,11.000000,11.660000,0.405000,-69,0.000000,7,8
1,11.000000,12.012000,0.571000,-69,0.000000,7,8
1,11.000000,11.805000,0.873000,-69,0.000000,7,8
1,11.000000,12.040000,0.285000,-69,0.000000,7,8
1,11.000000,12.035000,1.187000,-69,0.000000,7,8
1,11.000000,11.899000,1.024000,-70,0.000000,7,8
1,11.000000,11.466000,0.542000,-70,0.000000,7,8
1,11.000000,11.433000,1.422000,-70,0.000000,7,8
1,11.000000,11.548000,1.238000,-70,0.000000,7,8
1,11.000000,11.573000,0.817000,-69,0.000000,7,8
1,11.000000,11.660000,1.159000,-69,0.000000,7,8
1,11.000000,11.641000,0.980000,-69,0.000000,7,8
1,11.000000,11.747000,1.069000,-69,0.000000,7,8
1,11.000000,13.001000,0.342000,-68,0.000000,7,8
1,11.000000,13.331000,0.684000,-69,0.000000,7,8
1,11.000000,13.326000,0.884000,-68,0.000000,7,8
1,11.000000,13.591000,1.876000,-68,0.000000,7,8
1,11.000000,13.832000,0.728000,-68,0.000000,7,8
1,11.000000,12.942000,0.617000,-68,0.000000,7,8
1,11.000000,12.422000,0.423000,-68,0.000000,7,8
1,11.000000,12.598000,0.751000,-69,0.000000,7,8
1,11.000000,12.628000,0.498000,-68,0.000000,7,8
1,11.000000,12.452000,1.091000,-69,0.000000,7,8
1,11.000000,12.684000,0.423000,-68,0.000000,7,8
1,11.000000,12.654000,0.883000,-69,0.000000,7,8
1,11.000000,13.723000,0.796000,-68,0.000000,7,8
1,11.000000,12.176000,0.196000,-68,0.000000,7,8
1,11.000000,12.841000,1.228000,-68,0.000000,7,8
1,11.000000,11.994000,1.686000,-67,0.000000,7,8
1,11.000000,12.388000,1.353000,-67,0.000000,7,8
1,11.000000,13.638000,0.825000,-68,0.000000,7,8
1,11.000000,13.791000,0.741000,-68,0.000000,7,8
1,11.000000,12.792000,0.688000,-69,0.000000,7,8
1,11.000000,12.415000,0.832000,-68,0.000000,7,8
1,11.000000,12.628000,0.919000,-68,0.000000,7,8
1,11.000000,12.049000,0.889000,-69,0.000000,7,8
1,11.000000,12.276000,0.555000,-68,0.000000,7,8
1,11.000000,12.382000,0.236000,-68,0.000000,7,8
1,11.000000,11.669000,0.512000,-68,0.000000,7,8
1,11.000000,11.104000,1.618000,-68,0.000000,7,8
1,11.000000,11.844000,0.452000,-68,0.000000,7,8
1,11.000000,12.026000,1.499000,-69,0.000000,7,8
1,11.000000,12.190000,0.344000,-68,0.000000,7,8
1,11.000000,11.627000,0.729000,-68,0.000000,7,8
1,11.000000,11.229000,0.509000,-68,0.000000,7,8
1,11.000000,11.344000,0.377000,-70,0.000000,7,8
1,11.000000,12.420000,0.106000,-69,0.000000,7,8
1,11.000000,11.285000,0.432000,-69,0.000000,7,8
1,11.000000,11.994000,0.210000,-68,0.000000,7,8
1,11.000000,11.801000,0.202000,-70,0.000000,7,8
1,11.000000,10.699000,0.180000,-68,0.000000,7,8
1,11.000000,11.344000,0.326000,-70,0.000000,7,8
1,11.000000,13.151000,2.146000,-69,0.000000,7,8
1,11.000000,11.044000,0.181000,-71,0.000000,7,8
1,11.000000,11.074000,0.190000,-68,0.000000,7,8
1,11.000000,11.658000,1.006000,-69,0.000000,7,8
1,11.000000,12.539000,0.281000,-68,0.000000,7,8
1,11.000000,13.126000,0.618000,-69,0.000000,7,8
1,11.000000,11.993000,0.560000,-69,0.000000,7,8
1,11.000000,11.660000,1.043000,-69,0.000000,7,8
1,11.000000,12.629000,0.808000,-70,0.000000,7,8
1,11.000000,12.654000,1.728000,-68,0.000000,7,8
1,11.000000,11.632000,0.833000,-68,0.000000,7,8
1,11.000000,11.563000,0.413000,-69,0.000000,7,8
1,11.000000,10.819000,0.625000,-69,0.000000,7,8
1,11.000000,11.283000,0.091000,-69,0.000000,7,8
1,11.000000,11.517000,1.104000,-69,0.000000,7,8
1,11.000000,11.634000,1.009000,-70,0.000000,7,8
1,11.000000,11.599000,0.782000,-70,0.000000,7,8
1,11.000000,11.899000,0.145000,-70,0.000000,7,8
1,11.000000,16.792999,0.583000,-69,0.000000,7,8
1,11.000000,11.679000,1.983000,-69,0.000000,7,8
1,11.000000,11.119000,2.608000,-69,0.000000,7,8
1,11.000000,11.873000,2.508000,-70,0.000000,7,8
1,11.000000,17.405001,0.175000,-70,0.000000,7,8
1,11.000000,11.729000,0.606000,-69,0.000000,7,8
1,11.000000,10.894000,0.390000,-71,0.000000,7,8
1,11.000000,11.044000,0.589000,-69,0.000000,7,8
1,11.000000,11.920000,0.236000,-68,0.000000,7,8
1,11.000000,11.688000,0.228000,-68,0.000000,7,8
1,11.000000,11.841000,0.163000,-68,0.000000,7,8
1,11.000000,12.929000,0.865000,-69,0.000000,7,8
1,11.000000,12.104000,0.176000,-69,0.000000,7,8
1,11.000000,11.981000,0.900000,-69,0.000000,7,8
1,11.000000,12.075000,0.566000,-68,0.000000,7,8
1,11.000000,11.916000,0.122000,-69,0.000000,7,8
1,11.000000,12.016000,0.334000,-68,0.000000,7,8
1,11.000000,11.955000,0.586000,-69,0.000000,7,8
1,11.000000,12.302000,0.481000,-69,0.000000,7,8
1,11.000000,12.197000,0.444000,-68,0.000000,7,8
1,11.000000,11.613000,1.033000,-69,0.000000,7,8
1,11.000000,11.520000,1.113000,-69,0.000000,7,8
1,11.000000,11.913000,0.287000,-69,0.000000,7,8
1,11.000000,12.451000,1.180000,-69,0.000000,7,8
1,11.000000,12.660000,0.164000,-69,0.000000,7,8
1,11.000000,12.532000,0.351000,-69,0.000000,7,8
1,11.000000,12.066000,1.571000,-69,0.000000,7,8
1,11.000000,11.885000,0.493000,-69,0.000000,7,8
1,11.000000,12.223000,0.134000,-69,0.000000,7,8
1,11.000000,12.310000,1.423000,-70,0.000000,7,8
1,11.000000,12.101000,0.744000,-70,0.000000,7,8
1,11.000000,11.669000,0.975000,-70,0.000000,7,8
1,11.000000,11.487000,0.878000,-70,0.000000,7,8
1,11.000000,11.362000,1.152000,-70,0.000000,7,8
1,11.000000,11.194000,1.307000,-69,0.000000,7,8
1,11.000000,11.137000,1.207000,-69,0.000000,7,8
1,11.000000,11.255000,1.321000,-68,0.000000,7,8
1,11.000000,11.988000,0.345000,-68,0.000000,7,8
1,11.000000,11.341000,1.315000,-68,0.000000,7,8
1,11.000000,11.552000,0.931000,-69,0.000000,7,8
1,11.000000,11.367000,1.197000,-69,0.000000,7,8
1,11.000000,11.311000,1.134000,-69,0.000000,7,8
1,11.000000,11.130000,1.128000,-70,0.000000,7,8
1,11.000000,10.933000,1.252000,-70,0.000000,7,8
1,11.000000,10.995000,1.349000,-70,0.000000,7,8
1,11.000000,11.660000,0.724000,-70,0.000000,7,8
1,11.000000,11.871000,0.751000,-70,0.000000,7,8
1,11.000000,11.887000,0.625000,-70,0.000000,7,8
1,11.000000,11.721000,0.402000,-70,0.000000,7,8
1,11.000000,11.780000,0.453000,-70,0.000000,7,8
1,11.000000,12.051000,0.233000,-70,0.000000,7,8
1,11.000000,11.892000,0.143000,-70,0.000000,7,8
1,11.000000,11.843000,0.123000,-70,0.000000,7,8
1,11.000000,11.046000,1.246000,-70,0.000000,7,8
1,11.000000,10.905000,1.359000,-69,0.000000,7,8
1,11.000000,11.308000,1.214000,-69,0.000000,7,8
1,11.000000,11.196000,1.268000,-68,0.000000,7,8
1,11.000000,11.395000,0.945000,-68,0.000000,7,8
1,11.000000,11.541000,1.039000,-69,0.000000,7,8
1,11.000000,10.845000,1.432000,-68,0.000000,7,8
1,11.000000,11.545000,0.320000,-68,0.000000,7,8
1,11.000000,11.862000,0.903000,-69,0.000000,7,8
1,11.000000,11.782000,0.775000,-69,0.000000,7,8
1,11.000000,11.487000,1.090000,-69,0.000000,7,8
1,11.000000,10.952000,1.543000,-68,0.000000,7,8
1,11.000000,11.510000,1.069000,-68,0.000000,7,8
1,11.000000,11.754000,0.796000,-68,0.000000,7,8
1,11.000000,11.716000,0.773000,-68,0.000000,7,8
1,11.000000,11.583000,1.080000,-68,0.000000,7,8
1,11.000000,11.257000,1.203000,-68,0.000000,7,8
1,11.000000,11.316000,1.262000,-69,0.000000,7,8
1,11.000000,10.987000,1.244000,-69,0.000000,7,8
1,11.000000,11.100000,0.961000,-69,0.000000,7,8
1,11.000000,10.929000,1.331000,-68,0.000000,7,8
1,11.000000,11.187000,1.312000,-68,0.000000,7,8
1,11.000000,12.026000,0.175000,-69,0.000000,7,8
1,11.000000,11.548000,0.808000,-69,0.000000,7,8
1,11.000000,11.285000,1.013000,-69,0.000000,7,8
1,11.000000,11.688000,0.835000,-69,0.000000,7,8
1,11.000000,11.873000,0.067000,-68,0.000000,7,8
1,11.000000,12.124000,0.175000,-69,0.000000,7,8
1,11.000000,12.328000,0.491000,-68,0.000000,7,8
1,11.000000,12.260000,0.415000,-69,0.000000,7,8
1,11.000000,11.563000,0.184000,-68,0.000000,7,8
1,11.000000,11.260000,0.446000,-68,0.000000,7,8
1,11.000000,11.563000,0.112000,-68,0.000000,7,8
1,11.000000,12.110000,0.281000,-69,0.000000,7,8
1,11.000000,11.532000,1.472000,-68,0.000000,7,8
1,11.000000,11.693000,0.814000,-69,0.000000,7,8
1,11.000000,11.632000,0.830000,-69,0.000000,7,8
1,11.000000,11.780000,0.334000,-69,0.000000,7,8
1,11.000000,11.287000,1.026000,-68,0.000000,7,8
1,11.000000,11.606000,0.656000,-68,0.000000,7,8
1,11.000000,11.215000,1.127000,-69,0.000000,7,8
1,11.000000,11.341000,1.067000,-69,0.000000,7,8
1,11.000000,11.135000,1.260000,-69,0.000000,7,8
1,11.000000,11.252000,1.285000,-69,0.000000,7,8
1,11.000000,11.102000,1.356000,-68,0.000000,7,8
1,11.000000,11.365000,1.037000,-68,0.000000,7,8
1,11.000000,11.634000,0.906000,-69,0.000000,7,8
1,11.000000,11.320000,1.094000,-68,0.000000,7,8
1,11.000000,11.393000,1.037000,-69,0.000000,7,8
1,11.000000,11.691000,0.879000,-68,0.000000,7,8
1,11.000000,11.426000,1.047000,-68,0.000000,7,8
1,11.000000,11.981000,0.690000,-68,0.000000,7,8
1,11.000000,11.599000,0.940000,-69,0.000000,7,8
1,11.000000,12.302000,0.368000,-69,0.000000,7,8
1,11.000000,11.229000,1.053000,-69,0.000000,7,8
1,11.000000,11.229000,1.069000,-68,0.000000,7,8
1,11.000000,12.480000,0.321000,-69,0.000000,7,8
1,11.000000,11.782000,0.533000,-69,0.000000,7,8
1,11.000000,11.958000,0.689000,-69,0.000000,7,8
1,11.000000,11.545000,1.206000,-69,0.000000,7,8
1,11.000000,11.634000,1.051000,-69,0.000000,7,8
1,11.000000,11.515000,1.071000,-69,0.000000,7,8
1,11.000000,11.489000,1.188000,-68,0.000000,7,8
1,11.000000,11.376000,1.183000,-69,0.000000,7,8
1,11.000000,11.670000,0.966000,-69,0.000000,7,8
1,11.000000,11.815000,0.254000,-68,0.000000,7,8
1,11.000000,11.895000,0.236000,-69,0.000000,7,8
1,11.000000,11.871000,0.168000,-69,0.000000,7,8
1,11.000000,11.430000,0.854000,-69,0.000000,7,8
1,11.000000,11.191000,1.226000,-68,0.000000,7,8
1,11.000000,11.864000,0.806000,-69,0.000000,7,8
1,11.000000,11.158000,1.272000,-68,0.000000,7,8
1,11.000000,11.135000,1.200000,-69,0.000000,7,8
1,11.000000,11.573000,0.914000,-68,0.000000,7,8
1,11.000000,11.541000,0.358000,-68,0.000000,7,8
1,11.000000,11.637000,1.049000,-68,0.000000,7,8
1,11.000000,11.920000,0.737000,-69,0.000000,7,8
1,11.000000,11.398000,1.287000,-68,0.000000,7,8
1,11.000000,11.515000,0.766000,-69,0.000000,7,8
1,11.000000,11.405000,0.998000,-69,0.000000,7,8
1,11.000000,11.749000,0.951000,-68,0.000000,7,8
1,11.000000,11.576000,1.090000,-68,0.000000,7,8
1,11.000000,11.433000,1.212000,-69,0.000000,7,8
1,11.000000,11.662000,0.796000,-69,0.000000,7,8
1,11.000000,11.604000,1.019000,-69,0.000000,7,8
1,11.000000,11.398000,1.132000,-69,0.000000,7,8
1,11.000000,11.292000,1.225000,-69,0.000000,7,8
1,11.000000,11.229000,1.154000,-69,0.000000,7,8
1,11.000000,11.346000,1.132000,-69,0.000000,7,8
1,11.000000,11.391000,1.080000,-70,0.000000,7,8
1,11.000000,11.201000,1.296000,-69,0.000000,7,8
1,11.000000,11.158000,1.297000,-69,0.000000,7,8
1,11.000000,11.370000,1.126000,-69,0.000000,7,8
1,11.000000,11.107000,1.282000,-69,0.000000,7,8
1,11.000000,11.423000,1.220000,-68,0.000000,7,8
1,11.000000,11.482000,1.053000,-68,0.000000,7,8
1,11.000000,11.407000,1.052000,-68,0.000000,7,8
1,11.000000,11.229000,1.150000,-68,0.000000,7,8
1,11.000000,11.398000,1.178000,-68,0.000000,7,8
1,11.000000,11.426000,1.129000,-69,0.000000,7,8
1,11.000000,11.426000,0.496000,-68,0.000000,7,8
1,11.000000,11.573000,0.270000,-69,0.000000,7,8
1,11.000000,11.662000,0.196000,-69,0.000000,7,8
1,11.000000,11.651000,1.140000,-68,0.000000,7,8
1,11.000000,11.634000,1.216000,-69,0.000000,7,8
1,11.000000,11.599000,0.510000,-68,0.000000,7,8
1,11.000000,11.376000,0.548000,-68,0.000000,7,8
1,11.000000,11.278000,0.971000,-68,0.000000,7,8
1,11.000000,11.257000,0.648000,-68,0.000000,7,8
1,11.000000,11.257000,1.172000,-68,0.000000,7,8
1,11.000000,11.463000,0.989000,-69,0.000000,7,8
1,11.000000,11.515000,0.739000,-69,0.000000,7,8
1,11.000000,11.517000,0.691000,-69,0.000000,7,8
1,11.000000,11.716000,0.517000,-69,0.000000,7,8
1,11.000000,11.691000,0.619000,-69,0.000000,7,8
1,11.000000,11.515000,0.979000,-69,0.000000,7,8
1,11.000000,11.161000,1.057000,-68,0.000000,7,8
1,11.000000,11.515000,1.093000,-69,0.000000,7,8
1,11.000000,11.337000,1.013000,-68,0.000000,7,8
1,11.000000,11.250000,1.262000,-68,0.000000,7,8
1,11.000000,11.698000,0.398000,-68,0.000000,7,8
1,11.000000,11.334000,0.347000,-68,0.000000,7,8
1,11.000000,11.140000,1.332000,-68,0.000000,7,8
1,11.000000,11.374000,1.228000,-68,0.000000,7,8
1,11.000000,11.489000,1.145000,-68,0.000000,7,8
1,11.000000,11.515000,1.157000,-68,0.000000,7,8
1,11.000000,11.166000,1.133000,-68,0.000000,7,8
1,11.000000,11.693000,0.805000,-68,0.000000,7,8
1,11.000000,11.667000,0.925000,-68,0.000000,7,8
1,11.000000,11.634000,0.523000,-68,0.000000,7,8
1,11.000000,11.517000,0.553000,-68,0.000000,7,8
1,11.000000,11.660000,0.332000,-68,0.000000,7,8
1,11.000000,11.515000,0.310000,-68,0.000000,7,8
1,11.000000,11.287000,0.433000,-68,0.000000,7,8
1,11.000000,11.639000,0.362000,-68,0.000000,7,8
1,11.000000,11.869000,0.088000,-68,0.000000,7,8
1,11.000000,11.716000,0.305000,-68,0.000000,7,8
1,11.000000,11.665000,0.178000,-68,0.000000,7,8
1,11.000000,11.299000,0.299000,-68,0.000000,7,8
1,11.000000,11.555000,0.370000,-68,0.000000,7,8
1,11.000000,11.604000,0.133000,-68,0.000000,7,8
1,11.000000,11.775000,0.276000,-68,0.000000,7,8
1,11.000000,11.662000,0.379000,-68,0.000000,7,8
1,11.000000,11.901000,0.298000,-68,0.000000,7,8
1,11.000000,11.862000,0.258000,-68,0.000000,7,8
1,11.000000,11.552000,0.445000,-68,0.000000,7,8
1,11.000000,11.407000,0.464000,-69,0.000000,7,8
1,11.000000,11.372000,0.551000,-68,0.000000,7,8
1,11.000000,11.428000,0.692000,-68,0.000000,7,8
1,11.000000,11.637000,0.834000,-68,0.000000,7,8
1,11.000000,11.243000,0.333000,-68,0.000000,7,8
1,11.000000,11.726000,0.237000,-68,0.000000,7,8
1,11.000000,11.988000,0.174000,-68,0.000000,7,8
1,11.000000,11.951000,0.172000,-68,0.000000,7,8
1,11.000000,11.688000,0.342000,-68,0.000000,7,8
1,11.000000,11.791000,0.115000,-68,0.000000,7,8
1,11.000000,11.843000,0.150000,-68,0.000000,7,8
1,11.000000,11.812000,0.248000,-68,0.000000,7,8
1,11.000000,11.601000,0.381000,-68,0.000000,7,8
1,11.000000,11.630000,0.252000,-69,0.000000,7,8
1,11.000000,11.691000,0.259000,-69,0.000000,7,8
1,11.000000,11.655000,0.317000,-69,0.000000,7,8
1,11.000000,11.920000,0.310000,-68,0.000000,7,8
1,11.000000,11.672000,0.626000,-69,0.000000,7,8
1,11.000000,11.754000,0.291000,-69,0.000000,7,8
1,11.000000,11.580000,0.340000,-69,0.000000,7,8
1,11.000000,11.716000,0.235000,-69,0.000000,7,8
1,11.000000,11.923000,0.155000,-69,0.000000,7,8
1,11.000000,11.445000,0.118000,-69,0.000000,7,8
1,11.000000,11.316000,1.154000,-69,0.000000,7,8
1,11.000000,11.541000,1.053000,-69,0.000000,7,8
1,11.000000,11.488000,0.267000,-69,0.000000,7,8
1,11.000000,12.051000,0.202000,-69,0.000000,7,8
1,11.000000,11.747000,0.303000,-69,0.000000,7,8
1,11.000000,11.693000,0.386000,-69,0.000000,7,8
1,11.000000,11.756000,0.234000,-69,0.000000,7,8
1,11.000000,11.693000,0.254000,-69,0.000000,7,8
1,11.000000,11.843000,0.171000,-69,0.000000,7,8
1,11.000000,11.812000,0.490000,-68,0.000000,7,8
1,11.000000,11.665000,0.298000,-68,0.000000,7,8
1,11.000000,11.606000,0.172000,-68,0.000000,7,8
1,11.000000,11.604000,0.150000,-68,0.000000,7,8
1,11.000000,11.723000,0.150000,-68,0.000000,7,8
1,11.000000,11.810000,0.104000,-68,0.000000,7,8
1,11.000000,12.232000,0.097000,-69,0.000000,7,8
1,11.000000,11.910000,0.235000,-69,0.000000,7,8
1,11.000000,11.904000,0.550000,-69,0.000000,7,8
1,11.000000,11.398000,0.995000,-69,0.000000,7,8
1,11.000000,11.545000,0.876000,-69,0.000000,7,8
1,11.000000,11.665000,0.511000,-69,0.000000,7,8
1,11.000000,11.648000,0.155000,-68,0.000000,7,8
1,11.000000,11.373000,0.173000,-69,0.000000,7,8
1,11.000000,11.576000,0.618000,-69,0.000000,7,8
1,11.000000,11.634000,0.362000,-69,0.000000,7,8
1,11.000000,11.463000,1.154000,-69,0.000000,7,8
1,11.000000,11.960000,0.415000,-70,0.000000,7,8
1,11.000000,11.866000,0.463000,-69,0.000000,7,8
1,11.000000,12.057000,0.182000,-69,0.000000,7,8
1,11.000000,11.719000,1.089000,-68,0.000000,7,8
1,11.000000,11.876000,0.128000,-69,0.000000,7,8
1,11.000000,11.487000,0.217000,-70,0.000000,7,8
1,11.000000,11.410000,0.543000,-69,0.000000,7,8
1,11.000000,12.898000,1.425000,-70,0.000000,7,8
1,11.000000,12.133000,0.508000,-70,0.000000,7,8
1,11.000000,12.804000,0.505000,-70,0.000000,7,8
1,11.000000,11.745000,1.075000,-69,0.000000,7,8
1,11.000000,11.046000,1.539000,-69,0.000000,7,8
1,11.000000,11.763000,2.261000,-70,0.000000,7,8
1,11.000000,16.493000,0.046000,-70,0.000000,7,8
1,11.000000,11.105000,1.252000,-70,0.000000,7,8
1,11.000000,12.066000,0.676000,-69,0.000000,7,8
1,11.000000,11.810000,0.739000,-69,0.000000,7,8
1,11.000000,11.723000,0.988000,-69,0.000000,7,8
1,11.000000,10.938000,0.627000,-68,0.000000,7,8
1,11.000000,11.210000,1.649000,-70,0.000000,7,8
1,11.000000,11.176000,0.324000,-69,0.000000,7,8
1,11.000000,11.023000,0.569000,-69,0.000000,7,8
1,11.000000,11.308000,1.051000,-69,0.000000,7,8
1,11.000000,11.280000,1.287000,-68,0.000000,7,8
1,11.000000,11.430000,0.943000,-69,0.000000,7,8
1,11.000000,11.285000,0.588000,-70,0.000000,7,8
1,11.000000,17.231001,0.130000,-69,0.000000,7,8
1,11.000000,11.566000,2.450000,-69,0.000000,7,8
1,11.000000,11.233000,1.381000,-69,0.000000,7,8
1,11.000000,11.283000,0.046000,-69,0.000000,7,8
1,11.000000,11.583000,0.127000,-68,0.000000,7,8
1,11.000000,11.456000,0.576000,-68,0.000000,7,8
1,11.000000,11.667000,0.260000,-67,0.000000,7,8
1,11.000000,11.757000,0.255000,-68,0.000000,7,8
1,11.000000,11.845000,0.661000,-68,0.000000,7,8
1,11.000000,12.332000,0.213000,-68,0.000000,7,8
1,11.000000,11.683000,0.655000,-68,0.000000,7,8
1,11.000000,11.777000,0.975000,-68,0.000000,7,8
1,11.000000,11.512000,1.049000,-68,0.000000,7,8
1,11.000000,11.168000,1.460000,-68,0.000000,7,8
1,11.000000,11.313000,1.444000,-69,0.000000,7,8
1,11.000000,11.187000,1.071000,-68,0.000000,7,8
1,11.000000,11.402000,0.180000,-68,0.000000,7,8
1,11.000000,11.494000,1.284000,-68,0.000000,7,8
1,11.000000,10.849000,1.226000,-68,0.000000,7,8
1,11.000000,10.985000,0.593000,-68,0.000000,7,8
1,11.000000,11.252000,0.519000,-68,0.000000,7,8
1,11.000000,11.604000,0.516000,-68,0.000000,7,8
1,11.000000,11.721000,1.203000,-68,0.000000,7,8
1,11.000000,11.308000,1.490000,-68,0.000000,7,8
1,11.000000,11.494000,0.249000,-68,0.000000,7,8
1,11.000000,11.370000,1.262000,-68,0.000000,7,8
1,11.000000,11.351000,1.329000,-68,0.000000,7,8
1,11.000000,11.280000,1.405000,-68,0.000000,7,8
1,11.000000,11.435000,1.263000,-68,0.000000,7,8
1,11.000000,11.128000,1.212000,-67,0.000000,7,8
1,11.000000,11.604000,1.079000,-68,0.000000,7,8
1,11.000000,11.161000,0.680000,-68,0.000000,7,8
1,11.000000,11.224000,0.555000,-68,0.000000,7,8
1,11.000000,11.283000,0.580000,-68,0.000000,7,8
1,11.000000,10.992000,0.569000,-68,0.000000,7,8
1,11.000000,11.224000,1.201000,-68,0.000000,7,8
1,11.000000,11.308000,0.399000,-68,0.000000,7,8
1,11.000000,10.962000,1.596000,-68,0.000000,7,8
1,11.000000,11.016000,1.460000,-68,0.000000,7,8
1,11.000000,11.135000,1.530000,-68,0.000000,7,8
1,11.000000,11.018000,0.607000,-68,0.000000,7,8
1,11.000000,11.133000,0.513000,-68,0.000000,7,8
1,11.000000,11.691000,0.371000,-68,0.000000,7,8
1,11.000000,11.662000,0.421000,-68,0.000000,7,8
1,11.000000,11.576000,0.321000,-67,0.000000,7,8
1,11.000000,11.011000,0.454000,-67,0.000000,7,8
1,11.000000,11.262000,0.226000,-67,0.000000,7,8
1,11.000000,11.109000,0.288000,-67,0.000000,7,8
1,11.000000,11.133000,1.162000,-68,0.000000,7,8
1,11.000000,11.189000,0.474000,-67,0.000000,7,8
1,11.000000,11.339000,0.458000,-68,0.000000,7,8
1,11.000000,11.515000,0.240000,-67,0.000000,7,8
1,11.000000,11.428000,0.405000,-67,0.000000,7,8
1,11.000000,11.608000,0.441000,-68,0.000000,7,8
1,11.000000,11.682000,0.156000,-68,0.000000,7,8
1,11.000000,11.804000,0.168000,-68,0.000000,7,8
1,11.000000,11.873000,0.159000,-68,0.000000,7,8
1,11.000000,11.231000,0.649000,-69,0.000000,7,8
1,11.000000,11.449000,0.748000,-68,0.000000,7,8
1,11.000000,11.255000,1.298000,-68,0.000000,7,8
1,11.000000,11.777000,0.387000,-68,0.000000,7,8
1,11.000000,11.020000,0.686000,-68,0.000000,7,8
1,11.000000,11.133000,1.401000,-68,0.000000,7,8
1,11.000000,10.870000,1.596000,-69,0.000000,7,8
1,11.000000,10.987000,1.118000,-68,0.000000,7,8
1,11.000000,11.041000,1.307000,-67,0.000000,7,8
1,11.000000,11.072000,1.679000,-68,0.000000,7,8
1,11.000000,10.837000,0.612000,-68,0.000000,7,8
1,11.000000,10.847000,1.867000,-68,0.000000,7,8
1,11.000000,10.919000,1.658000,-68,0.000000,7,8
1,11.000000,11.191000,1.452000,-68,0.000000,7,8
1,11.000000,11.313000,1.181000,-68,0.000000,7,8
1,11.000000,11.487000,1.237000,-68,0.000000,7,8
1,11.000000,11.402000,1.432000,-68,0.000000,7,8
1,11.000000,11.044000,1.686000,-68,0.000000,7,8
1,11.000000,10.901000,1.632000,-68,0.000000,7,8
1,11.000000,11.196000,1.697000,-67,0.000000,7,8
1,11.000000,10.962000,1.696000,-68,0.000000,7,8
1,11.000000,11.163000,1.769000,-67,0.000000,7,8
1,11.000000,10.870000,1.838000,-68,0.000000,7,8
1,11.000000,10.936000,1.881000,-67,0.000000,7,8
1,11.000000,10.929000,1.430000,-67,0.000000,7,8
1,11.000000,10.992000,0.526000,-67,0.000000,7,8
1,11.000000,10.903000,1.486000,-68,0.000000,7,8
1,11.000000,11.461000,1.412000,-68,0.000000,7,8
1,11.000000,11.079000,0.912000,-67,0.000000,7,8
1,11.000000,11.039000,1.274000,-68,0.000000,7,8
1,11.000000,11.224000,0.459000,-67,0.000000,7,8
1,11.000000,10.870000,1.165000,-68,0.000000,7,8
1,11.000000,11.135000,0.391000,-68,0.000000,7,8
1,11.000000,11.156000,0.930000,-68,0.000000,7,8
1,11.000000,11.782000,0.170000,-67,0.000000,7,8
1,11.000000,11.667000,0.091000,-67,0.000000,7,8
1,11.000000,11.473000,0.084000,-68,0.000000,7,8
1,11.000000,11.660000,0.120000,-68,0.000000,7,8
1,11.000000,11.695000,0.191000,-68,0.000000,7,8
1,11.000000,11.484000,0.146000,-69,0.000000,7,8
1,11.000000,11.610000,0.167000,-68,0.000000,7,8
1,11.000000,11.519000,0.114000,-68,0.000000,7,8
1,11.000000,11.433000,0.213000,-68,0.000000,7,8
1,11.000000,11.517000,0.251000,-68,0.000000,7,8
1,11.000000,11.423000,0.151000,-68,0.000000,7,8
1,11.000000,11.407000,0.163000,-68,0.000000,7,8
1,11.000000,11.339000,0.533000,-68,0.000000,7,8
1,11.000000,11.421000,0.538000,-68,0.000000,7,8
1,11.000000,11.128000,0.607000,-68,0.000000,7,8
1,11.000000,10.994000,0.585000,-67,0.000000,7,8
1,11.000000,11.405000,0.596000,-68,0.000000,7,8
1,11.000000,11.187000,1.035000,-68,0.000000,7,8
1,11.000000,11.224000,1.360000,-67,0.000000,7,8
1,11.000000,11.313000,0.466000,-67,0.000000,7,8
1,11.000000,11.226000,0.722000,-67,0.000000,7,8
1,11.000000,11.135000,0.675000,-68,0.000000,7,8
1,11.000000,11.126000,1.292000,-68,0.000000,7,8
1,11.000000,10.990000,1.551000,-68,0.000000,7,8
1,11.000000,10.959000,1.562000,-68,0.000000,7,8
1,11.000000,10.955000,1.580000,-68,0.000000,7,8
1,11.000000,10.898000,1.726000,-68,0.000000,7,8
1,11.000000,10.873000,1.779000,-68,0.000000,7,8
1,11.000000,10.786000,1.837000,-68,0.000000,7,8
1,11.000000,10.816000,1.565000,-68,0.000000,7,8
1,11.000000,10.781000,1.324000,-68,0.000000,7,8
1,11.000000,10.786000,1.403000,-68,0.000000,7,8
1,11.000000,10.875000,1.682000,-68,0.000000,7,8
1,11.000000,10.896000,1.313000,-68,0.000000,7,8
1,11.000000,10.898000,0.860000,-68,0.000000,7,8
1,11.000000,10.819000,1.027000,-68,0.000000,7,8
1,11.000000,10.898000,1.373000,-68,0.000000,7,8
1,11.000000,10.788000,1.081000,-68,0.000000,7,8
1,11.000000,10.870000,1.005000,-68,0.000000,7,8
1,11.000000,10.751000,0.873000,-68,0.000000,7,8
1,11.000000,10.866000,1.026000,-68,0.000000,7,8
1,11.000000,10.835000,1.685000,-68,0.000000,7,8
