1,11.000000,9.862000,0.263000,-63,0.000000,7,8
1,11.000000,9.701000,0.269000,-63,0.000000,7,8
1,11.000000,9.672000,0.254000,-63,0.000000,7,8
1,11.000000,9.628000,0.212000,-62,0.000000,7,8
1,11.000000,9.687000,0.279000,-61,0.000000,7,8
1,11.000000,9.335000,0.301000,-60,0.000000,7,8
1,11.000000,9.481000,0.263000,-60,0.000000,7,8
1,11.000000,9.686000,0.150000,-60,0.000000,7,8
1,11.000000,9.262000,0.275000,-61,0.000000,7,8
1,11.000000,9.525000,0.519000,-61,0.000000,7,8
1,11.000000,8.969000,0.547000,-61,0.000000,7,8
1,11.000000,9.174000,0.414000,-61,0.000000,7,8
1,11.000000,9.042000,0.536000,-64,0.000000,7,8
1,11.000000,9.701000,1.027000,-62,0.000000,7,8
1,11.000000,9.848000,0.402000,-61,0.000000,7,8
1,11.000000,9.486000,0.346000,-61,0.000000,7,8
1,11.000000,9.779000,0.336000,-60,0.000000,7,8
1,11.000000,9.603000,0.470000,-60,0.000000,7,8
1,11.000000,9.603000,0.389000,-59,0.000000,7,8
1,11.000000,9.643000,0.324000,-61,0.000000,7,8
1,11.000000,9.506000,0.490000,-62,0.000000,7,8
1,11.000000,9.779000,0.368000,-61,0.000000,7,8
1,11.000000,9.760000,0.249000,-60,0.000000,7,8
1,11.000000,9.721000,0.359000,-60,0.000000,7,8
1,11.000000,9.779000,0.297000,-61,0.000000,7,8
1,11.000000,9.623000,0.475000,-62,0.000000,7,8
1,11.000000,9.760000,0.401000,-60,0.000000,7,8
1,11.000000,9.642000,0.444000,-62,0.000000,7,8
1,11.000000,9.701000,0.131000,-61,0.000000,7,8
1,11.000000,9.681000,0.488000,-61,0.000000,7,8
1,11.000000,9.760000,0.840000,-60,0.000000,7,8
1,11.000000,9.896000,0.231000,-60,0.000000,7,8
1,11.000000,9.603000,0.413000,-61,0.000000,7,8
1,11.000000,9.701000,0.443000,-59,0.000000,7,8
1,11.000000,9.838000,0.332000,-61,0.000000,7,8
1,11.000000,9.437000,0.191000,-61,0.000000,7,8
1,11.000000,9.379000,0.552000,-63,0.000000,7,8
1,11.000000,10.072000,1.506000,-65,0.000000,7,8
1,11.000000,9.203000,0.268000,-67,0.000000,7,8
1,11.000000,10.228000,1.321000,-68,0.000000,7,8
1,11.000000,10.228000,1.832000,-63,0.000000,7,8
1,11.000000,11.034000,0.576000,-69,0.000000,7,8
1,11.000000,10.014000,0.556000,-61,0.000000,7,8
1,11.000000,10.560000,0.655000,-68,0.000000,7,8
1,11.000000,10.717000,0.723000,-65,0.000000,7,8
1,11.000000,10.014000,1.813000,-63,0.000000,7,8
1,11.000000,10.873000,0.487000,-68,0.000000,7,8
1,11.000000,10.267000,0.837000,-65,0.000000,7,8
1,11.000000,9.994000,1.773000,-64,0.000000,7,8
1,11.000000,9.467000,1.418000,-62,0.000000,7,8
1,11.000000,9.584000,1.009000,-63,0.000000,7,8
1,11.000000,10.189000,0.666000,-62,0.000000,7,8
1,11.000000,9.701000,0.893000,-61,0.000000,7,8
1,11.000000,10.326000,0.501000,-64,0.000000,7,8
1,11.000000,11.107000,1.223000,-62,0.000000,7,8
1,11.000000,10.228000,0.652000,-62,0.000000,7,8
1,11.000000,9.740000,1.489000,-63,0.000000,7,8
1,11.000000,10.619000,0.424000,-63,0.000000,7,8
1,11.000000,10.150000,1.156000,-61,0.000000,7,8
1,11.000000,9.760000,0.927000,-60,0.000000,7,8
1,11.000000,10.482000,1.153000,-59,0.000000,7,8
1,11.000000,9.896000,1.543000,-66,0.000000,7,8
1,11.000000,9.916000,0.750000,-64,0.000000,7,8
1,11.000000,9.662000,0.763000,-66,0.000000,7,8
1,11.000000,10.170000,0.960000,-61,0.000000,7,8
1,11.000000,10.131000,0.825000,-58,0.000000,7,8
1,11.000000,10.502000,0.436000,-62,0.000000,7,8
1,11.000000,10.463000,2.328000,-59,0.000000,7,8
1,11.000000,10.287000,0.322000,-64,0.000000,7,8
1,11.000000,9.994000,0.754000,-66,0.000000,7,8
1,11.000000,9.833000,0.334000,-64,0.000000,7,8
1,11.000000,10.580000,0.552000,-60,0.000000,7,8
1,11.000000,10.756000,1.821000,-62,0.000000,7,8
1,11.000000,10.307000,0.295000,-60,0.000000,7,8
1,11.000000,10.600000,2.199000,-61,0.000000,7,8
1,11.000000,9.682000,1.693000,-63,0.000000,7,8
1,11.000000,10.228000,0.978000,-61,0.000000,7,8
1,11.000000,10.189000,0.982000,-61,0.000000,7,8
1,11.000000,10.385000,0.153000,-60,0.000000,7,8
1,11.000000,9.975000,0.610000,-60,0.000000,7,8
1,11.000000,9.779000,0.793000,-63,0.000000,7,8
1,11.000000,9.232000,0.529000,-64,0.000000,7,8
1,11.000000,10.033000,0.916000,-62,0.000000,7,8
1,11.000000,10.092000,0.689000,-62,0.000000,7,8
1,11.000000,10.502000,0.192000,-62,0.000000,7,8
1,11.000000,10.131000,0.582000,-62,0.000000,7,8
1,11.000000,9.467000,0.523000,-64,0.000000,7,8
1,11.000000,8.690000,0.597000,-63,0.000000,7,8
1,11.000000,8.734000,0.767000,-62,0.000000,7,8
1,11.000000,9.789000,0.438000,-60,0.000000,7,8
1,11.000000,10.619000,0.852000,-61,0.000000,7,8
1,11.000000,10.658000,0.508000,-67,0.000000,7,8
1,11.000000,9.506000,0.971000,-66,0.000000,7,8
1,11.000000,9.740000,0.502000,-63,0.000000,7,8
1,11.000000,9.740000,1.238000,-63,0.000000,7,8
1,11.000000,9.877000,0.916000,-62,0.000000,7,8
1,11.000000,10.111000,1.050000,-61,0.000000,7,8
1,11.000000,10.326000,0.971000,-60,0.000000,7,8
1,11.000000,9.335000,0.588000,-60,0.000000,7,8
1,11.000000,10.385000,0.206000,-60,0.000000,7,8
1,11.000000,10.683000,0.768000,-61,0.000000,7,8
1,11.000000,10.580000,0.565000,-61,0.000000,7,8
1,11.000000,10.595000,0.605000,-61,0.000000,7,8
1,11.000000,11.088000,0.470000,-61,0.000000,7,8
1,11.000000,10.560000,0.755000,-62,0.000000,7,8
1,11.000000,10.326000,0.244000,-60,0.000000,7,8
1,11.000000,10.302000,0.457000,-60,0.000000,7,8
1,11.000000,10.736000,0.732000,-62,0.000000,7,8
1,11.000000,10.522000,0.438000,-61,0.000000,7,8
1,11.000000,10.014000,1.206000,-61,0.000000,7,8
1,11.000000,10.111000,1.289000,-61,0.000000,7,8
1,11.000000,10.365000,1.298000,-61,0.000000,7,8
1,11.000000,10.346000,1.247000,-62,0.000000,7,8
1,11.000000,10.248000,1.423000,-63,0.000000,7,8
1,11.000000,10.228000,1.203000,-61,0.000000,7,8
1,11.000000,10.248000,1.347000,-61,0.000000,7,8
1,11.000000,10.267000,1.449000,-62,0.000000,7,8
1,11.000000,10.228000,1.338000,-63,0.000000,7,8
1,11.000000,10.424000,0.865000,-62,0.000000,7,8
1,11.000000,10.189000,0.941000,-62,0.000000,7,8
1,11.000000,10.600000,0.662000,-61,0.000000,7,8
1,11.000000,10.463000,0.960000,-61,0.000000,7,8
1,11.000000,10.502000,1.049000,-61,0.000000,7,8
1,11.000000,10.170000,1.054000,-63,0.000000,7,8
1,11.000000,9.896000,1.212000,-65,0.000000,7,8
1,11.000000,10.033000,0.928000,-65,0.000000,7,8
1,11.000000,10.228000,0.700000,-64,0.000000,7,8
1,11.000000,10.150000,1.099000,-66,0.000000,7,8
1,11.000000,9.955000,0.644000,-65,0.000000,7,8
1,11.000000,9.975000,0.720000,-65,0.000000,7,8
1,11.000000,10.365000,0.996000,-63,0.000000,7,8
1,11.000000,10.014000,2.133000,-62,0.000000,7,8
1,11.000000,10.092000,1.300000,-63,0.000000,7,8
1,11.000000,10.033000,2.187000,-64,0.000000,7,8
1,11.000000,9.975000,0.961000,-65,0.000000,7,8
1,11.000000,10.150000,1.892000,-65,0.000000,7,8
1,11.000000,9.936000,0.791000,-64,0.000000,7,8
1,11.000000,10.170000,1.280000,-64,0.000000,7,8
1,11.000000,10.346000,1.288000,-64,0.000000,7,8
1,11.000000,10.306000,1.092000,-63,0.000000,7,8
1,11.000000,10.365000,1.375000,-63,0.000000,7,8
1,11.000000,10.306000,1.034000,-63,0.000000,7,8
1,11.000000,10.189000,1.070000,-63,0.000000,7,8
1,11.000000,10.306000,1.188000,-63,0.000000,7,8
1,11.000000,10.306000,0.601000,-62,0.000000,7,8
1,11.000000,10.482000,0.636000,-61,0.000000,7,8
1,11.000000,10.619000,1.368000,-63,0.000000,7,8
1,11.000000,10.541000,0.658000,-63,0.000000,7,8
1,11.000000,10.385000,1.920000,-62,0.000000,7,8
1,11.000000,10.736000,0.268000,-63,0.000000,7,8
1,11.000000,10.346000,1.013000,-64,0.000000,7,8
1,11.000000,10.756000,0.785000,-63,0.000000,7,8
1,11.000000,9.818000,0.853000,-64,0.000000,7,8
1,11.000000,10.209000,0.912000,-63,0.000000,7,8
1,11.000000,10.170000,0.713000,-63,0.000000,7,8
1,11.000000,10.346000,0.554000,-62,0.000000,7,8
1,11.000000,10.267000,1.087000,-62,0.000000,7,8
1,11.000000,10.267000,0.418000,-63,0.000000,7,8
1,11.000000,10.228000,0.869000,-62,0.000000,7,8
1,11.000000,10.209000,0.914000,-62,0.000000,7,8
1,11.000000,10.541000,0.751000,-62,0.000000,7,8
1,11.000000,10.287000,0.898000,-62,0.000000,7,8
1,11.000000,10.404000,0.758000,-61,0.000000,7,8
1,11.000000,10.443000,0.790000,-61,0.000000,7,8
1,11.000000,9.906000,0.382000,-61,0.000000,7,8
1,11.000000,10.302000,0.480000,-61,0.000000,7,8
1,11.000000,10.346000,0.601000,-61,0.000000,7,8
1,11.000000,10.189000,0.686000,-61,0.000000,7,8
1,11.000000,10.560000,0.697000,-61,0.000000,7,8
1,11.000000,10.560000,0.607000,-61,0.000000,7,8
1,11.000000,10.502000,0.836000,-62,0.000000,7,8
1,11.000000,10.443000,0.757000,-62,0.000000,7,8
1,11.000000,10.424000,0.665000,-61,0.000000,7,8
1,11.000000,10.443000,0.757000,-61,0.000000,7,8
1,11.000000,10.482000,1.077000,-61,0.000000,7,8
1,11.000000,10.424000,0.946000,-61,0.000000,7,8
1,11.000000,10.560000,0.933000,-61,0.000000,7,8
1,11.000000,10.448000,0.732000,-61,0.000000,7,8
1,11.000000,10.424000,0.850000,-61,0.000000,7,8
1,11.000000,10.306000,1.216000,-61,0.000000,7,8
1,11.000000,10.307000,0.933000,-61,0.000000,7,8
1,11.000000,10.443000,0.781000,-61,0.000000,7,8
1,11.000000,10.302000,0.487000,-60,0.000000,7,8
1,11.000000,10.141000,0.162000,-61,0.000000,7,8
1,11.000000,9.906000,0.331000,-61,0.000000,7,8
1,11.000000,10.463000,0.916000,-61,0.000000,7,8
1,11.000000,10.345000,0.823000,-61,0.000000,7,8
1,11.000000,10.267000,0.453000,-61,0.000000,7,8
1,11.000000,10.346000,0.450000,-61,0.000000,7,8
1,11.000000,10.272000,0.493000,-61,0.000000,7,8
1,11.000000,9.847000,0.678000,-61,0.000000,7,8
1,11.000000,10.302000,0.239000,-61,0.000000,7,8
1,11.000000,10.365000,0.721000,-61,0.000000,7,8
1,11.000000,10.619000,0.511000,-61,0.000000,7,8
1,11.000000,10.131000,0.843000,-61,0.000000,7,8
1,11.000000,10.424000,0.634000,-61,0.000000,7,8
1,11.000000,10.346000,0.685000,-62,0.000000,7,8
1,11.000000,10.404000,0.727000,-65,0.000000,7,8
1,11.000000,9.975000,0.755000,-63,0.000000,7,8
1,11.000000,9.760000,0.787000,-66,0.000000,7,8
1,11.000000,10.853000,0.537000,-63,0.000000,7,8
1,11.000000,10.561000,0.556000,-62,0.000000,7,8
1,11.000000,10.404000,0.927000,-58,0.000000,7,8
1,11.000000,10.053000,0.186000,-62,0.000000,7,8
1,11.000000,9.838000,1.009000,-62,0.000000,7,8
1,11.000000,10.326000,1.317000,-68,0.000000,7,8
1,11.000000,10.092000,0.451000,-61,0.000000,7,8
1,11.000000,10.072000,1.040000,-61,0.000000,7,8
1,11.000000,9.950000,0.255000,-61,0.000000,7,8
1,11.000000,10.697000,0.641000,-64,0.000000,7,8
1,11.000000,9.838000,0.672000,-63,0.000000,7,8
1,11.000000,10.038000,0.374000,-61,0.000000,7,8
1,11.000000,10.385000,0.881000,-63,0.000000,7,8
1,11.000000,9.994000,0.226000,-62,0.000000,7,8
1,11.000000,10.092000,0.861000,-63,0.000000,7,8
1,11.000000,10.326000,0.854000,-63,0.000000,7,8
1,11.000000,10.014000,0.908000,-64,0.000000,7,8
1,11.000000,10.209000,2.215000,-63,0.000000,7,8
1,11.000000,10.072000,1.398000,-62,0.000000,7,8
1,11.000000,10.306000,1.258000,-62,0.000000,7,8
1,11.000000,10.170000,0.946000,-62,0.000000,7,8
1,11.000000,10.111000,1.478000,-62,0.000000,7,8
1,11.000000,10.170000,1.067000,-62,0.000000,7,8
1,11.000000,10.228000,0.984000,-62,0.000000,7,8
1,11.000000,10.248000,1.195000,-62,0.000000,7,8
1,11.000000,10.248000,1.017000,-61,0.000000,7,8
1,11.000000,10.306000,0.979000,-61,0.000000,7,8
1,11.000000,10.209000,0.887000,-61,0.000000,7,8
1,11.000000,10.131000,0.887000,-61,0.000000,7,8
1,11.000000,10.131000,0.948000,-61,0.000000,7,8
1,11.000000,10.170000,0.915000,-62,0.000000,7,8
1,11.000000,9.955000,2.044000,-63,0.000000,7,8
1,11.000000,9.564000,2.424000,-65,0.000000,7,8
1,11.000000,9.447000,2.687000,-67,0.000000,7,8
1,11.000000,9.408000,1.726000,-67,0.000000,7,8
1,11.000000,9.330000,2.076000,-67,0.000000,7,8
1,11.000000,9.799000,1.328000,-65,0.000000,7,8
1,11.000000,9.623000,1.407000,-65,0.000000,7,8
1,11.000000,9.877000,0.680000,-64,0.000000,7,8
1,11.000000,9.818000,0.872000,-65,0.000000,7,8
1,11.000000,10.580000,0.546000,-63,0.000000,7,8
1,11.000000,10.053000,0.983000,-64,0.000000,7,8
1,11.000000,9.760000,1.543000,-65,0.000000,7,8
1,11.000000,9.936000,1.282000,-65,0.000000,7,8
1,11.000000,10.267000,0.749000,-63,0.000000,7,8
1,11.000000,10.287000,0.691000,-62,0.000000,7,8
1,11.000000,10.365000,1.305000,-64,0.000000,7,8
1,11.000000,10.111000,1.409000,-65,0.000000,7,8
1,11.000000,9.916000,2.361000,-66,0.000000,7,8
1,11.000000,9.799000,1.586000,-64,0.000000,7,8
1,11.000000,9.877000,1.810000,-64,0.000000,7,8
1,11.000000,10.033000,0.777000,-64,0.000000,7,8
1,11.000000,10.014000,0.779000,-64,0.000000,7,8
1,11.000000,10.053000,0.597000,-63,0.000000,7,8
1,11.000000,10.111000,0.883000,-63,0.000000,7,8
1,11.000000,10.111000,0.611000,-63,0.000000,7,8
1,11.000000,10.209000,0.795000,-62,0.000000,7,8
1,11.000000,10.092000,1.198000,-62,0.000000,7,8
1,11.000000,10.228000,0.879000,-62,0.000000,7,8
1,11.000000,10.228000,0.645000,-63,0.000000,7,8
1,11.000000,10.033000,1.110000,-63,0.000000,7,8
1,11.000000,10.346000,0.898000,-63,0.000000,7,8
1,11.000000,10.150000,1.027000,-63,0.000000,7,8
1,11.000000,10.111000,0.874000,-62,0.000000,7,8
1,11.000000,10.189000,0.851000,-63,0.000000,7,8
1,11.000000,10.189000,0.783000,-63,0.000000,7,8
1,11.000000,10.228000,1.417000,-63,0.000000,7,8
1,11.000000,10.033000,1.181000,-63,0.000000,7,8
1,11.000000,10.443000,0.668000,-63,0.000000,7,8
1,11.000000,10.267000,0.947000,-62,0.000000,7,8
1,11.000000,10.482000,1.096000,-61,0.000000,7,8
1,11.000000,10.072000,1.078000,-62,0.000000,7,8
1,11.000000,10.189000,0.854000,-62,0.000000,7,8
1,11.000000,10.365000,0.852000,-62,0.000000,7,8
1,11.000000,10.228000,0.507000,-62,0.000000,7,8
1,11.000000,10.365000,0.695000,-62,0.000000,7,8
1,11.000000,10.365000,0.810000,-63,0.000000,7,8
1,11.000000,10.365000,0.918000,-62,0.000000,7,8
1,11.000000,10.306000,1.039000,-62,0.000000,7,8
1,11.000000,10.521000,0.707000,-63,0.000000,7,8
1,11.000000,10.385000,1.189000,-64,0.000000,7,8
1,11.000000,10.209000,1.398000,-64,0.000000,7,8
1,11.000000,9.916000,1.025000,-64,0.000000,7,8
1,11.000000,9.779000,0.945000,-63,0.000000,7,8
1,11.000000,10.072000,1.140000,-63,0.000000,7,8
1,11.000000,10.463000,0.814000,-62,0.000000,7,8
1,11.000000,10.385000,0.500000,-63,0.000000,7,8
1,11.000000,10.306000,0.599000,-63,0.000000,7,8
1,11.000000,10.209000,0.630000,-64,0.000000,7,8
1,11.000000,10.248000,0.911000,-64,0.000000,7,8
1,11.000000,10.463000,0.421000,-63,0.000000,7,8
1,11.000000,10.385000,0.327000,-63,0.000000,7,8
1,11.000000,10.326000,0.660000,-63,0.000000,7,8
1,11.000000,10.541000,0.856000,-62,0.000000,7,8
1,11.000000,10.155000,0.811000,-62,0.000000,7,8
1,11.000000,10.302000,0.178000,-62,0.000000,7,8
1,11.000000,10.404000,0.546000,-62,0.000000,7,8
1,11.000000,10.443000,0.263000,-62,0.000000,7,8
1,11.000000,10.521000,0.302000,-62,0.000000,7,8
1,11.000000,10.492000,0.294000,-62,0.000000,7,8
1,11.000000,10.658000,0.320000,-62,0.000000,7,8
1,11.000000,10.404000,1.041000,-62,0.000000,7,8
1,11.000000,10.385000,0.633000,-62,0.000000,7,8
1,11.000000,10.228000,1.651000,-62,0.000000,7,8
1,11.000000,10.365000,1.382000,-62,0.000000,7,8
1,11.000000,9.877000,0.788000,-62,0.000000,7,8
1,11.000000,10.482000,0.939000,-62,0.000000,7,8
1,11.000000,10.306000,1.225000,-62,0.000000,7,8
1,11.000000,10.326000,0.786000,-62,0.000000,7,8
1,11.000000,10.306000,0.900000,-63,0.000000,7,8
1,11.000000,9.955000,0.972000,-64,0.000000,7,8
1,11.000000,9.935000,0.992000,-64,0.000000,7,8
1,11.000000,10.033000,0.599000,-64,0.000000,7,8
1,11.000000,10.131000,0.380000,-64,0.000000,7,8
1,11.000000,10.228000,0.741000,-63,0.000000,7,8
1,11.000000,10.326000,0.762000,-63,0.000000,7,8
1,11.000000,10.385000,0.781000,-62,0.000000,7,8
1,11.000000,10.560000,0.690000,-62,0.000000,7,8
1,11.000000,10.658000,0.818000,-62,0.000000,7,8
1,11.000000,10.443000,1.582000,-62,0.000000,7,8
1,11.000000,10.580000,0.760000,-62,0.000000,7,8
1,11.000000,9.701000,0.561000,-61,0.000000,7,8
1,11.000000,10.463000,0.749000,-61,0.000000,7,8
1,11.000000,10.463000,0.873000,-61,0.000000,7,8
1,11.000000,10.424000,0.679000,-61,0.000000,7,8
1,11.000000,10.424000,0.616000,-61,0.000000,7,8
1,11.000000,10.404000,0.428000,-62,0.000000,7,8
1,11.000000,10.155000,0.746000,-62,0.000000,7,8
1,11.000000,10.424000,0.959000,-61,0.000000,7,8
1,11.000000,10.482000,0.875000,-61,0.000000,7,8
1,11.000000,10.639000,0.284000,-61,0.000000,7,8
1,11.000000,10.463000,0.374000,-61,0.000000,7,8
1,11.000000,10.502000,0.558000,-62,0.000000,7,8
1,11.000000,10.404000,0.542000,-61,0.000000,7,8
1,11.000000,10.375000,0.655000,-61,0.000000,7,8
1,11.000000,10.140000,0.452000,-61,0.000000,7,8
1,11.000000,9.965000,0.789000,-61,0.000000,7,8
1,11.000000,10.404000,0.255000,-62,0.000000,7,8
1,11.000000,9.701000,0.441000,-61,0.000000,7,8
1,11.000000,9.569000,0.446000,-61,0.000000,7,8
1,11.000000,10.360000,0.484000,-61,0.000000,7,8
1,11.000000,9.965000,0.787000,-61,0.000000,7,8
1,11.000000,10.009000,0.596000,-61,0.000000,7,8
1,11.000000,10.053000,0.928000,-61,0.000000,7,8
1,11.000000,9.804000,0.567000,-61,0.000000,7,8
1,11.000000,10.595000,0.537000,-61,0.000000,7,8
1,11.000000,10.443000,0.430000,-61,0.000000,7,8
1,11.000000,10.272000,0.559000,-61,0.000000,7,8
1,11.000000,10.717000,0.715000,-61,0.000000,7,8
1,11.000000,10.551000,0.800000,-61,0.000000,7,8
1,11.000000,10.502000,0.355000,-61,0.000000,7,8
1,11.000000,10.404000,0.552000,-61,0.000000,7,8
1,11.000000,10.141000,0.396000,-61,0.000000,7,8
1,11.000000,10.082000,0.714000,-61,0.000000,7,8
1,11.000000,10.390000,0.682000,-62,0.000000,7,8
1,11.000000,10.272000,0.360000,-62,0.000000,7,8
1,11.000000,10.053000,0.354000,-62,0.000000,7,8
1,11.000000,9.891000,0.425000,-62,0.000000,7,8
1,11.000000,9.906000,0.373000,-62,0.000000,7,8
1,11.000000,9.774000,0.520000,-62,0.000000,7,8
1,11.000000,9.950000,0.683000,-63,0.000000,7,8
1,11.000000,9.686000,0.560000,-63,0.000000,7,8
1,11.000000,9.950000,0.398000,-62,0.000000,7,8
1,11.000000,9.423000,0.560000,-63,0.000000,7,8
1,11.000000,10.228000,0.534000,-62,0.000000,7,8
1,11.000000,9.687000,0.535000,-63,0.000000,7,8
1,11.000000,9.481000,0.439000,-63,0.000000,7,8
1,11.000000,9.936000,0.497000,-62,0.000000,7,8
1,11.000000,10.502000,0.702000,-62,0.000000,7,8
1,11.000000,10.346000,0.300000,-62,0.000000,7,8
1,11.000000,10.541000,0.677000,-62,0.000000,7,8
1,11.000000,10.424000,0.416000,-62,0.000000,7,8
1,11.000000,10.482000,0.706000,-62,0.000000,7,8
1,11.000000,10.326000,0.503000,-62,0.000000,7,8
1,11.000000,10.404000,0.327000,-62,0.000000,7,8
1,11.000000,10.150000,0.552000,-62,0.000000,7,8
1,11.000000,10.424000,0.328000,-62,0.000000,7,8
1,11.000000,10.521000,0.234000,-63,0.000000,7,8
1,11.000000,10.228000,0.674000,-63,0.000000,7,8
1,11.000000,10.111000,0.564000,-64,0.000000,7,8
1,11.000000,10.228000,0.438000,-63,0.000000,7,8
1,11.000000,9.975000,0.840000,-64,0.000000,7,8
1,11.000000,10.126000,0.662000,-63,0.000000,7,8
1,11.000000,10.287000,0.687000,-63,0.000000,7,8
1,11.000000,10.326000,0.837000,-63,0.000000,7,8
1,11.000000,10.580000,0.900000,-61,0.000000,7,8
1,11.000000,10.111000,0.806000,-62,0.000000,7,8
1,11.000000,10.639000,0.471000,-62,0.000000,7,8
1,11.000000,10.463000,0.770000,-61,0.000000,7,8
1,11.000000,10.736000,0.387000,-61,0.000000,7,8
1,11.000000,10.658000,0.650000,-61,0.000000,7,8
1,11.000000,10.463000,0.416000,-61,0.000000,7,8
1,11.000000,10.424000,0.544000,-61,0.000000,7,8
1,11.000000,10.580000,1.504000,-61,0.000000,7,8
1,11.000000,10.482000,0.567000,-61,0.000000,7,8
1,11.000000,10.228000,0.968000,-62,0.000000,7,8
1,11.000000,10.521000,0.587000,-62,0.000000,7,8
1,11.000000,10.424000,0.592000,-62,0.000000,7,8
1,11.000000,10.639000,0.515000,-62,0.000000,7,8
1,11.000000,10.346000,0.212000,-62,0.000000,7,8
1,11.000000,10.365000,0.580000,-62,0.000000,7,8
1,11.000000,10.560000,0.436000,-62,0.000000,7,8
1,11.000000,10.345000,0.744000,-63,0.000000,7,8
1,11.000000,10.287000,0.473000,-63,0.000000,7,8
1,11.000000,10.385000,0.510000,-63,0.000000,7,8
1,11.000000,10.502000,0.607000,-63,0.000000,7,8
1,11.000000,10.424000,0.900000,-63,0.000000,7,8
1,11.000000,10.502000,0.879000,-62,0.000000,7,8
1,11.000000,10.678000,0.587000,-62,0.000000,7,8
1,11.000000,10.482000,0.532000,-61,0.000000,7,8
1,11.000000,10.463000,0.531000,-63,0.000000,7,8
1,11.000000,10.404000,0.940000,-62,0.000000,7,8
1,11.000000,10.306000,0.681000,-63,0.000000,7,8
1,11.000000,10.404000,0.609000,-63,0.000000,7,8
1,11.000000,10.424000,0.625000,-63,0.000000,7,8
1,11.000000,10.209000,0.819000,-63,0.000000,7,8
1,11.000000,9.955000,0.668000,-64,0.000000,7,8
1,11.000000,10.326000,1.030000,-63,0.000000,7,8
1,11.000000,10.053000,1.034000,-62,0.000000,7,8
1,11.000000,9.252000,1.776000,-68,0.000000,7,8
1,11.000000,10.678000,0.610000,-59,0.000000,7,8
1,11.000000,9.760000,1.299000,-64,0.000000,7,8
1,11.000000,9.598000,0.374000,-63,0.000000,7,8
1,11.000000,10.326000,0.945000,-61,0.000000,7,8
1,11.000000,10.131000,0.829000,-64,0.000000,7,8
1,11.000000,9.877000,0.865000,-65,0.000000,7,8
1,11.000000,10.326000,0.710000,-65,0.000000,7,8
1,11.000000,10.131000,1.119000,-64,0.000000,7,8
1,11.000000,10.443000,0.852000,-59,0.000000,7,8
1,11.000000,10.209000,0.845000,-65,0.000000,7,8
1,11.000000,9.955000,0.354000,-66,0.000000,7,8
1,11.000000,9.935000,0.275000,-62,0.000000,7,8
1,11.000000,10.521000,0.471000,-60,0.000000,7,8
1,11.000000,10.619000,0.956000,-65,0.000000,7,8
1,11.000000,10.404000,0.653000,-63,0.000000,7,8
1,11.000000,10.248000,0.644000,-63,0.000000,7,8
1,11.000000,10.092000,0.808000,-63,0.000000,7,8
1,11.000000,9.682000,1.035000,-64,0.000000,7,8
1,11.000000,10.248000,0.987000,-61,0.000000,7,8
1,11.000000,10.736000,1.053000,-59,0.000000,7,8
1,11.000000,9.721000,0.460000,-65,0.000000,7,8
1,11.000000,10.521000,1.420000,-62,0.000000,7,8
1,11.000000,9.603000,0.807000,-67,0.000000,7,8
1,11.000000,9.974000,0.432000,-63,0.000000,7,8
1,11.000000,9.936000,1.297000,-64,0.000000,7,8
1,11.000000,9.916000,1.228000,-65,0.000000,7,8
1,11.000000,10.033000,0.580000,-64,0.000000,7,8
1,11.000000,9.779000,1.092000,-65,0.000000,7,8
1,11.000000,10.053000,1.057000,-62,0.000000,7,8
1,11.000000,10.033000,0.700000,-67,0.000000,7,8
1,11.000000,9.310000,1.141000,-66,0.000000,7,8
1,11.000000,9.701000,1.128000,-65,0.000000,7,8
1,11.000000,8.979000,1.141000,-70,0.000000,7,8
1,11.000000,9.935000,0.922000,-64,0.000000,7,8
1,11.000000,10.424000,0.720000,-64,0.000000,7,8
1,11.000000,9.467000,1.019000,-66,0.000000,7,8
1,11.000000,9.408000,1.091000,-64,0.000000,7,8
1,11.000000,9.564000,1.091000,-65,0.000000,7,8
1,11.000000,9.545000,1.048000,-66,0.000000,7,8
1,11.000000,9.564000,1.399000,-67,0.000000,7,8
1,11.000000,9.799000,1.207000,-67,0.000000,7,8
1,11.000000,9.642000,1.253000,-65,0.000000,7,8
1,11.000000,9.896000,0.931000,-61,0.000000,7,8
1,11.000000,10.306000,0.568000,-61,0.000000,7,8
1,11.000000,9.935000,0.515000,-63,0.000000,7,8
1,11.000000,9.481000,0.567000,-64,0.000000,7,8
1,11.000000,9.818000,0.615000,-65,0.000000,7,8
1,11.000000,10.209000,0.249000,-64,0.000000,7,8
1,11.000000,9.955000,0.958000,-62,0.000000,7,8
1,11.000000,10.053000,0.607000,-64,0.000000,7,8
1,11.000000,9.481000,0.377000,-62,0.000000,7,8
1,11.000000,10.131000,0.510000,-63,0.000000,7,8
1,11.000000,10.189000,0.389000,-61,0.000000,7,8
1,11.000000,10.287000,0.348000,-61,0.000000,7,8
1,11.000000,10.272000,0.409000,-62,0.000000,7,8
1,11.000000,10.306000,0.701000,-62,0.000000,7,8
1,11.000000,10.053000,0.728000,-63,0.000000,7,8
1,11.000000,9.935000,0.736000,-63,0.000000,7,8
1,11.000000,10.033000,1.107000,-64,0.000000,7,8
1,11.000000,10.326000,1.838000,-65,0.000000,7,8
1,11.000000,10.072000,1.471000,-66,0.000000,7,8
1,11.000000,9.994000,1.032000,-66,0.000000,7,8
1,11.000000,10.092000,1.381000,-67,0.000000,7,8
1,11.000000,9.760000,1.179000,-69,0.000000,7,8
1,11.000000,9.428000,1.246000,-69,0.000000,7,8
1,11.000000,9.642000,1.058000,-70,0.000000,7,8
1,11.000000,9.330000,0.948000,-70,0.000000,7,8
1,11.000000,9.584000,0.800000,-69,0.000000,7,8
1,11.000000,9.388000,0.784000,-68,0.000000,7,8
1,11.000000,9.467000,0.814000,-68,0.000000,7,8
1,11.000000,9.935000,0.645000,-67,0.000000,7,8
1,11.000000,9.935000,0.559000,-67,0.000000,7,8
1,11.000000,10.033000,0.907000,-67,0.000000,7,8
1,11.000000,10.209000,0.489000,-65,0.000000,7,8
1,11.000000,10.228000,0.446000,-64,0.000000,7,8
1,11.000000,10.307000,0.588000,-64,0.000000,7,8
1,11.000000,10.248000,0.371000,-63,0.000000,7,8
1,11.000000,10.678000,0.435000,-63,0.000000,7,8
1,11.000000,10.463000,0.208000,-62,0.000000,7,8
1,11.000000,10.619000,0.306000,-63,0.000000,7,8
1,11.000000,10.443000,0.538000,-62,0.000000,7,8
1,11.000000,10.307000,0.486000,-61,0.000000,7,8
1,11.000000,10.306000,0.345000,-61,0.000000,7,8
1,11.000000,10.443000,0.329000,-62,0.000000,7,8
1,11.000000,10.463000,0.608000,-62,0.000000,7,8
1,11.000000,10.424000,0.344000,-62,0.000000,7,8
1,11.000000,10.228000,0.444000,-62,0.000000,7,8
1,11.000000,10.482000,0.497000,-62,0.000000,7,8
1,11.000000,10.385000,0.429000,-62,0.000000,7,8
1,11.000000,10.365000,0.354000,-62,0.000000,7,8
1,11.000000,10.365000,0.310000,-62,0.000000,7,8
1,11.000000,10.404000,0.307000,-62,0.000000,7,8
1,11.000000,10.365000,0.691000,-62,0.000000,7,8
1,11.000000,10.365000,0.246000,-62,0.000000,7,8
1,11.000000,10.385000,0.605000,-62,0.000000,7,8
1,11.000000,10.267000,0.413000,-62,0.000000,7,8
1,11.000000,10.189000,0.511000,-62,0.000000,7,8
1,11.000000,10.189000,0.397000,-62,0.000000,7,8
1,11.000000,10.150000,0.752000,-62,0.000000,7,8
1,11.000000,10.111000,0.519000,-63,0.000000,7,8
1,11.000000,10.053000,0.579000,-63,0.000000,7,8
1,11.000000,10.248000,0.564000,-63,0.000000,7,8
1,11.000000,10.170000,0.490000,-63,0.000000,7,8
1,11.000000,10.326000,0.292000,-63,0.000000,7,8
1,11.000000,10.365000,0.487000,-64,0.000000,7,8
1,11.000000,10.326000,0.237000,-64,0.000000,7,8
1,11.000000,10.424000,0.631000,-64,0.000000,7,8
1,11.000000,10.463000,0.129000,-64,0.000000,7,8
1,11.000000,10.326000,0.646000,-64,0.000000,7,8
1,11.000000,10.599000,0.373000,-64,0.000000,7,8
1,11.000000,10.365000,0.394000,-64,0.000000,7,8
1,11.000000,10.092000,0.395000,-64,0.000000,7,8
1,11.000000,10.521000,0.425000,-65,0.000000,7,8
1,11.000000,10.424000,0.368000,-65,0.000000,7,8
1,11.000000,10.306000,0.240000,-65,0.000000,7,8
1,11.000000,10.307000,0.493000,-65,0.000000,7,8
1,11.000000,10.053000,0.563000,-65,0.000000,7,8
1,11.000000,10.326000,0.425000,-65,0.000000,7,8
1,11.000000,10.404000,0.501000,-65,0.000000,7,8
1,11.000000,10.463000,0.364000,-65,0.000000,7,8
1,11.000000,10.209000,0.487000,-64,0.000000,7,8
1,11.000000,10.228000,0.601000,-64,0.000000,7,8
1,11.000000,10.209000,0.467000,-64,0.000000,7,8
1,11.000000,10.326000,0.590000,-64,0.000000,7,8
1,11.000000,10.365000,0.286000,-64,0.000000,7,8
1,11.000000,10.346000,0.332000,-64,0.000000,7,8
1,11.000000,10.619000,0.390000,-64,0.000000,7,8
1,11.000000,10.326000,0.466000,-64,0.000000,7,8
1,11.000000,10.189000,0.795000,-64,0.000000,7,8
1,11.000000,10.326000,0.661000,-64,0.000000,7,8
1,11.000000,10.267000,0.476000,-64,0.000000,7,8
1,11.000000,10.248000,0.367000,-64,0.000000,7,8
1,11.000000,10.385000,0.458000,-64,0.000000,7,8
1,11.000000,10.560000,0.308000,-64,0.000000,7,8
1,11.000000,10.580000,0.530000,-62,0.000000,7,8
1,11.000000,10.326000,0.698000,-61,0.000000,7,8
1,11.000000,10.111000,0.836000,-61,0.000000,7,8
1,11.000000,10.170000,1.020000,-60,0.000000,7,8
1,11.000000,10.209000,0.860000,-60,0.000000,7,8
1,11.000000,10.131000,0.814000,-60,0.000000,7,8
1,11.000000,10.326000,0.732000,-60,0.000000,7,8
1,11.000000,10.287000,0.773000,-61,0.000000,7,8
1,11.000000,10.092000,1.048000,-60,0.000000,7,8
1,11.000000,10.443000,0.973000,-61,0.000000,7,8
1,11.000000,10.189000,1.012000,-64,0.000000,7,8
1,11.000000,10.014000,1.186000,-63,0.000000,7,8
1,11.000000,10.228000,1.654000,-63,0.000000,7,8
1,11.000000,10.267000,0.604000,-63,0.000000,7,8
1,11.000000,10.482000,0.751000,-62,0.000000,7,8
1,11.000000,10.463000,0.751000,-62,0.000000,7,8
1,11.000000,10.404000,0.988000,-62,0.000000,7,8
1,11.000000,9.584000,0.258000,-63,0.000000,7,8
1,11.000000,9.569000,0.762000,-62,0.000000,7,8
1,11.000000,10.141000,0.500000,-61,0.000000,7,8
1,11.000000,10.072000,0.519000,-63,0.000000,7,8
1,11.000000,9.701000,0.702000,-66,0.000000,7,8
1,11.000000,9.467000,1.048000,-66,0.000000,7,8
1,11.000000,9.213000,1.334000,-68,0.000000,7,8
1,11.000000,9.291000,1.846000,-69,0.000000,7,8
1,11.000000,9.213000,1.754000,-68,0.000000,7,8
1,11.000000,9.740000,1.070000,-66,0.000000,7,8
1,11.000000,9.975000,0.844000,-65,0.000000,7,8
1,11.000000,10.131000,1.263000,-64,0.000000,7,8
1,11.000000,10.248000,1.098000,-64,0.000000,7,8
1,11.000000,10.092000,0.751000,-64,0.000000,7,8
1,11.000000,9.955000,1.122000,-64,0.000000,7,8
1,11.000000,9.975000,2.025000,-64,0.000000,7,8
1,11.000000,9.916000,0.624000,-64,0.000000,7,8
1,11.000000,9.486000,0.363000,-63,0.000000,7,8
1,11.000000,10.155000,0.535000,-62,0.000000,7,8
1,11.000000,9.877000,0.425000,-61,0.000000,7,8
1,11.000000,10.463000,0.671000,-60,0.000000,7,8
1,11.000000,10.443000,0.740000,-60,0.000000,7,8
1,11.000000,10.404000,0.536000,-60,0.000000,7,8
1,11.000000,10.600000,1.123000,-60,0.000000,7,8
1,11.000000,10.365000,0.420000,-61,0.000000,7,8
1,11.000000,10.599000,0.730000,-61,0.000000,7,8
1,11.000000,10.248000,0.921000,-61,0.000000,7,8
1,11.000000,10.502000,0.719000,-62,0.000000,7,8
1,11.000000,10.228000,0.884000,-63,0.000000,7,8
1,11.000000,10.072000,0.914000,-64,0.000000,7,8
1,11.000000,9.779000,0.795000,-64,0.000000,7,8
1,11.000000,9.975000,0.718000,-64,0.000000,7,8
1,11.000000,9.935000,0.913000,-65,0.000000,7,8
1,11.000000,10.170000,0.947000,-65,0.000000,7,8
1,11.000000,10.072000,0.850000,-64,0.000000,7,8
1,11.000000,10.346000,0.788000,-64,0.000000,7,8
1,11.000000,10.111000,1.048000,-63,0.000000,7,8
1,11.000000,10.111000,1.453000,-62,0.000000,7,8
1,11.000000,10.365000,1.536000,-61,0.000000,7,8
1,11.000000,9.818000,0.304000,-61,0.000000,7,8
1,11.000000,9.979000,0.352000,-60,0.000000,7,8
1,11.000000,10.111000,0.396000,-60,0.000000,7,8
1,11.000000,9.789000,0.315000,-60,0.000000,7,8
1,11.000000,9.467000,0.537000,-61,0.000000,7,8
1,11.000000,9.877000,0.458000,-62,0.000000,7,8
1,11.000000,10.287000,1.264000,-61,0.000000,7,8
1,11.000000,10.287000,1.146000,-62,0.000000,7,8
1,11.000000,10.404000,2.053000,-62,0.000000,7,8
1,11.000000,10.170000,1.705000,-62,0.000000,7,8
1,11.000000,10.170000,3.073000,-62,0.000000,7,8
1,11.000000,10.228000,2.303000,-62,0.000000,7,8
1,11.000000,10.345000,1.804000,-63,0.000000,7,8
1,11.000000,10.287000,1.895000,-63,0.000000,7,8
1,11.000000,10.170000,1.071000,-63,0.000000,7,8
1,11.000000,10.267000,2.303000,-63,0.000000,7,8
1,11.000000,10.228000,2.209000,-62,0.000000,7,8
1,11.000000,9.819000,0.246000,-63,0.000000,7,8
1,11.000000,10.267000,1.960000,-62,0.000000,7,8
1,11.000000,10.346000,2.038000,-62,0.000000,7,8
1,11.000000,10.404000,0.943000,-62,0.000000,7,8
1,11.000000,10.287000,1.507000,-62,0.000000,7,8
1,11.000000,9.789000,0.337000,-62,0.000000,7,8
1,11.000000,10.365000,1.212000,-62,0.000000,7,8
1,11.000000,10.385000,2.315000,-61,0.000000,7,8
1,11.000000,10.346000,2.468000,-61,0.000000,7,8
1,11.000000,10.463000,1.828000,-61,0.000000,7,8
1,11.000000,10.287000,2.594000,-61,0.000000,7,8
1,11.000000,9.350000,0.450000,-61,0.000000,7,8
1,11.000000,10.443000,1.548000,-61,0.000000,7,8
1,11.000000,9.320000,0.480000,-62,0.000000,7,8
1,11.000000,10.326000,1.417000,-61,0.000000,7,8
1,11.000000,9.916000,0.520000,-62,0.000000,7,8
1,11.000000,10.209000,0.111000,-62,0.000000,7,8
1,11.000000,10.189000,1.388000,-62,0.000000,7,8
1,11.000000,10.443000,1.153000,-62,0.000000,7,8
1,11.000000,10.170000,0.762000,-62,0.000000,7,8
1,11.000000,10.209000,1.276000,-61,0.000000,7,8
1,11.000000,10.385000,0.573000,-61,0.000000,7,8
1,11.000000,10.521000,0.617000,-61,0.000000,7,8
1,11.000000,10.424000,0.790000,-61,0.000000,7,8
1,11.000000,10.302000,0.649000,-61,0.000000,7,8
1,11.000000,10.404000,0.284000,-60,0.000000,7,8
1,11.000000,10.243000,0.883000,-60,0.000000,7,8
1,11.000000,10.126000,0.505000,-60,0.000000,7,8
1,11.000000,10.360000,0.183000,-60,0.000000,7,8
1,11.000000,10.287000,0.356000,-60,0.000000,7,8
1,11.000000,10.448000,0.206000,-60,0.000000,7,8
1,11.000000,10.272000,0.587000,-60,0.000000,7,8
1,11.000000,10.541000,1.075000,-60,0.000000,7,8
1,11.000000,10.316000,0.317000,-60,0.000000,7,8
1,11.000000,10.097000,0.314000,-60,0.000000,7,8
1,11.000000,10.424000,0.622000,-61,0.000000,7,8
1,11.000000,10.287000,0.588000,-61,0.000000,7,8
1,11.000000,10.228000,0.603000,-61,0.000000,7,8
1,11.000000,10.267000,1.331000,-61,0.000000,7,8
1,11.000000,10.248000,0.675000,-61,0.000000,7,8
1,11.000000,10.326000,0.388000,-61,0.000000,7,8
1,11.000000,10.345000,0.733000,-61,0.000000,7,8
1,11.000000,10.346000,0.356000,-61,0.000000,7,8
1,11.000000,10.424000,0.616000,-60,0.000000,7,8
1,11.000000,10.365000,0.770000,-60,0.000000,7,8
1,11.000000,10.541000,0.441000,-61,0.000000,7,8
1,11.000000,10.365000,0.617000,-61,0.000000,7,8
1,11.000000,10.228000,0.704000,-62,0.000000,7,8
1,11.000000,10.189000,0.719000,-63,0.000000,7,8
1,11.000000,10.365000,0.844000,-63,0.000000,7,8
1,11.000000,10.463000,0.349000,-63,0.000000,7,8
1,11.000000,10.365000,0.285000,-63,0.000000,7,8
1,11.000000,10.424000,0.824000,-63,0.000000,7,8
1,11.000000,10.209000,0.569000,-65,0.000000,7,8
1,11.000000,9.994000,1.237000,-66,0.000000,7,8
1,11.000000,10.033000,0.850000,-65,0.000000,7,8
1,11.000000,10.209000,0.723000,-62,0.000000,7,8
1,11.000000,9.276000,0.597000,-62,0.000000,7,8
1,11.000000,9.701000,0.548000,-62,0.000000,7,8
1,11.000000,10.248000,0.615000,-62,0.000000,7,8
1,11.000000,9.892000,0.265000,-61,0.000000,7,8
1,11.000000,9.349000,0.495000,-61,0.000000,7,8
1,11.000000,9.672000,0.490000,-61,0.000000,7,8
1,11.000000,9.203000,0.518000,-61,0.000000,7,8
1,11.000000,9.408000,0.635000,-61,0.000000,7,8
1,11.000000,10.228000,0.493000,-61,0.000000,7,8
1,11.000000,10.346000,0.514000,-62,0.000000,7,8
1,11.000000,10.424000,0.596000,-61,0.000000,7,8
1,11.000000,10.404000,0.532000,-61,0.000000,7,8
1,11.000000,10.326000,0.713000,-61,0.000000,7,8
1,11.000000,10.111000,0.412000,-61,0.000000,7,8
1,11.000000,9.965000,0.307000,-62,0.000000,7,8
1,11.000000,10.053000,0.333000,-63,0.000000,7,8
1,11.000000,9.716000,0.418000,-62,0.000000,7,8
1,11.000000,10.502000,0.917000,-62,0.000000,7,8
1,11.000000,10.306000,1.115000,-62,0.000000,7,8
1,11.000000,9.838000,0.746000,-64,0.000000,7,8
1,11.000000,10.053000,0.597000,-63,0.000000,7,8
1,11.000000,9.437000,0.531000,-62,0.000000,7,8
1,11.000000,10.463000,0.583000,-61,0.000000,7,8
1,11.000000,10.424000,0.517000,-61,0.000000,7,8
1,11.000000,10.580000,0.515000,-62,0.000000,7,8
1,11.000000,10.404000,0.750000,-62,0.000000,7,8
1,11.000000,10.365000,1.304000,-64,0.000000,7,8
1,11.000000,9.857000,1.076000,-66,0.000000,7,8
1,11.000000,9.838000,1.064000,-65,0.000000,7,8
1,11.000000,10.326000,0.680000,-64,0.000000,7,8
1,11.000000,9.818000,1.030000,-65,0.000000,7,8
1,11.000000,9.833000,0.316000,-62,0.000000,7,8
1,11.000000,9.838000,0.658000,-64,0.000000,7,8
1,11.000000,10.053000,0.503000,-63,0.000000,7,8
1,11.000000,10.209000,0.582000,-61,0.000000,7,8
1,11.000000,9.496000,0.571000,-62,0.000000,7,8
1,11.000000,9.540000,0.489000,-60,0.000000,7,8
1,11.000000,10.092000,0.535000,-64,0.000000,7,8
1,11.000000,9.857000,0.711000,-64,0.000000,7,8
1,11.000000,10.385000,0.990000,-63,0.000000,7,8
1,11.000000,10.521000,0.605000,-62,0.000000,7,8
1,11.000000,9.159000,0.613000,-62,0.000000,7,8
1,11.000000,9.818000,1.293000,-64,0.000000,7,8
1,11.000000,9.838000,0.642000,-65,0.000000,7,8
1,11.000000,9.584000,1.292000,-68,0.000000,7,8
1,11.000000,10.424000,0.865000,-67,0.000000,7,8
1,11.000000,10.463000,0.518000,-62,0.000000,7,8
1,11.000000,10.287000,1.630000,-63,0.000000,7,8
1,11.000000,10.482000,0.364000,-61,0.000000,7,8
1,11.000000,10.580000,0.401000,-62,0.000000,7,8
1,11.000000,10.434000,0.346000,-62,0.000000,7,8
1,11.000000,10.306000,0.905000,-62,0.000000,7,8
1,11.000000,10.326000,0.474000,-62,0.000000,7,8
1,11.000000,10.287000,0.656000,-62,0.000000,7,8
1,11.000000,10.306000,1.389000,-63,0.000000,7,8
1,11.000000,10.541000,0.422000,-62,0.000000,7,8
1,11.000000,10.463000,0.565000,-63,0.000000,7,8
1,11.000000,10.267000,1.785000,-63,0.000000,7,8
1,11.000000,10.267000,0.631000,-63,0.000000,7,8
1,11.000000,10.306000,0.494000,-63,0.000000,7,8
1,11.000000,10.463000,0.910000,-63,0.000000,7,8
1,11.000000,10.170000,0.624000,-63,0.000000,7,8
1,11.000000,10.385000,0.863000,-63,0.000000,7,8
1,11.000000,10.170000,0.324000,-64,0.000000,7,8
1,11.000000,10.189000,0.579000,-64,0.000000,7,8
1,11.000000,10.209000,0.246000,-64,0.000000,7,8
1,11.000000,10.053000,0.403000,-64,0.000000,7,8
1,11.000000,10.014000,0.335000,-64,0.000000,7,8
1,11.000000,10.053000,1.017000,-64,0.000000,7,8
1,11.000000,10.170000,1.112000,-64,0.000000,7,8
1,11.000000,10.150000,1.759000,-65,0.000000,7,8
1,11.000000,10.678000,1.052000,-64,0.000000,7,8
1,11.000000,10.033000,0.763000,-64,0.000000,7,8
1,11.000000,10.150000,1.463000,-65,0.000000,7,8
1,11.000000,9.935000,1.461000,-65,0.000000,7,8
1,11.000000,9.994000,1.452000,-65,0.000000,7,8
1,11.000000,9.916000,1.682000,-66,0.000000,7,8
1,11.000000,10.014000,1.008000,-65,0.000000,7,8
1,11.000000,9.975000,1.507000,-65,0.000000,7,8
1,11.000000,10.111000,1.538000,-65,0.000000,7,8
1,11.000000,10.111000,1.626000,-65,0.000000,7,8
1,11.000000,10.150000,1.306000,-65,0.000000,7,8
1,11.000000,10.267000,1.141000,-65,0.000000,7,8
1,11.000000,10.131000,1.481000,-65,0.000000,7,8
1,11.000000,10.209000,1.410000,-65,0.000000,7,8
1,11.000000,9.955000,1.360000,-65,0.000000,7,8
1,11.000000,9.818000,1.388000,-65,0.000000,7,8
1,11.000000,9.994000,2.394000,-65,0.000000,7,8
1,11.000000,10.189000,1.004000,-65,0.000000,7,8
1,11.000000,9.467000,0.288000,-65,0.000000,7,8
1,11.000000,10.150000,1.710000,-65,0.000000,7,8
1,11.000000,9.730000,0.367000,-65,0.000000,7,8
1,11.000000,10.092000,2.734000,-65,0.000000,7,8
1,11.000000,8.588000,0.617000,-65,0.000000,7,8
1,11.000000,10.053000,0.256000,-65,0.000000,7,8
1,11.000000,9.642000,0.455000,-65,0.000000,7,8
1,11.000000,9.955000,0.500000,-65,0.000000,7,8
1,11.000000,9.877000,0.544000,-65,0.000000,7,8
1,11.000000,9.408000,0.563000,-65,0.000000,7,8
1,11.000000,10.053000,0.518000,-65,0.000000,7,8
1,11.000000,9.799000,0.325000,-65,0.000000,7,8
1,11.000000,9.306000,0.710000,-65,0.000000,7,8
1,11.000000,9.496000,0.402000,-65,0.000000,7,8
1,11.000000,9.306000,0.373000,-66,0.000000,7,8
1,11.000000,9.306000,0.620000,-66,0.000000,7,8
1,11.000000,9.262000,0.642000,-66,0.000000,7,8
1,11.000000,9.877000,0.627000,-66,0.000000,7,8
1,11.000000,8.895000,0.426000,-66,0.000000,7,8
1,11.000000,9.291000,0.640000,-66,0.000000,7,8
1,11.000000,9.027000,1.005000,-66,0.000000,7,8
1,11.000000,8.808000,0.698000,-66,0.000000,7,8
1,11.000000,9.569000,0.747000,-66,0.000000,7,8
1,11.000000,9.218000,0.278000,-67,0.000000,7,8
1,11.000000,9.740000,0.472000,-66,0.000000,7,8
1,11.000000,9.452000,0.369000,-66,0.000000,7,8
1,11.000000,9.603000,0.349000,-66,0.000000,7,8
1,11.000000,9.428000,0.295000,-66,0.000000,7,8
1,11.000000,9.232000,0.537000,-66,0.000000,7,8
1,11.000000,9.760000,0.530000,-66,0.000000,7,8
1,11.000000,9.306000,0.450000,-66,0.000000,7,8
1,11.000000,9.335000,0.439000,-66,0.000000,7,8
1,11.000000,9.584000,0.307000,-66,0.000000,7,8
1,11.000000,9.740000,0.626000,-67,0.000000,7,8
1,11.000000,9.481000,0.704000,-67,0.000000,7,8
1,11.000000,9.760000,0.395000,-66,0.000000,7,8
1,11.000000,9.740000,0.506000,-66,0.000000,7,8
1,11.000000,9.218000,0.495000,-67,0.000000,7,8
1,11.000000,9.525000,0.712000,-67,0.000000,7,8
1,11.000000,9.437000,0.404000,-67,0.000000,7,8
1,11.000000,9.320000,0.460000,-66,0.000000,7,8
1,11.000000,9.779000,0.849000,-67,0.000000,7,8
1,11.000000,9.584000,0.828000,-67,0.000000,7,8
1,11.000000,9.838000,1.358000,-67,0.000000,7,8
1,11.000000,9.721000,0.616000,-67,0.000000,7,8
1,11.000000,9.428000,0.574000,-67,0.000000,7,8
1,11.000000,9.335000,0.461000,-67,0.000000,7,8
1,11.000000,9.760000,0.482000,-67,0.000000,7,8
1,11.000000,9.437000,0.424000,-67,0.000000,7,8
1,11.000000,9.994000,1.149000,-67,0.000000,7,8
1,11.000000,9.799000,0.544000,-67,0.000000,7,8
1,11.000000,9.975000,1.135000,-67,0.000000,7,8
1,11.000000,9.511000,0.543000,-68,0.000000,7,8
1,11.000000,9.115000,0.216000,-67,0.000000,7,8
1,11.000000,9.584000,1.065000,-68,0.000000,7,8
1,11.000000,9.525000,1.520000,-67,0.000000,7,8
1,11.000000,10.170000,1.128000,-66,0.000000,7,8
1,11.000000,10.072000,0.516000,-65,0.000000,7,8
1,11.000000,10.248000,1.238000,-65,0.000000,7,8
1,11.000000,10.111000,1.254000,-64,0.000000,7,8
1,11.000000,9.877000,0.975000,-65,0.000000,7,8
1,11.000000,9.896000,1.125000,-65,0.000000,7,8
1,11.000000,9.877000,1.279000,-66,0.000000,7,8
1,11.000000,9.799000,1.075000,-66,0.000000,7,8
1,11.000000,10.267000,0.651000,-65,0.000000,7,8
1,11.000000,10.189000,1.326000,-66,0.000000,7,8
1,11.000000,10.014000,1.068000,-65,0.000000,7,8
1,11.000000,10.170000,0.946000,-62,0.000000,7,8
1,11.000000,10.248000,0.621000,-63,0.000000,7,8
1,11.000000,10.072000,0.844000,-63,0.000000,7,8
1,11.000000,10.033000,0.822000,-62,0.000000,7,8
1,11.000000,10.248000,0.578000,-63,0.000000,7,8
1,11.000000,10.326000,0.596000,-64,0.000000,7,8
1,11.000000,10.023000,0.594000,-63,0.000000,7,8
1,11.000000,9.525000,0.571000,-64,0.000000,7,8
1,11.000000,10.287000,0.597000,-64,0.000000,7,8
1,11.000000,10.326000,1.256000,-65,0.000000,7,8
1,11.000000,10.023000,0.433000,-62,0.000000,7,8
1,11.000000,9.979000,0.279000,-60,0.000000,7,8
1,11.000000,9.779000,0.850000,-65,0.000000,7,8
1,11.000000,10.170000,2.132000,-66,0.000000,7,8
1,11.000000,10.346000,1.729000,-63,0.000000,7,8
1,11.000000,9.686000,0.583000,-62,0.000000,7,8
1,11.000000,9.847000,0.340000,-61,0.000000,7,8
1,11.000000,9.349000,0.735000,-62,0.000000,7,8
1,11.000000,9.100000,0.736000,-63,0.000000,7,8
1,11.000000,9.306000,0.868000,-63,0.000000,7,8
1,11.000000,8.866000,0.609000,-62,0.000000,7,8
1,11.000000,9.350000,0.410000,-65,0.000000,7,8
1,11.000000,9.657000,0.604000,-62,0.000000,7,8
1,11.000000,9.452000,0.393000,-61,0.000000,7,8
1,11.000000,9.101000,0.559000,-62,0.000000,7,8
1,11.000000,10.170000,1.242000,-63,0.000000,7,8
1,11.000000,10.150000,0.776000,-62,0.000000,7,8
1,11.000000,9.891000,0.320000,-62,0.000000,7,8
1,11.000000,9.916000,0.964000,-63,0.000000,7,8
1,11.000000,9.779000,0.282000,-64,0.000000,7,8
1,11.000000,10.287000,0.192000,-62,0.000000,7,8
1,11.000000,10.170000,0.487000,-63,0.000000,7,8
1,11.000000,10.404000,2.245000,-64,0.000000,7,8
1,11.000000,10.502000,1.748000,-64,0.000000,7,8
1,11.000000,10.228000,1.071000,-65,0.000000,7,8
1,11.000000,10.053000,1.365000,-66,0.000000,7,8
1,11.000000,9.955000,2.027000,-66,0.000000,7,8
1,11.000000,9.818000,2.867000,-66,0.000000,7,8
1,11.000000,8.998000,0.714000,-66,0.000000,7,8
1,11.000000,9.975000,1.801000,-66,0.000000,7,8
1,11.000000,9.721000,3.373000,-65,0.000000,7,8
1,11.000000,9.643000,0.151000,-65,0.000000,7,8
1,11.000000,9.955000,0.701000,-64,0.000000,7,8
1,11.000000,9.779000,0.488000,-64,0.000000,7,8
1,11.000000,9.877000,0.358000,-64,0.000000,7,8
1,11.000000,9.994000,0.303000,-63,0.000000,7,8
1,11.000000,8.954000,0.524000,-62,0.000000,7,8
1,11.000000,9.086000,0.499000,-62,0.000000,7,8
1,11.000000,9.496000,0.568000,-61,0.000000,7,8
1,11.000000,9.086000,0.533000,-61,0.000000,7,8
1,11.000000,9.057000,0.656000,-61,0.000000,7,8
1,11.000000,9.320000,0.665000,-60,0.000000,7,8
1,11.000000,10.170000,0.501000,-61,0.000000,7,8
1,11.000000,10.248000,1.138000,-61,0.000000,7,8
1,11.000000,9.350000,0.759000,-61,0.000000,7,8
1,11.000000,10.287000,0.317000,-61,0.000000,7,8
1,11.000000,10.248000,3.530000,-60,0.000000,7,8
1,11.000000,10.267000,0.831000,-60,0.000000,7,8
1,11.000000,10.385000,0.096000,-60,0.000000,7,8
1,11.000000,10.267000,3.791000,-60,0.000000,7,8
1,11.000000,18.445999,0.240000,-61,0.000000,7,8
1,11.000000,18.431999,0.424000,-60,0.000000,7,8
1,11.000000,10.228000,0.916000,-60,0.000000,7,8
1,11.000000,10.424000,3.748000,-59,0.000000,7,8
1,11.000000,10.287000,0.095000,-59,0.000000,7,8
1,11.000000,10.463000,1.128000,-59,0.000000,7,8
1,11.000000,18.709999,1.235000,-59,0.000000,7,8
1,11.000000,8.178000,1.043000,-60,0.000000,7,8
1,11.000000,9.467000,0.382000,-60,0.000000,7,8
1,11.000000,10.502000,0.793000,-60,0.000000,7,8
1,11.000000,10.482000,0.197000,-60,0.000000,7,8
1,11.000000,10.463000,0.300000,-60,0.000000,7,8
1,11.000000,10.365000,1.513000,-60,0.000000,7,8
1,11.000000,10.326000,0.713000,-59,0.000000,7,8
1,11.000000,10.267000,0.882000,-60,0.000000,7,8
1,11.000000,9.349000,0.613000,-60,0.000000,7,8
1,11.000000,10.551000,0.583000,-61,0.000000,7,8
1,11.000000,10.365000,0.610000,-61,0.000000,7,8
1,11.000000,10.541000,0.378000,-62,0.000000,7,8
1,11.000000,10.053000,0.712000,-62,0.000000,7,8
1,11.000000,10.502000,3.789000,-61,0.000000,7,8
1,11.000000,10.424000,3.891000,-62,0.000000,7,8
1,11.000000,10.424000,0.204000,-61,0.000000,7,8
1,11.000000,10.619000,1.373000,-62,0.000000,7,8
1,11.000000,10.541000,0.715000,-62,0.000000,7,8
1,11.000000,10.365000,0.825000,-62,0.000000,7,8
1,11.000000,10.482000,1.018000,-61,0.000000,7,8
1,11.000000,10.424000,3.006000,-61,0.000000,7,8
1,11.000000,10.258000,0.510000,-61,0.000000,7,8
1,11.000000,10.346000,0.342000,-61,0.000000,7,8
1,11.000000,10.331000,0.246000,-61,0.000000,7,8
1,11.000000,10.463000,0.579000,-61,0.000000,7,8
1,11.000000,10.424000,0.744000,-61,0.000000,7,8
1,11.000000,9.950000,0.285000,-61,0.000000,7,8
1,11.000000,10.053000,0.276000,-61,0.000000,7,8
1,11.000000,10.346000,0.466000,-61,0.000000,7,8
1,11.000000,10.385000,1.211000,-61,0.000000,7,8
1,11.000000,10.082000,0.731000,-61,0.000000,7,8
1,11.000000,10.580000,0.864000,-61,0.000000,7,8
1,11.000000,10.482000,0.999000,-62,0.000000,7,8
1,11.000000,10.248000,1.722000,-62,0.000000,7,8
1,11.000000,10.131000,3.278000,-62,0.000000,7,8
1,11.000000,10.267000,3.418000,-62,0.000000,7,8
1,11.000000,17.698999,0.396000,-62,0.000000,7,8
1,11.000000,9.525000,0.500000,-62,0.000000,7,8
1,11.000000,10.346000,2.773000,-62,0.000000,7,8
1,11.000000,10.267000,0.521000,-62,0.000000,7,8
1,11.000000,10.306000,0.651000,-61,0.000000,7,8
1,11.000000,10.307000,2.698000,-62,0.000000,7,8
1,11.000000,10.346000,0.634000,-62,0.000000,7,8
1,11.000000,10.424000,0.236000,-62,0.000000,7,8
1,11.000000,10.365000,0.610000,-62,0.000000,7,8
1,11.000000,10.346000,2.567000,-63,0.000000,7,8
1,11.000000,10.228000,3.624000,-63,0.000000,7,8
1,11.000000,10.092000,0.826000,-63,0.000000,7,8
1,11.000000,10.150000,0.665000,-63,0.000000,7,8
1,11.000000,10.306000,1.418000,-63,0.000000,7,8
1,11.000000,10.053000,2.562000,-63,0.000000,7,8
1,11.000000,18.007000,0.721000,-62,0.000000,7,8
1,11.000000,10.287000,0.956000,-61,0.000000,7,8
1,11.000000,10.482000,2.214000,-62,0.000000,7,8
1,11.000000,10.306000,0.313000,-61,0.000000,7,8
1,11.000000,17.552999,0.344000,-62,0.000000,7,8
1,11.000000,10.345000,0.428000,-61,0.000000,7,8
1,11.000000,10.365000,0.961000,-60,0.000000,7,8
1,11.000000,10.639000,1.031000,-60,0.000000,7,8
1,11.000000,17.597000,0.567000,-61,0.000000,7,8
1,11.000000,10.014000,0.789000,-62,0.000000,7,8
1,11.000000,10.111000,1.006000,-63,0.000000,7,8
1,11.000000,10.150000,0.465000,-63,0.000000,7,8
1,11.000000,10.131000,0.228000,-63,0.000000,7,8
1,11.000000,9.891000,0.330000,-63,0.000000,7,8
1,11.000000,9.760000,0.465000,-63,0.000000,7,8
1,11.000000,8.749000,0.739000,-62,0.000000,7,8
1,11.000000,9.203000,0.547000,-63,0.000000,7,8
1,11.000000,9.818000,0.445000,-63,0.000000,7,8
1,11.000000,9.760000,0.427000,-63,0.000000,7,8
1,11.000000,10.072000,0.321000,-63,0.000000,7,8
1,11.000000,10.170000,0.493000,-63,0.000000,7,8
1,11.000000,10.326000,0.423000,-63,0.000000,7,8
1,11.000000,10.346000,0.115000,-62,0.000000,7,8
1,11.000000,10.307000,0.533000,-62,0.000000,7,8
1,11.000000,10.287000,0.972000,-62,0.000000,7,8
1,11.000000,18.153000,0.769000,-61,0.000000,7,8
1,11.000000,10.443000,2.537000,-60,0.000000,7,8
1,11.000000,17.860001,0.206000,-60,0.000000,7,8
1,11.000000,10.580000,0.372000,-60,0.000000,7,8
1,11.000000,10.541000,1.290000,-60,0.000000,7,8
1,11.000000,10.287000,0.777000,-60,0.000000,7,8
1,11.000000,10.404000,0.493000,-60,0.000000,7,8
1,11.000000,9.569000,0.781000,-60,0.000000,7,8
1,11.000000,10.140000,0.638000,-60,0.000000,7,8
1,11.000000,9.774000,0.687000,-60,0.000000,7,8
1,11.000000,10.096000,0.346000,-60,0.000000,7,8
1,11.000000,9.877000,0.514000,-60,0.000000,7,8
1,11.000000,9.848000,0.568000,-61,0.000000,7,8
1,11.000000,10.038000,0.593000,-61,0.000000,7,8
1,11.000000,9.965000,0.438000,-61,0.000000,7,8
1,11.000000,10.316000,0.379000,-60,0.000000,7,8
1,11.000000,9.921000,0.562000,-60,0.000000,7,8
1,11.000000,10.390000,0.312000,-60,0.000000,7,8
1,11.000000,9.789000,0.430000,-60,0.000000,7,8
1,11.000000,9.730000,0.422000,-60,0.000000,7,8
1,11.000000,10.302000,0.456000,-60,0.000000,7,8
1,11.000000,10.658000,0.497000,-60,0.000000,7,8
1,11.000000,9.950000,0.593000,-60,0.000000,7,8
1,11.000000,10.375000,0.442000,-60,0.000000,7,8
1,11.000000,10.316000,0.231000,-60,0.000000,7,8
1,11.000000,10.551000,0.263000,-60,0.000000,7,8
1,11.000000,10.331000,0.517000,-60,0.000000,7,8
1,11.000000,10.375000,0.462000,-60,0.000000,7,8
1,11.000000,10.424000,0.462000,-60,0.000000,7,8
1,11.000000,10.038000,0.524000,-60,0.000000,7,8
1,11.000000,10.434000,0.449000,-60,0.000000,7,8
1,11.000000,10.009000,0.368000,-60,0.000000,7,8
1,11.000000,9.936000,0.528000,-60,0.000000,7,8
1,11.000000,9.598000,0.574000,-60,0.000000,7,8
1,11.000000,9.847000,0.522000,-61,0.000000,7,8
1,11.000000,9.394000,0.678000,-61,0.000000,7,8
1,11.000000,9.672000,0.683000,-61,0.000000,7,8
1,11.000000,9.774000,0.482000,-61,0.000000,7,8
1,11.000000,9.789000,0.535000,-61,0.000000,7,8
1,11.000000,9.628000,0.580000,-61,0.000000,7,8
1,11.000000,9.921000,0.415000,-61,0.000000,7,8
1,11.000000,9.921000,0.360000,-61,0.000000,7,8
1,11.000000,9.716000,0.632000,-61,0.000000,7,8
1,11.000000,9.525000,0.618000,-61,0.000000,7,8
1,11.000000,9.716000,0.519000,-61,0.000000,7,8
1,11.000000,9.643000,0.617000,-61,0.000000,7,8
1,11.000000,9.818000,0.349000,-61,0.000000,7,8
1,11.000000,9.496000,0.553000,-61,0.000000,7,8
1,11.000000,9.525000,0.494000,-61,0.000000,7,8
1,11.000000,9.833000,0.501000,-61,0.000000,7,8
1,11.000000,9.701000,0.511000,-61,0.000000,7,8
1,11.000000,9.760000,0.482000,-61,0.000000,7,8
1,11.000000,9.994000,0.707000,-61,0.000000,7,8
1,11.000000,9.833000,0.507000,-61,0.000000,7,8
1,11.000000,9.789000,0.534000,-61,0.000000,7,8
1,11.000000,9.892000,0.422000,-61,0.000000,7,8
1,11.000000,9.584000,0.541000,-61,0.000000,7,8
1,11.000000,10.404000,0.697000,-62,0.000000,7,8
1,11.000000,10.385000,0.332000,-62,0.000000,7,8
1,11.000000,10.209000,0.547000,-62,0.000000,7,8
1,11.000000,10.267000,0.514000,-62,0.000000,7,8
1,11.000000,10.658000,0.475000,-62,0.000000,7,8
1,11.000000,10.316000,0.745000,-62,0.000000,7,8
1,11.000000,10.385000,0.616000,-61,0.000000,7,8
1,11.000000,10.170000,0.509000,-61,0.000000,7,8
1,11.000000,9.848000,0.801000,-62,0.000000,7,8
1,11.000000,9.481000,0.487000,-62,0.000000,7,8
1,11.000000,9.628000,0.567000,-62,0.000000,7,8
1,11.000000,9.935000,0.183000,-62,0.000000,7,8
1,11.000000,10.092000,0.681000,-63,0.000000,7,8
1,11.000000,10.014000,1.088000,-64,0.000000,7,8
1,11.000000,9.916000,2.527000,-64,0.000000,7,8
1,11.000000,10.072000,0.504000,-63,0.000000,7,8
1,11.000000,9.779000,2.373000,-65,0.000000,7,8
1,11.000000,9.603000,1.032000,-66,0.000000,7,8
1,11.000000,9.877000,1.013000,-66,0.000000,7,8
1,11.000000,10.189000,1.467000,-65,0.000000,7,8
1,11.000000,10.267000,1.591000,-64,0.000000,7,8
1,11.000000,9.525000,0.310000,-63,0.000000,7,8
1,11.000000,10.424000,1.908000,-62,0.000000,7,8
1,11.000000,10.150000,1.961000,-62,0.000000,7,8
1,11.000000,10.248000,1.565000,-62,0.000000,7,8
1,11.000000,10.228000,1.597000,-63,0.000000,7,8
1,11.000000,9.721000,1.021000,-64,0.000000,7,8
1,11.000000,9.994000,1.162000,-65,0.000000,7,8
1,11.000000,10.658000,0.300000,-62,0.000000,7,8
1,11.000000,10.302000,0.783000,-60,0.000000,7,8
1,11.000000,10.404000,0.536000,-61,0.000000,7,8
1,11.000000,10.170000,0.249000,-61,0.000000,7,8
1,11.000000,10.639000,1.170000,-60,0.000000,7,8
1,11.000000,9.975000,1.122000,-63,0.000000,7,8
1,11.000000,10.053000,1.179000,-62,0.000000,7,8
1,11.000000,9.994000,0.902000,-64,0.000000,7,8
1,11.000000,9.818000,0.831000,-64,0.000000,7,8
1,11.000000,10.170000,1.286000,-63,0.000000,7,8
1,11.000000,10.053000,0.959000,-62,0.000000,7,8
1,11.000000,10.326000,0.715000,-63,0.000000,7,8
1,11.000000,10.131000,0.857000,-63,0.000000,7,8
1,11.000000,9.789000,0.373000,-62,0.000000,7,8
1,11.000000,10.365000,0.957000,-64,0.000000,7,8
1,11.000000,10.541000,0.693000,-62,0.000000,7,8
1,11.000000,9.974000,1.212000,-64,0.000000,7,8
1,11.000000,10.072000,0.842000,-63,0.000000,7,8
1,11.000000,10.209000,0.998000,-65,0.000000,7,8
1,11.000000,9.975000,1.240000,-64,0.000000,7,8
1,11.000000,10.072000,0.648000,-63,0.000000,7,8
1,11.000000,9.779000,0.522000,-64,0.000000,7,8
1,11.000000,9.525000,1.815000,-64,0.000000,7,8
1,11.000000,10.014000,1.732000,-63,0.000000,7,8
1,11.000000,9.740000,0.718000,-64,0.000000,7,8
1,11.000000,10.053000,0.774000,-64,0.000000,7,8
1,11.000000,9.975000,1.036000,-63,0.000000,7,8
1,11.000000,10.092000,0.575000,-63,0.000000,7,8
1,11.000000,9.916000,1.140000,-64,0.000000,7,8
1,11.000000,9.779000,0.747000,-64,0.000000,7,8
1,11.000000,10.072000,0.830000,-64,0.000000,7,8
1,11.000000,9.799000,0.740000,-64,0.000000,7,8
1,11.000000,9.662000,1.495000,-64,0.000000,7,8
1,11.000000,9.642000,1.027000,-64,0.000000,7,8
1,11.000000,10.014000,0.496000,-64,0.000000,7,8
1,11.000000,10.014000,0.908000,-63,0.000000,7,8
1,11.000000,10.053000,0.797000,-64,0.000000,7,8
1,11.000000,10.033000,0.737000,-64,0.000000,7,8
1,11.000000,10.150000,0.833000,-64,0.000000,7,8
1,11.000000,9.974000,0.585000,-64,0.000000,7,8
1,11.000000,9.916000,0.722000,-64,0.000000,7,8
1,11.000000,9.779000,0.511000,-64,0.000000,7,8
1,11.000000,9.721000,0.829000,-64,0.000000,7,8
1,11.000000,10.111000,0.737000,-64,0.000000,7,8
1,11.000000,9.818000,0.984000,-64,0.000000,7,8
1,11.000000,9.603000,1.095000,-64,0.000000,7,8
1,11.000000,9.857000,0.690000,-64,0.000000,7,8
1,11.000000,10.014000,0.667000,-64,0.000000,7,8
1,11.000000,9.916000,0.529000,-64,0.000000,7,8
1,11.000000,9.760000,0.910000,-64,0.000000,7,8
1,11.000000,9.701000,0.962000,-64,0.000000,7,8
1,11.000000,9.916000,0.483000,-64,0.000000,7,8
1,11.000000,9.877000,0.707000,-64,0.000000,7,8
1,11.000000,9.818000,0.698000,-64,0.000000,7,8
1,11.000000,9.935000,0.685000,-64,0.000000,7,8
1,11.000000,9.818000,0.926000,-64,0.000000,7,8
1,11.000000,9.916000,0.614000,-64,0.000000,7,8
1,11.000000,10.053000,0.681000,-64,0.000000,7,8
1,11.000000,9.701000,0.767000,-64,0.000000,7,8
1,11.000000,9.877000,0.954000,-64,0.000000,7,8
1,11.000000,9.896000,0.880000,-64,0.000000,7,8
1,11.000000,9.760000,0.861000,-64,0.000000,7,8
1,11.000000,9.838000,1.025000,-64,0.000000,7,8
1,11.000000,9.857000,0.872000,-64,0.000000,7,8
1,11.000000,9.935000,0.361000,-64,0.000000,7,8
1,11.000000,9.935000,0.471000,-64,0.000000,7,8
1,11.000000,9.857000,0.788000,-64,0.000000,7,8
1,11.000000,9.936000,0.824000,-64,0.000000,7,8
1,11.000000,9.936000,0.529000,-64,0.000000,7,8
1,11.000000,9.935000,0.580000,-64,0.000000,7,8
1,11.000000,9.779000,0.737000,-64,0.000000,7,8
1,11.000000,9.662000,0.669000,-64,0.000000,7,8
1,11.000000,9.701000,1.116000,-64,0.000000,7,8
1,11.000000,10.131000,0.651000,-64,0.000000,7,8
1,11.000000,9.818000,0.604000,-64,0.000000,7,8
1,11.000000,10.189000,0.553000,-64,0.000000,7,8
1,11.000000,9.877000,0.849000,-64,0.000000,7,8
1,11.000000,9.662000,0.706000,-64,0.000000,7,8
1,11.000000,10.014000,0.619000,-64,0.000000,7,8
1,11.000000,9.955000,0.836000,-64,0.000000,7,8
1,11.000000,9.935000,0.856000,-64,0.000000,7,8
1,11.000000,9.896000,0.686000,-64,0.000000,7,8
1,11.000000,9.975000,0.642000,-64,0.000000,7,8
1,11.000000,9.799000,0.827000,-64,0.000000,7,8
1,11.000000,9.818000,0.918000,-64,0.000000,7,8
1,11.000000,9.994000,0.582000,-64,0.000000,7,8
1,11.000000,9.935000,1.013000,-64,0.000000,7,8
1,11.000000,9.682000,0.684000,-64,0.000000,7,8
1,11.000000,9.935000,0.858000,-64,0.000000,7,8
1,11.000000,9.740000,0.705000,-64,0.000000,7,8
1,11.000000,10.033000,0.439000,-64,0.000000,7,8
1,11.000000,9.818000,1.054000,-64,0.000000,7,8
1,11.000000,9.760000,0.886000,-64,0.000000,7,8
1,11.000000,9.975000,0.617000,-64,0.000000,7,8
1,11.000000,9.975000,0.772000,-64,0.000000,7,8
1,11.000000,10.033000,0.821000,-64,0.000000,7,8
1,11.000000,9.818000,0.779000,-64,0.000000,7,8
1,11.000000,10.131000,0.850000,-64,0.000000,7,8
1,11.000000,10.170000,0.694000,-64,0.000000,7,8
1,11.000000,9.799000,0.615000,-64,0.000000,7,8
1,11.000000,10.053000,0.421000,-64,0.000000,7,8
1,11.000000,9.916000,0.869000,-64,0.000000,7,8
1,11.000000,9.838000,1.038000,-64,0.000000,7,8
1,11.000000,10.092000,0.828000,-64,0.000000,7,8
1,11.000000,9.955000,0.621000,-64,0.000000,7,8
1,11.000000,9.818000,0.560000,-64,0.000000,7,8
1,11.000000,10.014000,0.966000,-64,0.000000,7,8
1,11.000000,10.053000,0.948000,-64,0.000000,7,8
1,11.000000,9.916000,1.087000,-64,0.000000,7,8
1,11.000000,10.053000,1.227000,-64,0.000000,7,8
1,11.000000,9.916000,0.645000,-64,0.000000,7,8
1,11.000000,9.974000,0.832000,-64,0.000000,7,8
1,11.000000,9.838000,0.725000,-64,0.000000,7,8
1,11.000000,10.150000,0.699000,-64,0.000000,7,8
1,11.000000,10.014000,0.599000,-64,0.000000,7,8
1,11.000000,9.838000,0.995000,-64,0.000000,7,8
1,11.000000,9.975000,1.109000,-64,0.000000,7,8
1,11.000000,10.014000,0.955000,-64,0.000000,7,8
1,11.000000,9.975000,0.762000,-64,0.000000,7,8
1,11.000000,10.072000,0.603000,-64,0.000000,7,8
1,11.000000,9.838000,0.911000,-64,0.000000,7,8
1,11.000000,9.916000,0.334000,-64,0.000000,7,8
1,11.000000,9.838000,0.768000,-64,0.000000,7,8
1,11.000000,9.916000,0.871000,-64,0.000000,7,8
1,11.000000,10.131000,0.390000,-64,0.000000,7,8
1,11.000000,9.818000,0.899000,-64,0.000000,7,8
1,11.000000,10.014000,0.784000,-64,0.000000,7,8
1,11.000000,9.779000,0.836000,-64,0.000000,7,8
1,11.000000,9.838000,0.893000,-64,0.000000,7,8
1,11.000000,9.799000,1.040000,-64,0.000000,7,8
1,11.000000,9.799000,0.802000,-64,0.000000,7,8
1,11.000000,9.955000,1.638000,-64,0.000000,7,8
1,11.000000,10.072000,0.673000,-64,0.000000,7,8
1,11.000000,9.701000,0.890000,-64,0.000000,7,8
1,11.000000,10.267000,0.462000,-64,0.000000,7,8
1,11.000000,10.092000,0.637000,-64,0.000000,7,8
1,11.000000,9.974000,0.600000,-64,0.000000,7,8
1,11.000000,9.896000,0.665000,-64,0.000000,7,8
1,11.000000,10.111000,0.586000,-64,0.000000,7,8
1,11.000000,9.681000,1.091000,-64,0.000000,7,8
1,11.000000,10.014000,0.623000,-64,0.000000,7,8
1,11.000000,9.975000,0.671000,-64,0.000000,7,8
1,11.000000,10.170000,0.339000,-64,0.000000,7,8
1,11.000000,9.974000,0.734000,-64,0.000000,7,8
1,11.000000,9.857000,0.504000,-64,0.000000,7,8
1,11.000000,9.935000,0.592000,-64,0.000000,7,8
1,11.000000,9.838000,0.717000,-64,0.000000,7,8
1,11.000000,9.740000,0.549000,-64,0.000000,7,8
1,11.000000,9.799000,0.626000,-64,0.000000,7,8
1,11.000000,9.877000,0.498000,-64,0.000000,7,8
1,11.000000,9.896000,0.579000,-64,0.000000,7,8
1,11.000000,9.955000,0.893000,-64,0.000000,7,8
1,11.000000,9.877000,0.526000,-63,0.000000,7,8
1,11.000000,10.033000,0.573000,-64,0.000000,7,8
1,11.000000,9.896000,0.880000,-64,0.000000,7,8
1,11.000000,9.877000,1.216000,-64,0.000000,7,8
1,11.000000,9.955000,1.304000,-64,0.000000,7,8
1,11.000000,9.818000,0.948000,-64,0.000000,7,8
1,11.000000,9.955000,0.932000,-64,0.000000,7,8
1,11.000000,9.701000,0.838000,-64,0.000000,7,8
1,11.000000,9.916000,0.720000,-64,0.000000,7,8
1,11.000000,9.877000,0.693000,-64,0.000000,7,8
1,11.000000,10.014000,0.942000,-64,0.000000,7,8
1,11.000000,9.975000,0.774000,-64,0.000000,7,8
1,11.000000,9.994000,0.937000,-64,0.000000,7,8
1,11.000000,9.760000,0.876000,-64,0.000000,7,8
1,11.000000,9.955000,0.626000,-64,0.000000,7,8
1,11.000000,10.072000,0.948000,-64,0.000000,7,8
1,11.000000,9.779000,1.040000,-64,0.000000,7,8
1,11.000000,10.053000,0.498000,-64,0.000000,7,8
1,11.000000,10.092000,0.650000,-64,0.000000,7,8
1,11.000000,9.936000,0.926000,-64,0.000000,7,8
1,11.000000,9.877000,1.239000,-64,0.000000,7,8
1,11.000000,9.603000,0.853000,-64,0.000000,7,8
1,11.000000,9.779000,0.860000,-64,0.000000,7,8
1,11.000000,9.818000,1.203000,-64,0.000000,7,8
1,11.000000,9.935000,0.732000,-64,0.000000,7,8
1,11.000000,9.975000,0.603000,-64,0.000000,7,8
1,11.000000,10.072000,0.719000,-64,0.000000,7,8
1,11.000000,9.936000,0.715000,-64,0.000000,7,8
1,11.000000,9.779000,0.769000,-64,0.000000,7,8
1,11.000000,9.740000,0.924000,-64,0.000000,7,8
1,11.000000,9.936000,1.007000,-64,0.000000,7,8
1,11.000000,9.740000,0.542000,-64,0.000000,7,8
1,11.000000,9.896000,0.649000,-64,0.000000,7,8
1,11.000000,10.072000,0.554000,-64,0.000000,7,8
1,11.000000,10.072000,1.065000,-64,0.000000,7,8
1,11.000000,9.994000,0.884000,-64,0.000000,7,8
1,11.000000,9.916000,0.968000,-64,0.000000,7,8
1,11.000000,9.701000,0.821000,-64,0.000000,7,8
1,11.000000,9.760000,0.911000,-64,0.000000,7,8
1,11.000000,9.877000,0.680000,-64,0.000000,7,8
1,11.000000,9.857000,0.612000,-64,0.000000,7,8
1,11.000000,10.189000,0.245000,-64,0.000000,7,8
1,11.000000,9.779000,0.601000,-64,0.000000,7,8
1,11.000000,9.701000,0.898000,-64,0.000000,7,8
1,11.000000,9.935000,0.781000,-64,0.000000,7,8
1,11.000000,10.111000,0.516000,-63,0.000000,7,8
1,11.000000,9.818000,0.711000,-64,0.000000,7,8
1,11.000000,9.916000,0.951000,-63,0.000000,7,8
1,11.000000,9.975000,1.019000,-64,0.000000,7,8
1,11.000000,9.916000,0.346000,-64,0.000000,7,8
1,11.000000,9.994000,0.826000,-64,0.000000,7,8
1,11.000000,9.857000,0.815000,-64,0.000000,7,8
1,11.000000,9.838000,1.082000,-64,0.000000,7,8
1,11.000000,9.603000,0.798000,-63,0.000000,7,8
1,11.000000,10.033000,0.932000,-64,0.000000,7,8
1,11.000000,9.740000,0.832000,-64,0.000000,7,8
1,11.000000,9.916000,0.586000,-64,0.000000,7,8
1,11.000000,10.170000,0.454000,-64,0.000000,7,8
1,11.000000,9.896000,0.452000,-64,0.000000,7,8
1,11.000000,9.955000,1.101000,-64,0.000000,7,8
1,11.000000,9.760000,0.898000,-63,0.000000,7,8
1,11.000000,10.033000,0.486000,-63,0.000000,7,8
1,11.000000,9.818000,1.183000,-64,0.000000,7,8
1,11.000000,9.916000,0.856000,-64,0.000000,7,8
1,11.000000,9.701000,0.990000,-64,0.000000,7,8
1,11.000000,9.779000,0.630000,-64,0.000000,7,8
1,11.000000,9.818000,0.983000,-64,0.000000,7,8
1,11.000000,9.955000,0.649000,-64,0.000000,7,8
1,11.000000,9.779000,1.137000,-64,0.000000,7,8
1,11.000000,9.955000,0.711000,-64,0.000000,7,8
1,11.000000,9.857000,0.781000,-63,0.000000,7,8
1,11.000000,9.877000,0.809000,-63,0.000000,7,8
1,11.000000,10.170000,0.674000,-64,0.000000,7,8
1,11.000000,9.760000,0.990000,-64,0.000000,7,8
1,11.000000,9.799000,1.016000,-64,0.000000,7,8
1,11.000000,9.740000,1.266000,-64,0.000000,7,8
1,11.000000,10.053000,0.284000,-64,0.000000,7,8
1,11.000000,9.760000,1.354000,-64,0.000000,7,8
1,11.000000,10.170000,0.885000,-64,0.000000,7,8
1,11.000000,9.994000,0.864000,-64,0.000000,7,8
1,11.000000,9.818000,0.710000,-64,0.000000,7,8
1,11.000000,10.053000,0.738000,-64,0.000000,7,8
1,11.000000,10.092000,0.554000,-64,0.000000,7,8
1,11.000000,9.701000,0.861000,-64,0.000000,7,8
1,11.000000,10.131000,0.892000,-64,0.000000,7,8
1,11.000000,9.662000,0.548000,-64,0.000000,7,8
1,11.000000,9.740000,0.955000,-63,0.000000,7,8
1,11.000000,9.818000,0.683000,-64,0.000000,7,8
1,11.000000,9.740000,0.653000,-63,0.000000,7,8
1,11.000000,9.779000,0.933000,-64,0.000000,7,8
1,11.000000,9.975000,1.121000,-64,0.000000,7,8
1,11.000000,9.799000,1.246000,-64,0.000000,7,8
1,11.000000,9.877000,0.512000,-64,0.000000,7,8
1,11.000000,9.662000,0.783000,-64,0.000000,7,8
1,11.000000,9.857000,0.834000,-64,0.000000,7,8
1,11.000000,10.150000,0.518000,-64,0.000000,7,8
1,11.000000,10.150000,0.549000,-64,0.000000,7,8
1,11.000000,9.896000,0.501000,-64,0.000000,7,8
1,11.000000,9.994000,0.759000,-64,0.000000,7,8
1,11.000000,9.799000,0.471000,-64,0.000000,7,8
1,11.000000,10.053000,0.799000,-64,0.000000,7,8
1,11.000000,10.092000,0.939000,-64,0.000000,7,8
1,11.000000,10.014000,0.709000,-64,0.000000,7,8
1,11.000000,9.896000,0.695000,-64,0.000000,7,8
1,11.000000,9.682000,0.708000,-64,0.000000,7,8
1,11.000000,9.975000,0.870000,-64,0.000000,7,8
1,11.000000,9.701000,1.028000,-64,0.000000,7,8
1,11.000000,9.955000,0.739000,-64,0.000000,7,8
1,11.000000,9.740000,0.505000,-63,0.000000,7,8
1,11.000000,9.603000,0.931000,-64,0.000000,7,8
1,11.000000,10.209000,0.970000,-64,0.000000,7,8
1,11.000000,9.916000,0.658000,-64,0.000000,7,8
1,11.000000,10.092000,0.831000,-64,0.000000,7,8
1,11.000000,9.682000,1.121000,-64,0.000000,7,8
1,11.000000,9.877000,0.693000,-64,0.000000,7,8
1,11.000000,9.955000,0.555000,-64,0.000000,7,8
1,11.000000,9.896000,0.491000,-64,0.000000,7,8
1,11.000000,10.053000,0.712000,-64,0.000000,7,8
1,11.000000,9.838000,1.196000,-64,0.000000,7,8
1,11.000000,9.818000,0.610000,-63,0.000000,7,8
1,11.000000,10.053000,0.821000,-64,0.000000,7,8
1,11.000000,9.955000,0.902000,-64,0.000000,7,8
1,11.000000,9.721000,0.750000,-64,0.000000,7,8
1,11.000000,9.955000,1.194000,-64,0.000000,7,8
1,11.000000,9.955000,0.643000,-64,0.000000,7,8
1,11.000000,9.779000,0.921000,-64,0.000000,7,8
1,11.000000,9.643000,1.188000,-64,0.000000,7,8
1,11.000000,9.740000,1.076000,-64,0.000000,7,8
1,11.000000,9.955000,0.706000,-64,0.000000,7,8
1,11.000000,9.974000,0.477000,-64,0.000000,7,8
1,11.000000,9.818000,0.722000,-63,0.000000,7,8
1,11.000000,9.857000,1.036000,-64,0.000000,7,8
1,11.000000,9.818000,0.855000,-64,0.000000,7,8
1,11.000000,9.857000,0.774000,-64,0.000000,7,8
1,11.000000,10.228000,0.622000,-64,0.000000,7,8
1,11.000000,10.150000,0.985000,-64,0.000000,7,8
1,11.000000,9.896000,0.838000,-64,0.000000,7,8
1,11.000000,10.228000,0.905000,-63,0.000000,7,8
1,11.000000,9.994000,0.969000,-63,0.000000,7,8
1,11.000000,10.014000,0.702000,-63,0.000000,7,8
1,11.000000,9.740000,1.122000,-65,0.000000,7,8
1,11.000000,9.799000,1.061000,-64,0.000000,7,8
1,11.000000,10.150000,0.744000,-63,0.000000,7,8
1,11.000000,10.053000,1.047000,-63,0.000000,7,8
1,11.000000,9.877000,1.211000,-64,0.000000,7,8
1,11.000000,10.092000,0.490000,-63,0.000000,7,8
1,11.000000,9.779000,1.100000,-64,0.000000,7,8
1,11.000000,9.628000,0.695000,-63,0.000000,7,8
1,11.000000,9.877000,0.566000,-64,0.000000,7,8
1,11.000000,9.935000,0.548000,-64,0.000000,7,8
1,11.000000,9.623000,0.616000,-65,0.000000,7,8
1,11.000000,9.203000,0.528000,-64,0.000000,7,8
1,11.000000,9.369000,0.712000,-64,0.000000,7,8
1,11.000000,9.994000,0.643000,-64,0.000000,7,8
1,11.000000,10.072000,0.673000,-64,0.000000,7,8
1,11.000000,9.760000,0.768000,-66,0.000000,7,8
1,11.000000,10.189000,0.752000,-63,0.000000,7,8
1,11.000000,10.131000,1.051000,-62,0.000000,7,8
1,11.000000,10.150000,1.386000,-61,0.000000,7,8
1,11.000000,9.154000,1.066000,-67,0.000000,7,8
1,11.000000,10.404000,1.027000,-63,0.000000,7,8
1,11.000000,10.033000,0.347000,-63,0.000000,7,8
1,11.000000,10.306000,1.542000,-62,0.000000,7,8
1,11.000000,10.033000,1.052000,-63,0.000000,7,8
1,11.000000,10.209000,0.982000,-63,0.000000,7,8
1,11.000000,9.975000,0.844000,-64,0.000000,7,8
1,11.000000,9.975000,1.322000,-64,0.000000,7,8
1,11.000000,10.502000,0.492000,-63,0.000000,7,8
1,11.000000,10.697000,0.651000,-61,0.000000,7,8
1,11.000000,10.053000,0.850000,-63,0.000000,7,8
1,11.000000,10.272000,0.241000,-62,0.000000,7,8
1,11.000000,10.072000,1.186000,-63,0.000000,7,8
1,11.000000,10.346000,0.350000,-61,0.000000,7,8
1,11.000000,9.760000,1.024000,-63,0.000000,7,8
1,11.000000,10.580000,1.146000,-63,0.000000,7,8
1,11.000000,10.267000,0.992000,-61,0.000000,7,8
1,11.000000,10.287000,1.158000,-63,0.000000,7,8
1,11.000000,10.482000,0.237000,-63,0.000000,7,8
1,11.000000,10.214000,0.558000,-63,0.000000,7,8
1,11.000000,10.736000,1.749000,-66,0.000000,7,8
1,11.000000,10.170000,0.294000,-60,0.000000,7,8
1,11.000000,10.433000,0.196000,-66,0.000000,7,8
1,11.000000,10.228000,0.841000,-61,0.000000,7,8
1,11.000000,9.916000,0.537000,-61,0.000000,7,8
1,11.000000,10.580000,0.516000,-65,0.000000,7,8
1,11.000000,10.463000,0.842000,-65,0.000000,7,8
1,11.000000,9.896000,0.778000,-66,0.000000,7,8
1,11.000000,10.404000,0.410000,-62,0.000000,7,8
1,11.000000,9.598000,0.327000,-62,0.000000,7,8
1,11.000000,10.131000,1.106000,-63,0.000000,7,8
1,11.000000,9.935000,0.648000,-59,0.000000,7,8
1,11.000000,10.404000,0.369000,-63,0.000000,7,8
1,11.000000,10.502000,0.955000,-65,0.000000,7,8
1,11.000000,10.463000,1.282000,-61,0.000000,7,8
1,11.000000,10.346000,0.585000,-62,0.000000,7,8
1,11.000000,10.111000,0.764000,-60,0.000000,7,8
1,11.000000,10.131000,0.440000,-59,0.000000,7,8
1,11.000000,10.658000,0.337000,-66,0.000000,7,8
1,11.000000,10.795000,0.808000,-61,0.000000,7,8
1,11.000000,10.521000,1.745000,-57,0.000000,7,8
1,11.000000,10.365000,0.547000,-61,0.000000,7,8
1,11.000000,10.521000,0.730000,-62,0.000000,7,8
1,11.000000,9.838000,0.683000,-60,0.000000,7,8
1,11.000000,10.228000,0.357000,-61,0.000000,7,8
1,11.000000,10.404000,0.416000,-62,0.000000,7,8
1,11.000000,10.111000,0.660000,-63,0.000000,7,8
1,11.000000,10.092000,0.588000,-61,0.000000,7,8
1,11.000000,9.935000,1.107000,-63,0.000000,7,8
1,11.000000,10.072000,0.830000,-62,0.000000,7,8
1,11.000000,10.092000,0.616000,-63,0.000000,7,8
1,11.000000,9.955000,0.831000,-63,0.000000,7,8
1,11.000000,9.955000,0.892000,-62,0.000000,7,8
1,11.000000,9.721000,0.980000,-63,0.000000,7,8
1,11.000000,9.857000,0.858000,-64,0.000000,7,8
1,11.000000,10.033000,0.616000,-64,0.000000,7,8
1,11.000000,9.975000,0.285000,-65,0.000000,7,8
1,11.000000,10.150000,0.708000,-65,0.000000,7,8
1,11.000000,9.877000,0.844000,-66,0.000000,7,8
1,11.000000,9.779000,1.143000,-65,0.000000,7,8
1,11.000000,9.994000,0.730000,-65,0.000000,7,8
1,11.000000,10.209000,1.018000,-64,0.000000,7,8
1,11.000000,10.014000,1.364000,-64,0.000000,7,8
1,11.000000,10.033000,0.744000,-64,0.000000,7,8
1,11.000000,9.916000,0.834000,-65,0.000000,7,8
1,11.000000,10.131000,0.927000,-64,0.000000,7,8
1,11.000000,9.877000,0.967000,-64,0.000000,7,8
1,11.000000,9.818000,1.411000,-63,0.000000,7,8
1,11.000000,9.857000,0.936000,-63,0.000000,7,8
1,11.000000,9.760000,0.915000,-64,0.000000,7,8
1,11.000000,9.662000,1.036000,-65,0.000000,7,8
1,11.000000,9.721000,1.272000,-65,0.000000,7,8
1,11.000000,9.740000,1.286000,-64,0.000000,7,8
1,11.000000,9.740000,1.263000,-64,0.000000,7,8
1,11.000000,9.740000,1.193000,-63,0.000000,7,8
1,11.000000,9.662000,1.472000,-63,0.000000,7,8
1,11.000000,9.799000,1.171000,-63,0.000000,7,8
1,11.000000,9.467000,1.691000,-63,0.000000,7,8
1,11.000000,9.701000,1.475000,-63,0.000000,7,8
1,11.000000,9.623000,2.024000,-64,0.000000,7,8
1,11.000000,9.506000,1.901000,-64,0.000000,7,8
1,11.000000,9.818000,1.363000,-64,0.000000,7,8
1,11.000000,9.896000,1.311000,-65,0.000000,7,8
1,11.000000,9.721000,1.434000,-65,0.000000,7,8
1,11.000000,9.955000,1.089000,-65,0.000000,7,8
1,11.000000,9.623000,1.296000,-66,0.000000,7,8
1,11.000000,9.721000,1.039000,-66,0.000000,7,8
1,11.000000,9.721000,1.422000,-66,0.000000,7,8
1,11.000000,9.740000,1.185000,-66,0.000000,7,8
1,11.000000,9.662000,1.120000,-66,0.000000,7,8
1,11.000000,9.721000,1.384000,-67,0.000000,7,8
1,11.000000,9.779000,1.001000,-67,0.000000,7,8
1,11.000000,9.877000,0.847000,-68,0.000000,7,8
1,11.000000,9.896000,0.946000,-67,0.000000,7,8
1,11.000000,9.877000,1.110000,-67,0.000000,7,8
1,11.000000,9.955000,1.128000,-67,0.000000,7,8
1,11.000000,10.014000,0.885000,-67,0.000000,7,8
1,11.000000,10.092000,0.837000,-67,0.000000,7,8
1,11.000000,9.955000,1.191000,-67,0.000000,7,8
1,11.000000,9.936000,1.086000,-67,0.000000,7,8
1,11.000000,10.014000,0.694000,-67,0.000000,7,8
1,11.000000,9.994000,0.644000,-67,0.000000,7,8
1,11.000000,10.053000,0.813000,-67,0.000000,7,8
1,11.000000,9.857000,0.963000,-67,0.000000,7,8
1,11.000000,9.818000,0.899000,-66,0.000000,7,8
1,11.000000,9.818000,0.765000,-67,0.000000,7,8
1,11.000000,9.760000,1.001000,-67,0.000000,7,8
1,11.000000,9.818000,0.797000,-67,0.000000,7,8
1,11.000000,9.447000,0.957000,-68,0.000000,7,8
1,11.000000,9.525000,1.160000,-68,0.000000,7,8
1,11.000000,9.760000,0.752000,-67,0.000000,7,8
1,11.000000,9.721000,0.875000,-67,0.000000,7,8
1,11.000000,9.936000,0.725000,-66,0.000000,7,8
1,11.000000,9.916000,0.630000,-66,0.000000,7,8
1,11.000000,9.623000,1.040000,-67,0.000000,7,8
1,11.000000,9.721000,0.903000,-66,0.000000,7,8
1,11.000000,9.623000,0.882000,-66,0.000000,7,8
1,11.000000,9.740000,0.895000,-66,0.000000,7,8
1,11.000000,9.584000,0.999000,-66,0.000000,7,8
1,11.000000,9.603000,1.085000,-66,0.000000,7,8
1,11.000000,9.721000,0.688000,-67,0.000000,7,8
1,11.000000,9.701000,1.330000,-67,0.000000,7,8
1,11.000000,9.877000,0.841000,-67,0.000000,7,8
1,11.000000,9.838000,1.343000,-67,0.000000,7,8
1,11.000000,10.053000,0.589000,-67,0.000000,7,8
1,11.000000,10.072000,0.576000,-68,0.000000,7,8
1,11.000000,9.486000,1.273000,-68,0.000000,7,8
1,11.000000,9.799000,0.754000,-67,0.000000,7,8
1,11.000000,9.623000,0.887000,-67,0.000000,7,8
1,11.000000,9.740000,0.729000,-67,0.000000,7,8
1,11.000000,9.779000,0.885000,-67,0.000000,7,8
1,11.000000,9.701000,0.991000,-67,0.000000,7,8
1,11.000000,9.486000,1.128000,-68,0.000000,7,8
1,11.000000,9.623000,1.030000,-68,0.000000,7,8
1,11.000000,9.623000,0.874000,-68,0.000000,7,8
1,11.000000,9.545000,0.878000,-68,0.000000,7,8
1,11.000000,9.779000,0.806000,-68,0.000000,7,8
1,11.000000,9.389000,1.065000,-68,0.000000,7,8
1,11.000000,9.623000,0.757000,-68,0.000000,7,8
1,11.000000,9.603000,1.131000,-67,0.000000,7,8
1,11.000000,9.740000,1.237000,-67,0.000000,7,8
1,11.000000,9.662000,0.947000,-69,0.000000,7,8
1,11.000000,9.525000,1.062000,-69,0.000000,7,8
1,11.000000,9.467000,1.136000,-68,0.000000,7,8
1,11.000000,9.662000,1.015000,-67,0.000000,7,8
1,11.000000,9.486000,0.912000,-67,0.000000,7,8
1,11.000000,9.623000,1.084000,-67,0.000000,7,8
1,11.000000,9.721000,1.022000,-67,0.000000,7,8
1,11.000000,9.721000,0.874000,-67,0.000000,7,8
1,11.000000,9.623000,1.138000,-68,0.000000,7,8
1,11.000000,9.545000,1.077000,-68,0.000000,7,8
1,11.000000,9.681000,1.074000,-66,0.000000,7,8
1,11.000000,9.682000,0.930000,-67,0.000000,7,8
1,11.000000,9.682000,0.893000,-67,0.000000,7,8
1,11.000000,9.838000,0.956000,-67,0.000000,7,8
1,11.000000,9.779000,0.741000,-67,0.000000,7,8
1,11.000000,9.642000,0.857000,-67,0.000000,7,8
1,11.000000,9.760000,0.828000,-68,0.000000,7,8
1,11.000000,9.721000,0.758000,-68,0.000000,7,8
1,11.000000,9.760000,0.544000,-67,0.000000,7,8
1,11.000000,9.486000,1.084000,-67,0.000000,7,8
1,11.000000,9.623000,0.990000,-68,0.000000,7,8
1,11.000000,9.564000,1.027000,-67,0.000000,7,8
1,11.000000,9.389000,0.880000,-68,0.000000,7,8
1,11.000000,9.506000,1.003000,-67,0.000000,7,8
1,11.000000,9.701000,0.609000,-67,0.000000,7,8
1,11.000000,9.408000,0.870000,-67,0.000000,7,8
1,11.000000,9.643000,0.749000,-66,0.000000,7,8
1,11.000000,9.623000,0.653000,-67,0.000000,7,8
1,11.000000,9.486000,0.729000,-66,0.000000,7,8
1,11.000000,9.564000,0.954000,-66,0.000000,7,8
1,11.000000,9.271000,1.120000,-66,0.000000,7,8
1,11.000000,9.740000,0.732000,-66,0.000000,7,8
1,11.000000,9.682000,0.892000,-65,0.000000,7,8
1,11.000000,9.662000,0.929000,-65,0.000000,7,8
1,11.000000,9.857000,0.908000,-65,0.000000,7,8
1,11.000000,9.721000,0.673000,-65,0.000000,7,8
1,11.000000,9.721000,0.543000,-65,0.000000,7,8
1,11.000000,9.935000,0.523000,-64,0.000000,7,8
1,11.000000,9.916000,0.577000,-64,0.000000,7,8
1,11.000000,9.994000,0.605000,-64,0.000000,7,8
1,11.000000,9.857000,0.670000,-65,0.000000,7,8
1,11.000000,9.779000,0.718000,-65,0.000000,7,8
1,11.000000,9.916000,0.730000,-66,0.000000,7,8
1,11.000000,9.642000,0.661000,-66,0.000000,7,8
1,11.000000,9.721000,0.985000,-66,0.000000,7,8
1,11.000000,9.721000,0.799000,-66,0.000000,7,8
1,11.000000,9.682000,0.708000,-66,0.000000,7,8
1,11.000000,9.447000,0.691000,-66,0.000000,7,8
1,11.000000,9.857000,0.511000,-66,0.000000,7,8
1,11.000000,9.545000,0.683000,-66,0.000000,7,8
1,11.000000,9.857000,0.614000,-66,0.000000,7,8
1,11.000000,9.838000,0.651000,-66,0.000000,7,8
1,11.000000,9.623000,0.693000,-66,0.000000,7,8
1,11.000000,9.271000,0.846000,-66,0.000000,7,8
1,11.000000,9.721000,0.703000,-66,0.000000,7,8
1,11.000000,9.545000,0.743000,-66,0.000000,7,8
1,11.000000,9.916000,0.644000,-66,0.000000,7,8
1,11.000000,9.760000,0.802000,-66,0.000000,7,8
1,11.000000,9.838000,0.735000,-66,0.000000,7,8
1,11.000000,9.603000,0.773000,-66,0.000000,7,8
1,11.000000,9.779000,0.698000,-66,0.000000,7,8
1,11.000000,9.662000,0.766000,-67,0.000000,7,8
1,11.000000,9.760000,0.701000,-66,0.000000,7,8
1,11.000000,9.603000,0.668000,-66,0.000000,7,8
1,11.000000,9.486000,0.744000,-67,0.000000,7,8
1,11.000000,9.799000,0.540000,-66,0.000000,7,8
1,11.000000,9.662000,0.827000,-66,0.000000,7,8
1,11.000000,9.564000,1.047000,-66,0.000000,7,8
1,11.000000,9.740000,0.957000,-67,0.000000,7,8
1,11.000000,9.603000,1.005000,-66,0.000000,7,8
1,11.000000,9.642000,0.831000,-66,0.000000,7,8
1,11.000000,9.564000,0.921000,-66,0.000000,7,8
1,11.000000,9.662000,0.771000,-67,0.000000,7,8
1,11.000000,9.877000,0.448000,-66,0.000000,7,8
1,11.000000,9.721000,0.884000,-66,0.000000,7,8
1,11.000000,9.721000,0.749000,-66,0.000000,7,8
1,11.000000,9.681000,0.919000,-66,0.000000,7,8
1,11.000000,9.818000,0.657000,-66,0.000000,7,8
1,11.000000,9.877000,0.740000,-65,0.000000,7,8
1,11.000000,9.916000,0.528000,-66,0.000000,7,8
1,11.000000,10.014000,0.537000,-66,0.000000,7,8
1,11.000000,9.779000,0.899000,-66,0.000000,7,8
1,11.000000,9.701000,0.924000,-66,0.000000,7,8
1,11.000000,9.760000,0.684000,-67,0.000000,7,8
1,11.000000,9.760000,0.684000,-67,0.000000,7,8
1,11.000000,9.623000,0.663000,-66,0.000000,7,8
1,11.000000,9.955000,0.578000,-66,0.000000,7,8
1,11.000000,9.857000,0.719000,-66,0.000000,7,8
1,11.000000,9.701000,0.783000,-67,0.000000,7,8
1,11.000000,9.603000,0.919000,-67,0.000000,7,8
1,11.000000,9.623000,0.716000,-67,0.000000,7,8
1,11.000000,9.701000,1.079000,-67,0.000000,7,8
1,11.000000,9.740000,0.777000,-67,0.000000,7,8
1,11.000000,9.721000,0.637000,-67,0.000000,7,8
1,11.000000,9.740000,0.680000,-67,0.000000,7,8
1,11.000000,9.818000,0.575000,-67,0.000000,7,8
1,11.000000,9.760000,0.588000,-66,0.000000,7,8
1,11.000000,9.682000,0.888000,-66,0.000000,7,8
1,11.000000,9.584000,0.756000,-67,0.000000,7,8
1,11.000000,9.760000,0.742000,-67,0.000000,7,8
1,11.000000,9.779000,0.817000,-66,0.000000,7,8
1,11.000000,9.994000,0.602000,-66,0.000000,7,8
1,11.000000,9.818000,0.956000,-67,0.000000,7,8
1,11.000000,9.701000,0.613000,-66,0.000000,7,8
1,11.000000,9.818000,0.735000,-66,0.000000,7,8
1,11.000000,9.662000,0.581000,-66,0.000000,7,8
1,11.000000,9.662000,0.462000,-67,0.000000,7,8
1,11.000000,9.564000,0.831000,-67,0.000000,7,8
1,11.000000,9.721000,0.770000,-66,0.000000,7,8
1,11.000000,9.545000,0.568000,-67,0.000000,7,8
1,11.000000,9.486000,0.872000,-67,0.000000,7,8
1,11.000000,9.623000,0.726000,-66,0.000000,7,8
1,11.000000,9.681000,0.764000,-67,0.000000,7,8
1,11.000000,9.642000,0.695000,-67,0.000000,7,8
1,11.000000,9.584000,1.041000,-68,0.000000,7,8
1,11.000000,9.662000,0.717000,-67,0.000000,7,8
1,11.000000,9.760000,0.883000,-67,0.000000,7,8
1,11.000000,9.545000,0.657000,-67,0.000000,7,8
1,11.000000,9.564000,0.829000,-66,0.000000,7,8
1,11.000000,9.838000,0.831000,-66,0.000000,7,8
1,11.000000,9.740000,0.881000,-67,0.000000,7,8
1,11.000000,9.682000,0.572000,-66,0.000000,7,8
1,11.000000,9.701000,0.763000,-66,0.000000,7,8
1,11.000000,9.896000,0.752000,-66,0.000000,7,8
1,11.000000,9.603000,0.858000,-67,0.000000,7,8
1,11.000000,9.467000,0.818000,-67,0.000000,7,8
1,11.000000,9.428000,0.972000,-67,0.000000,7,8
1,11.000000,9.857000,0.918000,-66,0.000000,7,8
1,11.000000,9.760000,1.036000,-66,0.000000,7,8
1,11.000000,9.506000,1.135000,-66,0.000000,7,8
1,11.000000,9.428000,0.527000,-67,0.000000,7,8
1,11.000000,9.623000,1.043000,-66,0.000000,7,8
1,11.000000,9.623000,0.888000,-66,0.000000,7,8
1,11.000000,9.447000,0.754000,-67,0.000000,7,8
1,11.000000,9.428000,1.051000,-67,0.000000,7,8
1,11.000000,9.662000,0.852000,-66,0.000000,7,8
1,11.000000,9.760000,1.002000,-66,0.000000,7,8
1,11.000000,9.408000,0.683000,-67,0.000000,7,8
1,11.000000,9.408000,0.739000,-66,0.000000,7,8
1,11.000000,9.408000,0.970000,-67,0.000000,7,8
1,11.000000,9.545000,0.795000,-67,0.000000,7,8
1,11.000000,9.623000,0.988000,-66,0.000000,7,8
1,11.000000,9.584000,0.664000,-66,0.000000,7,8
1,11.000000,9.525000,0.630000,-66,0.000000,7,8
1,11.000000,9.584000,0.802000,-66,0.000000,7,8
1,11.000000,9.506000,1.198000,-66,0.000000,7,8
1,11.000000,9.779000,1.065000,-66,0.000000,7,8
1,11.000000,9.584000,1.150000,-66,0.000000,7,8
1,11.000000,9.584000,0.866000,-65,0.000000,7,8
1,11.000000,9.877000,0.763000,-66,0.000000,7,8
1,11.000000,9.916000,0.777000,-65,0.000000,7,8
1,11.000000,10.287000,0.492000,-63,0.000000,7,8
1,11.000000,10.326000,0.987000,-64,0.000000,7,8
1,11.000000,9.857000,0.834000,-66,0.000000,7,8
1,11.000000,10.072000,0.630000,-66,0.000000,7,8
1,11.000000,10.170000,0.985000,-64,0.000000,7,8
1,11.000000,9.975000,1.317000,-64,0.000000,7,8
1,11.000000,10.111000,0.953000,-63,0.000000,7,8
1,11.000000,9.525000,0.933000,-68,0.000000,7,8
1,11.000000,9.818000,0.891000,-65,0.000000,7,8
1,11.000000,10.111000,0.650000,-62,0.000000,7,8
1,11.000000,10.306000,0.713000,-64,0.000000,7,8
1,11.000000,9.857000,0.765000,-62,0.000000,7,8
1,11.000000,10.014000,0.649000,-62,0.000000,7,8
1,11.000000,10.131000,0.661000,-60,0.000000,7,8
1,11.000000,10.267000,0.424000,-61,0.000000,7,8
1,11.000000,10.053000,0.729000,-62,0.000000,7,8
1,11.000000,10.014000,0.776000,-63,0.000000,7,8
1,11.000000,9.838000,1.263000,-64,0.000000,7,8
1,11.000000,9.857000,1.887000,-65,0.000000,7,8
1,11.000000,9.877000,0.640000,-65,0.000000,7,8
1,11.000000,9.974000,1.127000,-63,0.000000,7,8
1,11.000000,9.838000,1.032000,-63,0.000000,7,8
1,11.000000,9.818000,0.794000,-63,0.000000,7,8
1,11.000000,9.701000,0.181000,-64,0.000000,7,8
1,11.000000,9.467000,0.256000,-64,0.000000,7,8
1,11.000000,9.779000,0.364000,-64,0.000000,7,8
1,11.000000,9.896000,1.393000,-64,0.000000,7,8
1,11.000000,10.014000,1.046000,-64,0.000000,7,8
1,11.000000,9.955000,1.513000,-64,0.000000,7,8
1,11.000000,9.877000,1.116000,-64,0.000000,7,8
1,11.000000,9.897000,1.122000,-64,0.000000,7,8
1,11.000000,9.955000,0.573000,-63,0.000000,7,8
1,11.000000,9.452000,0.468000,-63,0.000000,7,8
1,11.000000,9.130000,0.413000,-63,0.000000,7,8
1,11.000000,9.730000,0.492000,-63,0.000000,7,8
1,11.000000,9.857000,0.340000,-63,0.000000,7,8
1,11.000000,9.833000,0.150000,-63,0.000000,7,8
1,11.000000,9.891000,0.712000,-63,0.000000,7,8
1,11.000000,9.525000,0.270000,-63,0.000000,7,8
1,11.000000,9.467000,0.293000,-63,0.000000,7,8
1,11.000000,9.408000,0.286000,-63,0.000000,7,8
1,11.000000,9.525000,0.498000,-63,0.000000,7,8
1,11.000000,9.555000,0.400000,-63,0.000000,7,8
1,11.000000,9.862000,0.360000,-63,0.000000,7,8
1,11.000000,9.760000,0.307000,-63,0.000000,7,8
1,11.000000,9.906000,0.356000,-63,0.000000,7,8
1,11.000000,9.818000,0.382000,-63,0.000000,7,8
1,11.000000,9.672000,0.278000,-63,0.000000,7,8
1,11.000000,9.799000,0.218000,-63,0.000000,7,8
1,11.000000,9.642000,0.192000,-63,0.000000,7,8
1,11.000000,9.877000,0.619000,-63,0.000000,7,8
1,11.000000,9.896000,0.559000,-63,0.000000,7,8
1,11.000000,9.877000,0.868000,-63,0.000000,7,8
1,11.000000,9.916000,0.391000,-62,0.000000,7,8
1,11.000000,9.994000,0.661000,-62,0.000000,7,8
1,11.000000,9.779000,0.479000,-63,0.000000,7,8
1,11.000000,9.896000,1.056000,-63,0.000000,7,8
1,11.000000,10.033000,0.615000,-62,0.000000,7,8
1,11.000000,9.818000,0.482000,-63,0.000000,7,8
1,11.000000,9.916000,0.642000,-63,0.000000,7,8
1,11.000000,9.804000,0.449000,-63,0.000000,7,8
1,11.000000,9.877000,0.621000,-63,0.000000,7,8
1,11.000000,9.760000,0.743000,-63,0.000000,7,8
1,11.000000,9.955000,0.587000,-62,0.000000,7,8
1,11.000000,10.131000,0.565000,-63,0.000000,7,8
1,11.000000,9.857000,0.895000,-63,0.000000,7,8
1,11.000000,9.896000,0.956000,-62,0.000000,7,8
1,11.000000,10.053000,0.506000,-62,0.000000,7,8
1,11.000000,9.994000,0.650000,-63,0.000000,7,8
1,11.000000,9.721000,0.353000,-62,0.000000,7,8
1,11.000000,9.916000,0.841000,-62,0.000000,7,8
1,11.000000,9.838000,0.808000,-62,0.000000,7,8
1,11.000000,9.936000,0.962000,-62,0.000000,7,8
1,11.000000,9.857000,0.736000,-62,0.000000,7,8
1,11.000000,9.955000,0.766000,-62,0.000000,7,8
1,11.000000,9.994000,0.582000,-62,0.000000,7,8
1,11.000000,9.916000,0.836000,-62,0.000000,7,8
1,11.000000,10.092000,0.552000,-62,0.000000,7,8
1,11.000000,9.896000,1.385000,-62,0.000000,7,8
1,11.000000,9.916000,0.819000,-62,0.000000,7,8
1,11.000000,9.760000,0.874000,-62,0.000000,7,8
1,11.000000,9.916000,0.892000,-62,0.000000,7,8
1,11.000000,9.955000,0.739000,-62,0.000000,7,8
1,11.000000,9.896000,0.769000,-62,0.000000,7,8
1,11.000000,9.955000,0.713000,-62,0.000000,7,8
1,11.000000,9.975000,0.711000,-62,0.000000,7,8
1,11.000000,9.935000,0.829000,-63,0.000000,7,8
1,11.000000,9.935000,0.827000,-62,0.000000,7,8
1,11.000000,9.955000,0.689000,-62,0.000000,7,8
1,11.000000,9.896000,0.849000,-62,0.000000,7,8
1,11.000000,10.072000,0.757000,-62,0.000000,7,8
1,11.000000,10.053000,0.798000,-62,0.000000,7,8
1,11.000000,9.974000,0.661000,-62,0.000000,7,8
1,11.000000,9.916000,1.230000,-62,0.000000,7,8
1,11.000000,9.857000,0.638000,-62,0.000000,7,8
1,11.000000,9.936000,1.081000,-62,0.000000,7,8
1,11.000000,9.916000,0.627000,-62,0.000000,7,8
1,11.000000,9.877000,0.804000,-62,0.000000,7,8
1,11.000000,10.053000,0.825000,-62,0.000000,7,8
1,11.000000,10.111000,0.634000,-62,0.000000,7,8
1,11.000000,10.014000,0.673000,-62,0.000000,7,8
1,11.000000,9.818000,0.564000,-62,0.000000,7,8
1,11.000000,9.975000,0.793000,-62,0.000000,7,8
1,11.000000,9.955000,0.523000,-62,0.000000,7,8
1,11.000000,9.994000,0.274000,-62,0.000000,7,8
1,11.000000,9.818000,0.816000,-62,0.000000,7,8
1,11.000000,9.838000,0.622000,-62,0.000000,7,8
1,11.000000,10.014000,0.732000,-62,0.000000,7,8
1,11.000000,10.033000,0.753000,-62,0.000000,7,8
1,11.000000,9.916000,0.636000,-62,0.000000,7,8
1,11.000000,9.916000,0.951000,-62,0.000000,7,8
1,11.000000,9.935000,0.574000,-62,0.000000,7,8
1,11.000000,10.033000,0.632000,-62,0.000000,7,8
1,11.000000,9.721000,0.740000,-62,0.000000,7,8
1,11.000000,9.701000,0.806000,-62,0.000000,7,8
1,11.000000,9.721000,0.747000,-62,0.000000,7,8
1,11.000000,9.935000,0.917000,-62,0.000000,7,8
1,11.000000,9.799000,0.971000,-62,0.000000,7,8
1,11.000000,9.721000,0.925000,-63,0.000000,7,8
1,11.000000,9.760000,0.852000,-62,0.000000,7,8
1,11.000000,9.994000,0.629000,-62,0.000000,7,8
1,11.000000,9.896000,1.087000,-62,0.000000,7,8
1,11.000000,9.857000,0.793000,-62,0.000000,7,8
1,11.000000,9.760000,0.843000,-62,0.000000,7,8
1,11.000000,9.994000,0.591000,-62,0.000000,7,8
1,11.000000,9.916000,0.758000,-62,0.000000,7,8
1,11.000000,9.935000,0.690000,-62,0.000000,7,8
1,11.000000,10.092000,0.873000,-62,0.000000,7,8
1,11.000000,10.014000,0.796000,-63,0.000000,7,8
1,11.000000,9.838000,0.821000,-62,0.000000,7,8
1,11.000000,9.779000,0.781000,-63,0.000000,7,8
1,11.000000,9.818000,0.931000,-63,0.000000,7,8
1,11.000000,9.857000,0.815000,-62,0.000000,7,8
1,11.000000,9.994000,0.852000,-63,0.000000,7,8
1,11.000000,9.877000,1.099000,-63,0.000000,7,8
1,11.000000,9.857000,0.974000,-63,0.000000,7,8
1,11.000000,9.740000,0.783000,-63,0.000000,7,8
1,11.000000,9.877000,0.935000,-63,0.000000,7,8
1,11.000000,9.760000,0.913000,-63,0.000000,7,8
1,11.000000,9.916000,0.860000,-63,0.000000,7,8
1,11.000000,9.760000,0.969000,-64,0.000000,7,8
1,11.000000,9.701000,0.959000,-63,0.000000,7,8
1,11.000000,9.681000,1.085000,-63,0.000000,7,8
1,11.000000,9.740000,1.132000,-63,0.000000,7,8
1,11.000000,9.838000,0.832000,-63,0.000000,7,8
1,11.000000,9.779000,0.801000,-63,0.000000,7,8
1,11.000000,9.623000,0.995000,-63,0.000000,7,8
1,11.000000,9.662000,0.917000,-63,0.000000,7,8
1,11.000000,9.603000,0.668000,-63,0.000000,7,8
1,11.000000,9.643000,0.877000,-63,0.000000,7,8
1,11.000000,9.662000,0.770000,-63,0.000000,7,8
1,11.000000,9.642000,0.876000,-63,0.000000,7,8
1,11.000000,9.760000,0.580000,-63,0.000000,7,8
1,11.000000,9.818000,0.862000,-63,0.000000,7,8
1,11.000000,9.662000,0.732000,-63,0.000000,7,8
1,11.000000,9.681000,1.013000,-63,0.000000,7,8
1,11.000000,9.701000,0.860000,-63,0.000000,6,8
1,11.000000,9.955000,0.785000,-63,0.000000,7,8
1,11.000000,9.760000,0.814000,-63,0.000000,7,8
1,11.000000,9.642000,0.805000,-63,0.000000,7,8
1,11.000000,9.564000,0.845000,-63,0.000000,7,8
1,11.000000,9.603000,1.000000,-63,0.000000,7,8
1,11.000000,9.662000,0.931000,-63,0.000000,7,8
1,11.000000,9.681000,0.927000,-63,0.000000,7,8
1,11.000000,9.681000,1.075000,-63,0.000000,7,8
1,11.000000,9.525000,0.945000,-63,0.000000,7,8
1,11.000000,9.467000,1.064000,-63,0.000000,7,8
1,11.000000,9.799000,0.875000,-63,0.000000,7,8
1,11.000000,9.838000,0.877000,-63,0.000000,7,8
1,11.000000,9.838000,1.022000,-63,0.000000,7,8
1,11.000000,9.603000,0.842000,-63,0.000000,7,8
1,11.000000,9.740000,0.762000,-63,0.000000,7,8
1,11.000000,9.721000,0.921000,-63,0.000000,7,8
1,11.000000,9.818000,0.783000,-63,0.000000,7,8
1,11.000000,9.642000,1.088000,-63,0.000000,7,8
1,11.000000,9.584000,1.048000,-63,0.000000,7,8
1,11.000000,9.662000,0.884000,-63,0.000000,7,8
1,11.000000,9.721000,0.805000,-63,0.000000,7,8
1,11.000000,9.701000,0.900000,-63,0.000000,7,8
1,11.000000,9.701000,0.965000,-63,0.000000,7,8
1,11.000000,9.701000,1.192000,-63,0.000000,7,8
1,11.000000,9.779000,0.914000,-63,0.000000,7,8
1,11.000000,9.975000,0.860000,-63,0.000000,7,8
1,11.000000,9.838000,0.790000,-63,0.000000,7,8
1,11.000000,9.779000,0.755000,-63,0.000000,7,8
1,11.000000,9.818000,0.741000,-63,0.000000,7,8
1,11.000000,9.857000,0.980000,-63,0.000000,7,8
1,11.000000,9.896000,0.797000,-63,0.000000,7,8
1,11.000000,9.760000,0.820000,-63,0.000000,7,8
1,11.000000,9.857000,0.711000,-63,0.000000,7,8
1,11.000000,9.799000,0.766000,-63,0.000000,7,8
1,11.000000,9.818000,0.737000,-63,0.000000,7,8
1,11.000000,9.896000,0.981000,-63,0.000000,7,8
1,11.000000,9.916000,0.808000,-63,0.000000,7,8
1,11.000000,9.584000,1.083000,-63,0.000000,7,8
1,11.000000,9.799000,0.900000,-63,0.000000,7,8
1,11.000000,9.760000,0.876000,-63,0.000000,7,8
1,11.000000,9.721000,0.867000,-63,0.000000,7,8
1,11.000000,9.799000,0.905000,-63,0.000000,7,8
1,11.000000,9.799000,0.895000,-64,0.000000,7,8
1,11.000000,9.760000,0.817000,-64,0.000000,7,8
1,11.000000,9.701000,0.769000,-63,0.000000,7,8
1,11.000000,9.525000,1.096000,-63,0.000000,7,8
1,11.000000,9.642000,1.011000,-63,0.000000,7,8
1,11.000000,9.662000,0.906000,-63,0.000000,7,8
1,11.000000,9.779000,0.804000,-63,0.000000,7,8
1,11.000000,9.701000,0.862000,-63,0.000000,7,8
1,11.000000,9.740000,0.858000,-63,0.000000,7,8
1,11.000000,9.682000,1.082000,-63,0.000000,7,8
1,11.000000,9.838000,0.871000,-63,0.000000,7,8
1,11.000000,9.642000,0.726000,-63,0.000000,7,8
1,11.000000,9.779000,0.891000,-63,0.000000,7,8
1,11.000000,9.936000,0.804000,-63,0.000000,7,8
1,11.000000,9.760000,0.786000,-63,0.000000,7,8
1,11.000000,9.916000,0.628000,-63,0.000000,7,8
1,11.000000,9.799000,0.870000,-63,0.000000,7,8
1,11.000000,9.740000,0.844000,-63,0.000000,7,8
1,11.000000,9.799000,0.960000,-62,0.000000,7,8
1,11.000000,9.779000,0.889000,-62,0.000000,7,8
1,11.000000,9.779000,0.766000,-62,0.000000,7,8
1,11.000000,9.916000,0.660000,-63,0.000000,7,8
1,11.000000,9.799000,0.776000,-62,0.000000,7,8
1,11.000000,9.799000,0.752000,-62,0.000000,7,8
1,11.000000,9.760000,0.992000,-62,0.000000,7,8
1,11.000000,9.896000,1.025000,-62,0.000000,7,8
1,11.000000,9.896000,0.993000,-63,0.000000,7,8
1,11.000000,10.111000,0.623000,-62,0.000000,7,8
1,11.000000,9.955000,0.706000,-62,0.000000,7,8
1,11.000000,9.760000,0.855000,-62,0.000000,7,8
1,11.000000,9.721000,0.894000,-62,0.000000,7,8
1,11.000000,9.799000,0.795000,-62,0.000000,7,8
1,11.000000,9.701000,0.868000,-62,0.000000,7,8
1,11.000000,9.994000,0.704000,-62,0.000000,7,8
1,11.000000,9.740000,0.643000,-62,0.000000,7,8
1,11.000000,9.935000,0.794000,-62,0.000000,7,8
1,11.000000,9.760000,0.784000,-62,0.000000,7,8
1,11.000000,9.857000,0.622000,-62,0.000000,7,8
1,11.000000,9.857000,0.817000,-62,0.000000,7,8
1,11.000000,9.721000,0.741000,-63,0.000000,7,8
1,11.000000,10.092000,0.673000,-63,0.000000,7,8
1,11.000000,9.896000,0.665000,-62,0.000000,7,8
1,11.000000,9.975000,0.951000,-62,0.000000,7,8
1,11.000000,9.896000,0.941000,-62,0.000000,7,8
1,11.000000,9.642000,0.812000,-63,0.000000,7,8
1,11.000000,9.799000,0.787000,-62,0.000000,7,8
1,11.000000,9.935000,0.855000,-62,0.000000,7,8
1,11.000000,9.935000,0.620000,-62,0.000000,7,8
1,11.000000,9.877000,0.734000,-63,0.000000,7,8
1,11.000000,9.760000,0.935000,-63,0.000000,7,8
1,11.000000,9.955000,0.785000,-63,0.000000,7,8
1,11.000000,9.721000,0.911000,-63,0.000000,7,8
1,11.000000,9.760000,0.927000,-63,0.000000,7,8
1,11.000000,9.662000,0.817000,-63,0.000000,7,8
1,11.000000,9.896000,0.787000,-63,0.000000,7,8
1,11.000000,9.701000,1.004000,-62,0.000000,7,8
1,11.000000,9.955000,0.732000,-63,0.000000,7,8
1,11.000000,9.701000,1.054000,-63,0.000000,7,8
1,11.000000,9.740000,0.858000,-63,0.000000,7,8
1,11.000000,9.682000,0.739000,-63,0.000000,7,8
1,11.000000,9.701000,0.961000,-62,0.000000,7,8
1,11.000000,10.053000,0.904000,-62,0.000000,7,8
1,11.000000,9.740000,0.892000,-62,0.000000,7,8
1,11.000000,9.779000,0.772000,-62,0.000000,7,8
1,11.000000,9.564000,0.765000,-63,0.000000,7,8
1,11.000000,9.916000,0.684000,-63,0.000000,7,8
1,11.000000,10.053000,0.793000,-63,0.000000,7,8
1,11.000000,9.740000,0.796000,-63,0.000000,7,8
1,11.000000,9.701000,0.966000,-62,0.000000,7,8
1,11.000000,9.818000,0.950000,-62,0.000000,7,8
1,11.000000,9.838000,1.015000,-63,0.000000,7,8
1,11.000000,10.033000,0.625000,-62,0.000000,7,8
1,11.000000,9.838000,0.763000,-63,0.000000,7,8
1,11.000000,9.682000,0.935000,-63,0.000000,7,8
1,11.000000,9.760000,0.770000,-62,0.000000,7,8
1,11.000000,9.818000,1.003000,-63,0.000000,7,8
1,11.000000,9.721000,1.026000,-62,0.000000,7,8
1,11.000000,9.916000,0.828000,-62,0.000000,7,8
1,11.000000,10.033000,0.832000,-62,0.000000,7,8
1,11.000000,9.818000,0.863000,-62,0.000000,7,8
1,11.000000,9.975000,1.049000,-62,0.000000,7,8
1,11.000000,9.955000,0.903000,-62,0.000000,7,8
1,11.000000,10.033000,0.832000,-62,0.000000,7,8
1,11.000000,9.994000,0.772000,-62,0.000000,7,8
1,11.000000,10.053000,0.763000,-62,0.000000,7,8
1,11.000000,9.896000,0.770000,-62,0.000000,7,8
1,11.000000,9.760000,1.160000,-62,0.000000,7,8
1,11.000000,9.877000,0.707000,-62,0.000000,7,8
1,11.000000,9.721000,0.991000,-62,0.000000,7,8
1,11.000000,10.014000,0.672000,-62,0.000000,7,8
1,11.000000,9.955000,0.997000,-62,0.000000,7,8
1,11.000000,9.838000,0.598000,-62,0.000000,7,8
1,11.000000,9.896000,0.878000,-62,0.000000,7,8
1,11.000000,9.857000,1.027000,-62,0.000000,7,8
1,11.000000,10.014000,0.816000,-62,0.000000,7,8
1,11.000000,9.955000,0.831000,-62,0.000000,7,8
1,11.000000,10.053000,0.670000,-62,0.000000,7,8
1,11.000000,9.975000,0.801000,-62,0.000000,7,8
1,11.000000,10.092000,0.624000,-62,0.000000,7,8
1,11.000000,10.014000,0.628000,-62,0.000000,7,8
1,11.000000,9.994000,0.804000,-62,0.000000,7,8
1,11.000000,9.955000,0.752000,-62,0.000000,7,8
1,11.000000,9.994000,0.603000,-62,0.000000,7,8
1,11.000000,10.150000,0.941000,-62,0.000000,7,8
1,11.000000,10.131000,0.727000,-62,0.000000,7,8
1,11.000000,10.053000,1.051000,-62,0.000000,7,8
1,11.000000,9.916000,1.099000,-62,0.000000,7,8
1,11.000000,9.975000,1.011000,-62,0.000000,7,8
1,11.000000,9.955000,0.929000,-62,0.000000,7,8
1,11.000000,9.975000,0.809000,-62,0.000000,7,8
1,11.000000,10.092000,0.962000,-62,0.000000,7,8
1,11.000000,10.033000,0.873000,-62,0.000000,7,8
1,11.000000,9.936000,1.110000,-62,0.000000,7,8
1,11.000000,9.916000,0.867000,-62,0.000000,7,8
1,11.000000,10.053000,1.029000,-62,0.000000,7,8
1,11.000000,9.896000,1.034000,-62,0.000000,7,8
1,11.000000,9.994000,0.673000,-62,0.000000,7,8
1,11.000000,9.955000,0.755000,-62,0.000000,7,8
1,11.000000,10.033000,0.844000,-62,0.000000,7,8
1,11.000000,9.994000,0.915000,-62,0.000000,7,8
1,11.000000,9.916000,0.879000,-62,0.000000,7,8
1,11.000000,9.994000,0.887000,-62,0.000000,7,8
1,11.000000,10.014000,0.856000,-62,0.000000,7,8
1,11.000000,9.896000,0.866000,-62,0.000000,7,8
1,11.000000,10.033000,0.711000,-62,0.000000,7,8
1,11.000000,9.975000,0.764000,-62,0.000000,7,8
1,11.000000,10.014000,0.785000,-62,0.000000,7,8
1,11.000000,9.955000,0.740000,-62,0.000000,7,8
1,11.000000,9.877000,1.013000,-62,0.000000,7,8
1,11.000000,10.033000,0.966000,-62,0.000000,7,8
