1,10.000000,9.614000,0.233000,-62,0.000000,7,8
1,10.000000,9.695000,0.324000,-60,0.000000,7,8
1,10.000000,9.651000,0.264000,-62,0.000000,7,8
1,10.000000,9.298000,0.375000,-63,0.000000,7,8
1,10.000000,9.376000,0.347000,-63,0.000000,7,8
1,10.000000,9.498000,0.364000,-61,0.000000,7,8
1,10.000000,9.804000,0.196000,-60,0.000000,7,8
1,10.000000,9.411000,0.351000,-61,0.000000,7,8
1,10.000000,9.539000,0.347000,-62,0.000000,7,8
1,10.000000,9.723000,0.258000,-62,0.000000,7,8
1,10.000000,9.726000,0.192000,-61,0.000000,7,8
1,10.000000,9.723000,0.258000,-61,0.000000,7,8
1,10.000000,9.329000,0.833000,-60,0.000000,7,8
1,10.000000,9.075000,0.606000,-58,0.000000,7,8
1,10.000000,9.573000,0.246000,-61,0.000000,7,8
1,10.000000,8.718000,0.691000,-58,0.000000,7,8
1,10.000000,9.122000,0.788000,-60,0.000000,7,8
1,10.000000,9.567000,0.279000,-61,0.000000,7,8
1,10.000000,9.648000,0.261000,-62,0.000000,7,8
1,10.000000,9.651000,0.286000,-62,0.000000,7,8
1,10.000000,9.492000,0.340000,-61,0.000000,7,8
1,10.000000,9.576000,0.267000,-61,0.000000,7,8
1,10.000000,9.573000,0.265000,-63,0.000000,7,8
1,10.000000,9.123000,1.081000,-64,0.000000,7,8
1,10.000000,5.662000,1.973000,-62,0.000000,7,8
1,10.000000,7.781000,0.679000,-61,0.000000,7,8
1,10.000000,9.532000,0.276000,-63,0.000000,7,8
1,10.000000,9.387000,0.392000,-58,0.000000,7,8
1,10.000000,9.573000,0.291000,-62,0.000000,7,8
1,10.000000,9.451000,0.323000,-62,0.000000,7,8
1,10.000000,9.567000,0.284000,-61,0.000000,7,8
1,10.000000,9.576000,0.346000,-63,0.000000,7,8
1,10.000000,9.654000,0.282000,-62,0.000000,7,8
1,10.000000,9.651000,0.246000,-62,0.000000,7,8
1,10.000000,9.301000,0.407000,-63,0.000000,7,8
1,10.000000,9.611000,0.231000,-62,0.000000,7,8
1,10.000000,9.614000,0.246000,-63,0.000000,7,8
1,10.000000,9.689000,0.171000,-63,0.000000,7,8
1,10.000000,9.601000,0.241000,-64,0.000000,7,8
1,10.000000,9.532000,0.273000,-62,0.000000,7,8
1,10.000000,9.689000,0.220000,-63,0.000000,7,8
1,10.000000,9.689000,0.233000,-63,0.000000,7,8
1,10.000000,9.686000,0.235000,-64,0.000000,7,8
1,10.000000,9.529000,0.300000,-64,0.000000,7,8
1,10.000000,9.567000,0.301000,-64,0.000000,7,8
1,10.000000,9.686000,0.285000,-63,0.000000,7,8
1,10.000000,9.576000,0.282000,-64,0.000000,7,8
1,10.000000,9.564000,0.262000,-64,0.000000,7,8
1,10.000000,9.611000,0.297000,-64,0.000000,7,8
1,10.000000,9.686000,0.264000,-64,0.000000,7,8
1,10.000000,8.522000,0.820000,-60,0.000000,7,8
1,10.000000,9.723000,0.241000,-64,0.000000,7,8
1,10.000000,9.651000,0.220000,-63,0.000000,7,8
1,10.000000,9.651000,0.237000,-63,0.000000,7,8
1,10.000000,7.425000,0.755000,-61,0.000000,7,8
1,10.000000,8.484000,0.848000,-61,0.000000,7,8
1,10.000000,9.604000,0.306000,-64,0.000000,7,8
1,10.000000,9.651000,0.264000,-62,0.000000,7,8
1,10.000000,9.570000,0.266000,-63,0.000000,7,8
1,10.000000,9.529000,0.320000,-65,0.000000,7,8
1,10.000000,7.221000,1.838000,-62,0.000000,7,8
1,10.000000,6.253000,1.635000,-62,0.000000,7,8
1,10.000000,6.600000,1.612000,-62,0.000000,7,8
1,10.000000,6.365000,1.797000,-62,0.000000,7,8
1,10.000000,6.712000,1.638000,-62,0.000000,7,8
1,10.000000,7.666000,1.354000,-62,0.000000,7,8
1,10.000000,9.686000,0.185000,-65,0.000000,7,8
1,10.000000,9.608000,0.216000,-65,0.000000,7,8
1,10.000000,9.695000,0.153000,-65,0.000000,7,8
1,10.000000,9.689000,0.171000,-65,0.000000,7,8
1,10.000000,9.686000,0.238000,-64,0.000000,7,8
1,10.000000,9.576000,0.252000,-65,0.000000,7,8
1,10.000000,9.216000,0.918000,-64,0.000000,7,8
1,10.000000,9.608000,0.173000,-65,0.000000,7,8
1,10.000000,9.651000,0.197000,-64,0.000000,7,8
1,10.000000,9.651000,0.197000,-65,0.000000,7,8
1,10.000000,9.567000,0.267000,-64,0.000000,7,8
1,10.000000,7.425000,0.655000,-61,0.000000,7,8
1,10.000000,7.078000,0.810000,-61,0.000000,7,8
1,10.000000,6.365000,1.694000,-63,0.000000,7,8
1,10.000000,7.537000,0.869000,-61,0.000000,7,8
1,10.000000,8.599000,0.897000,-61,0.000000,7,8
1,10.000000,7.495000,1.622000,-61,0.000000,7,8
1,10.000000,9.242000,0.934000,-63,0.000000,7,8
1,10.000000,6.365000,1.878000,-61,0.000000,7,8
1,10.000000,7.303000,1.040000,-61,0.000000,7,8
1,10.000000,7.990000,1.365000,-62,0.000000,7,8
1,10.000000,6.243000,1.825000,-62,0.000000,7,8
1,10.000000,6.487000,1.399000,-62,0.000000,7,8
1,10.000000,6.018000,1.914000,-62,0.000000,7,8
1,10.000000,6.721000,1.578000,-62,0.000000,7,8
1,10.000000,7.200000,1.944000,-62,0.000000,7,8
1,10.000000,8.260000,1.252000,-62,0.000000,7,8
1,10.000000,9.492000,0.261000,-65,0.000000,7,8
1,10.000000,9.686000,0.264000,-65,0.000000,7,8
1,10.000000,9.564000,0.200000,-65,0.000000,7,8
1,10.000000,7.230000,1.787000,-61,0.000000,7,8
1,10.000000,6.956000,1.416000,-62,0.000000,7,8
1,10.000000,7.209000,1.808000,-61,0.000000,7,8
1,10.000000,9.651000,0.186000,-64,0.000000,7,8
1,10.000000,9.686000,0.222000,-65,0.000000,7,8
1,10.000000,9.526000,0.253000,-65,0.000000,7,8
1,10.000000,9.614000,0.205000,-64,0.000000,7,8
1,10.000000,9.489000,0.241000,-64,0.000000,7,8
1,10.000000,9.604000,0.214000,-65,0.000000,7,8
1,10.000000,9.611000,0.216000,-65,0.000000,7,8
1,10.000000,9.645000,0.211000,-64,0.000000,7,8
1,10.000000,9.614000,0.197000,-64,0.000000,7,8
1,10.000000,9.651000,0.187000,-64,0.000000,7,8
1,10.000000,9.686000,0.220000,-65,0.000000,7,8
1,10.000000,9.614000,0.220000,-65,0.000000,7,8
1,10.000000,9.526000,0.217000,-64,0.000000,7,8
1,10.000000,9.539000,0.246000,-65,0.000000,7,8
1,10.000000,9.604000,0.262000,-65,0.000000,7,8
1,10.000000,9.567000,0.252000,-64,0.000000,7,8
1,10.000000,9.651000,0.171000,-65,0.000000,7,8
1,10.000000,9.539000,0.221000,-65,0.000000,7,8
1,10.000000,9.614000,0.173000,-65,0.000000,7,8
1,10.000000,9.489000,0.239000,-64,0.000000,7,8
1,10.000000,9.526000,0.217000,-65,0.000000,7,8
1,10.000000,9.576000,0.195000,-65,0.000000,7,8
1,10.000000,9.567000,0.197000,-65,0.000000,7,8
1,10.000000,9.648000,0.228000,-65,0.000000,7,8
1,10.000000,9.489000,0.262000,-64,0.000000,7,8
1,10.000000,9.689000,0.190000,-65,0.000000,7,8
1,10.000000,9.576000,0.183000,-64,0.000000,7,8
1,10.000000,9.614000,0.195000,-65,0.000000,7,8
1,10.000000,9.648000,0.196000,-64,0.000000,7,8
1,10.000000,9.539000,0.288000,-64,0.000000,7,8
1,10.000000,9.686000,0.171000,-65,0.000000,7,8
1,10.000000,9.564000,0.201000,-65,0.000000,7,8
1,10.000000,9.723000,0.191000,-64,0.000000,7,8
1,10.000000,9.648000,0.255000,-65,0.000000,7,8
1,10.000000,9.536000,0.199000,-65,0.000000,7,8
1,10.000000,9.492000,0.264000,-65,0.000000,7,8
1,10.000000,9.539000,0.260000,-64,0.000000,7,8
1,10.000000,9.498000,0.234000,-65,0.000000,7,8
1,10.000000,9.567000,0.189000,-64,0.000000,7,8
1,10.000000,9.454000,0.249000,-64,0.000000,7,8
1,10.000000,9.526000,0.217000,-64,0.000000,7,8
1,10.000000,9.573000,0.239000,-65,0.000000,7,8
1,10.000000,9.576000,0.214000,-65,0.000000,7,8
1,10.000000,9.686000,0.171000,-65,0.000000,7,8
1,10.000000,9.526000,0.223000,-65,0.000000,7,8
1,10.000000,9.576000,0.231000,-65,0.000000,7,8
1,10.000000,9.492000,0.256000,-65,0.000000,7,8
1,10.000000,6.721000,1.588000,-62,0.000000,7,8
1,10.000000,9.526000,0.234000,-65,0.000000,7,8
1,10.000000,9.614000,0.197000,-65,0.000000,7,8
1,10.000000,9.567000,0.189000,-65,0.000000,7,8
1,10.000000,9.686000,0.185000,-64,0.000000,7,8
1,10.000000,9.526000,0.217000,-65,0.000000,7,8
1,10.000000,9.614000,0.162000,-65,0.000000,7,8
1,10.000000,9.651000,0.163000,-64,0.000000,7,8
1,10.000000,8.473000,1.432000,-62,0.000000,7,8
1,10.000000,9.492000,0.249000,-65,0.000000,7,8
1,10.000000,7.303000,1.014000,-62,0.000000,7,8
1,10.000000,6.956000,1.503000,-62,0.000000,7,8
1,10.000000,9.651000,0.185000,-65,0.000000,7,8
1,10.000000,9.651000,0.226000,-65,0.000000,7,8
1,10.000000,9.567000,0.225000,-64,0.000000,7,8
1,10.000000,9.526000,0.192000,-65,0.000000,7,8
1,10.000000,8.253000,1.399000,-63,0.000000,7,8
1,10.000000,9.833000,0.313000,-64,0.000000,7,8
1,10.000000,9.254000,0.356000,-64,0.000000,7,8
1,10.000000,9.526000,0.208000,-64,0.000000,7,8
1,10.000000,9.625000,0.259000,-63,0.000000,7,8
1,10.000000,6.253000,1.750000,-62,0.000000,7,8
1,10.000000,9.526000,0.250000,-64,0.000000,7,8
1,10.000000,9.567000,0.261000,-65,0.000000,7,8
1,10.000000,9.645000,0.168000,-65,0.000000,7,8
1,10.000000,9.532000,0.229000,-65,0.000000,7,8
1,10.000000,9.576000,0.215000,-65,0.000000,7,8
1,10.000000,9.495000,0.228000,-65,0.000000,7,8
1,10.000000,9.529000,0.261000,-65,0.000000,7,8
1,10.000000,9.526000,0.223000,-65,0.000000,7,8
1,10.000000,9.576000,0.214000,-65,0.000000,7,8
1,10.000000,9.648000,0.225000,-65,0.000000,7,8
1,10.000000,9.564000,0.208000,-64,0.000000,7,8
1,10.000000,9.604000,0.220000,-65,0.000000,7,8
1,10.000000,9.726000,0.191000,-64,0.000000,7,8
1,10.000000,9.689000,0.159000,-65,0.000000,7,8
1,10.000000,9.648000,0.255000,-65,0.000000,7,8
1,10.000000,8.968000,1.115000,-62,0.000000,7,8
1,10.000000,9.526000,0.217000,-65,0.000000,7,8
1,10.000000,9.567000,0.267000,-65,0.000000,7,8
1,10.000000,9.576000,0.232000,-65,0.000000,7,8
1,10.000000,9.611000,0.243000,-65,0.000000,7,8
1,10.000000,9.489000,0.250000,-65,0.000000,7,8
1,10.000000,9.608000,0.174000,-64,0.000000,7,8
1,10.000000,9.689000,0.174000,-65,0.000000,7,8
1,10.000000,9.539000,0.265000,-65,0.000000,7,8
1,10.000000,9.648000,0.255000,-64,0.000000,7,8
1,10.000000,9.651000,0.202000,-65,0.000000,7,8
1,10.000000,9.567000,0.209000,-65,0.000000,7,8
1,10.000000,9.686000,0.272000,-64,0.000000,7,8
1,10.000000,9.492000,0.240000,-64,0.000000,7,8
1,10.000000,9.604000,0.180000,-65,0.000000,7,8
1,10.000000,9.529000,0.272000,-65,0.000000,7,8
1,10.000000,9.489000,0.239000,-65,0.000000,7,8
1,10.000000,9.539000,0.235000,-65,0.000000,7,8
1,10.000000,9.567000,0.235000,-64,0.000000,7,8
1,10.000000,9.567000,0.189000,-65,0.000000,7,8
1,10.000000,9.570000,0.231000,-65,0.000000,7,8
1,10.000000,9.689000,0.178000,-65,0.000000,7,8
1,10.000000,9.567000,0.197000,-65,0.000000,7,8
1,10.000000,9.532000,0.229000,-65,0.000000,7,8
1,10.000000,8.919000,1.215000,-64,0.000000,7,8
1,10.000000,9.686000,0.245000,-65,0.000000,7,8
1,10.000000,9.529000,0.223000,-65,0.000000,7,8
1,10.000000,8.586000,1.145000,-62,0.000000,7,8
1,10.000000,9.604000,0.236000,-65,0.000000,7,8
1,10.000000,9.611000,0.245000,-65,0.000000,7,8
1,10.000000,9.489000,0.262000,-64,0.000000,7,8
1,10.000000,9.495000,0.222000,-65,0.000000,7,8
1,10.000000,9.604000,0.180000,-65,0.000000,7,8
1,10.000000,9.536000,0.219000,-65,0.000000,7,8
1,10.000000,9.614000,0.197000,-64,0.000000,7,8
1,10.000000,9.608000,0.191000,-65,0.000000,7,8
1,10.000000,9.686000,0.171000,-65,0.000000,7,8
1,10.000000,8.025000,1.161000,-62,0.000000,7,8
1,10.000000,9.614000,0.175000,-65,0.000000,7,8
1,10.000000,9.576000,0.231000,-65,0.000000,7,8
1,10.000000,9.651000,0.183000,-65,0.000000,7,8
1,10.000000,9.614000,0.162000,-65,0.000000,7,8
1,10.000000,9.726000,0.145000,-65,0.000000,7,8
1,10.000000,9.526000,0.217000,-65,0.000000,7,8
1,10.000000,9.607000,0.252000,-64,0.000000,7,8
1,10.000000,9.532000,0.224000,-65,0.000000,7,8
1,10.000000,9.526000,0.183000,-65,0.000000,7,8
1,10.000000,9.529000,0.255000,-65,0.000000,7,8
1,10.000000,9.576000,0.214000,-64,0.000000,7,8
1,10.000000,9.489000,0.259000,-65,0.000000,7,8
1,10.000000,9.611000,0.254000,-65,0.000000,7,8
1,10.000000,9.547000,0.234000,-65,0.000000,7,8
1,10.000000,9.564000,0.200000,-65,0.000000,7,8
1,10.000000,9.651000,0.182000,-65,0.000000,7,8
1,10.000000,6.956000,1.088000,-61,0.000000,7,8
1,10.000000,9.651000,0.238000,-64,0.000000,7,8
1,10.000000,9.451000,0.289000,-63,0.000000,7,8
1,10.000000,9.689000,0.192000,-63,0.000000,7,8
1,10.000000,9.607000,0.275000,-63,0.000000,7,8
1,10.000000,9.689000,0.203000,-64,0.000000,7,8
1,10.000000,9.217000,0.444000,-63,0.000000,7,8
1,10.000000,9.614000,0.198000,-63,0.000000,7,8
1,10.000000,9.500000,0.831000,-62,0.000000,7,8
1,10.000000,9.614000,0.268000,-63,0.000000,7,8
1,10.000000,9.489000,0.297000,-62,0.000000,7,8
1,10.000000,9.651000,0.230000,-62,0.000000,7,8
1,10.000000,9.539000,0.245000,-62,0.000000,7,8
1,10.000000,9.648000,0.261000,-62,0.000000,7,8
1,10.000000,9.608000,0.196000,-62,0.000000,7,8
1,10.000000,9.573000,0.186000,-62,0.000000,7,8
1,10.000000,9.651000,0.212000,-62,0.000000,7,8
1,10.000000,9.567000,0.222000,-62,0.000000,7,8
1,10.000000,9.604000,0.270000,-63,0.000000,7,8
1,10.000000,8.287000,0.876000,-60,0.000000,7,8
1,10.000000,8.912000,0.805000,-60,0.000000,7,8
1,10.000000,8.899000,0.611000,-60,0.000000,7,8
1,10.000000,7.659000,0.412000,-60,0.000000,7,8
1,10.000000,8.372000,0.894000,-61,0.000000,7,8
1,10.000000,8.140000,0.855000,-61,0.000000,7,8
1,10.000000,8.196000,0.768000,-60,0.000000,7,8
1,10.000000,7.771000,0.392000,-60,0.000000,7,8
1,10.000000,8.287000,0.934000,-61,0.000000,7,8
1,10.000000,8.367000,0.911000,-61,0.000000,7,8
1,10.000000,8.362000,0.748000,-60,0.000000,7,8
1,10.000000,8.683000,0.782000,-61,0.000000,7,8
1,10.000000,8.006000,1.002000,-61,0.000000,7,8
1,10.000000,7.781000,0.688000,-61,0.000000,7,8
1,10.000000,7.190000,0.928000,-61,0.000000,7,8
1,10.000000,9.489000,0.300000,-63,0.000000,7,8
1,10.000000,9.532000,0.270000,-64,0.000000,7,8
1,10.000000,9.539000,0.291000,-63,0.000000,7,8
1,10.000000,9.486000,0.321000,-64,0.000000,7,8
1,10.000000,9.526000,0.249000,-64,0.000000,7,8
1,10.000000,9.529000,0.292000,-63,0.000000,7,8
1,10.000000,9.492000,0.300000,-64,0.000000,7,8
1,10.000000,9.526000,0.226000,-64,0.000000,7,8
1,10.000000,9.489000,0.282000,-64,0.000000,7,8
1,10.000000,9.492000,0.289000,-64,0.000000,7,8
1,10.000000,9.567000,0.239000,-64,0.000000,7,8
1,10.000000,9.420000,0.341000,-64,0.000000,7,8
1,10.000000,9.576000,0.215000,-64,0.000000,7,8
1,10.000000,9.539000,0.315000,-64,0.000000,7,8
1,10.000000,7.659000,0.859000,-61,0.000000,7,8
1,10.000000,9.539000,0.277000,-64,0.000000,7,8
1,10.000000,9.454000,0.263000,-64,0.000000,7,8
1,10.000000,9.536000,0.288000,-64,0.000000,7,8
1,10.000000,9.614000,0.246000,-64,0.000000,7,8
1,10.000000,9.614000,0.245000,-64,0.000000,7,8
1,10.000000,9.529000,0.285000,-64,0.000000,7,8
1,10.000000,9.486000,0.262000,-64,0.000000,7,8
1,10.000000,9.420000,0.290000,-64,0.000000,7,8
1,10.000000,9.417000,0.303000,-64,0.000000,7,8
1,10.000000,9.451000,0.298000,-64,0.000000,7,8
1,10.000000,9.454000,0.290000,-64,0.000000,7,8
1,10.000000,9.451000,0.298000,-64,0.000000,7,8
1,10.000000,9.526000,0.259000,-64,0.000000,7,8
1,10.000000,9.648000,0.217000,-64,0.000000,7,8
1,10.000000,9.448000,0.275000,-64,0.000000,7,8
1,10.000000,9.526000,0.243000,-64,0.000000,7,8
1,10.000000,9.526000,0.254000,-64,0.000000,7,8
1,10.000000,9.417000,0.270000,-64,0.000000,7,8
1,10.000000,9.573000,0.289000,-63,0.000000,7,8
1,10.000000,9.489000,0.239000,-64,0.000000,7,8
1,10.000000,9.489000,0.256000,-64,0.000000,7,8
1,10.000000,9.539000,0.279000,-64,0.000000,7,8
1,10.000000,9.492000,0.304000,-64,0.000000,7,8
1,10.000000,9.451000,0.286000,-64,0.000000,7,8
1,10.000000,9.536000,0.286000,-64,0.000000,7,8
1,10.000000,9.498000,0.261000,-64,0.000000,7,8
1,10.000000,8.145000,0.939000,-61,0.000000,7,8
1,10.000000,9.451000,0.306000,-64,0.000000,7,8
1,10.000000,9.489000,0.307000,-64,0.000000,7,8
1,10.000000,9.454000,0.301000,-64,0.000000,7,8
1,10.000000,9.498000,0.245000,-64,0.000000,7,8
1,10.000000,8.979000,0.898000,-63,0.000000,7,8
1,10.000000,8.271000,0.830000,-61,0.000000,7,8
1,10.000000,9.451000,0.320000,-63,0.000000,7,8
1,10.000000,8.705000,1.088000,-61,0.000000,7,8
1,10.000000,9.489000,0.284000,-63,0.000000,7,8
1,10.000000,9.576000,0.253000,-63,0.000000,7,8
1,10.000000,9.529000,0.293000,-63,0.000000,7,8
1,10.000000,9.576000,0.235000,-64,0.000000,7,8
1,10.000000,9.529000,0.260000,-64,0.000000,7,8
1,10.000000,9.526000,0.258000,-64,0.000000,7,8
1,10.000000,9.536000,0.279000,-63,0.000000,7,8
1,10.000000,9.533000,0.262000,-63,0.000000,7,8
1,10.000000,9.417000,0.289000,-63,0.000000,7,8
1,10.000000,9.451000,0.266000,-63,0.000000,7,8
1,10.000000,9.573000,0.255000,-63,0.000000,7,8
1,10.000000,9.461000,0.291000,-64,0.000000,7,8
1,10.000000,9.417000,0.288000,-63,0.000000,7,8
1,10.000000,9.492000,0.294000,-64,0.000000,7,8
1,10.000000,9.451000,0.330000,-64,0.000000,7,8
1,10.000000,9.576000,0.231000,-63,0.000000,7,8
1,10.000000,9.526000,0.207000,-63,0.000000,7,8
1,10.000000,9.420000,0.291000,-63,0.000000,7,8
1,10.000000,9.451000,0.280000,-63,0.000000,7,8
1,10.000000,9.489000,0.295000,-63,0.000000,7,8
1,10.000000,9.532000,0.287000,-64,0.000000,7,8
1,10.000000,9.457000,0.282000,-63,0.000000,7,8
1,10.000000,9.489000,0.220000,-63,0.000000,7,8
1,10.000000,9.529000,0.272000,-63,0.000000,7,8
1,10.000000,9.614000,0.215000,-63,0.000000,7,8
1,10.000000,9.489000,0.282000,-64,0.000000,7,8
1,10.000000,9.573000,0.246000,-63,0.000000,7,8
1,10.000000,9.451000,0.316000,-64,0.000000,7,8
1,10.000000,9.573000,0.247000,-63,0.000000,7,8
1,10.000000,9.364000,0.367000,-63,0.000000,7,8
1,10.000000,9.651000,0.191000,-63,0.000000,7,8
1,10.000000,9.401000,0.344000,-64,0.000000,7,8
1,10.000000,9.439000,0.345000,-63,0.000000,7,8
1,10.000000,9.539000,0.247000,-63,0.000000,7,8
1,10.000000,9.573000,0.218000,-63,0.000000,7,8
1,10.000000,9.379000,0.310000,-63,0.000000,7,8
1,10.000000,9.533000,0.246000,-63,0.000000,7,8
1,10.000000,9.492000,0.336000,-64,0.000000,7,8
1,10.000000,9.573000,0.218000,-63,0.000000,7,8
1,10.000000,9.489000,0.298000,-64,0.000000,7,8
1,10.000000,9.342000,0.349000,-64,0.000000,7,8
1,10.000000,9.576000,0.252000,-64,0.000000,7,8
1,10.000000,9.492000,0.278000,-64,0.000000,7,8
1,10.000000,9.526000,0.268000,-64,0.000000,7,8
1,10.000000,9.492000,0.263000,-64,0.000000,7,8
1,10.000000,9.573000,0.218000,-64,0.000000,7,8
1,10.000000,9.489000,0.279000,-64,0.000000,7,8
1,10.000000,9.457000,0.264000,-64,0.000000,7,8
1,10.000000,9.492000,0.256000,-64,0.000000,7,8
1,10.000000,9.457000,0.241000,-64,0.000000,7,8
1,10.000000,9.611000,0.269000,-64,0.000000,7,8
1,10.000000,9.573000,0.267000,-64,0.000000,7,8
1,10.000000,9.536000,0.224000,-64,0.000000,7,8
1,10.000000,9.451000,0.298000,-64,0.000000,7,8
1,10.000000,9.457000,0.295000,-64,0.000000,7,8
1,10.000000,9.489000,0.301000,-64,0.000000,7,8
1,10.000000,9.526000,0.218000,-64,0.000000,7,8
1,10.000000,9.492000,0.258000,-64,0.000000,7,8
1,10.000000,9.454000,0.283000,-64,0.000000,7,8
1,10.000000,9.607000,0.274000,-64,0.000000,7,8
1,10.000000,9.526000,0.261000,-64,0.000000,7,8
1,10.000000,9.461000,0.310000,-64,0.000000,7,8
1,10.000000,9.526000,0.238000,-64,0.000000,7,8
1,10.000000,9.451000,0.271000,-64,0.000000,7,8
1,10.000000,9.411000,0.327000,-63,0.000000,7,8
1,10.000000,9.417000,0.381000,-64,0.000000,7,8
1,10.000000,9.451000,0.271000,-64,0.000000,7,8
1,10.000000,9.382000,0.351000,-64,0.000000,7,8
1,10.000000,9.339000,0.342000,-64,0.000000,7,8
1,10.000000,9.529000,0.300000,-65,0.000000,7,8
1,10.000000,9.532000,0.270000,-64,0.000000,7,8
1,10.000000,9.414000,0.348000,-65,0.000000,7,8
1,10.000000,9.414000,0.319000,-65,0.000000,7,8
1,10.000000,9.614000,0.215000,-64,0.000000,7,8
1,10.000000,9.379000,0.380000,-64,0.000000,7,8
1,10.000000,9.611000,0.213000,-64,0.000000,7,8
1,10.000000,9.539000,0.255000,-64,0.000000,7,8
1,10.000000,9.576000,0.217000,-64,0.000000,7,8
1,10.000000,9.339000,0.339000,-64,0.000000,7,8
1,10.000000,9.364000,0.384000,-64,0.000000,7,8
1,10.000000,9.489000,0.233000,-64,0.000000,7,8
1,10.000000,9.451000,0.294000,-65,0.000000,7,8
1,10.000000,9.489000,0.240000,-64,0.000000,7,8
1,10.000000,9.289000,0.321000,-64,0.000000,7,8
1,10.000000,9.651000,0.234000,-64,0.000000,7,8
1,10.000000,9.489000,0.251000,-64,0.000000,7,8
1,10.000000,9.379000,0.330000,-64,0.000000,7,8
1,10.000000,9.454000,0.326000,-64,0.000000,7,8
1,10.000000,9.414000,0.339000,-64,0.000000,7,8
1,10.000000,9.301000,0.318000,-64,0.000000,7,8
1,10.000000,9.576000,0.233000,-64,0.000000,7,8
1,10.000000,9.461000,0.327000,-64,0.000000,7,8
1,10.000000,9.339000,0.327000,-64,0.000000,7,8
1,10.000000,9.401000,0.308000,-64,0.000000,7,8
1,10.000000,9.373000,0.330000,-64,0.000000,7,8
1,10.000000,9.273000,0.933000,-64,0.000000,7,8
1,10.000000,9.461000,0.333000,-64,0.000000,7,8
1,10.000000,9.539000,0.262000,-64,0.000000,7,8
1,10.000000,9.501000,0.282000,-64,0.000000,7,8
1,10.000000,9.576000,0.256000,-64,0.000000,7,8
1,10.000000,9.367000,0.357000,-64,0.000000,7,8
1,10.000000,9.614000,0.205000,-65,0.000000,7,8
1,10.000000,9.539000,0.277000,-64,0.000000,7,8
1,10.000000,9.492000,0.318000,-64,0.000000,7,8
1,10.000000,9.492000,0.354000,-64,0.000000,7,8
1,10.000000,9.376000,0.270000,-64,0.000000,7,8
1,10.000000,9.451000,0.326000,-64,0.000000,7,8
1,10.000000,9.301000,0.358000,-64,0.000000,7,8
1,10.000000,9.489000,0.239000,-64,0.000000,7,8
1,10.000000,9.573000,0.309000,-64,0.000000,7,8
1,10.000000,9.461000,0.339000,-64,0.000000,7,8
1,10.000000,9.526000,0.217000,-64,0.000000,7,8
1,10.000000,9.526000,0.238000,-64,0.000000,7,8
1,10.000000,9.573000,0.258000,-64,0.000000,7,8
1,10.000000,9.576000,0.208000,-64,0.000000,7,8
1,10.000000,9.383000,0.766000,-64,0.000000,7,8
1,10.000000,9.576000,0.267000,-64,0.000000,7,8
1,10.000000,9.576000,0.217000,-64,0.000000,7,8
1,10.000000,9.489000,0.255000,-64,0.000000,7,8
1,10.000000,9.614000,0.233000,-64,0.000000,7,8
1,10.000000,9.614000,0.234000,-64,0.000000,7,8
1,10.000000,9.489000,0.297000,-64,0.000000,7,8
1,10.000000,9.489000,0.284000,-64,0.000000,7,8
1,10.000000,9.529000,0.242000,-64,0.000000,7,8
1,10.000000,9.489000,0.274000,-64,0.000000,7,8
1,10.000000,9.573000,0.248000,-64,0.000000,7,8
1,10.000000,9.417000,0.310000,-64,0.000000,7,8
1,10.000000,9.573000,0.246000,-64,0.000000,7,8
1,10.000000,9.648000,0.208000,-64,0.000000,7,8
1,10.000000,9.529000,0.276000,-64,0.000000,7,8
1,10.000000,9.608000,0.273000,-64,0.000000,7,8
1,10.000000,9.539000,0.277000,-64,0.000000,7,8
1,10.000000,9.573000,0.228000,-64,0.000000,7,8
1,10.000000,9.573000,0.240000,-64,0.000000,7,8
1,10.000000,9.492000,0.283000,-64,0.000000,7,8
1,10.000000,9.526000,0.243000,-64,0.000000,7,8
1,10.000000,9.495000,0.282000,-64,0.000000,7,8
1,10.000000,9.614000,0.210000,-64,0.000000,7,8
1,10.000000,9.576000,0.215000,-64,0.000000,7,8
1,10.000000,9.570000,0.286000,-64,0.000000,7,8
1,10.000000,9.526000,0.197000,-64,0.000000,7,8
1,10.000000,9.489000,0.249000,-64,0.000000,7,8
1,10.000000,9.536000,0.305000,-64,0.000000,7,8
1,10.000000,9.533000,0.279000,-64,0.000000,7,8
1,10.000000,9.277000,0.921000,-63,0.000000,7,8
1,10.000000,9.611000,0.262000,-64,0.000000,7,8
1,10.000000,9.410000,0.339000,-63,0.000000,7,8
1,10.000000,9.458000,0.264000,-64,0.000000,7,8
1,10.000000,9.489000,0.274000,-64,0.000000,7,8
1,10.000000,9.529000,0.289000,-64,0.000000,7,8
1,10.000000,9.492000,0.305000,-64,0.000000,7,8
1,10.000000,9.651000,0.186000,-64,0.000000,7,8
1,10.000000,9.529000,0.294000,-64,0.000000,7,8
1,10.000000,9.651000,0.200000,-64,0.000000,7,8
1,10.000000,9.529000,0.262000,-64,0.000000,7,8
1,10.000000,9.526000,0.238000,-64,0.000000,7,8
1,10.000000,9.451000,0.330000,-64,0.000000,7,8
1,10.000000,9.501000,0.275000,-64,0.000000,7,8
1,10.000000,9.573000,0.248000,-63,0.000000,7,8
1,10.000000,9.526000,0.226000,-64,0.000000,7,8
1,10.000000,9.614000,0.196000,-64,0.000000,7,8
1,10.000000,9.489000,0.280000,-64,0.000000,7,8
1,10.000000,9.570000,0.265000,-64,0.000000,7,8
1,10.000000,9.420000,0.332000,-64,0.000000,7,8
1,10.000000,8.979000,0.620000,-63,0.000000,7,8
1,10.000000,9.454000,0.276000,-63,0.000000,7,8
1,10.000000,9.576000,0.215000,-64,0.000000,7,8
1,10.000000,9.251000,0.424000,-64,0.000000,7,8
1,10.000000,9.501000,0.275000,-64,0.000000,7,8
1,10.000000,9.010000,0.523000,-63,0.000000,7,8
1,10.000000,9.264000,0.364000,-64,0.000000,7,8
1,10.000000,9.301000,0.361000,-63,0.000000,7,8
1,10.000000,9.423000,0.310000,-63,0.000000,7,8
1,10.000000,9.329000,0.428000,-64,0.000000,7,8
1,10.000000,9.104000,0.428000,-64,0.000000,7,8
1,10.000000,9.258000,0.396000,-64,0.000000,7,8
1,10.000000,9.217000,0.405000,-64,0.000000,7,8
1,10.000000,9.261000,0.371000,-64,0.000000,7,8
1,10.000000,9.336000,0.317000,-64,0.000000,7,8
1,10.000000,9.461000,0.275000,-64,0.000000,7,8
1,10.000000,9.145000,0.434000,-64,0.000000,7,8
1,10.000000,9.489000,0.235000,-64,0.000000,7,8
1,10.000000,9.611000,0.282000,-62,0.000000,7,8
1,10.000000,9.651000,0.204000,-62,0.000000,7,8
1,10.000000,9.729000,0.192000,-63,0.000000,7,8
1,10.000000,9.679000,0.190000,-62,0.000000,7,8
1,10.000000,9.723000,0.230000,-63,0.000000,7,8
1,10.000000,9.604000,0.257000,-63,0.000000,7,8
1,10.000000,9.651000,0.355000,-62,0.000000,7,8
1,10.000000,9.651000,0.250000,-63,0.000000,7,8
1,10.000000,9.576000,0.288000,-62,0.000000,7,8
1,10.000000,9.645000,0.304000,-62,0.000000,7,8
1,10.000000,9.604000,0.283000,-62,0.000000,7,8
1,10.000000,9.651000,0.230000,-63,0.000000,7,8
1,10.000000,9.654000,0.291000,-63,0.000000,7,8
1,10.000000,9.689000,0.217000,-63,0.000000,7,8
1,10.000000,9.607000,0.275000,-63,0.000000,7,8
1,10.000000,9.648000,0.267000,-62,0.000000,7,8
1,10.000000,9.689000,0.232000,-62,0.000000,7,8
1,10.000000,9.604000,0.329000,-62,0.000000,7,8
1,10.000000,9.614000,0.257000,-63,0.000000,7,8
1,10.000000,9.576000,0.248000,-62,0.000000,7,8
1,10.000000,9.526000,0.321000,-62,0.000000,7,8
1,10.000000,9.692000,0.213000,-63,0.000000,7,8
1,10.000000,9.604000,0.283000,-63,0.000000,7,8
1,10.000000,9.601000,0.226000,-63,0.000000,7,8
1,10.000000,9.651000,0.229000,-63,0.000000,7,8
1,10.000000,9.614000,0.257000,-63,0.000000,7,8
1,10.000000,9.567000,0.292000,-63,0.000000,7,8
1,10.000000,9.801000,0.190000,-63,0.000000,7,8
1,10.000000,9.576000,0.257000,-63,0.000000,7,8
1,10.000000,9.682000,0.265000,-63,0.000000,7,8
1,10.000000,9.648000,0.267000,-63,0.000000,7,8
1,10.000000,9.570000,0.270000,-62,0.000000,7,8
1,10.000000,9.651000,0.192000,-63,0.000000,7,8
1,10.000000,9.645000,0.282000,-63,0.000000,7,8
1,10.000000,9.686000,0.238000,-63,0.000000,7,8
1,10.000000,9.689000,0.195000,-62,0.000000,7,8
1,10.000000,9.651000,0.228000,-62,0.000000,7,8
1,10.000000,9.726000,0.171000,-63,0.000000,7,8
1,10.000000,9.648000,0.267000,-62,0.000000,7,8
1,10.000000,9.614000,0.301000,-63,0.000000,7,8
1,10.000000,9.648000,0.267000,-62,0.000000,7,8
1,10.000000,9.723000,0.223000,-63,0.000000,7,8
1,10.000000,9.645000,0.301000,-62,0.000000,7,8
1,10.000000,9.539000,0.321000,-63,0.000000,7,8
1,10.000000,9.682000,0.254000,-63,0.000000,7,8
1,10.000000,9.729000,0.179000,-63,0.000000,7,8
1,10.000000,9.576000,0.289000,-63,0.000000,7,8
1,10.000000,9.604000,0.281000,-63,0.000000,7,8
1,10.000000,9.604000,0.283000,-63,0.000000,7,8
1,10.000000,9.651000,0.237000,-62,0.000000,7,8
1,10.000000,9.604000,0.280000,-63,0.000000,7,8
1,10.000000,9.539000,0.280000,-63,0.000000,7,8
1,10.000000,9.726000,0.171000,-63,0.000000,7,8
1,10.000000,9.501000,0.312000,-62,0.000000,7,8
1,10.000000,9.339000,0.362000,-62,0.000000,7,8
1,10.000000,9.411000,0.388000,-63,0.000000,7,8
1,10.000000,9.539000,0.353000,-62,0.000000,7,8
1,10.000000,9.645000,0.282000,-63,0.000000,7,8
1,10.000000,9.651000,0.230000,-62,0.000000,7,8
1,10.000000,9.607000,0.274000,-62,0.000000,7,8
1,10.000000,9.614000,0.254000,-62,0.000000,7,8
1,10.000000,9.764000,0.184000,-62,0.000000,7,8
1,10.000000,9.689000,0.194000,-63,0.000000,7,8
1,10.000000,9.651000,0.237000,-63,0.000000,7,8
1,10.000000,9.723000,0.223000,-62,0.000000,7,8
1,10.000000,9.567000,0.307000,-63,0.000000,7,8
1,10.000000,9.686000,0.253000,-63,0.000000,7,8
1,10.000000,9.614000,0.225000,-62,0.000000,7,8
1,10.000000,9.726000,0.184000,-63,0.000000,7,8
1,10.000000,9.645000,0.291000,-63,0.000000,7,8
1,10.000000,9.576000,0.264000,-63,0.000000,7,8
1,10.000000,9.689000,0.220000,-63,0.000000,7,8
1,10.000000,9.539000,0.261000,-64,0.000000,7,8
1,10.000000,9.489000,0.304000,-64,0.000000,7,8
1,10.000000,9.526000,0.318000,-64,0.000000,7,8
1,10.000000,9.458000,0.313000,-64,0.000000,7,8
1,10.000000,9.539000,0.277000,-64,0.000000,7,8
1,10.000000,9.526000,0.304000,-63,0.000000,7,8
1,10.000000,9.526000,0.305000,-63,0.000000,7,8
1,10.000000,9.576000,0.244000,-63,0.000000,7,8
1,10.000000,9.576000,0.255000,-63,0.000000,7,8
1,10.000000,9.536000,0.285000,-63,0.000000,7,8
1,10.000000,9.536000,0.275000,-63,0.000000,7,8
1,10.000000,9.526000,0.301000,-63,0.000000,7,8
1,10.000000,9.526000,0.261000,-64,0.000000,7,8
1,10.000000,9.526000,0.228000,-63,0.000000,7,8
1,10.000000,9.489000,0.233000,-63,0.000000,7,8
1,10.000000,9.651000,0.231000,-63,0.000000,7,8
1,10.000000,9.529000,0.292000,-63,0.000000,7,8
1,10.000000,9.570000,0.262000,-63,0.000000,7,8
1,10.000000,9.689000,0.208000,-63,0.000000,7,8
1,10.000000,9.686000,0.216000,-64,0.000000,7,8
1,10.000000,9.726000,0.180000,-64,0.000000,7,8
1,10.000000,9.648000,0.259000,-63,0.000000,7,8
1,10.000000,9.567000,0.266000,-63,0.000000,7,8
1,10.000000,9.651000,0.200000,-63,0.000000,7,8
1,10.000000,9.489000,0.307000,-63,0.000000,7,8
1,10.000000,9.573000,0.240000,-63,0.000000,7,8
1,10.000000,9.607000,0.292000,-63,0.000000,7,8
1,10.000000,9.576000,0.222000,-64,0.000000,7,8
1,10.000000,9.611000,0.243000,-63,0.000000,7,8
1,10.000000,9.576000,0.217000,-64,0.000000,7,8
1,10.000000,9.607000,0.269000,-63,0.000000,7,8
1,10.000000,9.651000,0.202000,-63,0.000000,7,8
1,10.000000,9.614000,0.211000,-63,0.000000,7,8
1,10.000000,9.576000,0.266000,-63,0.000000,7,8
1,10.000000,9.526000,0.261000,-62,0.000000,7,8
1,10.000000,9.214000,0.652000,-62,0.000000,7,8
1,10.000000,9.648000,0.219000,-63,0.000000,7,8
1,10.000000,9.567000,0.304000,-62,0.000000,7,8
1,10.000000,9.614000,0.243000,-62,0.000000,7,8
1,10.000000,9.726000,0.187000,-62,0.000000,7,8
1,10.000000,9.651000,0.237000,-62,0.000000,7,8
1,10.000000,9.564000,0.256000,-63,0.000000,7,8
1,10.000000,9.567000,0.319000,-62,0.000000,7,8
1,10.000000,9.689000,0.201000,-63,0.000000,7,8
1,10.000000,9.607000,0.276000,-63,0.000000,7,8
1,10.000000,9.608000,0.261000,-63,0.000000,7,8
1,10.000000,9.614000,0.214000,-63,0.000000,7,8
1,10.000000,9.754000,0.204000,-62,0.000000,7,8
1,10.000000,9.604000,0.280000,-63,0.000000,7,8
1,10.000000,9.682000,0.254000,-63,0.000000,7,8
1,10.000000,9.651000,0.201000,-63,0.000000,7,8
1,10.000000,9.651000,0.230000,-63,0.000000,7,8
1,10.000000,9.764000,0.220000,-63,0.000000,7,8
1,10.000000,9.604000,0.288000,-63,0.000000,7,8
1,10.000000,9.689000,0.220000,-63,0.000000,7,8
1,10.000000,9.651000,0.237000,-63,0.000000,7,8
1,10.000000,9.686000,0.271000,-62,0.000000,7,8
1,10.000000,9.576000,0.235000,-62,0.000000,7,8
1,10.000000,9.573000,0.316000,-63,0.000000,7,8
1,10.000000,9.576000,0.288000,-63,0.000000,7,8
1,10.000000,9.604000,0.267000,-62,0.000000,7,8
1,10.000000,9.288000,0.489000,-62,0.000000,7,8
1,10.000000,9.764000,0.166000,-62,0.000000,7,8
1,10.000000,9.607000,0.286000,-63,0.000000,7,8
1,10.000000,9.567000,0.301000,-62,0.000000,7,8
1,10.000000,9.576000,0.237000,-63,0.000000,7,8
1,10.000000,9.614000,0.253000,-63,0.000000,7,8
1,10.000000,9.648000,0.261000,-63,0.000000,7,8
1,10.000000,9.689000,0.193000,-63,0.000000,7,8
1,10.000000,9.689000,0.171000,-63,0.000000,7,8
1,10.000000,9.492000,0.309000,-62,0.000000,7,8
1,10.000000,9.648000,0.210000,-63,0.000000,7,8
1,10.000000,9.723000,0.219000,-63,0.000000,7,8
1,10.000000,9.692000,0.202000,-62,0.000000,7,8
1,10.000000,9.692000,0.222000,-62,0.000000,7,8
1,10.000000,9.604000,0.295000,-62,0.000000,7,8
1,10.000000,9.726000,0.171000,-62,0.000000,7,8
1,10.000000,9.604000,0.310000,-63,0.000000,7,8
1,10.000000,9.654000,0.271000,-63,0.000000,7,8
1,10.000000,9.604000,0.295000,-63,0.000000,7,8
1,10.000000,9.692000,0.225000,-63,0.000000,7,8
1,10.000000,9.614000,0.272000,-63,0.000000,7,8
1,10.000000,9.564000,0.237000,-62,0.000000,7,8
1,10.000000,9.651000,0.186000,-63,0.000000,7,8
1,10.000000,9.539000,0.280000,-63,0.000000,7,8
1,10.000000,9.689000,0.210000,-62,0.000000,7,8
1,10.000000,9.576000,0.265000,-63,0.000000,7,8
1,10.000000,9.651000,0.237000,-63,0.000000,7,8
1,10.000000,9.645000,0.273000,-63,0.000000,7,8
1,10.000000,9.651000,0.187000,-62,0.000000,7,8
1,10.000000,9.611000,0.194000,-62,0.000000,7,8
1,10.000000,9.614000,0.236000,-62,0.000000,7,8
1,10.000000,9.764000,0.175000,-63,0.000000,7,8
1,10.000000,9.682000,0.295000,-62,0.000000,7,8
1,10.000000,9.564000,0.247000,-62,0.000000,7,8
1,10.000000,9.726000,0.171000,-62,0.000000,7,8
1,10.000000,9.801000,0.176000,-63,0.000000,7,8
1,10.000000,9.692000,0.222000,-62,0.000000,7,8
1,10.000000,9.614000,0.245000,-62,0.000000,7,8
1,10.000000,9.567000,0.646000,-62,0.000000,7,8
1,10.000000,9.689000,0.183000,-63,0.000000,7,8
1,10.000000,9.651000,0.198000,-63,0.000000,7,8
1,10.000000,9.651000,0.229000,-63,0.000000,7,8
1,10.000000,9.761000,0.237000,-63,0.000000,7,8
1,10.000000,9.689000,0.183000,-63,0.000000,7,8
1,10.000000,9.539000,0.280000,-63,0.000000,7,8
1,10.000000,9.726000,0.216000,-63,0.000000,7,8
1,10.000000,9.614000,0.226000,-63,0.000000,7,8
1,10.000000,9.686000,0.215000,-63,0.000000,7,8
1,10.000000,9.604000,0.312000,-63,0.000000,7,8
1,10.000000,9.567000,0.319000,-63,0.000000,7,8
1,10.000000,9.726000,0.223000,-62,0.000000,7,8
1,10.000000,9.651000,0.221000,-63,0.000000,7,8
1,10.000000,9.567000,0.321000,-63,0.000000,7,8
1,10.000000,9.651000,0.198000,-63,0.000000,7,8
1,10.000000,9.614000,0.246000,-63,0.000000,7,8
1,10.000000,9.651000,0.206000,-62,0.000000,7,8
1,10.000000,9.764000,0.175000,-63,0.000000,7,8
1,10.000000,9.576000,0.279000,-63,0.000000,7,8
1,10.000000,9.576000,0.253000,-63,0.000000,7,8
1,10.000000,9.726000,0.171000,-62,0.000000,7,8
1,10.000000,9.651000,0.189000,-62,0.000000,7,8
1,10.000000,9.614000,0.216000,-62,0.000000,7,8
1,10.000000,9.570000,0.264000,-62,0.000000,7,8
1,10.000000,9.567000,0.313000,-63,0.000000,7,8
1,10.000000,9.614000,0.236000,-63,0.000000,7,8
1,10.000000,9.539000,0.300000,-63,0.000000,7,8
1,10.000000,9.604000,0.283000,-63,0.000000,7,8
1,10.000000,9.689000,0.201000,-62,0.000000,7,8
1,10.000000,9.526000,0.243000,-63,0.000000,7,8
1,10.000000,9.576000,0.253000,-63,0.000000,7,8
1,10.000000,9.651000,0.268000,-62,0.000000,7,8
1,10.000000,9.526000,0.243000,-62,0.000000,7,8
1,10.000000,9.576000,0.256000,-62,0.000000,7,8
1,10.000000,9.495000,0.285000,-63,0.000000,7,8
1,10.000000,9.567000,0.314000,-63,0.000000,7,8
1,10.000000,9.607000,0.273000,-63,0.000000,7,8
1,10.000000,9.559000,0.638000,-62,0.000000,7,8
1,10.000000,9.614000,0.234000,-63,0.000000,7,8
1,10.000000,9.526000,0.291000,-62,0.000000,7,8
1,10.000000,9.645000,0.198000,-62,0.000000,7,8
1,10.000000,9.614000,0.259000,-63,0.000000,7,8
1,10.000000,9.648000,0.259000,-63,0.000000,7,8
1,10.000000,9.608000,0.277000,-62,0.000000,7,8
1,10.000000,9.526000,0.274000,-63,0.000000,7,8
1,10.000000,9.532000,0.275000,-63,0.000000,7,8
1,10.000000,9.611000,0.234000,-63,0.000000,7,8
1,10.000000,9.689000,0.171000,-64,0.000000,7,8
1,10.000000,9.489000,0.307000,-64,0.000000,7,8
1,10.000000,9.529000,0.317000,-63,0.000000,7,8
1,10.000000,9.576000,0.221000,-64,0.000000,7,8
1,10.000000,9.604000,0.264000,-64,0.000000,7,8
1,10.000000,9.489000,0.313000,-64,0.000000,7,8
1,10.000000,9.614000,0.237000,-63,0.000000,7,8
1,10.000000,9.532000,0.291000,-63,0.000000,7,8
1,10.000000,9.648000,0.296000,-63,0.000000,7,8
1,10.000000,9.529000,0.336000,-64,0.000000,7,8
1,10.000000,9.576000,0.230000,-63,0.000000,7,8
1,10.000000,9.607000,0.317000,-63,0.000000,7,8
1,10.000000,8.952000,1.617000,-63,0.000000,7,8
1,10.000000,9.607000,0.280000,-63,0.000000,7,8
1,10.000000,9.457000,0.324000,-64,0.000000,7,8
1,10.000000,9.614000,0.225000,-62,0.000000,7,8
1,10.000000,9.576000,0.231000,-62,0.000000,7,8
1,10.000000,9.451000,0.320000,-62,0.000000,7,8
1,10.000000,9.651000,0.200000,-62,0.000000,7,8
1,10.000000,9.526000,0.287000,-62,0.000000,7,8
1,10.000000,9.489000,0.306000,-63,0.000000,7,8
1,10.000000,9.570000,0.280000,-63,0.000000,7,8
1,10.000000,9.526000,0.274000,-63,0.000000,7,8
1,10.000000,9.686000,0.201000,-63,0.000000,7,8
1,10.000000,9.614000,0.236000,-62,0.000000,7,8
1,10.000000,9.489000,0.313000,-63,0.000000,7,8
1,10.000000,9.573000,0.296000,-62,0.000000,7,8
1,10.000000,9.526000,0.259000,-63,0.000000,7,8
1,10.000000,9.495000,0.281000,-62,0.000000,7,8
1,10.000000,9.576000,0.253000,-62,0.000000,7,8
1,10.000000,9.567000,0.285000,-62,0.000000,7,8
1,10.000000,9.567000,0.320000,-63,0.000000,7,8
1,10.000000,9.495000,0.294000,-62,0.000000,7,8
1,10.000000,9.539000,0.299000,-63,0.000000,7,8
1,10.000000,9.576000,0.288000,-62,0.000000,7,8
1,10.000000,9.526000,0.262000,-62,0.000000,7,8
1,10.000000,9.451000,0.326000,-62,0.000000,7,8
1,10.000000,9.529000,0.286000,-63,0.000000,7,8
1,10.000000,9.614000,0.215000,-63,0.000000,7,8
1,10.000000,9.576000,0.274000,-62,0.000000,7,8
1,10.000000,9.529000,0.330000,-63,0.000000,7,8
1,10.000000,9.689000,0.202000,-62,0.000000,7,8
1,10.000000,9.489000,0.313000,-62,0.000000,7,8
1,10.000000,9.451000,0.325000,-62,0.000000,7,8
1,10.000000,9.526000,0.311000,-63,0.000000,7,8
1,10.000000,9.498000,0.293000,-63,0.000000,7,8
1,10.000000,9.614000,0.195000,-62,0.000000,7,8
1,10.000000,9.651000,0.230000,-62,0.000000,7,8
1,10.000000,9.651000,0.202000,-62,0.000000,7,8
1,10.000000,9.489000,0.295000,-62,0.000000,7,8
1,10.000000,9.526000,0.290000,-62,0.000000,7,8
1,10.000000,9.016000,0.666000,-62,0.000000,7,8
1,10.000000,9.686000,0.253000,-62,0.000000,7,8
1,10.000000,9.598000,0.646000,-62,0.000000,7,8
1,10.000000,9.689000,0.201000,-62,0.000000,7,8
1,10.000000,9.607000,0.279000,-62,0.000000,7,8
1,10.000000,9.573000,0.248000,-62,0.000000,7,8
1,10.000000,9.526000,0.303000,-62,0.000000,7,8
1,10.000000,9.576000,0.266000,-62,0.000000,7,8
1,10.000000,9.576000,0.256000,-63,0.000000,7,8
1,10.000000,9.726000,0.180000,-62,0.000000,7,8
1,10.000000,9.526000,0.243000,-63,0.000000,7,8
1,10.000000,9.689000,0.201000,-62,0.000000,7,8
1,10.000000,9.607000,0.274000,-62,0.000000,7,8
1,10.000000,9.651000,0.213000,-62,0.000000,7,8
1,10.000000,9.570000,0.265000,-62,0.000000,7,8
1,10.000000,9.536000,0.223000,-62,0.000000,7,8
1,10.000000,9.573000,0.248000,-62,0.000000,7,8
1,10.000000,9.614000,0.194000,-62,0.000000,7,8
1,10.000000,9.607000,0.276000,-62,0.000000,7,8
1,10.000000,9.651000,0.237000,-62,0.000000,7,8
1,10.000000,9.648000,0.267000,-62,0.000000,7,8
1,10.000000,9.686000,0.253000,-62,0.000000,7,8
1,10.000000,9.576000,0.253000,-61,0.000000,7,8
1,10.000000,9.576000,0.253000,-62,0.000000,7,8
1,10.000000,9.492000,0.325000,-62,0.000000,7,8
1,10.000000,9.489000,0.274000,-62,0.000000,7,8
1,10.000000,9.689000,0.220000,-62,0.000000,7,8
1,10.000000,9.648000,0.217000,-62,0.000000,7,8
1,10.000000,9.614000,0.246000,-62,0.000000,7,8
1,10.000000,9.611000,0.282000,-62,0.000000,7,8
1,10.000000,9.764000,0.181000,-62,0.000000,7,8
1,10.000000,9.539000,0.276000,-62,0.000000,7,8
1,10.000000,9.611000,0.243000,-62,0.000000,7,8
1,10.000000,9.611000,0.268000,-62,0.000000,7,8
1,10.000000,9.614000,0.245000,-62,0.000000,7,8
1,10.000000,9.604000,0.276000,-62,0.000000,7,8
1,10.000000,9.651000,0.220000,-62,0.000000,7,8
1,10.000000,9.576000,0.252000,-62,0.000000,7,8
1,10.000000,9.614000,0.197000,-62,0.000000,7,8
1,10.000000,9.526000,0.274000,-62,0.000000,7,8
1,10.000000,9.576000,0.266000,-62,0.000000,7,8
1,10.000000,9.686000,0.225000,-62,0.000000,7,8
1,10.000000,9.614000,0.245000,-62,0.000000,7,8
1,10.000000,9.576000,0.288000,-62,0.000000,7,8
1,10.000000,9.651000,0.221000,-62,0.000000,7,8
1,10.000000,9.604000,0.264000,-62,0.000000,7,8
1,10.000000,9.604000,0.270000,-62,0.000000,7,8
1,10.000000,9.526000,0.313000,-62,0.000000,7,8
1,10.000000,9.526000,0.261000,-62,0.000000,7,8
1,10.000000,9.689000,0.212000,-62,0.000000,7,8
1,10.000000,9.689000,0.178000,-63,0.000000,7,8
1,10.000000,9.489000,0.310000,-63,0.000000,7,8
1,10.000000,9.489000,0.305000,-62,0.000000,7,8
1,10.000000,9.489000,0.321000,-62,0.000000,7,8
1,10.000000,9.567000,0.309000,-62,0.000000,7,8
1,10.000000,9.489000,0.294000,-62,0.000000,7,8
1,10.000000,9.645000,0.230000,-63,0.000000,7,8
1,10.000000,9.614000,0.195000,-62,0.000000,7,8
1,10.000000,9.614000,0.241000,-62,0.000000,7,8
1,10.000000,9.576000,0.248000,-62,0.000000,7,8
1,10.000000,9.573000,0.306000,-62,0.000000,7,8
1,10.000000,9.489000,0.319000,-62,0.000000,7,8
1,10.000000,9.567000,0.232000,-62,0.000000,7,8
1,10.000000,9.536000,0.256000,-63,0.000000,7,8
1,10.000000,9.648000,0.267000,-62,0.000000,7,8
1,10.000000,9.614000,0.269000,-63,0.000000,7,8
1,10.000000,9.489000,0.325000,-63,0.000000,7,8
1,10.000000,9.529000,0.336000,-62,0.000000,7,8
1,10.000000,9.648000,0.238000,-62,0.000000,7,8
1,10.000000,9.526000,0.288000,-62,0.000000,7,8
1,10.000000,9.526000,0.327000,-62,0.000000,7,8
1,10.000000,9.576000,0.281000,-63,0.000000,7,8
1,10.000000,9.567000,0.298000,-63,0.000000,7,8
1,10.000000,9.689000,0.185000,-62,0.000000,7,8
1,10.000000,9.686000,0.231000,-62,0.000000,7,8
1,10.000000,9.689000,0.204000,-61,0.000000,7,8
1,10.000000,9.764000,0.205000,-61,0.000000,7,8
1,10.000000,9.651000,0.192000,-62,0.000000,7,8
1,10.000000,9.564000,0.221000,-62,0.000000,7,8
1,10.000000,9.567000,0.280000,-62,0.000000,7,8
1,10.000000,9.614000,0.216000,-62,0.000000,7,8
1,10.000000,9.526000,0.291000,-62,0.000000,7,8
1,10.000000,9.607000,0.313000,-62,0.000000,7,8
1,10.000000,9.614000,0.246000,-63,0.000000,7,8
1,10.000000,9.576000,0.255000,-62,0.000000,7,8
1,10.000000,9.689000,0.201000,-62,0.000000,7,8
1,10.000000,9.682000,0.238000,-61,0.000000,7,8
1,10.000000,9.651000,0.194000,-62,0.000000,7,8
1,10.000000,9.526000,0.257000,-62,0.000000,7,8
1,10.000000,9.489000,0.241000,-64,0.000000,7,8
1,10.000000,9.576000,0.234000,-64,0.000000,7,8
1,10.000000,9.651000,0.202000,-63,0.000000,7,8
1,10.000000,9.526000,0.217000,-63,0.000000,7,8
1,10.000000,9.576000,0.243000,-63,0.000000,7,8
1,10.000000,9.454000,0.265000,-63,0.000000,7,8
1,10.000000,9.576000,0.235000,-63,0.000000,7,8
1,10.000000,9.689000,0.158000,-63,0.000000,7,8
1,10.000000,9.686000,0.201000,-64,0.000000,7,8
1,10.000000,9.576000,0.230000,-64,0.000000,7,8
1,10.000000,9.689000,0.183000,-63,0.000000,7,8
1,10.000000,9.401000,0.331000,-63,0.000000,7,8
1,10.000000,9.408000,0.407000,-63,0.000000,7,8
1,10.000000,9.479000,0.309000,-63,0.000000,7,8
1,10.000000,9.464000,0.284000,-63,0.000000,7,8
1,10.000000,9.376000,0.312000,-63,0.000000,7,8
1,10.000000,9.464000,0.314000,-63,0.000000,7,8
1,10.000000,9.576000,0.256000,-62,0.000000,7,8
1,10.000000,9.539000,0.301000,-63,0.000000,7,8
1,10.000000,9.723000,0.261000,-63,0.000000,7,8
1,10.000000,9.645000,0.259000,-63,0.000000,7,8
1,10.000000,9.489000,0.313000,-63,0.000000,7,8
1,10.000000,9.654000,0.270000,-63,0.000000,7,8
1,10.000000,9.576000,0.289000,-62,0.000000,7,8
1,10.000000,9.614000,0.214000,-63,0.000000,7,8
1,10.000000,9.651000,0.192000,-63,0.000000,7,8
1,10.000000,9.726000,0.164000,-63,0.000000,7,8
1,10.000000,9.614000,0.236000,-63,0.000000,7,8
1,10.000000,9.648000,0.228000,-62,0.000000,7,8
1,10.000000,9.689000,0.210000,-63,0.000000,7,8
1,10.000000,9.651000,0.208000,-63,0.000000,7,8
1,10.000000,9.726000,0.223000,-63,0.000000,7,8
1,10.000000,9.576000,0.265000,-63,0.000000,7,8
1,10.000000,9.726000,0.150000,-63,0.000000,7,8
1,10.000000,9.604000,0.281000,-63,0.000000,7,8
1,10.000000,9.764000,0.192000,-63,0.000000,7,8
1,10.000000,9.607000,0.292000,-63,0.000000,7,8
1,10.000000,9.651000,0.194000,-63,0.000000,7,8
1,10.000000,9.764000,0.198000,-62,0.000000,7,8
1,10.000000,9.607000,0.269000,-63,0.000000,7,8
1,10.000000,9.526000,0.226000,-63,0.000000,7,8
1,10.000000,9.689000,0.201000,-63,0.000000,7,8
1,10.000000,9.604000,0.283000,-63,0.000000,7,8
1,10.000000,9.651000,0.219000,-63,0.000000,7,8
1,10.000000,9.726000,0.161000,-63,0.000000,7,8
1,10.000000,9.648000,0.246000,-63,0.000000,7,8
1,10.000000,9.614000,0.245000,-63,0.000000,7,8
1,10.000000,9.526000,0.262000,-63,0.000000,7,8
1,10.000000,9.651000,0.237000,-63,0.000000,7,8
1,10.000000,9.576000,0.253000,-63,0.000000,7,8
1,10.000000,9.686000,0.275000,-63,0.000000,7,8
1,10.000000,9.689000,0.192000,-63,0.000000,7,8
1,10.000000,9.526000,0.297000,-63,0.000000,7,8
1,10.000000,9.726000,0.184000,-63,0.000000,7,8
1,10.000000,9.614000,0.195000,-63,0.000000,7,8
1,10.000000,9.686000,0.253000,-63,0.000000,7,8
1,10.000000,9.614000,0.226000,-63,0.000000,7,8
1,10.000000,9.604000,0.255000,-63,0.000000,7,8
1,10.000000,9.614000,0.223000,-63,0.000000,7,8
1,10.000000,9.651000,0.209000,-62,0.000000,7,8
1,10.000000,9.682000,0.238000,-63,0.000000,7,8
1,10.000000,9.614000,0.246000,-63,0.000000,7,8
1,10.000000,9.539000,0.313000,-63,0.000000,7,8
1,10.000000,9.576000,0.237000,-63,0.000000,7,8
1,10.000000,9.651000,0.229000,-62,0.000000,7,8
1,10.000000,9.686000,0.294000,-63,0.000000,7,8
1,10.000000,9.723000,0.211000,-63,0.000000,7,8
1,10.000000,9.557000,0.254000,-63,0.000000,7,8
1,10.000000,9.651000,0.212000,-63,0.000000,7,8
1,10.000000,9.604000,0.249000,-63,0.000000,7,8
1,10.000000,9.651000,0.201000,-63,0.000000,7,8
1,10.000000,9.617000,0.266000,-63,0.000000,7,8
1,10.000000,9.614000,0.201000,-63,0.000000,7,8
1,10.000000,9.764000,0.181000,-63,0.000000,7,8
1,10.000000,9.692000,0.227000,-63,0.000000,7,8
1,10.000000,9.689000,0.212000,-63,0.000000,7,8
1,10.000000,9.723000,0.183000,-62,0.000000,7,8
1,10.000000,9.720000,0.217000,-63,0.000000,7,8
1,10.000000,9.723000,0.211000,-63,0.000000,7,8
1,10.000000,9.645000,0.283000,-63,0.000000,7,8
1,10.000000,9.532000,0.275000,-63,0.000000,7,8
1,10.000000,9.654000,0.229000,-62,0.000000,7,8
1,10.000000,9.539000,0.290000,-63,0.000000,7,8
1,10.000000,9.682000,0.269000,-63,0.000000,7,8
1,10.000000,9.648000,0.211000,-62,0.000000,7,8
1,10.000000,9.567000,0.269000,-62,0.000000,7,8
1,10.000000,9.764000,0.181000,-62,0.000000,7,8
1,10.000000,9.651000,0.208000,-62,0.000000,7,8
1,10.000000,9.614000,0.242000,-62,0.000000,7,8
1,10.000000,9.576000,0.256000,-62,0.000000,7,8
1,10.000000,9.651000,0.210000,-63,0.000000,7,8
1,10.000000,9.801000,0.192000,-62,0.000000,7,8
1,10.000000,9.651000,0.202000,-63,0.000000,7,8
1,10.000000,9.567000,0.282000,-62,0.000000,7,8
1,10.000000,9.576000,0.272000,-62,0.000000,7,8
1,10.000000,9.726000,0.161000,-62,0.000000,7,8
1,10.000000,9.607000,0.274000,-62,0.000000,7,8
1,10.000000,9.651000,0.220000,-62,0.000000,7,8
1,10.000000,9.567000,0.314000,-62,0.000000,7,8
1,10.000000,9.791000,0.195000,-61,0.000000,7,8
1,10.000000,9.576000,0.256000,-62,0.000000,7,8
1,10.000000,9.567000,0.283000,-62,0.000000,7,8
1,10.000000,9.648000,0.267000,-63,0.000000,7,8
1,10.000000,9.607000,0.307000,-63,0.000000,7,8
1,10.000000,9.567000,0.320000,-62,0.000000,7,8
1,10.000000,9.686000,0.264000,-62,0.000000,7,8
1,10.000000,9.576000,0.288000,-62,0.000000,7,8
1,10.000000,9.614000,0.236000,-63,0.000000,7,8
1,10.000000,9.686000,0.264000,-63,0.000000,7,8
1,10.000000,9.526000,0.299000,-62,0.000000,7,8
1,10.000000,9.645000,0.273000,-62,0.000000,7,8
1,10.000000,9.614000,0.268000,-63,0.000000,7,8
1,10.000000,9.614000,0.212000,-62,0.000000,7,8
1,10.000000,9.611000,0.242000,-63,0.000000,7,8
1,10.000000,9.648000,0.267000,-63,0.000000,7,8
1,10.000000,9.686000,0.264000,-63,0.000000,7,8
1,10.000000,9.648000,0.232000,-62,0.000000,7,8
1,10.000000,9.645000,0.282000,-63,0.000000,7,8
1,10.000000,9.689000,0.215000,-62,0.000000,7,8
1,10.000000,9.576000,0.216000,-62,0.000000,7,8
1,10.000000,9.501000,0.316000,-62,0.000000,7,8
1,10.000000,9.404000,0.358000,-62,0.000000,7,8
1,10.000000,9.254000,0.359000,-63,0.000000,7,8
1,10.000000,9.376000,0.330000,-63,0.000000,7,8
1,10.000000,9.223000,0.441000,-63,0.000000,7,8
1,10.000000,9.414000,0.324000,-62,0.000000,7,8
1,10.000000,9.292000,0.397000,-64,0.000000,7,8
1,10.000000,9.292000,0.364000,-64,0.000000,7,8
1,10.000000,9.217000,0.396000,-64,0.000000,7,8
1,10.000000,9.264000,0.346000,-64,0.000000,7,8
1,10.000000,9.339000,0.317000,-64,0.000000,7,8
1,10.000000,9.264000,0.350000,-64,0.000000,7,8
1,10.000000,9.336000,0.371000,-64,0.000000,7,8
1,10.000000,9.258000,0.446000,-64,0.000000,7,8
1,10.000000,9.217000,0.434000,-64,0.000000,7,8
1,10.000000,9.214000,0.376000,-64,0.000000,7,8
1,10.000000,9.214000,0.397000,-64,0.000000,7,8
1,10.000000,9.264000,0.332000,-64,0.000000,7,8
1,10.000000,9.301000,0.337000,-64,0.000000,7,8
1,10.000000,9.264000,0.354000,-64,0.000000,7,8
1,10.000000,9.414000,0.291000,-64,0.000000,7,8
1,10.000000,9.298000,0.421000,-64,0.000000,7,8
1,10.000000,9.376000,0.310000,-64,0.000000,7,8
1,10.000000,9.301000,0.344000,-64,0.000000,7,8
1,10.000000,9.214000,0.344000,-64,0.000000,7,8
1,10.000000,9.376000,0.309000,-64,0.000000,7,8
1,10.000000,9.214000,0.386000,-64,0.000000,7,8
1,10.000000,9.264000,0.350000,-64,0.000000,7,8
1,10.000000,9.295000,0.357000,-64,0.000000,7,8
1,10.000000,9.301000,0.325000,-64,0.000000,7,8
1,10.000000,9.217000,0.438000,-65,0.000000,7,8
1,10.000000,9.339000,0.325000,-64,0.000000,7,8
1,10.000000,9.301000,0.359000,-65,0.000000,7,8
1,10.000000,9.333000,0.343000,-64,0.000000,7,8
1,10.000000,9.301000,0.387000,-64,0.000000,7,8
1,10.000000,9.373000,0.372000,-64,0.000000,7,8
1,10.000000,9.214000,0.404000,-65,0.000000,7,8
1,10.000000,9.254000,0.359000,-64,0.000000,7,8
1,10.000000,9.245000,0.896000,-64,0.000000,7,8
1,10.000000,9.292000,0.402000,-64,0.000000,7,8
1,10.000000,9.292000,0.372000,-64,0.000000,7,8
1,10.000000,9.264000,0.394000,-65,0.000000,7,8
1,10.000000,9.217000,0.395000,-65,0.000000,7,8
1,10.000000,9.214000,0.360000,-64,0.000000,7,8
1,10.000000,9.339000,0.342000,-64,0.000000,7,8
1,10.000000,9.336000,0.398000,-64,0.000000,7,8
1,10.000000,9.264000,0.350000,-64,0.000000,7,8
1,10.000000,9.176000,0.782000,-63,0.000000,7,8
1,10.000000,9.254000,0.408000,-64,0.000000,7,8
1,10.000000,9.301000,0.320000,-63,0.000000,7,8
1,10.000000,9.645000,0.267000,-62,0.000000,7,8
1,10.000000,9.651000,0.180000,-62,0.000000,7,8
1,10.000000,9.645000,0.258000,-62,0.000000,7,8
1,10.000000,9.576000,0.215000,-62,0.000000,7,8
1,10.000000,9.604000,0.280000,-62,0.000000,7,8
1,10.000000,9.567000,0.290000,-62,0.000000,7,8
1,10.000000,9.614000,0.246000,-62,0.000000,7,8
1,10.000000,9.651000,0.220000,-62,0.000000,7,8
1,10.000000,9.614000,0.232000,-63,0.000000,7,8
1,10.000000,9.532000,0.275000,-62,0.000000,7,8
1,10.000000,9.576000,0.214000,-62,0.000000,7,8
1,10.000000,9.614000,0.235000,-62,0.000000,7,8
1,10.000000,9.611000,0.207000,-62,0.000000,7,8
1,10.000000,9.648000,0.255000,-62,0.000000,7,8
1,10.000000,9.648000,0.268000,-63,0.000000,7,8
1,10.000000,9.576000,0.241000,-63,0.000000,7,8
1,10.000000,9.614000,0.198000,-63,0.000000,7,8
1,10.000000,9.726000,0.181000,-64,0.000000,7,8
1,10.000000,9.532000,0.264000,-63,0.000000,7,8
1,10.000000,9.373000,0.333000,-63,0.000000,7,8
1,10.000000,9.539000,0.278000,-63,0.000000,7,8
1,10.000000,9.301000,0.361000,-63,0.000000,7,8
1,10.000000,9.408000,0.279000,-63,0.000000,7,8
1,10.000000,9.651000,0.244000,-63,0.000000,7,8
1,10.000000,9.608000,0.191000,-63,0.000000,7,8
1,10.000000,9.648000,0.267000,-63,0.000000,7,8
1,10.000000,9.686000,0.264000,-62,0.000000,7,8
1,10.000000,9.539000,0.283000,-62,0.000000,7,8
1,10.000000,9.686000,0.261000,-62,0.000000,7,8
1,10.000000,9.567000,0.253000,-62,0.000000,7,8
1,10.000000,9.651000,0.202000,-62,0.000000,7,8
1,10.000000,9.686000,0.208000,-62,0.000000,7,8
1,10.000000,9.686000,0.253000,-62,0.000000,7,8
1,10.000000,9.604000,0.259000,-62,0.000000,7,8
1,10.000000,9.651000,0.209000,-62,0.000000,7,8
1,10.000000,9.576000,0.238000,-62,0.000000,7,8
1,10.000000,9.604000,0.193000,-62,0.000000,7,8
1,10.000000,9.526000,0.243000,-62,0.000000,7,8
1,10.000000,9.604000,0.249000,-63,0.000000,7,8
1,10.000000,9.764000,0.169000,-63,0.000000,7,8
1,10.000000,9.139000,0.419000,-63,0.000000,7,8
1,10.000000,9.567000,0.292000,-63,0.000000,7,8
1,10.000000,9.339000,0.332000,-64,0.000000,7,8
1,10.000000,9.576000,0.232000,-62,0.000000,7,8
1,10.000000,9.607000,0.280000,-62,0.000000,7,8
1,10.000000,9.576000,0.216000,-62,0.000000,7,8
1,10.000000,9.611000,0.204000,-62,0.000000,7,8
1,10.000000,9.614000,0.196000,-62,0.000000,7,8
1,10.000000,9.489000,0.254000,-62,0.000000,7,8
1,10.000000,9.607000,0.285000,-62,0.000000,7,8
1,10.000000,9.726000,0.161000,-62,0.000000,7,8
1,10.000000,9.489000,0.265000,-62,0.000000,7,8
1,10.000000,9.517000,0.286000,-63,0.000000,7,8
1,10.000000,9.539000,0.271000,-63,0.000000,7,8
1,10.000000,9.576000,0.189000,-62,0.000000,7,8
1,10.000000,9.301000,0.318000,-64,0.000000,7,8
1,10.000000,9.376000,0.366000,-63,0.000000,7,8
1,10.000000,9.376000,0.286000,-63,0.000000,7,8
1,10.000000,9.179000,0.395000,-64,0.000000,7,8
1,10.000000,9.539000,0.277000,-63,0.000000,7,8
1,10.000000,9.689000,0.171000,-62,0.000000,7,8
1,10.000000,9.442000,0.374000,-64,0.000000,7,8
1,10.000000,9.479000,0.291000,-63,0.000000,7,8
1,10.000000,9.645000,0.248000,-62,0.000000,7,8
1,10.000000,9.614000,0.237000,-62,0.000000,7,8
1,10.000000,9.645000,0.265000,-62,0.000000,7,8
1,10.000000,9.576000,0.256000,-63,0.000000,7,8
1,10.000000,9.576000,0.233000,-62,0.000000,7,8
1,10.000000,9.614000,0.196000,-62,0.000000,7,8
1,10.000000,9.689000,0.185000,-63,0.000000,7,8
1,10.000000,9.648000,0.237000,-62,0.000000,7,8
1,10.000000,9.645000,0.252000,-62,0.000000,7,8
1,10.000000,9.686000,0.253000,-62,0.000000,7,8
1,10.000000,9.489000,0.284000,-62,0.000000,7,8
1,10.000000,9.576000,0.216000,-62,0.000000,7,8
1,10.000000,9.651000,0.219000,-63,0.000000,7,8
1,10.000000,9.539000,0.255000,-62,0.000000,7,8
1,10.000000,9.526000,0.238000,-62,0.000000,7,8
1,10.000000,9.576000,0.216000,-62,0.000000,7,8
1,10.000000,9.604000,0.255000,-63,0.000000,7,8
1,10.000000,9.645000,0.254000,-62,0.000000,7,8
1,10.000000,9.651000,0.197000,-63,0.000000,7,8
1,10.000000,9.448000,0.796000,-61,0.000000,7,8
1,10.000000,9.614000,0.245000,-63,0.000000,7,8
1,10.000000,9.576000,0.214000,-63,0.000000,7,8
1,10.000000,9.604000,0.249000,-62,0.000000,7,8
1,10.000000,9.526000,0.255000,-63,0.000000,7,8
1,10.000000,9.576000,0.239000,-62,0.000000,7,8
1,10.000000,9.489000,0.306000,-63,0.000000,7,8
1,10.000000,8.935000,0.798000,-61,0.000000,7,8
1,10.000000,9.576000,0.252000,-63,0.000000,7,8
1,10.000000,9.607000,0.274000,-62,0.000000,7,8
1,10.000000,9.645000,0.242000,-63,0.000000,7,8
1,10.000000,9.651000,0.176000,-62,0.000000,7,8
1,10.000000,9.614000,0.216000,-62,0.000000,7,8
1,10.000000,9.576000,0.193000,-62,0.000000,7,8
1,10.000000,9.689000,0.169000,-63,0.000000,7,8
1,10.000000,9.614000,0.213000,-63,0.000000,7,8
1,10.000000,9.651000,0.192000,-62,0.000000,7,8
1,10.000000,9.614000,0.175000,-63,0.000000,7,8
1,10.000000,9.526000,0.217000,-62,0.000000,7,8
1,10.000000,9.607000,0.261000,-62,0.000000,7,8
1,10.000000,9.611000,0.242000,-62,0.000000,7,8
1,10.000000,9.576000,0.226000,-62,0.000000,7,8
1,10.000000,9.526000,0.217000,-63,0.000000,7,8
1,10.000000,9.607000,0.280000,-63,0.000000,7,8
1,10.000000,9.611000,0.282000,-62,0.000000,7,8
1,10.000000,9.726000,0.180000,-63,0.000000,7,8
1,10.000000,9.539000,0.298000,-64,0.000000,7,8
1,10.000000,9.454000,0.369000,-63,0.000000,7,8
1,10.000000,9.401000,0.307000,-63,0.000000,7,8
1,10.000000,9.539000,0.270000,-64,0.000000,7,8
1,10.000000,9.645000,0.273000,-63,0.000000,7,8
1,10.000000,9.567000,0.275000,-63,0.000000,7,8
1,10.000000,9.520000,0.355000,-63,0.000000,7,8
1,10.000000,9.420000,0.358000,-63,0.000000,7,8
1,10.000000,9.451000,0.329000,-63,0.000000,7,8
1,10.000000,9.651000,0.197000,-63,0.000000,7,8
1,10.000000,9.576000,0.273000,-63,0.000000,7,8
1,10.000000,9.539000,0.261000,-63,0.000000,7,8
1,10.000000,9.576000,0.281000,-63,0.000000,7,8
1,10.000000,9.567000,0.320000,-63,0.000000,7,8
1,10.000000,9.570000,0.306000,-63,0.000000,7,8
1,10.000000,9.207000,0.672000,-63,0.000000,7,8
1,10.000000,9.526000,0.265000,-63,0.000000,7,8
1,10.000000,9.604000,0.330000,-63,0.000000,7,8
1,10.000000,9.651000,0.214000,-63,0.000000,7,8
1,10.000000,9.576000,0.299000,-64,0.000000,7,8
1,10.000000,9.648000,0.256000,-63,0.000000,7,8
1,10.000000,9.651000,0.229000,-64,0.000000,7,8
1,10.000000,9.570000,0.295000,-63,0.000000,7,8
1,10.000000,9.651000,0.200000,-63,0.000000,7,8
1,10.000000,9.567000,0.313000,-63,0.000000,7,8
1,10.000000,9.651000,0.188000,-63,0.000000,7,8
1,10.000000,9.567000,0.357000,-63,0.000000,7,8
1,10.000000,9.614000,0.214000,-63,0.000000,7,8
1,10.000000,9.539000,0.305000,-63,0.000000,7,8
1,10.000000,9.567000,0.313000,-63,0.000000,7,8
1,10.000000,9.648000,0.189000,-64,0.000000,7,8
1,10.000000,9.526000,0.281000,-63,0.000000,7,8
1,10.000000,9.614000,0.214000,-63,0.000000,7,8
1,10.000000,9.686000,0.264000,-63,0.000000,7,8
1,10.000000,9.576000,0.232000,-64,0.000000,7,8
1,10.000000,9.489000,0.346000,-63,0.000000,7,8
1,10.000000,9.567000,0.319000,-64,0.000000,7,8
1,10.000000,9.570000,0.295000,-63,0.000000,7,8
1,10.000000,9.567000,0.318000,-63,0.000000,7,8
1,10.000000,9.339000,0.356000,-63,0.000000,7,8
1,10.000000,9.264000,0.403000,-63,0.000000,7,8
1,10.000000,9.264000,0.354000,-63,0.000000,7,8
1,10.000000,9.464000,0.346000,-63,0.000000,7,8
1,10.000000,9.832000,0.226000,-63,0.000000,7,8
1,10.000000,9.441000,0.801000,-63,0.000000,7,8
1,10.000000,9.501000,0.327000,-63,0.000000,7,8
1,10.000000,9.298000,0.384000,-63,0.000000,7,8
1,10.000000,9.448000,0.366000,-63,0.000000,7,8
1,10.000000,9.611000,0.268000,-63,0.000000,7,8
1,10.000000,9.339000,0.396000,-63,0.000000,7,8
1,10.000000,9.526000,0.333000,-63,0.000000,7,8
1,10.000000,9.414000,0.489000,-62,0.000000,7,8
1,10.000000,9.486000,0.339000,-63,0.000000,7,8
1,10.000000,9.423000,0.415000,-64,0.000000,7,8
1,10.000000,9.489000,0.297000,-63,0.000000,7,8
1,10.000000,9.576000,0.280000,-63,0.000000,7,8
1,10.000000,9.464000,0.331000,-63,0.000000,7,8
1,10.000000,9.604000,0.254000,-64,0.000000,7,8
1,10.000000,9.142000,0.418000,-63,0.000000,7,8
1,10.000000,9.411000,0.378000,-63,0.000000,7,8
1,10.000000,9.614000,0.239000,-62,0.000000,7,8
1,10.000000,9.404000,0.372000,-63,0.000000,7,8
1,10.000000,9.261000,0.389000,-64,0.000000,7,8
1,10.000000,9.214000,0.427000,-63,0.000000,7,8
1,10.000000,9.142000,0.497000,-63,0.000000,7,8
1,10.000000,9.414000,0.361000,-63,0.000000,7,8
1,10.000000,9.489000,0.279000,-63,0.000000,7,8
1,10.000000,9.451000,0.313000,-63,0.000000,7,8
1,10.000000,9.526000,0.274000,-63,0.000000,7,8
1,10.000000,9.611000,0.262000,-63,0.000000,7,8
1,10.000000,9.498000,0.356000,-63,0.000000,7,8
1,10.000000,9.686000,0.264000,-63,0.000000,7,8
1,10.000000,9.576000,0.221000,-63,0.000000,7,8
1,10.000000,9.364000,0.325000,-63,0.000000,7,8
1,10.000000,9.526000,0.328000,-63,0.000000,7,8
1,10.000000,9.567000,0.299000,-64,0.000000,7,8
1,10.000000,9.457000,0.350000,-63,0.000000,7,8
1,10.000000,9.686000,0.225000,-64,0.000000,7,8
1,10.000000,9.608000,0.329000,-64,0.000000,7,8
1,10.000000,9.651000,0.234000,-64,0.000000,7,8
1,10.000000,9.608000,0.288000,-63,0.000000,7,8
1,10.000000,9.382000,0.379000,-63,0.000000,7,8
1,10.000000,9.607000,0.302000,-63,0.000000,7,8
1,10.000000,9.326000,0.389000,-63,0.000000,7,8
1,10.000000,9.451000,0.269000,-63,0.000000,7,8
1,10.000000,9.486000,0.352000,-63,0.000000,7,8
1,10.000000,9.364000,0.379000,-63,0.000000,7,8
1,10.000000,9.529000,0.350000,-64,0.000000,7,8
1,10.000000,9.016000,0.640000,-63,0.000000,7,8
1,10.000000,9.501000,0.303000,-64,0.000000,7,8
1,10.000000,9.489000,0.342000,-64,0.000000,7,8
1,10.000000,9.576000,0.265000,-63,0.000000,7,8
1,10.000000,9.517000,0.297000,-63,0.000000,7,8
1,10.000000,9.292000,0.426000,-63,0.000000,7,8
1,10.000000,9.539000,0.272000,-63,0.000000,7,8
1,10.000000,9.301000,0.375000,-63,0.000000,7,8
1,10.000000,9.651000,0.212000,-63,0.000000,7,8
1,10.000000,9.295000,0.378000,-63,0.000000,7,8
1,10.000000,9.254000,0.433000,-63,0.000000,7,8
1,10.000000,9.179000,0.464000,-63,0.000000,7,8
1,10.000000,9.220000,0.450000,-63,0.000000,7,8
1,10.000000,9.254000,0.407000,-64,0.000000,7,8
1,10.000000,9.329000,0.413000,-63,0.000000,7,8
1,10.000000,9.761000,0.215000,-64,0.000000,7,8
1,10.000000,9.868000,0.341000,-63,0.000000,7,8
1,10.000000,9.920000,0.484000,-61,0.000000,7,8
1,10.000000,9.979000,0.802000,-62,0.000000,7,8
1,10.000000,10.033000,1.296000,-63,0.000000,7,8
1,10.000000,10.042000,0.910000,-63,0.000000,7,8
1,10.000000,10.042000,0.811000,-63,0.000000,7,8
1,10.000000,10.129000,0.422000,-64,0.000000,7,8
1,10.000000,9.883000,0.127000,-62,0.000000,7,8
1,10.000000,9.176000,0.578000,-64,0.000000,7,8
1,10.000000,9.301000,0.353000,-64,0.000000,7,8
1,10.000000,9.301000,0.328000,-64,0.000000,7,8
1,10.000000,9.264000,0.337000,-63,0.000000,7,8
1,10.000000,9.223000,0.370000,-64,0.000000,7,8
1,10.000000,9.214000,0.399000,-63,0.000000,7,8
1,10.000000,9.214000,0.387000,-64,0.000000,7,8
1,10.000000,9.041000,0.565000,-63,0.000000,7,8
1,10.000000,9.220000,0.436000,-63,0.000000,7,8
1,10.000000,9.176000,0.448000,-64,0.000000,7,8
1,10.000000,9.301000,0.371000,-63,0.000000,7,8
1,10.000000,9.529000,0.311000,-64,0.000000,7,8
1,10.000000,9.576000,0.217000,-63,0.000000,7,8
1,10.000000,9.764000,0.181000,-63,0.000000,7,8
1,10.000000,9.030000,0.546000,-64,0.000000,7,8
1,10.000000,9.489000,0.304000,-64,0.000000,7,8
1,10.000000,9.258000,0.479000,-62,0.000000,7,8
1,10.000000,9.176000,0.419000,-65,0.000000,7,8
1,10.000000,9.489000,0.342000,-64,0.000000,7,8
1,10.000000,9.339000,0.344000,-63,0.000000,7,8
1,10.000000,9.336000,0.386000,-63,0.000000,7,8
1,10.000000,9.501000,0.276000,-63,0.000000,7,8
1,10.000000,9.010000,0.562000,-63,0.000000,7,8
1,10.000000,9.492000,0.370000,-63,0.000000,7,8
1,10.000000,9.307000,0.417000,-63,0.000000,7,8
1,10.000000,9.376000,0.276000,-63,0.000000,7,8
1,10.000000,9.401000,0.383000,-63,0.000000,7,8
1,10.000000,9.495000,0.377000,-63,0.000000,7,8
1,10.000000,9.526000,0.274000,-63,0.000000,7,8
1,10.000000,9.489000,0.280000,-63,0.000000,7,8
1,10.000000,9.526000,0.255000,-63,0.000000,7,8
1,10.000000,9.489000,0.301000,-63,0.000000,7,8
1,10.000000,9.498000,0.307000,-63,0.000000,7,8
1,10.000000,9.648000,0.246000,-64,0.000000,7,8
1,10.000000,9.576000,0.222000,-64,0.000000,7,8
1,10.000000,9.301000,0.376000,-64,0.000000,7,8
1,10.000000,9.414000,0.299000,-63,0.000000,7,8
1,10.000000,9.298000,0.372000,-64,0.000000,7,8
1,10.000000,9.445000,0.394000,-64,0.000000,7,8
1,10.000000,9.101000,0.437000,-64,0.000000,7,8
1,10.000000,9.364000,0.375000,-64,0.000000,7,8
1,10.000000,9.261000,0.410000,-64,0.000000,7,8
1,10.000000,9.139000,0.437000,-63,0.000000,7,8
1,10.000000,9.139000,0.440000,-63,0.000000,7,8
1,10.000000,9.411000,0.327000,-63,0.000000,7,8
1,10.000000,9.576000,0.250000,-63,0.000000,7,8
1,10.000000,9.451000,0.288000,-64,0.000000,7,8
1,10.000000,9.214000,0.339000,-64,0.000000,7,8
1,10.000000,9.261000,0.410000,-64,0.000000,7,8
1,10.000000,9.217000,0.405000,-64,0.000000,7,8
1,10.000000,9.176000,0.430000,-64,0.000000,7,8
1,10.000000,9.336000,0.379000,-64,0.000000,7,8
1,10.000000,9.648000,0.238000,-64,0.000000,7,8
1,10.000000,9.445000,0.341000,-63,0.000000,7,8
1,10.000000,9.414000,0.281000,-64,0.000000,7,8
1,10.000000,9.607000,0.285000,-63,0.000000,7,8
1,10.000000,9.451000,0.304000,-63,0.000000,7,8
1,10.000000,9.526000,0.271000,-64,0.000000,7,8
1,10.000000,9.379000,0.371000,-61,0.000000,7,8
1,10.000000,9.614000,0.197000,-64,0.000000,7,8
1,10.000000,9.576000,0.215000,-63,0.000000,7,8
1,10.000000,9.614000,0.226000,-63,0.000000,7,8
1,10.000000,9.539000,0.287000,-62,0.000000,7,8
1,10.000000,9.501000,0.309000,-63,0.000000,7,8
1,10.000000,9.529000,0.333000,-63,0.000000,7,8
1,10.000000,9.584000,0.315000,-64,0.000000,7,8
1,10.000000,9.382000,0.420000,-61,0.000000,7,8
1,10.000000,9.651000,0.172000,-63,0.000000,7,8
1,10.000000,9.576000,0.213000,-62,0.000000,7,8
1,10.000000,9.611000,0.254000,-63,0.000000,7,8
1,10.000000,9.614000,0.238000,-63,0.000000,7,8
1,10.000000,9.217000,0.415000,-63,0.000000,7,8
1,10.000000,9.139000,0.512000,-61,0.000000,7,8
1,10.000000,8.826000,0.867000,-62,0.000000,7,8
1,10.000000,10.419000,0.143000,-67,0.000000,7,8
1,10.000000,9.726000,0.161000,-65,0.000000,7,8
1,10.000000,9.887000,0.117000,-60,0.000000,7,8
1,10.000000,9.889000,0.165000,-63,0.000000,7,8
1,10.000000,9.733000,0.175000,-62,0.000000,7,8
1,10.000000,9.529000,0.345000,-63,0.000000,7,8
1,10.000000,9.845000,0.173000,-63,0.000000,7,8
1,10.000000,9.189000,0.448000,-63,0.000000,7,8
1,10.000000,9.764000,0.171000,-61,0.000000,7,8
1,10.000000,9.339000,0.326000,-64,0.000000,7,8
1,10.000000,9.339000,0.405000,-66,0.000000,7,8
1,10.000000,9.214000,0.521000,-63,0.000000,7,8
1,10.000000,9.226000,0.401000,-65,0.000000,7,8
1,10.000000,9.614000,0.244000,-64,0.000000,7,8
1,10.000000,9.686000,0.265000,-63,0.000000,7,8
1,10.000000,9.648000,0.290000,-63,0.000000,7,8
1,10.000000,9.614000,0.280000,-64,0.000000,7,8
1,10.000000,9.301000,0.942000,-64,0.000000,7,8
1,10.000000,9.486000,0.343000,-64,0.000000,7,8
1,10.000000,9.689000,0.194000,-64,0.000000,7,8
1,10.000000,9.617000,0.310000,-64,0.000000,7,8
1,10.000000,9.689000,0.270000,-65,0.000000,7,8
1,10.000000,9.651000,0.295000,-65,0.000000,7,8
1,10.000000,9.539000,0.392000,-64,0.000000,7,8
1,10.000000,9.723000,0.252000,-64,0.000000,7,8
1,10.000000,9.686000,0.287000,-64,0.000000,7,8
1,10.000000,9.501000,0.356000,-65,0.000000,7,8
1,10.000000,9.723000,0.258000,-64,0.000000,7,8
1,10.000000,9.689000,0.266000,-64,0.000000,7,8
1,10.000000,9.614000,0.272000,-64,0.000000,7,8
1,10.000000,9.576000,0.300000,-64,0.000000,7,8
1,10.000000,9.651000,0.287000,-64,0.000000,7,8
1,10.000000,9.604000,0.314000,-64,0.000000,7,8
1,10.000000,9.723000,0.252000,-63,0.000000,7,8
1,10.000000,9.761000,0.237000,-63,0.000000,7,8
1,10.000000,9.689000,0.185000,-63,0.000000,7,8
1,10.000000,9.651000,0.278000,-63,0.000000,7,8
1,10.000000,9.761000,0.246000,-63,0.000000,7,8
1,10.000000,9.617000,0.364000,-63,0.000000,7,8
1,10.000000,9.576000,0.289000,-64,0.000000,7,8
1,10.000000,9.682000,0.289000,-64,0.000000,7,8
1,10.000000,9.614000,0.267000,-64,0.000000,7,8
1,10.000000,9.604000,0.337000,-64,0.000000,7,8
1,10.000000,9.567000,0.339000,-64,0.000000,7,8
1,10.000000,9.301000,0.483000,-64,0.000000,7,8
1,10.000000,9.451000,0.394000,-64,0.000000,7,8
1,10.000000,9.295000,0.461000,-64,0.000000,7,8
1,10.000000,9.301000,0.386000,-63,0.000000,7,8
1,10.000000,9.376000,0.375000,-63,0.000000,7,8
1,10.000000,9.489000,0.369000,-63,0.000000,7,8
1,10.000000,9.376000,0.396000,-64,0.000000,7,8
1,10.000000,9.176000,0.423000,-63,0.000000,7,8
1,10.000000,9.214000,0.420000,-63,0.000000,7,8
1,10.000000,9.261000,0.416000,-65,0.000000,7,8
1,10.000000,9.414000,0.348000,-64,0.000000,7,8
1,10.000000,9.451000,0.324000,-63,0.000000,7,8
1,10.000000,9.339000,0.378000,-64,0.000000,7,8
1,10.000000,9.264000,0.394000,-64,0.000000,7,8
1,10.000000,9.376000,0.330000,-64,0.000000,7,8
1,10.000000,9.270000,0.948000,-63,0.000000,7,8
1,10.000000,9.498000,0.290000,-63,0.000000,7,8
1,10.000000,9.414000,0.298000,-63,0.000000,7,8
1,10.000000,9.414000,0.289000,-64,0.000000,7,8
1,10.000000,9.414000,0.369000,-66,0.000000,7,8
1,10.000000,9.801000,0.188000,-64,0.000000,7,8
1,10.000000,9.839000,0.145000,-63,0.000000,7,8
1,10.000000,9.382000,0.371000,-60,0.000000,7,8
1,10.000000,9.339000,0.351000,-61,0.000000,7,8
1,10.000000,9.451000,0.352000,-62,0.000000,7,8
1,10.000000,9.298000,0.421000,-62,0.000000,7,8
1,10.000000,9.254000,0.405000,-62,0.000000,7,8
1,10.000000,9.214000,0.392000,-62,0.000000,7,8
1,10.000000,9.607000,0.292000,-62,0.000000,7,8
1,10.000000,9.686000,0.259000,-62,0.000000,7,8
1,10.000000,9.651000,0.204000,-62,0.000000,7,8
1,10.000000,9.651000,0.186000,-62,0.000000,7,8
1,10.000000,9.567000,0.314000,-62,0.000000,7,8
1,10.000000,9.567000,0.304000,-62,0.000000,7,8
1,10.000000,9.607000,0.285000,-62,0.000000,7,8
1,10.000000,9.576000,0.243000,-61,0.000000,7,8
1,10.000000,9.607000,0.260000,-62,0.000000,7,8
1,10.000000,9.567000,0.658000,-61,0.000000,7,8
1,10.000000,9.604000,0.289000,-62,0.000000,7,8
1,10.000000,9.576000,0.216000,-62,0.000000,7,8
1,10.000000,9.723000,0.261000,-62,0.000000,7,8
1,10.000000,9.567000,0.319000,-62,0.000000,7,8
1,10.000000,9.686000,0.254000,-62,0.000000,7,8
1,10.000000,9.645000,0.285000,-62,0.000000,7,8
1,10.000000,9.645000,0.291000,-62,0.000000,7,8
1,10.000000,9.604000,0.284000,-62,0.000000,7,8
1,10.000000,9.682000,0.231000,-62,0.000000,7,8
1,10.000000,9.645000,0.230000,-62,0.000000,7,8
1,10.000000,9.645000,0.304000,-62,0.000000,7,8
1,10.000000,9.723000,0.250000,-62,0.000000,7,8
1,10.000000,9.689000,0.192000,-62,0.000000,7,8
1,10.000000,9.614000,0.215000,-62,0.000000,7,8
1,10.000000,9.604000,0.255000,-62,0.000000,7,8
1,10.000000,9.604000,0.246000,-62,0.000000,7,8
1,10.000000,9.576000,0.289000,-62,0.000000,7,8
1,10.000000,9.614000,0.250000,-62,0.000000,7,8
1,10.000000,9.689000,0.201000,-62,0.000000,7,8
1,10.000000,9.651000,0.210000,-62,0.000000,7,8
1,10.000000,9.645000,0.280000,-62,0.000000,7,8
1,10.000000,9.726000,0.216000,-62,0.000000,7,8
1,10.000000,9.576000,0.662000,-61,0.000000,7,8
1,10.000000,9.526000,0.338000,-61,0.000000,7,8
1,10.000000,9.567000,0.270000,-62,0.000000,7,8
1,10.000000,9.645000,0.285000,-62,0.000000,7,8
1,10.000000,9.614000,0.197000,-62,0.000000,7,8
1,10.000000,9.726000,0.216000,-62,0.000000,7,8
1,10.000000,9.726000,0.211000,-62,0.000000,7,8
1,10.000000,9.576000,0.248000,-62,0.000000,7,8
1,10.000000,9.645000,0.273000,-62,0.000000,7,8
1,10.000000,9.764000,0.166000,-61,0.000000,7,8
1,10.000000,9.726000,0.162000,-62,0.000000,7,8
1,10.000000,9.607000,0.287000,-62,0.000000,7,8
1,10.000000,9.764000,0.209000,-61,0.000000,7,8
1,10.000000,9.726000,0.164000,-61,0.000000,7,8
1,10.000000,9.576000,0.237000,-62,0.000000,7,8
1,10.000000,9.607000,0.285000,-62,0.000000,7,8
1,10.000000,9.723000,0.210000,-61,0.000000,7,8
1,10.000000,9.682000,0.265000,-62,0.000000,7,8
1,10.000000,9.689000,0.213000,-62,0.000000,7,8
1,10.000000,9.614000,0.506000,-61,0.000000,7,8
1,10.000000,9.654000,0.220000,-62,0.000000,7,8
1,10.000000,9.689000,0.201000,-62,0.000000,7,8
1,10.000000,9.645000,0.267000,-62,0.000000,7,8
1,10.000000,9.689000,0.195000,-61,0.000000,7,8
1,10.000000,9.689000,0.185000,-62,0.000000,7,8
1,10.000000,9.654000,0.259000,-62,0.000000,7,8
1,10.000000,9.576000,0.216000,-62,0.000000,7,8
1,10.000000,9.607000,0.292000,-62,0.000000,7,8
1,10.000000,9.682000,0.242000,-62,0.000000,7,8
1,10.000000,9.564000,0.272000,-62,0.000000,7,8
1,10.000000,9.686000,0.283000,-62,0.000000,7,8
1,10.000000,9.576000,0.265000,-62,0.000000,7,8
1,10.000000,9.576000,0.236000,-62,0.000000,7,8
1,10.000000,9.801000,0.201000,-62,0.000000,7,8
1,10.000000,9.689000,0.184000,-63,0.000000,7,8
1,10.000000,9.614000,0.267000,-62,0.000000,7,8
1,10.000000,9.645000,0.337000,-62,0.000000,7,8
1,10.000000,9.654000,0.300000,-62,0.000000,7,8
1,10.000000,9.604000,0.323000,-62,0.000000,7,8
1,10.000000,9.682000,0.263000,-62,0.000000,7,8
1,10.000000,9.651000,0.213000,-62,0.000000,7,8
1,10.000000,9.689000,0.201000,-62,0.000000,7,8
1,10.000000,9.651000,0.228000,-63,0.000000,7,8
1,10.000000,9.726000,0.203000,-63,0.000000,7,8
1,10.000000,9.726000,0.171000,-63,0.000000,7,8
1,10.000000,9.723000,0.234000,-63,0.000000,7,8
1,10.000000,9.689000,0.215000,-63,0.000000,7,8
1,10.000000,9.645000,0.301000,-62,0.000000,7,8
1,10.000000,9.723000,0.211000,-63,0.000000,7,8
1,10.000000,9.651000,0.213000,-62,0.000000,7,8
1,10.000000,9.726000,0.187000,-62,0.000000,7,8
1,10.000000,9.764000,0.205000,-62,0.000000,7,8
1,10.000000,9.614000,0.261000,-62,0.000000,7,8
1,10.000000,9.692000,0.248000,-62,0.000000,7,8
1,10.000000,9.407000,0.405000,-61,0.000000,7,8
1,10.000000,9.689000,0.201000,-62,0.000000,7,8
1,10.000000,9.604000,0.281000,-62,0.000000,7,8
1,10.000000,9.614000,0.211000,-62,0.000000,7,8
1,10.000000,9.413000,0.803000,-62,0.000000,7,8
1,10.000000,9.726000,0.184000,-63,0.000000,7,8
1,10.000000,9.651000,0.182000,-64,0.000000,7,8
1,10.000000,9.651000,0.194000,-64,0.000000,7,8
1,10.000000,9.576000,0.221000,-64,0.000000,7,8
1,10.000000,9.614000,0.234000,-64,0.000000,7,8
1,10.000000,9.614000,0.204000,-63,0.000000,7,8
1,10.000000,9.607000,0.264000,-64,0.000000,7,8
1,10.000000,9.567000,0.232000,-63,0.000000,7,8
1,10.000000,9.611000,0.231000,-64,0.000000,7,8
1,10.000000,9.489000,0.295000,-64,0.000000,7,8
1,10.000000,9.614000,0.196000,-64,0.000000,7,8
1,10.000000,9.607000,0.242000,-64,0.000000,7,8
1,10.000000,9.526000,0.192000,-64,0.000000,7,8
1,10.000000,9.567000,0.208000,-64,0.000000,7,8
1,10.000000,9.689000,0.173000,-64,0.000000,7,8
1,10.000000,9.636000,0.238000,-64,0.000000,7,8
1,10.000000,9.682000,0.220000,-64,0.000000,7,8
1,10.000000,9.576000,0.232000,-64,0.000000,7,8
1,10.000000,9.648000,0.267000,-64,0.000000,7,8
1,10.000000,9.604000,0.247000,-64,0.000000,7,8
1,10.000000,9.576000,0.213000,-64,0.000000,7,8
1,10.000000,9.614000,0.198000,-64,0.000000,7,8
1,10.000000,9.645000,0.232000,-64,0.000000,7,8
1,10.000000,9.526000,0.252000,-64,0.000000,7,8
1,10.000000,9.651000,0.182000,-63,0.000000,7,8
1,10.000000,9.651000,0.202000,-63,0.000000,7,8
1,10.000000,9.617000,0.234000,-64,0.000000,7,8
1,10.000000,9.526000,0.217000,-63,0.000000,7,8
1,10.000000,9.686000,0.244000,-64,0.000000,7,8
1,10.000000,9.726000,0.171000,-64,0.000000,7,8
1,10.000000,9.576000,0.230000,-63,0.000000,7,8
1,10.000000,9.611000,0.289000,-64,0.000000,7,8
1,10.000000,9.608000,0.287000,-64,0.000000,7,8
1,10.000000,9.604000,0.247000,-64,0.000000,7,8
1,10.000000,9.526000,0.288000,-64,0.000000,7,8
1,10.000000,9.526000,0.299000,-64,0.000000,7,8
1,10.000000,9.798000,0.175000,-63,0.000000,7,8
1,10.000000,9.689000,0.184000,-63,0.000000,7,8
1,10.000000,9.489000,0.321000,-64,0.000000,7,8
1,10.000000,9.686000,0.208000,-64,0.000000,7,8
1,10.000000,9.567000,0.276000,-63,0.000000,7,8
1,10.000000,9.526000,0.274000,-63,0.000000,7,8
1,10.000000,9.533000,0.285000,-64,0.000000,7,8
1,10.000000,9.526000,0.262000,-63,0.000000,7,8
1,10.000000,9.726000,0.203000,-64,0.000000,7,8
1,10.000000,9.607000,0.274000,-64,0.000000,7,8
1,10.000000,9.576000,0.270000,-63,0.000000,7,8
1,10.000000,9.726000,0.180000,-63,0.000000,7,8
1,10.000000,9.686000,0.255000,-63,0.000000,7,8
1,10.000000,9.651000,0.197000,-63,0.000000,7,8
1,10.000000,9.576000,0.266000,-64,0.000000,7,8
1,10.000000,9.651000,0.227000,-64,0.000000,7,8
1,10.000000,9.576000,0.264000,-63,0.000000,7,8
1,10.000000,9.526000,0.297000,-63,0.000000,7,8
1,10.000000,9.526000,0.322000,-64,0.000000,7,8
1,10.000000,9.651000,0.202000,-64,0.000000,7,8
1,10.000000,9.526000,0.285000,-63,0.000000,7,8
1,10.000000,9.607000,0.265000,-63,0.000000,7,8
1,10.000000,9.576000,0.295000,-63,0.000000,7,8
1,10.000000,9.651000,0.197000,-63,0.000000,7,8
1,10.000000,9.611000,0.268000,-63,0.000000,7,8
1,10.000000,9.576000,0.232000,-64,0.000000,7,8
1,10.000000,9.576000,0.256000,-63,0.000000,7,8
1,10.000000,9.689000,0.191000,-63,0.000000,7,8
1,10.000000,9.683000,0.253000,-63,0.000000,7,8
1,10.000000,9.576000,0.274000,-63,0.000000,7,8
1,10.000000,9.138000,0.955000,-62,0.000000,7,8
1,10.000000,9.689000,0.185000,-63,0.000000,7,8
1,10.000000,9.726000,0.201000,-63,0.000000,7,8
1,10.000000,8.677000,1.095000,-61,0.000000,7,8
1,10.000000,9.576000,0.256000,-63,0.000000,7,8
1,10.000000,9.576000,0.235000,-63,0.000000,7,8
1,10.000000,9.689000,0.184000,-63,0.000000,7,8
1,10.000000,9.645000,0.283000,-64,0.000000,7,8
1,10.000000,9.689000,0.205000,-64,0.000000,7,8
1,10.000000,9.576000,0.280000,-64,0.000000,7,8
1,10.000000,9.573000,0.249000,-64,0.000000,7,8
1,10.000000,9.526000,0.290000,-64,0.000000,7,8
1,10.000000,9.268000,0.923000,-63,0.000000,7,8
1,10.000000,9.689000,0.193000,-64,0.000000,7,8
1,10.000000,9.576000,0.307000,-64,0.000000,7,8
1,10.000000,9.529000,0.370000,-63,0.000000,7,8
1,10.000000,9.529000,0.342000,-63,0.000000,7,8
1,10.000000,9.607000,0.314000,-63,0.000000,7,8
1,10.000000,9.526000,0.272000,-64,0.000000,7,8
1,10.000000,9.651000,0.212000,-63,0.000000,7,8
1,10.000000,9.651000,0.212000,-63,0.000000,7,8
1,10.000000,9.573000,0.281000,-64,0.000000,7,8
1,10.000000,9.026000,0.583000,-66,0.000000,7,8
1,10.000000,9.651000,0.192000,-63,0.000000,7,8
1,10.000000,9.651000,0.139000,-62,0.000000,7,8
1,10.000000,8.908000,0.720000,-63,0.000000,7,8
1,10.000000,9.723000,0.297000,-63,0.000000,7,8
1,10.000000,9.695000,0.256000,-62,0.000000,7,8
1,10.000000,9.414000,0.409000,-63,0.000000,7,8
1,10.000000,9.614000,0.168000,-62,0.000000,7,8
1,10.000000,9.420000,0.416000,-63,0.000000,7,8
1,10.000000,9.448000,0.334000,-63,0.000000,7,8
1,10.000000,9.258000,0.376000,-65,0.000000,7,8
1,10.000000,9.645000,0.288000,-63,0.000000,7,8
1,10.000000,9.301000,0.446000,-63,0.000000,7,8
1,10.000000,9.689000,0.175000,-64,0.000000,7,8
1,10.000000,9.689000,0.171000,-62,0.000000,7,8
1,10.000000,9.614000,0.175000,-63,0.000000,7,8
1,10.000000,9.614000,0.195000,-64,0.000000,7,8
1,10.000000,9.526000,0.262000,-64,0.000000,7,8
1,10.000000,9.567000,0.260000,-63,0.000000,7,8
1,10.000000,9.526000,0.253000,-64,0.000000,7,8
1,10.000000,9.576000,0.208000,-64,0.000000,7,8
1,10.000000,9.614000,0.212000,-63,0.000000,7,8
1,10.000000,9.651000,0.165000,-63,0.000000,7,8
1,10.000000,9.604000,0.247000,-64,0.000000,7,8
1,10.000000,9.689000,0.184000,-64,0.000000,7,8
1,10.000000,9.648000,0.217000,-64,0.000000,7,8
1,10.000000,9.726000,0.180000,-64,0.000000,7,8
1,10.000000,9.651000,0.221000,-64,0.000000,7,8
1,10.000000,9.604000,0.230000,-63,0.000000,7,8
1,10.000000,9.607000,0.260000,-64,0.000000,7,8
1,10.000000,9.567000,0.272000,-64,0.000000,7,8
1,10.000000,9.526000,0.296000,-64,0.000000,7,8
1,10.000000,9.801000,0.155000,-64,0.000000,7,8
1,10.000000,9.529000,0.271000,-64,0.000000,7,8
1,10.000000,9.567000,0.251000,-63,0.000000,7,8
1,10.000000,9.608000,0.249000,-64,0.000000,7,8
1,10.000000,9.489000,0.284000,-64,0.000000,7,8
1,10.000000,9.604000,0.255000,-64,0.000000,7,8
1,10.000000,9.526000,0.243000,-64,0.000000,7,8
1,10.000000,9.611000,0.234000,-64,0.000000,7,8
1,10.000000,9.576000,0.278000,-64,0.000000,7,8
1,10.000000,9.607000,0.260000,-64,0.000000,7,8
1,10.000000,9.607000,0.288000,-64,0.000000,7,8
1,10.000000,9.645000,0.245000,-64,0.000000,7,8
1,10.000000,9.567000,0.268000,-64,0.000000,7,8
1,10.000000,9.576000,0.265000,-64,0.000000,7,8
1,10.000000,9.526000,0.262000,-64,0.000000,7,8
1,10.000000,9.654000,0.262000,-64,0.000000,7,8
1,10.000000,9.489000,0.296000,-64,0.000000,7,8
1,10.000000,9.489000,0.277000,-63,0.000000,7,8
1,10.000000,9.689000,0.184000,-64,0.000000,7,8
1,10.000000,9.726000,0.161000,-64,0.000000,7,8
1,10.000000,9.686000,0.251000,-63,0.000000,7,8
1,10.000000,9.614000,0.212000,-63,0.000000,7,8
1,10.000000,9.576000,0.266000,-63,0.000000,7,8
1,10.000000,9.526000,0.274000,-64,0.000000,7,8
1,10.000000,9.645000,0.273000,-63,0.000000,7,8
1,10.000000,9.604000,0.281000,-64,0.000000,7,8
1,10.000000,9.611000,0.222000,-64,0.000000,7,8
1,10.000000,9.614000,0.243000,-64,0.000000,7,8
1,10.000000,9.651000,0.212000,-64,0.000000,7,8
1,10.000000,9.607000,0.257000,-63,0.000000,7,8
1,10.000000,9.539000,0.280000,-63,0.000000,7,8
1,10.000000,9.526000,0.241000,-63,0.000000,7,8
1,10.000000,9.614000,0.228000,-63,0.000000,7,8
1,10.000000,9.686000,0.208000,-64,0.000000,7,8
1,10.000000,9.604000,0.276000,-64,0.000000,7,8
1,10.000000,9.686000,0.399000,-63,0.000000,7,8
1,10.000000,9.689000,0.169000,-63,0.000000,7,8
1,10.000000,9.689000,0.182000,-64,0.000000,7,8
1,10.000000,9.526000,0.248000,-64,0.000000,7,8
1,10.000000,9.686000,0.285000,-63,0.000000,7,8
1,10.000000,9.651000,0.188000,-63,0.000000,7,8
1,10.000000,9.686000,0.253000,-62,0.000000,7,8
1,10.000000,9.539000,0.358000,-64,0.000000,7,8
1,10.000000,9.576000,0.191000,-63,0.000000,7,8
1,10.000000,9.345000,0.391000,-62,0.000000,7,8
1,10.000000,9.292000,0.389000,-62,0.000000,7,8
1,10.000000,9.501000,0.327000,-63,0.000000,7,8
1,10.000000,9.339000,0.388000,-64,0.000000,7,8
1,10.000000,9.414000,0.356000,-61,0.000000,7,8
1,10.000000,9.654000,0.292000,-61,0.000000,7,8
1,10.000000,9.654000,0.250000,-61,0.000000,7,8
1,10.000000,9.726000,0.180000,-61,0.000000,7,8
1,10.000000,9.692000,0.307000,-61,0.000000,7,8
1,10.000000,9.689000,0.237000,-61,0.000000,7,8
1,10.000000,9.723000,0.280000,-61,0.000000,7,8
1,10.000000,9.682000,0.299000,-61,0.000000,7,8
1,10.000000,9.614000,0.261000,-61,0.000000,7,8
1,10.000000,9.723000,0.244000,-61,0.000000,7,8
1,10.000000,9.682000,0.250000,-62,0.000000,7,8
1,10.000000,9.645000,0.312000,-62,0.000000,7,8
1,10.000000,9.604000,0.304000,-61,0.000000,7,8
1,10.000000,9.764000,0.196000,-61,0.000000,7,8
1,10.000000,9.285000,0.674000,-61,0.000000,7,8
1,10.000000,9.604000,0.301000,-62,0.000000,7,8
1,10.000000,9.645000,0.310000,-61,0.000000,7,8
1,10.000000,9.645000,0.304000,-61,0.000000,7,8
1,10.000000,9.726000,0.228000,-62,0.000000,7,8
1,10.000000,9.682000,0.265000,-61,0.000000,7,8
1,10.000000,9.614000,0.226000,-61,0.000000,7,8
1,10.000000,9.681000,0.489000,-61,0.000000,7,8
1,10.000000,9.764000,0.196000,-61,0.000000,7,8
1,10.000000,9.726000,0.201000,-61,0.000000,7,8
1,10.000000,9.651000,0.256000,-61,0.000000,7,8
1,10.000000,9.651000,0.210000,-61,0.000000,7,8
1,10.000000,9.723000,0.233000,-61,0.000000,7,8
1,10.000000,9.764000,0.219000,-61,0.000000,7,8
1,10.000000,9.689000,0.202000,-61,0.000000,7,8
1,10.000000,9.726000,0.187000,-61,0.000000,7,8
1,10.000000,9.689000,0.215000,-61,0.000000,7,8
1,10.000000,9.761000,0.220000,-61,0.000000,7,8
1,10.000000,9.576000,0.273000,-61,0.000000,7,8
1,10.000000,9.689000,0.202000,-62,0.000000,7,8
1,10.000000,9.604000,0.339000,-61,0.000000,7,8
1,10.000000,9.576000,0.274000,-61,0.000000,7,8
1,10.000000,9.764000,0.181000,-61,0.000000,7,8
1,10.000000,9.682000,0.282000,-61,0.000000,7,8
1,10.000000,9.695000,0.306000,-61,0.000000,7,8
1,10.000000,9.686000,0.285000,-61,0.000000,7,8
1,10.000000,9.682000,0.299000,-62,0.000000,7,8
1,10.000000,9.801000,0.203000,-61,0.000000,7,8
1,10.000000,9.733000,0.269000,-61,0.000000,7,8
1,10.000000,9.654000,0.265000,-61,0.000000,7,8
1,10.000000,9.733000,0.274000,-61,0.000000,7,8
1,10.000000,9.614000,0.226000,-61,0.000000,7,8
1,10.000000,9.651000,0.220000,-61,0.000000,7,8
1,10.000000,9.723000,0.281000,-61,0.000000,7,8
1,10.000000,9.801000,0.189000,-61,0.000000,7,8
1,10.000000,9.726000,0.187000,-61,0.000000,7,8
1,10.000000,9.645000,0.294000,-61,0.000000,7,8
1,10.000000,9.761000,0.237000,-61,0.000000,7,8
1,10.000000,9.614000,0.236000,-62,0.000000,7,8
1,10.000000,9.689000,0.193000,-61,0.000000,7,8
1,10.000000,9.689000,0.173000,-61,0.000000,7,8
1,10.000000,9.764000,0.197000,-61,0.000000,7,8
1,10.000000,9.764000,0.208000,-61,0.000000,7,8
1,10.000000,9.733000,0.274000,-61,0.000000,7,8
1,10.000000,9.682000,0.274000,-61,0.000000,7,8
1,10.000000,9.651000,0.230000,-61,0.000000,7,8
1,10.000000,9.801000,0.176000,-61,0.000000,7,8
1,10.000000,9.651000,0.210000,-63,0.000000,7,8
1,10.000000,9.733000,0.251000,-62,0.000000,7,8
1,10.000000,9.651000,0.203000,-61,0.000000,7,8
1,10.000000,9.764000,0.194000,-62,0.000000,7,8
1,10.000000,9.651000,0.255000,-62,0.000000,7,8
1,10.000000,9.726000,0.171000,-62,0.000000,7,8
1,10.000000,9.576000,0.253000,-62,0.000000,7,8
1,10.000000,9.645000,0.252000,-62,0.000000,7,8
1,10.000000,9.682000,0.265000,-62,0.000000,7,8
1,10.000000,9.576000,0.240000,-62,0.000000,7,8
1,10.000000,9.726000,0.171000,-62,0.000000,7,8
1,10.000000,9.692000,0.325000,-61,0.000000,7,8
1,10.000000,9.811000,0.167000,-62,0.000000,7,8
1,10.000000,9.764000,0.196000,-62,0.000000,7,8
1,10.000000,9.761000,0.171000,-62,0.000000,7,8
1,10.000000,9.604000,0.267000,-62,0.000000,7,8
1,10.000000,9.651000,0.165000,-62,0.000000,7,8
1,10.000000,9.614000,0.215000,-62,0.000000,7,8
1,10.000000,9.683000,0.378000,-61,0.000000,7,8
1,10.000000,9.764000,0.196000,-62,0.000000,7,8
1,10.000000,9.839000,0.193000,-62,0.000000,7,8
1,10.000000,9.726000,0.216000,-61,0.000000,7,8
1,10.000000,9.723000,0.262000,-62,0.000000,7,8
1,10.000000,9.501000,0.295000,-62,0.000000,7,8
1,10.000000,9.614000,0.242000,-62,0.000000,7,8
1,10.000000,9.614000,0.262000,-62,0.000000,7,8
1,10.000000,9.686000,0.264000,-62,0.000000,7,8
1,10.000000,9.479000,0.607000,-61,0.000000,7,8
1,10.000000,9.614000,0.212000,-63,0.000000,7,8
1,10.000000,9.414000,0.297000,-61,0.000000,7,8
1,10.000000,9.686000,0.264000,-62,0.000000,7,8
1,10.000000,9.414000,0.310000,-62,0.000000,7,8
1,10.000000,9.689000,0.193000,-62,0.000000,7,8
1,10.000000,9.651000,0.261000,-62,0.000000,7,8
1,10.000000,9.726000,0.202000,-62,0.000000,7,8
1,10.000000,9.726000,0.171000,-62,0.000000,7,8
1,10.000000,9.764000,0.196000,-62,0.000000,7,8
1,10.000000,9.576000,0.301000,-62,0.000000,7,8
1,10.000000,9.651000,0.219000,-62,0.000000,7,8
1,10.000000,9.726000,0.181000,-62,0.000000,7,8
1,10.000000,9.639000,0.264000,-62,0.000000,7,8
1,10.000000,9.764000,0.181000,-62,0.000000,7,8
1,10.000000,9.723000,0.251000,-61,0.000000,7,8
1,10.000000,9.607000,0.269000,-61,0.000000,7,8
1,10.000000,9.726000,0.161000,-62,0.000000,7,8
1,10.000000,9.723000,0.257000,-62,0.000000,7,8
1,10.000000,9.567000,0.306000,-62,0.000000,7,8
1,10.000000,9.726000,0.164000,-61,0.000000,7,8
1,10.000000,9.645000,0.260000,-62,0.000000,7,8
1,10.000000,9.801000,0.157000,-61,0.000000,7,8
1,10.000000,9.801000,0.162000,-61,0.000000,7,8
1,10.000000,9.689000,0.185000,-62,0.000000,7,8
1,10.000000,9.689000,0.173000,-62,0.000000,7,8
1,10.000000,9.801000,0.176000,-62,0.000000,7,8
1,10.000000,9.764000,0.159000,-61,0.000000,7,8
1,10.000000,9.682000,0.275000,-62,0.000000,7,8
1,10.000000,9.801000,0.190000,-61,0.000000,7,8
1,10.000000,9.682000,0.273000,-62,0.000000,7,8
1,10.000000,9.651000,0.252000,-62,0.000000,7,8
1,10.000000,9.761000,0.237000,-61,0.000000,7,8
1,10.000000,9.682000,0.299000,-62,0.000000,7,8
1,10.000000,9.689000,0.203000,-62,0.000000,7,8
1,10.000000,9.764000,0.195000,-62,0.000000,7,8
1,10.000000,9.839000,0.162000,-62,0.000000,7,8
1,10.000000,9.689000,0.175000,-62,0.000000,7,8
1,10.000000,9.801000,0.176000,-62,0.000000,7,8
1,10.000000,9.723000,0.211000,-61,0.000000,7,8
1,10.000000,9.604000,0.310000,-62,0.000000,7,8
1,10.000000,9.682000,0.274000,-62,0.000000,7,8
1,10.000000,9.764000,0.196000,-62,0.000000,7,8
1,10.000000,9.339000,0.357000,-62,0.000000,7,8
1,10.000000,9.489000,0.378000,-62,0.000000,7,8
1,10.000000,9.595000,0.289000,-62,0.000000,7,8
1,10.000000,9.639000,0.275000,-62,0.000000,7,8
1,10.000000,9.673000,0.260000,-62,0.000000,7,8
1,10.000000,9.339000,0.314000,-63,0.000000,7,8
1,10.000000,9.289000,0.251000,-64,0.000000,7,8
1,10.000000,9.648000,0.226000,-63,0.000000,7,8
1,10.000000,9.526000,0.236000,-63,0.000000,7,8
1,10.000000,9.439000,0.293000,-63,0.000000,7,8
1,10.000000,9.464000,0.346000,-63,0.000000,7,8
1,10.000000,9.214000,0.403000,-64,0.000000,7,8
1,10.000000,9.214000,0.417000,-64,0.000000,7,8
1,10.000000,9.301000,0.340000,-64,0.000000,7,8
1,10.000000,9.214000,0.397000,-64,0.000000,7,8
1,10.000000,9.345000,0.367000,-64,0.000000,7,8
1,10.000000,9.258000,0.407000,-64,0.000000,7,8
1,10.000000,9.414000,0.299000,-64,0.000000,7,8
1,10.000000,9.376000,0.265000,-64,0.000000,7,8
1,10.000000,9.339000,0.330000,-65,0.000000,7,8
1,10.000000,9.498000,0.277000,-64,0.000000,7,8
1,10.000000,9.501000,0.261000,-63,0.000000,7,8
1,10.000000,9.579000,0.265000,-65,0.000000,7,8
1,10.000000,9.376000,0.298000,-64,0.000000,7,8
1,10.000000,9.376000,0.312000,-65,0.000000,7,8
1,10.000000,9.301000,0.346000,-65,0.000000,7,8
1,10.000000,9.382000,0.402000,-65,0.000000,7,8
1,10.000000,9.495000,0.343000,-65,0.000000,7,8
1,10.000000,9.607000,0.299000,-64,0.000000,7,8
1,10.000000,9.682000,0.252000,-64,0.000000,7,8
1,10.000000,9.285000,0.541000,-63,0.000000,7,8
1,10.000000,9.726000,0.165000,-65,0.000000,7,8
1,10.000000,9.689000,0.201000,-65,0.000000,7,8
1,10.000000,9.526000,0.352000,-65,0.000000,7,8
1,10.000000,9.526000,0.390000,-65,0.000000,7,8
1,10.000000,9.726000,0.171000,-65,0.000000,7,8
1,10.000000,9.614000,0.312000,-65,0.000000,7,8
1,10.000000,9.651000,0.228000,-65,0.000000,7,8
1,10.000000,9.614000,0.245000,-64,0.000000,7,8
1,10.000000,9.726000,0.182000,-65,0.000000,7,8
1,10.000000,9.567000,0.297000,-65,0.000000,7,8
1,10.000000,9.682000,0.250000,-65,0.000000,7,8
1,10.000000,9.573000,0.201000,-64,0.000000,7,8
1,10.000000,9.363000,0.375000,-64,0.000000,7,8
1,10.000000,9.706000,0.258000,-63,0.000000,7,8
1,10.000000,9.761000,0.209000,-64,0.000000,7,8
1,10.000000,9.536000,0.291000,-64,0.000000,7,8
1,10.000000,9.645000,0.265000,-64,0.000000,7,8
1,10.000000,9.667000,0.210000,-64,0.000000,7,8
1,10.000000,9.547000,0.315000,-63,0.000000,7,8
1,10.000000,9.614000,0.216000,-63,0.000000,7,8
1,10.000000,9.614000,0.230000,-64,0.000000,7,8
1,10.000000,9.576000,0.241000,-63,0.000000,7,8
1,10.000000,9.607000,0.264000,-64,0.000000,7,8
1,10.000000,9.645000,0.273000,-64,0.000000,7,8
1,10.000000,9.576000,0.280000,-64,0.000000,7,8
1,10.000000,9.576000,0.231000,-64,0.000000,7,8
1,10.000000,9.651000,0.200000,-64,0.000000,7,8
1,10.000000,9.651000,0.212000,-63,0.000000,7,8
1,10.000000,9.645000,0.252000,-63,0.000000,7,8
1,10.000000,9.614000,0.235000,-63,0.000000,7,8
1,10.000000,9.689000,0.193000,-63,0.000000,7,8
1,10.000000,9.576000,0.256000,-63,0.000000,7,8
1,10.000000,9.645000,0.273000,-64,0.000000,7,8
1,10.000000,9.576000,0.204000,-63,0.000000,7,8
1,10.000000,9.614000,0.261000,-63,0.000000,7,8
1,10.000000,9.526000,0.278000,-64,0.000000,7,8
1,10.000000,9.576000,0.265000,-64,0.000000,7,8
1,10.000000,9.723000,0.261000,-64,0.000000,7,8
1,10.000000,9.645000,0.265000,-64,0.000000,7,8
1,10.000000,9.764000,0.175000,-63,0.000000,7,8
1,10.000000,9.689000,0.185000,-63,0.000000,7,8
1,10.000000,9.689000,0.158000,-63,0.000000,7,8
1,10.000000,9.567000,0.310000,-63,0.000000,7,8
1,10.000000,9.764000,0.181000,-64,0.000000,7,8
1,10.000000,9.645000,0.284000,-64,0.000000,7,8
1,10.000000,9.526000,0.241000,-64,0.000000,7,8
1,10.000000,9.607000,0.286000,-64,0.000000,7,8
1,10.000000,9.614000,0.235000,-64,0.000000,7,8
1,10.000000,9.576000,0.256000,-64,0.000000,7,8
1,10.000000,9.576000,0.252000,-64,0.000000,7,8
1,10.000000,9.526000,0.283000,-64,0.000000,7,8
1,10.000000,9.726000,0.184000,-64,0.000000,7,8
1,10.000000,9.560000,0.212000,-63,0.000000,7,8
1,10.000000,9.614000,0.254000,-64,0.000000,7,8
1,10.000000,9.689000,0.173000,-64,0.000000,7,8
1,10.000000,9.689000,0.184000,-63,0.000000,7,8
1,10.000000,9.645000,0.283000,-64,0.000000,7,8
1,10.000000,9.689000,0.171000,-64,0.000000,7,8
1,10.000000,9.651000,0.202000,-64,0.000000,7,8
1,10.000000,9.576000,0.288000,-64,0.000000,7,8
1,10.000000,9.645000,0.300000,-63,0.000000,7,8
1,10.000000,9.607000,0.292000,-63,0.000000,7,8
1,10.000000,9.686000,0.176000,-63,0.000000,7,8
1,10.000000,9.214000,0.413000,-64,0.000000,7,8
1,10.000000,9.526000,0.262000,-64,0.000000,7,8
1,10.000000,9.295000,0.420000,-63,0.000000,7,8
1,10.000000,9.176000,0.405000,-64,0.000000,7,8
1,10.000000,9.301000,0.351000,-63,0.000000,7,8
1,10.000000,9.214000,0.403000,-63,0.000000,7,8
1,10.000000,9.214000,0.405000,-63,0.000000,7,8
1,10.000000,9.301000,0.386000,-64,0.000000,7,8
1,10.000000,9.292000,0.348000,-64,0.000000,7,8
1,10.000000,9.376000,0.361000,-63,0.000000,7,8
1,10.000000,9.298000,0.367000,-64,0.000000,7,8
1,10.000000,9.301000,0.345000,-64,0.000000,7,8
1,10.000000,9.404000,0.353000,-64,0.000000,7,8
1,10.000000,9.264000,0.337000,-63,0.000000,7,8
1,10.000000,9.264000,0.395000,-64,0.000000,7,8
1,10.000000,9.254000,0.377000,-64,0.000000,7,8
1,10.000000,9.607000,0.271000,-63,0.000000,7,8
1,10.000000,9.539000,0.288000,-64,0.000000,7,8
1,10.000000,9.567000,0.308000,-64,0.000000,7,8
1,10.000000,9.526000,0.244000,-64,0.000000,7,8
1,10.000000,9.573000,0.248000,-64,0.000000,7,8
1,10.000000,9.614000,0.216000,-64,0.000000,7,8
1,10.000000,9.564000,0.263000,-64,0.000000,7,8
1,10.000000,9.614000,0.244000,-64,0.000000,7,8
1,10.000000,9.498000,0.335000,-65,0.000000,7,8
1,10.000000,9.651000,0.204000,-64,0.000000,7,8
1,10.000000,9.614000,0.245000,-64,0.000000,7,8
1,10.000000,9.645000,0.274000,-64,0.000000,7,8
1,10.000000,9.764000,0.193000,-64,0.000000,7,8
1,10.000000,9.689000,0.192000,-64,0.000000,7,8
1,10.000000,9.607000,0.273000,-64,0.000000,7,8
1,10.000000,9.576000,0.273000,-64,0.000000,7,8
1,10.000000,9.614000,0.261000,-64,0.000000,7,8
1,10.000000,9.567000,0.348000,-64,0.000000,7,8
1,10.000000,9.723000,0.245000,-64,0.000000,7,8
1,10.000000,9.226000,0.435000,-65,0.000000,7,8
1,10.000000,9.726000,0.162000,-64,0.000000,7,8
1,10.000000,9.726000,0.171000,-64,0.000000,7,8
1,10.000000,9.686000,0.275000,-64,0.000000,7,8
1,10.000000,9.645000,0.295000,-64,0.000000,7,8
1,10.000000,9.576000,0.282000,-64,0.000000,7,8
1,10.000000,9.651000,0.172000,-62,0.000000,7,8
1,10.000000,9.607000,0.280000,-64,0.000000,7,8
1,10.000000,9.479000,0.603000,-63,0.000000,7,8
1,10.000000,9.576000,0.263000,-64,0.000000,7,8
1,10.000000,9.570000,0.279000,-64,0.000000,7,8
1,10.000000,9.607000,0.287000,-64,0.000000,7,8
1,10.000000,9.526000,0.270000,-64,0.000000,7,8
1,10.000000,9.689000,0.203000,-64,0.000000,7,8
1,10.000000,9.608000,0.273000,-64,0.000000,7,8
1,10.000000,9.489000,0.603000,-63,0.000000,7,8
1,10.000000,9.576000,0.247000,-64,0.000000,7,8
1,10.000000,9.489000,0.321000,-64,0.000000,7,8
1,10.000000,9.489000,0.340000,-64,0.000000,7,8
1,10.000000,9.489000,0.321000,-64,0.000000,7,8
1,10.000000,9.526000,0.289000,-64,0.000000,7,8
1,10.000000,9.526000,0.258000,-64,0.000000,7,8
1,10.000000,9.570000,0.270000,-64,0.000000,7,8
1,10.000000,9.526000,0.297000,-64,0.000000,7,8
1,10.000000,9.614000,0.230000,-64,0.000000,7,8
1,10.000000,9.529000,0.366000,-64,0.000000,7,8
1,10.000000,9.682000,0.254000,-64,0.000000,7,8
1,10.000000,9.567000,0.306000,-64,0.000000,7,8
1,10.000000,9.645000,0.295000,-64,0.000000,7,8
1,10.000000,9.451000,0.284000,-64,0.000000,7,8
1,10.000000,9.526000,0.241000,-64,0.000000,7,8
1,10.000000,9.611000,0.243000,-63,0.000000,7,8
1,10.000000,9.576000,0.217000,-64,0.000000,7,8
1,10.000000,9.526000,0.274000,-64,0.000000,7,8
1,10.000000,9.526000,0.209000,-64,0.000000,7,8
1,10.000000,9.214000,0.360000,-64,0.000000,7,8
1,10.000000,9.142000,0.491000,-64,0.000000,7,8
1,10.000000,9.183000,0.446000,-64,0.000000,7,8
1,10.000000,9.179000,0.447000,-64,0.000000,7,8
1,10.000000,9.264000,0.324000,-64,0.000000,7,8
1,10.000000,9.264000,0.337000,-64,0.000000,7,8
1,10.000000,9.139000,0.412000,-64,0.000000,7,8
1,10.000000,9.101000,0.518000,-65,0.000000,7,8
1,10.000000,9.264000,0.369000,-64,0.000000,7,8
1,10.000000,9.295000,0.369000,-64,0.000000,7,8
1,10.000000,9.101000,0.441000,-64,0.000000,7,8
1,10.000000,9.414000,0.339000,-64,0.000000,7,8
1,10.000000,9.176000,0.431000,-64,0.000000,7,8
1,10.000000,9.142000,0.484000,-64,0.000000,7,8
1,10.000000,9.101000,0.465000,-64,0.000000,7,8
1,10.000000,9.414000,0.314000,-64,0.000000,7,8
1,10.000000,9.501000,0.320000,-64,0.000000,7,8
1,10.000000,9.301000,0.345000,-64,0.000000,7,8
1,10.000000,9.264000,0.408000,-64,0.000000,7,8
1,10.000000,9.439000,0.347000,-64,0.000000,7,8
1,10.000000,9.176000,0.443000,-64,0.000000,7,8
1,10.000000,9.336000,0.335000,-64,0.000000,7,8
1,10.000000,9.576000,0.233000,-64,0.000000,7,8
1,10.000000,9.683000,0.255000,-63,0.000000,7,8
1,10.000000,9.251000,0.397000,-64,0.000000,7,8
1,10.000000,9.529000,0.335000,-64,0.000000,7,8
1,10.000000,9.261000,0.422000,-64,0.000000,7,8
1,10.000000,9.576000,0.254000,-64,0.000000,7,8
1,10.000000,9.264000,0.330000,-64,0.000000,7,8
1,10.000000,9.686000,0.244000,-62,0.000000,7,8
1,10.000000,9.576000,0.215000,-64,0.000000,7,8
1,10.000000,9.576000,0.232000,-64,0.000000,7,8
1,10.000000,9.689000,0.265000,-64,0.000000,7,8
1,10.000000,9.614000,0.210000,-64,0.000000,7,8
1,10.000000,9.570000,0.256000,-64,0.000000,7,8
1,10.000000,9.576000,0.248000,-64,0.000000,7,8
1,10.000000,9.345000,0.384000,-66,0.000000,7,8
1,10.000000,9.723000,0.234000,-64,0.000000,7,8
1,10.000000,9.298000,0.396000,-65,0.000000,7,8
1,10.000000,9.723000,0.298000,-64,0.000000,7,8
1,10.000000,9.176000,0.549000,-67,0.000000,7,8
1,10.000000,9.648000,0.269000,-64,0.000000,7,8
1,10.000000,9.376000,0.323000,-64,0.000000,7,8
1,10.000000,9.570000,0.286000,-65,0.000000,7,8
1,10.000000,9.607000,0.287000,-65,0.000000,7,8
1,10.000000,9.264000,0.366000,-65,0.000000,7,8
1,10.000000,9.254000,0.769000,-64,0.000000,7,8
1,10.000000,9.220000,0.427000,-64,0.000000,7,8
