1,14.000000,12.663000,2.107000,-72,0.000000,7,8
1,14.000000,12.712000,0.170000,-72,0.000000,7,8
1,14.000000,12.720000,0.173000,-72,0.000000,7,8
1,14.000000,12.776000,0.143000,-73,0.000000,7,8
1,14.000000,12.748000,1.854000,-75,0.000000,7,8
1,14.000000,12.837000,0.285000,-72,0.000000,7,8
1,14.000000,12.888000,0.520000,-72,0.000000,7,8
1,14.000000,12.720000,0.559000,-74,0.000000,7,8
1,14.000000,12.745000,0.270000,-73,0.000000,7,8
1,14.000000,12.898000,0.384000,-73,0.000000,7,8
1,14.000000,12.808000,0.551000,-73,0.000000,7,8
1,14.000000,12.841000,0.344000,-73,0.000000,7,8
1,14.000000,12.663000,0.216000,-72,0.000000,7,8
1,14.000000,12.270000,0.289000,-71,0.000000,7,8
1,14.000000,12.435000,0.186000,-70,0.000000,7,8
1,14.000000,12.628000,0.233000,-69,0.000000,7,8
1,14.000000,12.719000,1.982000,-70,0.000000,7,8
1,14.000000,12.722000,1.491000,-70,0.000000,7,8
1,14.000000,12.635000,0.267000,-70,0.000000,7,8
1,14.000000,12.628000,0.095000,-71,0.000000,7,8
1,14.000000,12.316000,0.199000,-71,0.000000,7,8
1,14.000000,12.460000,0.159000,-72,0.000000,7,8
1,14.000000,12.776000,0.220000,-72,0.000000,7,8
1,14.000000,12.869000,0.217000,-71,0.000000,7,8
1,14.000000,12.839000,0.157000,-73,0.000000,7,8
1,14.000000,13.041000,1.454000,-74,0.000000,7,8
1,14.000000,12.834000,0.157000,-72,0.000000,7,8
1,14.000000,12.857000,0.191000,-71,0.000000,7,8
1,14.000000,12.504000,0.349000,-71,0.000000,7,8
1,14.000000,12.510000,0.282000,-71,0.000000,7,8
1,14.000000,12.501000,0.321000,-71,0.000000,7,8
1,14.000000,12.619000,0.208000,-69,0.000000,7,8
1,14.000000,12.619000,0.141000,-72,0.000000,7,8
1,14.000000,12.394000,0.241000,-71,0.000000,7,8
1,14.000000,12.630000,0.390000,-71,0.000000,7,8
1,14.000000,12.416000,0.282000,-68,0.000000,7,8
1,14.000000,12.867000,2.009000,-70,0.000000,7,8
1,14.000000,12.923000,2.097000,-70,0.000000,7,8
1,14.000000,12.579000,0.294000,-70,0.000000,7,8
1,14.000000,12.694000,0.130000,-73,0.000000,7,8
1,14.000000,12.855000,0.057000,-73,0.000000,7,8
1,14.000000,12.745000,0.176000,-71,0.000000,7,8
1,14.000000,12.660000,0.224000,-71,0.000000,7,8
1,14.000000,12.688000,0.218000,-71,0.000000,7,8
1,14.000000,12.232000,0.340000,-71,0.000000,7,8
1,14.000000,12.185000,0.353000,-70,0.000000,7,8
1,14.000000,12.619000,0.253000,-70,0.000000,7,8
1,14.000000,12.928000,0.142000,-70,0.000000,7,8
1,14.000000,12.548000,0.247000,-69,0.000000,7,8
1,14.000000,12.898000,0.168000,-70,0.000000,7,8
1,14.000000,12.307000,0.378000,-69,0.000000,7,8
1,14.000000,12.616000,0.209000,-70,0.000000,7,8
1,14.000000,12.582000,0.231000,-71,0.000000,7,8
1,14.000000,12.663000,0.149000,-72,0.000000,7,8
1,14.000000,12.804000,0.132000,-71,0.000000,7,8
1,14.000000,12.666000,0.205000,-72,0.000000,7,8
1,14.000000,12.780000,0.179000,-72,0.000000,7,8
1,14.000000,12.623000,0.174000,-73,0.000000,7,8
1,14.000000,12.391000,0.187000,-72,0.000000,7,8
1,14.000000,12.738000,0.170000,-72,0.000000,7,8
1,14.000000,12.457000,0.212000,-73,0.000000,7,8
1,14.000000,12.588000,0.088000,-72,0.000000,7,8
1,14.000000,12.779000,0.170000,-71,0.000000,7,8
1,14.000000,12.841000,0.462000,-72,0.000000,7,8
1,14.000000,12.548000,0.187000,-72,0.000000,7,8
1,14.000000,12.748000,1.609000,-72,0.000000,7,8
1,14.000000,12.663000,0.547000,-72,0.000000,7,8
1,14.000000,12.457000,0.144000,-72,0.000000,7,8
1,14.000000,12.574000,0.115000,-72,0.000000,7,8
1,14.000000,12.719000,0.209000,-72,0.000000,7,8
1,14.000000,12.776000,0.340000,-71,0.000000,7,8
1,14.000000,12.722000,0.234000,-71,0.000000,7,8
1,14.000000,12.466000,0.099000,-71,0.000000,7,8
1,14.000000,12.466000,0.170000,-71,0.000000,7,8
1,14.000000,12.841000,0.225000,-70,0.000000,7,8
1,14.000000,12.808000,2.110000,-70,0.000000,7,8
1,14.000000,12.717000,2.457000,-71,0.000000,7,8
1,14.000000,12.626000,2.033000,-71,0.000000,7,8
1,14.000000,12.630000,2.088000,-71,0.000000,7,8
1,14.000000,12.576000,2.265000,-71,0.000000,7,8
1,14.000000,12.630000,1.856000,-71,0.000000,7,8
1,14.000000,12.600000,2.163000,-71,0.000000,7,8
1,14.000000,12.694000,2.020000,-71,0.000000,7,8
1,14.000000,12.720000,2.066000,-71,0.000000,7,8
1,14.000000,12.663000,2.191000,-71,0.000000,7,8
1,14.000000,12.630000,2.142000,-71,0.000000,7,8
1,14.000000,12.541000,0.462000,-71,0.000000,7,8
1,14.000000,12.570000,0.394000,-71,0.000000,7,8
1,14.000000,12.635000,0.672000,-71,0.000000,7,8
1,14.000000,12.811000,1.724000,-71,0.000000,7,8
1,14.000000,12.663000,2.092000,-72,0.000000,7,8
1,14.000000,12.748000,2.069000,-72,0.000000,7,8
1,14.000000,12.837000,1.965000,-71,0.000000,7,8
1,14.000000,12.808000,1.983000,-71,0.000000,7,8
1,14.000000,12.870000,1.651000,-71,0.000000,7,8
1,14.000000,12.778000,1.875000,-71,0.000000,7,8
1,14.000000,12.837000,1.926000,-71,0.000000,7,8
1,14.000000,12.804000,2.054000,-71,0.000000,7,8
1,14.000000,12.837000,2.026000,-71,0.000000,7,8
1,14.000000,12.837000,1.333000,-70,0.000000,7,8
1,14.000000,12.748000,0.242000,-70,0.000000,7,8
1,14.000000,12.806000,0.178000,-70,0.000000,7,8
1,14.000000,12.808000,0.442000,-70,0.000000,7,8
1,14.000000,12.867000,2.028000,-69,0.000000,7,8
1,14.000000,12.778000,2.011000,-69,0.000000,7,8
1,14.000000,12.806000,1.684000,-69,0.000000,7,8
1,14.000000,12.839000,0.415000,-70,0.000000,7,8
1,14.000000,12.870000,0.253000,-70,0.000000,7,8
1,14.000000,12.839000,0.301000,-70,0.000000,7,8
1,14.000000,12.865000,0.307000,-70,0.000000,7,8
1,14.000000,12.923000,2.022000,-70,0.000000,7,8
1,14.000000,12.926000,1.943000,-70,0.000000,7,8
1,14.000000,12.841000,0.314000,-70,0.000000,7,8
1,14.000000,12.808000,0.188000,-70,0.000000,7,8
1,14.000000,12.780000,0.157000,-70,0.000000,7,8
1,14.000000,12.811000,0.167000,-70,0.000000,7,8
1,14.000000,12.867000,0.214000,-70,0.000000,7,8
1,14.000000,12.862000,0.437000,-70,0.000000,7,8
1,14.000000,12.898000,1.399000,-70,0.000000,7,8
1,14.000000,12.808000,0.465000,-70,0.000000,7,8
1,14.000000,12.841000,1.419000,-70,0.000000,7,8
1,14.000000,12.870000,1.477000,-71,0.000000,7,8
1,14.000000,12.867000,0.362000,-71,0.000000,7,8
1,14.000000,12.811000,0.297000,-70,0.000000,7,8
1,14.000000,12.898000,0.324000,-70,0.000000,7,8
1,14.000000,12.834000,0.331000,-70,0.000000,7,8
1,14.000000,12.722000,0.287000,-70,0.000000,7,8
1,14.000000,12.865000,1.852000,-70,0.000000,7,8
1,14.000000,12.808000,1.918000,-70,0.000000,7,8
1,14.000000,12.804000,0.405000,-70,0.000000,7,8
1,14.000000,12.898000,0.208000,-71,0.000000,7,8
1,14.000000,12.722000,0.203000,-70,0.000000,7,8
1,14.000000,12.780000,0.276000,-70,0.000000,7,8
1,14.000000,12.748000,0.443000,-70,0.000000,7,8
1,14.000000,12.691000,0.275000,-70,0.000000,7,8
1,14.000000,12.628000,0.174000,-70,0.000000,7,8
1,14.000000,12.830000,0.110000,-70,0.000000,7,8
1,14.000000,12.719000,0.273000,-70,0.000000,7,8
1,14.000000,12.687000,0.651000,-71,0.000000,7,8
1,14.000000,12.773000,0.215000,-71,0.000000,7,8
1,14.000000,12.661000,0.204000,-71,0.000000,7,8
1,14.000000,12.663000,0.177000,-71,0.000000,7,8
1,14.000000,12.744000,0.201000,-72,0.000000,7,8
1,14.000000,12.504000,0.262000,-71,0.000000,7,8
1,14.000000,12.579000,0.277000,-70,0.000000,7,8
1,14.000000,12.666000,0.216000,-72,0.000000,7,8
1,14.000000,12.423000,0.305000,-70,0.000000,7,8
1,14.000000,12.921000,0.251000,-70,0.000000,7,8
1,14.000000,12.420000,0.284000,-70,0.000000,7,8
1,14.000000,12.694000,0.223000,-69,0.000000,7,8
1,14.000000,12.987000,0.147000,-70,0.000000,7,8
1,14.000000,12.813000,0.213000,-70,0.000000,7,8
1,14.000000,12.704000,0.215000,-68,0.000000,7,8
1,14.000000,12.626000,0.273000,-70,0.000000,7,8
1,14.000000,12.507000,0.235000,-72,0.000000,7,8
1,14.000000,12.932000,0.097000,-71,0.000000,7,8
1,14.000000,12.741000,0.220000,-68,0.000000,7,8
1,14.000000,12.776000,0.165000,-71,0.000000,7,8
1,14.000000,12.938000,0.156000,-70,0.000000,7,8
1,14.000000,13.179000,0.122000,-69,0.000000,7,8
1,14.000000,13.446000,1.438000,-65,0.000000,7,8
1,14.000000,13.048000,0.255000,-66,0.000000,7,8
1,14.000000,12.979000,0.152000,-70,0.000000,7,8
1,14.000000,13.073000,0.128000,-72,0.000000,7,8
1,14.000000,13.044000,0.096000,-70,0.000000,7,8
1,14.000000,13.132000,0.925000,-67,0.000000,7,8
1,14.000000,13.247000,0.437000,-66,0.000000,7,8
1,14.000000,13.188000,0.386000,-66,0.000000,7,8
1,14.000000,13.247000,0.239000,-66,0.000000,7,8
1,14.000000,13.188000,0.575000,-67,0.000000,7,8
1,14.000000,13.160000,0.381000,-66,0.000000,7,8
1,14.000000,13.244000,0.312000,-67,0.000000,7,8
1,14.000000,13.193000,0.921000,-67,0.000000,7,8
1,14.000000,13.188000,1.350000,-68,0.000000,7,8
1,14.000000,13.045000,0.183000,-68,0.000000,7,8
1,14.000000,13.132000,0.076000,-68,0.000000,7,8
1,14.000000,13.132000,0.317000,-68,0.000000,7,8
1,14.000000,13.132000,0.886000,-67,0.000000,7,8
1,14.000000,13.216000,0.598000,-66,0.000000,7,8
1,14.000000,13.183000,0.426000,-66,0.000000,7,8
1,14.000000,13.015000,0.131000,-67,0.000000,7,8
1,14.000000,13.129000,0.093000,-67,0.000000,7,8
1,14.000000,12.867000,0.186000,-69,0.000000,7,8
1,14.000000,12.816000,0.182000,-71,0.000000,7,8
1,14.000000,12.956000,0.175000,-71,0.000000,7,8
1,14.000000,12.663000,0.148000,-73,0.000000,7,8
1,14.000000,12.989000,1.573000,-70,0.000000,7,8
1,14.000000,12.816000,0.206000,-70,0.000000,7,8
1,14.000000,13.091000,0.096000,-67,0.000000,7,8
1,14.000000,12.507000,0.310000,-67,0.000000,7,8
1,14.000000,13.099000,0.046000,-67,0.000000,7,8
1,14.000000,13.045000,0.365000,-69,0.000000,7,8
1,14.000000,12.773000,0.183000,-69,0.000000,7,8
1,14.000000,12.654000,0.202000,-72,0.000000,7,8
1,14.000000,12.776000,0.245000,-72,0.000000,7,8
1,14.000000,12.666000,0.170000,-68,0.000000,7,8
1,14.000000,13.273000,0.424000,-67,0.000000,7,8
1,14.000000,12.977000,0.162000,-71,0.000000,7,8
1,14.000000,12.982000,0.172000,-69,0.000000,7,8
1,14.000000,13.244000,0.913000,-68,0.000000,7,8
1,14.000000,13.132000,0.088000,-70,0.000000,7,8
1,14.000000,13.446000,0.708000,-65,0.000000,7,8
1,14.000000,13.516000,0.331000,-72,0.000000,7,8
1,14.000000,13.104000,0.241000,-74,0.000000,7,8
1,14.000000,12.732000,0.218000,-69,0.000000,7,8
1,14.000000,12.923000,0.278000,-68,0.000000,7,8
1,14.000000,12.928000,0.223000,-70,0.000000,7,8
1,14.000000,13.033000,1.076000,-68,0.000000,7,8
1,14.000000,13.657000,0.854000,-66,0.000000,7,8
1,14.000000,13.241000,0.116000,-75,0.000000,7,8
1,14.000000,13.015000,1.714000,-70,0.000000,7,8
1,14.000000,13.279000,0.195000,-69,0.000000,7,8
1,14.000000,12.863000,0.182000,-69,0.000000,7,8
1,14.000000,12.895000,0.299000,-72,0.000000,7,8
1,14.000000,12.780000,0.110000,-71,0.000000,7,8
1,14.000000,12.804000,0.753000,-69,0.000000,7,8
1,14.000000,12.773000,0.155000,-69,0.000000,7,8
1,14.000000,12.701000,0.194000,-68,0.000000,7,8
1,14.000000,13.088000,0.106000,-69,0.000000,7,8
1,14.000000,12.891000,0.097000,-69,0.000000,7,8
1,14.000000,12.898000,0.152000,-68,0.000000,7,8
1,14.000000,12.635000,0.175000,-70,0.000000,7,8
1,14.000000,12.841000,1.099000,-68,0.000000,7,8
1,14.000000,12.926000,0.162000,-72,0.000000,7,8
1,14.000000,13.016000,0.099000,-69,0.000000,7,8
1,14.000000,12.629000,0.227000,-73,0.000000,7,8
1,14.000000,12.865000,0.206000,-69,0.000000,7,8
1,14.000000,12.848000,0.152000,-69,0.000000,7,8
1,14.000000,12.982000,0.122000,-69,0.000000,7,8
1,14.000000,12.841000,0.314000,-69,0.000000,7,8
1,14.000000,12.941000,0.175000,-69,0.000000,7,8
1,14.000000,12.961000,0.144000,-69,0.000000,7,8
1,14.000000,12.839000,1.018000,-69,0.000000,7,8
1,14.000000,12.923000,1.945000,-69,0.000000,7,8
1,14.000000,12.834000,1.752000,-69,0.000000,7,8
1,14.000000,12.926000,1.683000,-69,0.000000,7,8
1,14.000000,12.930000,1.574000,-69,0.000000,7,8
1,14.000000,12.895000,1.059000,-69,0.000000,7,8
1,14.000000,12.585000,0.224000,-70,0.000000,7,8
1,14.000000,12.826000,0.199000,-70,0.000000,7,8
1,14.000000,12.504000,0.289000,-70,0.000000,7,8
1,14.000000,12.763000,0.166000,-70,0.000000,7,8
1,14.000000,12.623000,0.166000,-70,0.000000,7,8
1,14.000000,12.894000,0.091000,-70,0.000000,7,8
1,14.000000,12.582000,0.236000,-70,0.000000,7,8
1,14.000000,12.921000,0.136000,-71,0.000000,7,8
1,14.000000,12.982000,0.105000,-71,0.000000,7,8
1,14.000000,12.854000,0.150000,-72,0.000000,7,8
1,14.000000,13.127000,0.081000,-68,0.000000,7,8
1,14.000000,12.891000,0.161000,-69,0.000000,7,8
1,14.000000,12.888000,0.178000,-70,0.000000,7,8
1,14.000000,12.735000,0.212000,-68,0.000000,7,8
1,14.000000,12.956000,1.453000,-68,0.000000,7,8
1,14.000000,12.865000,0.890000,-68,0.000000,7,8
1,14.000000,12.954000,0.554000,-68,0.000000,7,8
1,14.000000,12.776000,1.058000,-68,0.000000,7,8
1,14.000000,12.834000,1.736000,-68,0.000000,7,8
1,14.000000,12.926000,0.680000,-68,0.000000,7,8
1,14.000000,12.891000,1.564000,-68,0.000000,7,8
1,14.000000,12.773000,0.204000,-71,0.000000,7,8
1,14.000000,13.254000,0.104000,-68,0.000000,7,8
1,14.000000,12.865000,0.856000,-69,0.000000,7,8
1,14.000000,12.729000,0.137000,-70,0.000000,7,8
1,14.000000,12.806000,0.145000,-71,0.000000,7,8
1,14.000000,12.804000,0.174000,-71,0.000000,7,8
1,14.000000,12.834000,0.142000,-70,0.000000,7,8
1,14.000000,12.745000,0.204000,-70,0.000000,7,8
1,14.000000,12.898000,0.201000,-70,0.000000,7,8
1,14.000000,12.851000,0.134000,-71,0.000000,7,8
1,14.000000,12.854000,0.154000,-70,0.000000,7,8
1,14.000000,12.619000,0.233000,-70,0.000000,7,8
1,14.000000,12.541000,0.250000,-69,0.000000,7,8
1,14.000000,12.769000,0.190000,-69,0.000000,7,8
1,14.000000,12.808000,0.106000,-69,0.000000,7,8
1,14.000000,12.779000,0.109000,-68,0.000000,7,8
1,14.000000,12.895000,0.205000,-69,0.000000,7,8
1,14.000000,12.804000,0.630000,-69,0.000000,7,8
1,14.000000,12.862000,0.335000,-69,0.000000,7,8
1,14.000000,12.804000,0.175000,-69,0.000000,7,8
1,14.000000,12.834000,0.123000,-70,0.000000,7,8
1,14.000000,12.832000,0.472000,-69,0.000000,7,8
1,14.000000,12.860000,0.151000,-70,0.000000,7,8
1,14.000000,12.891000,0.140000,-72,0.000000,7,8
1,14.000000,12.694000,0.239000,-70,0.000000,7,8
1,14.000000,12.851000,0.181000,-70,0.000000,7,8
1,14.000000,12.629000,0.247000,-71,0.000000,7,8
1,14.000000,12.626000,0.256000,-70,0.000000,7,8
1,14.000000,12.776000,0.194000,-70,0.000000,7,8
1,14.000000,12.666000,0.231000,-71,0.000000,7,8
1,14.000000,12.694000,0.237000,-70,0.000000,7,8
1,14.000000,12.694000,0.239000,-71,0.000000,7,8
1,14.000000,12.854000,0.140000,-72,0.000000,7,8
1,14.000000,12.776000,0.246000,-72,0.000000,7,8
1,14.000000,12.654000,0.275000,-71,0.000000,7,8
1,14.000000,12.816000,0.223000,-71,0.000000,7,8
1,14.000000,12.591000,0.335000,-69,0.000000,7,8
1,14.000000,12.658000,0.164000,-73,0.000000,7,8
1,14.000000,12.602000,0.287000,-72,0.000000,7,8
1,14.000000,12.541000,0.327000,-68,0.000000,7,8
1,14.000000,12.952000,0.200000,-71,0.000000,7,8
1,14.000000,12.904000,0.249000,-70,0.000000,7,8
1,14.000000,12.605000,0.223000,-71,0.000000,7,8
1,14.000000,12.579000,0.099000,-71,0.000000,7,8
1,14.000000,12.982000,0.937000,-69,0.000000,7,8
1,14.000000,12.980000,0.496000,-68,0.000000,7,8
1,14.000000,12.539000,0.479000,-70,0.000000,7,8
1,14.000000,12.630000,0.138000,-70,0.000000,7,8
1,14.000000,12.483000,0.335000,-72,0.000000,7,8
1,14.000000,12.666000,0.270000,-73,0.000000,7,8
1,14.000000,12.898000,0.119000,-73,0.000000,7,8
1,14.000000,12.857000,0.176000,-73,0.000000,7,8
1,14.000000,12.973000,0.129000,-71,0.000000,7,8
1,14.000000,12.816000,0.203000,-72,0.000000,7,8
1,14.000000,12.935000,0.175000,-71,0.000000,7,8
1,14.000000,12.894000,0.179000,-70,0.000000,7,8
1,14.000000,12.973000,0.141000,-69,0.000000,7,8
1,14.000000,13.166000,0.064000,-68,0.000000,7,8
1,14.000000,13.010000,0.096000,-68,0.000000,7,8
1,14.000000,13.098000,0.102000,-68,0.000000,7,8
1,14.000000,13.013000,0.159000,-69,0.000000,7,8
1,14.000000,13.054000,0.110000,-69,0.000000,7,8
1,14.000000,13.010000,0.099000,-73,0.000000,7,8
1,14.000000,12.891000,0.194000,-67,0.000000,7,8
1,14.000000,12.544000,0.244000,-69,0.000000,7,8
1,14.000000,12.507000,0.258000,-69,0.000000,7,8
1,14.000000,12.504000,0.232000,-70,0.000000,7,8
1,14.000000,12.654000,0.178000,-70,0.000000,7,8
1,14.000000,13.088000,0.159000,-68,0.000000,7,8
1,14.000000,12.741000,0.112000,-72,0.000000,7,8
1,14.000000,12.851000,0.149000,-71,0.000000,7,8
1,14.000000,12.808000,0.103000,-70,0.000000,7,8
1,14.000000,12.591000,0.275000,-73,0.000000,7,8
1,14.000000,12.722000,0.184000,-71,0.000000,7,8
1,14.000000,12.839000,0.880000,-68,0.000000,7,8
1,14.000000,12.382000,0.328000,-68,0.000000,7,8
1,14.000000,12.951000,1.306000,-68,0.000000,7,8
1,14.000000,12.745000,0.150000,-70,0.000000,7,8
1,14.000000,12.544000,0.315000,-74,0.000000,7,8
1,14.000000,13.132000,0.095000,-73,0.000000,7,8
1,14.000000,12.732000,0.208000,-70,0.000000,7,8
1,14.000000,12.666000,0.187000,-71,0.000000,7,8
1,14.000000,12.776000,0.148000,-71,0.000000,7,8
1,14.000000,12.902000,0.151000,-73,0.000000,7,8
1,14.000000,12.888000,0.221000,-71,0.000000,7,8
1,14.000000,12.976000,0.105000,-68,0.000000,7,8
1,14.000000,12.780000,0.293000,-69,0.000000,7,8
1,14.000000,13.041000,0.906000,-67,0.000000,7,8
1,14.000000,13.036000,0.133000,-68,0.000000,7,8
1,14.000000,12.919000,0.183000,-69,0.000000,7,8
1,14.000000,12.776000,0.219000,-69,0.000000,7,8
1,14.000000,12.513000,0.420000,-69,0.000000,7,8
1,14.000000,12.398000,0.372000,-69,0.000000,7,8
1,14.000000,12.921000,1.238000,-68,0.000000,7,8
1,14.000000,12.748000,0.207000,-72,0.000000,7,8
1,14.000000,12.219000,0.365000,-68,0.000000,7,8
1,14.000000,12.923000,0.174000,-71,0.000000,7,8
1,14.000000,12.657000,0.183000,-71,0.000000,7,8
1,14.000000,12.956000,0.178000,-70,0.000000,7,8
1,14.000000,13.038000,0.175000,-69,0.000000,7,8
1,14.000000,12.423000,0.325000,-68,0.000000,7,8
1,14.000000,13.057000,0.164000,-72,0.000000,7,8
1,14.000000,12.226000,0.397000,-72,0.000000,7,8
1,14.000000,12.966000,0.116000,-73,0.000000,7,8
1,14.000000,13.160000,0.802000,-68,0.000000,7,8
1,14.000000,12.834000,0.205000,-74,0.000000,7,8
1,14.000000,13.158000,0.823000,-68,0.000000,7,8
1,14.000000,12.809000,0.258000,-70,0.000000,7,8
1,14.000000,13.076000,0.154000,-69,0.000000,7,8
1,14.000000,12.785000,0.241000,-70,0.000000,7,8
1,14.000000,13.008000,0.110000,-70,0.000000,7,8
1,14.000000,12.895000,1.453000,-72,0.000000,7,8
1,14.000000,12.351000,0.336000,-71,0.000000,7,8
1,14.000000,12.354000,0.315000,-70,0.000000,7,8
1,14.000000,13.120000,0.311000,-68,0.000000,7,8
1,14.000000,12.544000,0.201000,-71,0.000000,7,8
1,14.000000,13.010000,0.111000,-68,0.000000,7,8
1,14.000000,12.923000,1.616000,-69,0.000000,7,8
1,14.000000,12.541000,0.202000,-73,0.000000,7,8
1,14.000000,12.865000,0.172000,-71,0.000000,7,8
1,14.000000,13.331000,0.469000,-72,0.000000,7,8
1,14.000000,12.782000,0.267000,-66,0.000000,7,8
1,14.000000,12.307000,0.352000,-68,0.000000,7,8
1,14.000000,12.806000,1.517000,-73,0.000000,7,8
1,14.000000,12.893000,1.569000,-69,0.000000,7,8
1,14.000000,12.629000,0.203000,-68,0.000000,7,8
1,14.000000,12.388000,0.294000,-69,0.000000,7,8
1,14.000000,12.313000,0.359000,-70,0.000000,7,8
1,14.000000,12.501000,0.279000,-71,0.000000,7,8
1,14.000000,12.663000,0.241000,-73,0.000000,7,8
1,14.000000,12.806000,0.815000,-74,0.000000,7,8
1,14.000000,13.533000,0.111000,-72,0.000000,7,8
1,14.000000,12.870000,2.094000,-72,0.000000,7,8
1,14.000000,12.263000,0.247000,-72,0.000000,7,8
1,14.000000,12.585000,0.231000,-70,0.000000,7,8
1,14.000000,12.270000,0.322000,-71,0.000000,7,8
1,14.000000,12.724000,0.346000,-71,0.000000,7,8
1,14.000000,12.623000,0.152000,-72,0.000000,7,8
1,14.000000,12.867000,0.335000,-72,0.000000,7,8
1,14.000000,12.416000,0.249000,-71,0.000000,7,8
1,14.000000,12.898000,0.183000,-70,0.000000,7,8
1,14.000000,12.893000,0.196000,-73,0.000000,7,8
1,14.000000,12.507000,0.174000,-72,0.000000,7,8
1,14.000000,12.735000,0.187000,-70,0.000000,7,8
1,14.000000,12.391000,0.241000,-71,0.000000,7,8
1,14.000000,12.394000,0.302000,-69,0.000000,7,8
1,14.000000,12.616000,0.222000,-70,0.000000,7,8
1,14.000000,12.598000,0.185000,-71,0.000000,7,8
1,14.000000,12.457000,0.262000,-70,0.000000,7,8
1,14.000000,12.588000,0.158000,-69,0.000000,7,8
1,14.000000,12.232000,0.349000,-70,0.000000,7,8
1,14.000000,12.698000,0.141000,-70,0.000000,7,8
1,14.000000,12.660000,0.164000,-69,0.000000,7,8
1,14.000000,12.354000,0.261000,-70,0.000000,7,8
1,14.000000,12.535000,0.215000,-69,0.000000,7,8
1,14.000000,12.469000,0.203000,-69,0.000000,7,8
1,14.000000,12.851000,0.120000,-69,0.000000,7,8
1,14.000000,12.319000,0.270000,-69,0.000000,7,8
1,14.000000,12.626000,0.162000,-70,0.000000,7,8
1,14.000000,12.548000,0.247000,-69,0.000000,7,8
1,14.000000,12.657000,0.220000,-69,0.000000,7,8
1,14.000000,12.501000,0.235000,-69,0.000000,7,8
1,14.000000,12.984000,0.405000,-69,0.000000,7,8
1,14.000000,12.867000,0.337000,-70,0.000000,7,8
1,14.000000,12.704000,0.183000,-70,0.000000,7,8
1,14.000000,12.429000,0.224000,-70,0.000000,7,8
1,14.000000,12.663000,0.214000,-70,0.000000,7,8
1,14.000000,12.619000,0.207000,-69,0.000000,7,8
1,14.000000,12.457000,0.221000,-69,0.000000,7,8
1,14.000000,12.538000,0.266000,-70,0.000000,7,8
1,14.000000,12.385000,0.257000,-69,0.000000,7,8
1,14.000000,12.507000,0.236000,-70,0.000000,7,8
1,14.000000,12.778000,0.177000,-70,0.000000,7,8
1,14.000000,12.738000,0.123000,-69,0.000000,7,8
1,14.000000,12.701000,0.136000,-67,0.000000,7,8
1,14.000000,12.457000,0.184000,-68,0.000000,7,8
1,14.000000,12.541000,0.268000,-68,0.000000,7,8
1,14.000000,12.582000,0.213000,-68,0.000000,7,8
1,14.000000,12.341000,0.264000,-68,0.000000,7,8
1,14.000000,12.654000,0.189000,-69,0.000000,7,8
1,14.000000,12.579000,0.198000,-69,0.000000,7,8
1,14.000000,12.588000,0.176000,-69,0.000000,7,8
1,14.000000,12.266000,0.344000,-68,0.000000,7,8
1,14.000000,12.504000,0.254000,-69,0.000000,7,8
1,14.000000,12.541000,0.196000,-70,0.000000,7,8
1,14.000000,12.616000,0.178000,-70,0.000000,7,8
1,14.000000,12.698000,0.180000,-69,0.000000,7,8
1,14.000000,12.501000,0.192000,-70,0.000000,7,8
1,14.000000,12.666000,0.224000,-70,0.000000,7,8
1,14.000000,12.741000,0.165000,-70,0.000000,7,8
1,14.000000,12.498000,0.192000,-69,0.000000,7,8
1,14.000000,12.426000,0.198000,-69,0.000000,7,8
1,14.000000,12.419000,0.252000,-70,0.000000,7,8
1,14.000000,12.429000,0.280000,-70,0.000000,7,8
1,14.000000,12.660000,0.174000,-70,0.000000,7,8
1,14.000000,12.741000,0.171000,-70,0.000000,7,8
1,14.000000,12.666000,0.196000,-70,0.000000,7,8
1,14.000000,12.738000,0.200000,-70,0.000000,7,8
1,14.000000,12.548000,0.249000,-69,0.000000,7,8
1,14.000000,12.460000,0.183000,-69,0.000000,7,8
1,14.000000,12.541000,0.244000,-69,0.000000,7,8
1,14.000000,12.582000,0.235000,-69,0.000000,7,8
1,14.000000,12.623000,0.211000,-69,0.000000,7,8
1,14.000000,12.779000,0.140000,-69,0.000000,7,8
1,14.000000,12.588000,0.221000,-69,0.000000,7,8
1,14.000000,12.504000,0.280000,-69,0.000000,7,8
1,14.000000,12.510000,0.268000,-70,0.000000,7,8
1,14.000000,12.354000,0.293000,-70,0.000000,7,8
1,14.000000,12.429000,0.253000,-69,0.000000,7,8
1,14.000000,12.229000,0.309000,-70,0.000000,7,8
1,14.000000,12.313000,0.280000,-70,0.000000,7,8
1,14.000000,12.082000,0.437000,-70,0.000000,7,8
1,14.000000,12.319000,0.271000,-69,0.000000,7,8
1,14.000000,12.816000,0.123000,-69,0.000000,7,8
1,14.000000,13.162000,0.213000,-70,0.000000,7,8
1,14.000000,12.776000,0.180000,-71,0.000000,7,8
1,14.000000,12.616000,0.210000,-71,0.000000,7,8
1,14.000000,12.752000,0.190000,-71,0.000000,7,8
1,14.000000,12.722000,0.311000,-71,0.000000,7,8
1,14.000000,12.811000,0.140000,-71,0.000000,7,8
1,14.000000,12.804000,0.204000,-71,0.000000,7,8
1,14.000000,12.379000,0.237000,-71,0.000000,7,8
1,14.000000,12.839000,0.149000,-72,0.000000,7,8
1,14.000000,12.854000,0.151000,-71,0.000000,7,8
1,14.000000,12.666000,0.209000,-70,0.000000,7,8
1,14.000000,12.554000,0.289000,-70,0.000000,7,8
1,14.000000,12.619000,0.210000,-69,0.000000,7,8
1,14.000000,12.579000,0.237000,-69,0.000000,7,8
1,14.000000,12.623000,0.214000,-69,0.000000,7,8
1,14.000000,12.619000,0.176000,-69,0.000000,7,8
1,14.000000,12.544000,0.239000,-70,0.000000,7,8
1,14.000000,12.585000,0.186000,-69,0.000000,7,8
1,14.000000,12.629000,0.224000,-68,0.000000,7,8
1,14.000000,12.755000,0.202000,-69,0.000000,7,8
1,14.000000,12.813000,0.174000,-69,0.000000,7,8
1,14.000000,12.472000,0.271000,-69,0.000000,7,8
1,14.000000,12.588000,0.250000,-69,0.000000,7,8
1,14.000000,12.867000,0.106000,-70,0.000000,7,8
1,14.000000,12.582000,0.204000,-70,0.000000,7,8
1,14.000000,12.501000,0.307000,-70,0.000000,7,8
1,14.000000,12.429000,0.347000,-70,0.000000,7,8
1,14.000000,12.698000,0.158000,-71,0.000000,7,8
1,14.000000,12.741000,0.166000,-70,0.000000,7,8
1,14.000000,12.663000,0.195000,-70,0.000000,7,8
1,14.000000,12.776000,0.195000,-70,0.000000,7,8
1,14.000000,12.779000,0.134000,-71,0.000000,7,8
1,14.000000,12.657000,0.196000,-70,0.000000,7,8
1,14.000000,12.619000,0.208000,-70,0.000000,7,8
1,14.000000,12.701000,0.178000,-71,0.000000,7,8
1,14.000000,12.432000,0.278000,-70,0.000000,7,8
1,14.000000,12.510000,0.245000,-70,0.000000,7,8
1,14.000000,12.504000,0.198000,-70,0.000000,7,8
1,14.000000,12.704000,0.190000,-71,0.000000,7,8
1,14.000000,12.548000,0.235000,-70,0.000000,7,8
1,14.000000,12.863000,0.151000,-70,0.000000,7,8
1,14.000000,12.541000,0.244000,-70,0.000000,7,8
1,14.000000,12.538000,0.245000,-70,0.000000,7,8
1,14.000000,12.501000,0.254000,-70,0.000000,7,8
1,14.000000,12.811000,0.168000,-70,0.000000,7,8
1,14.000000,12.776000,0.198000,-71,0.000000,7,8
1,14.000000,12.780000,0.120000,-70,0.000000,7,8
1,14.000000,12.826000,0.207000,-70,0.000000,7,8
1,14.000000,12.541000,0.232000,-71,0.000000,7,8
1,14.000000,12.691000,0.195000,-71,0.000000,7,8
1,14.000000,12.548000,0.219000,-71,0.000000,7,8
1,14.000000,12.538000,0.168000,-71,0.000000,7,8
1,14.000000,12.663000,0.160000,-70,0.000000,7,8
1,14.000000,12.544000,0.185000,-70,0.000000,7,8
1,14.000000,12.466000,0.208000,-70,0.000000,7,8
1,14.000000,12.504000,0.251000,-70,0.000000,7,8
1,14.000000,12.666000,0.172000,-70,0.000000,7,8
1,14.000000,12.657000,0.169000,-70,0.000000,7,8
1,14.000000,12.704000,0.213000,-70,0.000000,7,8
1,14.000000,12.466000,0.234000,-70,0.000000,7,8
1,14.000000,12.463000,0.246000,-69,0.000000,7,8
1,14.000000,12.382000,0.280000,-69,0.000000,7,8
1,14.000000,12.348000,0.315000,-69,0.000000,7,8
1,14.000000,12.579000,0.253000,-70,0.000000,7,8
1,14.000000,12.660000,0.187000,-70,0.000000,7,8
1,14.000000,12.388000,0.314000,-69,0.000000,7,8
1,14.000000,12.579000,0.190000,-70,0.000000,7,8
1,14.000000,12.266000,0.333000,-69,0.000000,7,8
1,14.000000,12.701000,0.181000,-70,0.000000,7,8
1,14.000000,12.494000,0.245000,-69,0.000000,7,8
1,14.000000,12.454000,0.287000,-69,0.000000,7,8
1,14.000000,12.585000,0.210000,-70,0.000000,7,8
1,14.000000,12.748000,0.134000,-70,0.000000,7,8
1,14.000000,12.745000,0.134000,-70,0.000000,7,8
1,14.000000,12.813000,0.522000,-71,0.000000,7,8
1,14.000000,12.776000,0.523000,-71,0.000000,7,8
1,14.000000,12.923000,1.972000,-71,0.000000,7,8
1,14.000000,12.987000,0.444000,-71,0.000000,7,8
1,14.000000,12.832000,0.245000,-71,0.000000,7,8
1,14.000000,12.780000,0.143000,-71,0.000000,7,8
1,14.000000,12.832000,0.188000,-71,0.000000,7,8
1,14.000000,12.579000,0.145000,-71,0.000000,7,8
1,14.000000,12.510000,0.187000,-71,0.000000,7,8
1,14.000000,12.591000,0.268000,-70,0.000000,7,8
1,14.000000,12.779000,0.158000,-70,0.000000,7,8
1,14.000000,12.741000,0.177000,-70,0.000000,7,8
1,14.000000,12.616000,0.229000,-70,0.000000,7,8
1,14.000000,12.698000,0.158000,-70,0.000000,7,8
1,14.000000,12.776000,0.176000,-70,0.000000,7,8
1,14.000000,12.610000,0.160000,-70,0.000000,7,8
1,14.000000,12.921000,0.192000,-70,0.000000,7,8
1,14.000000,12.867000,0.165000,-70,0.000000,7,8
1,14.000000,12.832000,0.216000,-70,0.000000,7,8
1,14.000000,12.893000,0.181000,-71,0.000000,7,8
1,14.000000,12.776000,0.239000,-71,0.000000,7,8
1,14.000000,12.832000,0.214000,-71,0.000000,7,8
1,14.000000,12.809000,0.257000,-71,0.000000,7,8
1,14.000000,12.860000,0.246000,-71,0.000000,7,8
1,14.000000,12.663000,0.499000,-72,0.000000,7,8
1,14.000000,12.719000,0.366000,-71,0.000000,7,8
1,14.000000,12.832000,0.269000,-71,0.000000,7,8
1,14.000000,12.902000,0.466000,-71,0.000000,7,8
1,14.000000,12.808000,1.538000,-71,0.000000,7,8
1,14.000000,12.865000,1.536000,-71,0.000000,7,8
1,14.000000,12.750000,0.419000,-71,0.000000,7,8
1,14.000000,12.752000,0.494000,-71,0.000000,7,8
1,14.000000,12.804000,1.614000,-71,0.000000,7,8
1,14.000000,12.923000,0.307000,-71,0.000000,7,8
1,14.000000,12.923000,0.125000,-71,0.000000,7,8
1,14.000000,12.860000,0.170000,-71,0.000000,7,8
1,14.000000,12.778000,0.163000,-70,0.000000,7,8
1,14.000000,12.834000,0.185000,-70,0.000000,7,8
1,14.000000,12.865000,0.190000,-70,0.000000,7,8
1,14.000000,12.891000,0.234000,-71,0.000000,7,8
1,14.000000,12.891000,0.177000,-71,0.000000,7,8
1,14.000000,12.804000,0.341000,-71,0.000000,7,8
1,14.000000,12.837000,0.423000,-71,0.000000,7,8
1,14.000000,12.860000,0.309000,-71,0.000000,7,8
1,14.000000,12.926000,0.177000,-71,0.000000,7,8
1,14.000000,12.870000,0.280000,-71,0.000000,7,8
1,14.000000,12.656000,0.465000,-71,0.000000,7,8
1,14.000000,12.926000,0.410000,-71,0.000000,7,8
1,14.000000,12.834000,0.157000,-71,0.000000,7,8
1,14.000000,12.788000,0.204000,-71,0.000000,7,8
1,14.000000,12.773000,0.128000,-70,0.000000,7,8
1,14.000000,12.729000,0.152000,-70,0.000000,7,8
1,14.000000,12.616000,0.222000,-70,0.000000,7,8
1,14.000000,12.779000,0.169000,-69,0.000000,7,8
1,14.000000,12.744000,0.178000,-70,0.000000,7,8
1,14.000000,12.816000,0.128000,-71,0.000000,7,8
1,14.000000,12.591000,0.275000,-71,0.000000,7,8
1,14.000000,12.544000,0.216000,-71,0.000000,7,8
1,14.000000,12.623000,0.232000,-71,0.000000,7,8
1,14.000000,12.854000,0.174000,-70,0.000000,7,8
1,14.000000,12.785000,0.159000,-70,0.000000,7,8
1,14.000000,12.776000,0.233000,-69,0.000000,7,8
1,14.000000,12.894000,0.084000,-70,0.000000,7,8
1,14.000000,12.735000,0.149000,-70,0.000000,7,8
1,14.000000,12.579000,0.208000,-70,0.000000,7,8
1,14.000000,12.619000,0.202000,-71,0.000000,7,8
1,14.000000,12.541000,0.233000,-70,0.000000,7,8
1,14.000000,12.663000,0.255000,-70,0.000000,7,8
1,14.000000,12.895000,0.157000,-70,0.000000,7,8
1,14.000000,12.782000,0.112000,-69,0.000000,7,8
1,14.000000,12.548000,0.268000,-70,0.000000,7,8
1,14.000000,12.507000,0.221000,-69,0.000000,7,8
1,14.000000,12.544000,0.206000,-69,0.000000,7,8
1,14.000000,12.651000,0.189000,-69,0.000000,7,8
1,14.000000,12.429000,0.244000,-69,0.000000,7,8
1,14.000000,12.660000,0.164000,-70,0.000000,7,8
1,14.000000,12.623000,0.223000,-69,0.000000,7,8
1,14.000000,12.507000,0.219000,-68,0.000000,7,8
1,14.000000,12.629000,0.250000,-69,0.000000,7,8
1,14.000000,12.588000,0.258000,-70,0.000000,7,8
1,14.000000,12.429000,0.279000,-70,0.000000,7,8
1,14.000000,12.585000,0.260000,-70,0.000000,7,8
1,14.000000,12.704000,0.190000,-70,0.000000,7,8
1,14.000000,12.694000,0.181000,-70,0.000000,7,8
1,14.000000,12.738000,0.187000,-70,0.000000,7,8
1,14.000000,12.694000,0.131000,-70,0.000000,7,8
1,14.000000,12.619000,0.222000,-70,0.000000,7,8
1,14.000000,12.738000,0.161000,-70,0.000000,7,8
1,14.000000,12.616000,0.176000,-70,0.000000,7,8
1,14.000000,12.579000,0.218000,-70,0.000000,7,8
1,14.000000,12.735000,0.140000,-70,0.000000,7,8
1,14.000000,12.704000,0.178000,-70,0.000000,7,8
1,14.000000,12.738000,0.150000,-71,0.000000,7,8
1,14.000000,12.738000,0.175000,-70,0.000000,7,8
1,14.000000,12.782000,0.154000,-70,0.000000,7,8
1,14.000000,12.779000,0.165000,-70,0.000000,7,8
1,14.000000,12.694000,0.155000,-70,0.000000,7,8
1,14.000000,12.741000,0.181000,-70,0.000000,7,8
1,14.000000,12.854000,0.152000,-70,0.000000,7,8
1,14.000000,12.782000,0.197000,-69,0.000000,7,8
1,14.000000,12.857000,0.054000,-69,0.000000,7,8
1,14.000000,12.657000,0.180000,-70,0.000000,7,8
1,14.000000,12.616000,0.219000,-69,0.000000,7,8
1,14.000000,12.663000,0.149000,-69,0.000000,7,8
1,14.000000,12.657000,0.191000,-69,0.000000,7,8
1,14.000000,12.541000,0.218000,-69,0.000000,7,8
1,14.000000,12.694000,0.094000,-70,0.000000,7,8
1,14.000000,12.541000,0.207000,-70,0.000000,7,8
1,14.000000,12.663000,0.149000,-70,0.000000,7,8
1,14.000000,12.707000,0.217000,-69,0.000000,7,8
1,14.000000,12.776000,0.122000,-69,0.000000,7,8
1,14.000000,12.744000,0.186000,-69,0.000000,7,8
1,14.000000,12.782000,0.158000,-69,0.000000,7,8
1,14.000000,12.779000,0.137000,-69,0.000000,7,8
1,14.000000,12.854000,0.114000,-70,0.000000,7,8
1,14.000000,12.776000,0.168000,-69,0.000000,7,8
1,14.000000,12.582000,0.222000,-69,0.000000,7,8
1,14.000000,12.688000,0.203000,-70,0.000000,7,8
1,14.000000,12.582000,0.255000,-70,0.000000,7,8
1,14.000000,12.701000,0.163000,-70,0.000000,7,8
1,14.000000,12.629000,0.197000,-70,0.000000,7,8
1,14.000000,12.666000,0.217000,-69,0.000000,7,8
1,14.000000,12.551000,0.281000,-70,0.000000,7,8
1,14.000000,12.579000,0.250000,-70,0.000000,7,8
1,14.000000,12.619000,0.203000,-69,0.000000,7,8
1,14.000000,12.585000,0.189000,-69,0.000000,7,8
1,14.000000,12.623000,0.109000,-69,0.000000,7,8
1,14.000000,12.660000,0.162000,-70,0.000000,7,8
1,14.000000,12.660000,0.164000,-69,0.000000,7,8
1,14.000000,12.707000,0.166000,-69,0.000000,7,8
1,14.000000,12.626000,0.142000,-69,0.000000,7,8
1,14.000000,12.544000,0.226000,-69,0.000000,7,8
1,14.000000,12.579000,0.207000,-69,0.000000,7,8
1,14.000000,12.469000,0.253000,-69,0.000000,7,8
1,14.000000,12.616000,0.163000,-69,0.000000,7,8
1,14.000000,12.704000,0.223000,-69,0.000000,7,8
1,14.000000,12.744000,0.225000,-70,0.000000,7,8
1,14.000000,12.941000,0.153000,-70,0.000000,7,8
1,14.000000,12.735000,0.223000,-70,0.000000,7,8
1,14.000000,12.778000,0.152000,-70,0.000000,7,8
1,14.000000,12.626000,0.193000,-70,0.000000,7,8
1,14.000000,12.663000,0.129000,-70,0.000000,7,8
1,14.000000,12.666000,0.165000,-70,0.000000,7,8
1,14.000000,12.629000,0.227000,-70,0.000000,7,8
1,14.000000,12.666000,0.218000,-70,0.000000,7,8
1,14.000000,12.691000,0.181000,-70,0.000000,7,8
1,14.000000,12.663000,0.169000,-70,0.000000,7,8
1,14.000000,12.776000,0.138000,-70,0.000000,7,8
1,14.000000,12.698000,0.162000,-70,0.000000,7,8
1,14.000000,12.663000,0.206000,-70,0.000000,7,8
1,14.000000,12.579000,0.240000,-70,0.000000,7,8
1,14.000000,12.544000,0.200000,-70,0.000000,7,8
1,14.000000,12.466000,0.205000,-70,0.000000,7,8
1,14.000000,12.498000,0.250000,-70,0.000000,7,8
1,14.000000,12.510000,0.185000,-70,0.000000,7,8
1,14.000000,12.495000,0.196000,-70,0.000000,7,8
1,14.000000,12.735000,0.207000,-70,0.000000,7,8
1,14.000000,12.510000,0.219000,-70,0.000000,7,8
1,14.000000,12.504000,0.247000,-70,0.000000,7,8
1,14.000000,12.435000,0.288000,-70,0.000000,7,8
1,14.000000,12.538000,0.218000,-70,0.000000,7,8
1,14.000000,12.666000,0.210000,-70,0.000000,7,8
1,14.000000,12.394000,0.310000,-70,0.000000,7,8
1,14.000000,12.507000,0.232000,-70,0.000000,7,8
1,14.000000,12.429000,0.288000,-70,0.000000,7,8
1,14.000000,12.457000,0.239000,-70,0.000000,7,8
1,14.000000,12.510000,0.259000,-70,0.000000,7,8
1,14.000000,12.541000,0.167000,-70,0.000000,7,8
1,14.000000,12.660000,0.230000,-70,0.000000,7,8
1,14.000000,12.541000,0.233000,-70,0.000000,7,8
1,14.000000,12.379000,0.269000,-70,0.000000,7,8
1,14.000000,12.585000,0.235000,-70,0.000000,7,8
1,14.000000,12.457000,0.268000,-71,0.000000,7,8
1,14.000000,12.750000,0.155000,-71,0.000000,7,8
1,14.000000,12.651000,0.239000,-71,0.000000,7,8
1,14.000000,12.773000,0.192000,-71,0.000000,7,8
1,14.000000,12.894000,0.181000,-70,0.000000,7,8
1,14.000000,12.629000,0.242000,-70,0.000000,7,8
1,14.000000,12.616000,0.220000,-70,0.000000,7,8
1,14.000000,12.698000,0.204000,-70,0.000000,7,8
1,14.000000,12.657000,0.219000,-70,0.000000,7,8
1,14.000000,12.582000,0.239000,-70,0.000000,7,8
1,14.000000,12.741000,0.146000,-70,0.000000,7,8
1,14.000000,12.619000,0.226000,-70,0.000000,7,8
1,14.000000,12.663000,0.169000,-70,0.000000,7,8
1,14.000000,12.704000,0.205000,-69,0.000000,7,8
1,14.000000,12.663000,0.191000,-70,0.000000,7,8
1,14.000000,12.504000,0.245000,-70,0.000000,7,8
1,14.000000,12.663000,0.197000,-70,0.000000,7,8
1,14.000000,12.579000,0.222000,-70,0.000000,7,8
1,14.000000,12.576000,0.236000,-70,0.000000,7,8
1,14.000000,12.544000,0.239000,-70,0.000000,7,8
1,14.000000,12.541000,0.223000,-70,0.000000,7,8
1,14.000000,12.629000,0.230000,-69,0.000000,7,8
1,14.000000,12.582000,0.197000,-70,0.000000,7,8
1,14.000000,12.507000,0.186000,-70,0.000000,7,8
1,14.000000,12.616000,0.221000,-70,0.000000,7,8
1,14.000000,12.266000,0.271000,-70,0.000000,7,8
1,14.000000,12.504000,0.171000,-70,0.000000,7,8
1,14.000000,12.544000,0.191000,-70,0.000000,7,8
1,14.000000,12.382000,0.290000,-70,0.000000,7,8
1,14.000000,12.588000,0.156000,-70,0.000000,7,8
1,14.000000,12.576000,0.212000,-70,0.000000,7,8
1,14.000000,12.657000,0.195000,-70,0.000000,7,8
1,14.000000,12.616000,0.180000,-70,0.000000,7,8
1,14.000000,12.626000,0.180000,-70,0.000000,7,8
1,14.000000,12.466000,0.241000,-70,0.000000,7,8
1,14.000000,12.588000,0.202000,-70,0.000000,7,8
1,14.000000,12.626000,0.124000,-71,0.000000,7,8
1,14.000000,12.588000,0.200000,-70,0.000000,7,8
1,14.000000,12.432000,0.282000,-70,0.000000,7,8
1,14.000000,12.504000,0.233000,-69,0.000000,7,8
1,14.000000,12.466000,0.268000,-69,0.000000,7,8
1,14.000000,12.432000,0.267000,-70,0.000000,7,8
1,14.000000,12.744000,0.157000,-70,0.000000,7,8
1,14.000000,12.660000,0.167000,-70,0.000000,7,8
1,14.000000,12.738000,0.223000,-71,0.000000,7,8
1,14.000000,12.579000,0.212000,-71,0.000000,7,8
1,14.000000,12.466000,0.244000,-70,0.000000,7,8
1,14.000000,12.351000,0.277000,-70,0.000000,7,8
1,14.000000,12.304000,0.284000,-70,0.000000,7,8
1,14.000000,12.463000,0.271000,-70,0.000000,7,8
1,14.000000,12.466000,0.265000,-70,0.000000,7,8
1,14.000000,12.429000,0.261000,-70,0.000000,7,8
1,14.000000,12.544000,0.215000,-70,0.000000,7,8
1,14.000000,12.466000,0.242000,-70,0.000000,7,8
1,14.000000,12.626000,0.236000,-70,0.000000,7,8
1,14.000000,12.541000,0.268000,-70,0.000000,7,8
1,14.000000,12.541000,0.224000,-70,0.000000,7,8
1,14.000000,12.626000,0.219000,-70,0.000000,7,8
1,14.000000,12.660000,0.225000,-70,0.000000,7,8
1,14.000000,12.657000,0.199000,-70,0.000000,7,8
1,14.000000,12.657000,0.220000,-70,0.000000,7,8
1,14.000000,12.813000,0.186000,-70,0.000000,7,8
1,14.000000,12.744000,0.180000,-70,0.000000,7,8
1,14.000000,12.654000,0.191000,-70,0.000000,7,8
1,14.000000,12.657000,0.217000,-70,0.000000,7,8
1,14.000000,12.666000,0.207000,-70,0.000000,7,8
1,14.000000,12.616000,0.230000,-70,0.000000,7,8
1,14.000000,12.704000,0.131000,-70,0.000000,7,8
1,14.000000,12.657000,0.181000,-70,0.000000,7,8
1,14.000000,12.741000,0.151000,-70,0.000000,7,8
1,14.000000,12.776000,0.154000,-70,0.000000,7,8
1,14.000000,12.704000,0.208000,-70,0.000000,7,8
1,14.000000,12.738000,0.220000,-70,0.000000,7,8
1,14.000000,12.544000,0.241000,-70,0.000000,7,8
1,14.000000,12.541000,0.209000,-70,0.000000,7,8
1,14.000000,12.776000,0.214000,-71,0.000000,7,8
1,14.000000,12.585000,0.189000,-71,0.000000,7,8
1,14.000000,12.546000,0.219000,-71,0.000000,7,8
1,14.000000,12.579000,0.233000,-70,0.000000,7,8
1,14.000000,12.504000,0.234000,-70,0.000000,7,8
1,14.000000,12.582000,0.213000,-70,0.000000,7,8
1,14.000000,12.501000,0.304000,-70,0.000000,7,8
1,14.000000,12.423000,0.312000,-70,0.000000,7,8
1,14.000000,12.388000,0.315000,-70,0.000000,7,8
1,14.000000,12.463000,0.253000,-70,0.000000,7,8
1,14.000000,12.466000,0.243000,-70,0.000000,7,8
1,14.000000,12.466000,0.225000,-71,0.000000,7,8
1,14.000000,12.429000,0.243000,-71,0.000000,7,8
1,14.000000,12.551000,0.186000,-71,0.000000,7,8
1,14.000000,12.860000,0.165000,-71,0.000000,7,8
1,14.000000,12.657000,0.210000,-71,0.000000,7,8
1,14.000000,12.357000,0.324000,-70,0.000000,7,8
1,14.000000,12.466000,0.282000,-70,0.000000,7,8
1,14.000000,12.466000,0.267000,-70,0.000000,7,8
1,14.000000,12.304000,0.305000,-70,0.000000,7,8
1,14.000000,12.544000,0.231000,-70,0.000000,7,8
1,14.000000,12.579000,0.234000,-71,0.000000,7,8
1,14.000000,12.473000,0.214000,-71,0.000000,7,8
1,14.000000,12.501000,0.252000,-71,0.000000,7,8
1,14.000000,12.619000,0.195000,-71,0.000000,7,8
1,14.000000,12.548000,0.260000,-71,0.000000,7,8
1,14.000000,12.541000,0.240000,-70,0.000000,7,8
1,14.000000,12.429000,0.299000,-70,0.000000,7,8
1,14.000000,12.544000,0.204000,-70,0.000000,7,8
1,14.000000,12.501000,0.281000,-71,0.000000,7,8
1,14.000000,12.501000,0.264000,-70,0.000000,7,8
1,14.000000,12.548000,0.287000,-70,0.000000,7,8
1,14.000000,12.704000,0.196000,-70,0.000000,7,8
1,14.000000,12.629000,0.220000,-70,0.000000,7,8
1,14.000000,12.585000,0.204000,-70,0.000000,7,8
1,14.000000,12.585000,0.175000,-70,0.000000,7,8
1,14.000000,12.501000,0.267000,-70,0.000000,7,8
1,14.000000,12.579000,0.239000,-70,0.000000,7,8
1,14.000000,12.501000,0.294000,-70,0.000000,7,8
1,14.000000,12.538000,0.257000,-70,0.000000,7,8
1,14.000000,12.582000,0.197000,-70,0.000000,7,8
1,14.000000,12.616000,0.222000,-69,0.000000,7,8
1,14.000000,12.501000,0.244000,-69,0.000000,7,8
1,14.000000,12.538000,0.252000,-69,0.000000,7,8
1,14.000000,12.501000,0.256000,-69,0.000000,7,8
1,14.000000,12.466000,0.189000,-69,0.000000,7,8
1,14.000000,12.426000,0.259000,-70,0.000000,7,8
1,14.000000,12.579000,0.227000,-70,0.000000,7,8
1,14.000000,12.541000,0.216000,-70,0.000000,7,8
1,14.000000,12.741000,0.203000,-70,0.000000,7,8
1,14.000000,12.704000,0.227000,-69,0.000000,7,8
1,14.000000,12.810000,0.154000,-69,0.000000,7,8
1,14.000000,12.707000,0.280000,-69,0.000000,7,8
1,14.000000,12.780000,0.112000,-69,0.000000,7,8
1,14.000000,12.663000,0.224000,-69,0.000000,7,8
1,14.000000,12.701000,0.186000,-69,0.000000,7,8
1,14.000000,12.579000,0.237000,-69,0.000000,7,8
1,14.000000,12.504000,0.233000,-69,0.000000,7,8
1,14.000000,12.579000,0.206000,-69,0.000000,7,8
1,14.000000,12.582000,0.236000,-69,0.000000,7,8
1,14.000000,12.588000,0.202000,-69,0.000000,7,8
1,14.000000,12.651000,0.177000,-69,0.000000,7,8
1,14.000000,12.616000,0.187000,-69,0.000000,7,8
1,14.000000,12.741000,0.178000,-69,0.000000,7,8
1,14.000000,12.698000,0.143000,-69,0.000000,7,8
1,14.000000,12.616000,0.248000,-69,0.000000,7,8
1,14.000000,12.701000,0.175000,-70,0.000000,7,8
1,14.000000,12.779000,0.227000,-71,0.000000,7,8
1,14.000000,12.663000,0.140000,-71,0.000000,7,8
1,14.000000,12.694000,0.194000,-71,0.000000,7,8
1,14.000000,12.724000,0.113000,-71,0.000000,7,8
1,14.000000,12.660000,0.160000,-71,0.000000,7,8
1,14.000000,12.657000,0.182000,-70,0.000000,7,8
1,14.000000,12.782000,0.161000,-70,0.000000,7,8
1,14.000000,12.738000,0.231000,-71,0.000000,7,8
1,14.000000,12.588000,0.267000,-71,0.000000,7,8
1,14.000000,12.691000,0.190000,-70,0.000000,7,8
1,14.000000,12.469000,0.260000,-70,0.000000,7,8
1,14.000000,12.507000,0.260000,-70,0.000000,7,8
1,14.000000,12.429000,0.270000,-70,0.000000,7,8
1,14.000000,12.469000,0.295000,-70,0.000000,7,8
1,14.000000,12.623000,0.226000,-70,0.000000,7,8
1,14.000000,12.541000,0.246000,-70,0.000000,7,8
1,14.000000,12.538000,0.252000,-70,0.000000,7,8
1,14.000000,12.544000,0.224000,-69,0.000000,7,8
1,14.000000,12.663000,0.250000,-70,0.000000,7,8
1,14.000000,12.626000,0.238000,-70,0.000000,7,8
1,14.000000,12.623000,0.248000,-70,0.000000,7,8
1,14.000000,12.657000,0.226000,-70,0.000000,7,8
1,14.000000,12.463000,0.269000,-70,0.000000,7,8
1,14.000000,12.548000,0.236000,-70,0.000000,7,8
1,14.000000,12.507000,0.205000,-70,0.000000,7,8
1,14.000000,12.629000,0.247000,-70,0.000000,7,8
1,14.000000,12.582000,0.225000,-70,0.000000,7,8
1,14.000000,12.666000,0.202000,-70,0.000000,7,8
1,14.000000,12.776000,0.193000,-71,0.000000,7,8
1,14.000000,12.582000,0.205000,-71,0.000000,7,8
1,14.000000,12.629000,0.242000,-71,0.000000,7,8
1,14.000000,12.579000,0.174000,-71,0.000000,7,8
1,14.000000,12.804000,0.137000,-70,0.000000,7,8
1,14.000000,12.867000,0.162000,-70,0.000000,7,8
1,14.000000,12.863000,0.177000,-70,0.000000,7,8
1,14.000000,12.854000,0.103000,-71,0.000000,7,8
1,14.000000,12.626000,0.164000,-71,0.000000,7,8
1,14.000000,12.616000,0.222000,-72,0.000000,7,8
1,14.000000,12.654000,0.196000,-72,0.000000,7,8
1,14.000000,12.551000,0.241000,-72,0.000000,7,8
1,14.000000,12.613000,0.132000,-72,0.000000,7,8
1,14.000000,12.626000,0.128000,-72,0.000000,7,8
1,14.000000,12.720000,0.178000,-73,0.000000,7,8
1,14.000000,12.732000,0.208000,-73,0.000000,7,8
1,14.000000,12.698000,0.190000,-72,0.000000,7,8
1,14.000000,12.773000,0.196000,-72,0.000000,7,8
1,14.000000,12.729000,0.095000,-72,0.000000,7,8
1,14.000000,12.776000,0.182000,-71,0.000000,7,8
1,14.000000,12.860000,0.153000,-71,0.000000,7,8
1,14.000000,12.851000,0.167000,-72,0.000000,7,8
1,14.000000,12.819000,0.126000,-72,0.000000,7,8
1,14.000000,12.923000,0.132000,-71,0.000000,7,8
1,14.000000,12.860000,0.163000,-71,0.000000,7,8
1,14.000000,12.837000,0.214000,-71,0.000000,7,8
1,14.000000,12.893000,0.115000,-71,0.000000,7,8
1,14.000000,12.826000,0.206000,-71,0.000000,7,8
1,14.000000,12.813000,0.085000,-71,0.000000,7,8
1,14.000000,12.785000,0.116000,-71,0.000000,7,8
1,14.000000,12.823000,0.137000,-71,0.000000,7,8
1,14.000000,12.778000,0.142000,-72,0.000000,7,8
1,14.000000,12.698000,0.168000,-72,0.000000,7,8
1,14.000000,12.837000,0.120000,-71,0.000000,7,8
1,14.000000,12.776000,0.126000,-71,0.000000,7,8
1,14.000000,12.773000,0.181000,-71,0.000000,7,8
1,14.000000,12.741000,0.103000,-71,0.000000,7,8
1,14.000000,12.732000,0.170000,-71,0.000000,7,8
1,14.000000,12.872000,0.172000,-71,0.000000,7,8
1,14.000000,12.780000,0.175000,-70,0.000000,7,8
1,14.000000,12.804000,0.165000,-71,0.000000,7,8
1,14.000000,12.806000,0.205000,-71,0.000000,7,8
1,14.000000,12.776000,0.140000,-71,0.000000,7,8
1,14.000000,12.837000,0.157000,-70,0.000000,7,8
1,14.000000,12.804000,0.165000,-71,0.000000,7,8
1,14.000000,12.832000,0.144000,-71,0.000000,7,8
1,14.000000,12.867000,0.130000,-71,0.000000,7,8
1,14.000000,12.750000,0.164000,-71,0.000000,7,8
1,14.000000,12.865000,0.102000,-71,0.000000,7,8
1,14.000000,12.860000,0.121000,-71,0.000000,7,8
1,14.000000,12.806000,0.181000,-71,0.000000,7,8
1,14.000000,12.865000,0.191000,-71,0.000000,7,8
1,14.000000,12.776000,0.190000,-71,0.000000,7,8
1,14.000000,12.834000,0.163000,-71,0.000000,7,8
1,14.000000,12.932000,0.176000,-71,0.000000,7,8
1,14.000000,12.865000,0.104000,-71,0.000000,7,8
1,14.000000,12.839000,0.168000,-71,0.000000,7,8
1,14.000000,12.841000,0.208000,-71,0.000000,7,8
1,14.000000,12.769000,0.183000,-70,0.000000,7,8
1,14.000000,12.865000,0.119000,-70,0.000000,7,8
1,14.000000,12.816000,0.169000,-70,0.000000,7,8
1,14.000000,12.813000,0.135000,-70,0.000000,7,8
1,14.000000,12.837000,0.120000,-70,0.000000,7,8
1,14.000000,12.748000,0.137000,-70,0.000000,7,8
1,14.000000,12.837000,0.149000,-70,0.000000,7,8
1,14.000000,12.816000,0.170000,-70,0.000000,7,8
1,14.000000,12.785000,0.157000,-71,0.000000,7,8
1,14.000000,12.626000,0.211000,-71,0.000000,7,8
1,14.000000,12.588000,0.201000,-71,0.000000,7,8
1,14.000000,12.748000,0.176000,-71,0.000000,7,8
1,14.000000,12.813000,0.173000,-71,0.000000,7,8
1,14.000000,12.773000,0.224000,-71,0.000000,7,8
1,14.000000,12.741000,0.214000,-71,0.000000,7,8
1,14.000000,12.820000,0.167000,-70,0.000000,7,8
1,14.000000,12.626000,0.167000,-70,0.000000,7,8
1,14.000000,12.720000,0.156000,-70,0.000000,7,8
1,14.000000,12.783000,0.107000,-70,0.000000,7,8
1,14.000000,12.832000,0.200000,-70,0.000000,7,8
1,14.000000,12.741000,0.126000,-70,0.000000,7,8
1,14.000000,12.780000,0.120000,-70,0.000000,7,8
1,14.000000,12.691000,0.145000,-70,0.000000,7,8
1,14.000000,12.776000,0.159000,-71,0.000000,7,8
1,14.000000,12.694000,0.217000,-71,0.000000,7,8
1,14.000000,12.776000,0.148000,-71,0.000000,7,8
1,14.000000,12.694000,0.180000,-71,0.000000,7,8
1,14.000000,12.666000,0.166000,-70,0.000000,7,8
1,14.000000,12.782000,0.133000,-70,0.000000,7,8
1,14.000000,12.778000,0.163000,-71,0.000000,7,8
1,14.000000,12.701000,0.126000,-71,0.000000,7,8
1,14.000000,12.834000,0.109000,-71,0.000000,7,8
1,14.000000,12.738000,0.190000,-70,0.000000,7,8
1,14.000000,12.744000,0.169000,-70,0.000000,7,8
1,14.000000,12.748000,0.182000,-70,0.000000,7,8
1,14.000000,12.738000,0.161000,-70,0.000000,7,8
1,14.000000,12.616000,0.195000,-70,0.000000,7,8
1,14.000000,12.666000,0.198000,-70,0.000000,7,8
1,14.000000,12.616000,0.186000,-70,0.000000,7,8
1,14.000000,12.626000,0.275000,-71,0.000000,7,8
1,14.000000,12.469000,0.226000,-71,0.000000,7,8
1,14.000000,12.657000,0.150000,-71,0.000000,7,8
1,14.000000,12.806000,0.136000,-71,0.000000,7,8
1,14.000000,12.623000,0.209000,-71,0.000000,7,8
1,14.000000,12.579000,0.199000,-71,0.000000,7,8
1,14.000000,12.744000,0.195000,-71,0.000000,7,8
1,14.000000,12.588000,0.247000,-71,0.000000,7,8
1,14.000000,12.691000,0.190000,-71,0.000000,7,8
1,14.000000,12.694000,0.152000,-71,0.000000,7,8
1,14.000000,12.806000,0.134000,-71,0.000000,7,8
1,14.000000,12.776000,0.193000,-71,0.000000,7,8
1,14.000000,12.807000,0.183000,-70,0.000000,7,8
1,14.000000,12.780000,0.232000,-70,0.000000,7,8
1,14.000000,12.900000,0.208000,-71,0.000000,7,8
1,14.000000,12.744000,0.207000,-71,0.000000,7,8
1,14.000000,12.870000,0.112000,-71,0.000000,7,8
1,14.000000,12.888000,0.194000,-70,0.000000,7,8
1,14.000000,12.811000,0.122000,-71,0.000000,7,8
1,14.000000,12.776000,0.162000,-71,0.000000,7,8
1,14.000000,12.776000,0.143000,-70,0.000000,7,8
1,14.000000,12.901000,0.161000,-70,0.000000,7,8
1,14.000000,12.741000,0.126000,-70,0.000000,7,8
1,14.000000,12.748000,0.171000,-71,0.000000,7,8
1,14.000000,12.738000,0.179000,-71,0.000000,7,8
1,14.000000,12.804000,0.171000,-71,0.000000,7,8
1,14.000000,12.769000,0.121000,-71,0.000000,7,8
1,14.000000,12.626000,0.180000,-71,0.000000,7,8
1,14.000000,12.698000,0.131000,-70,0.000000,7,8
1,14.000000,12.654000,0.139000,-70,0.000000,7,8
1,14.000000,12.669000,0.209000,-71,0.000000,7,8
1,14.000000,12.701000,0.158000,-71,0.000000,7,8
1,14.000000,12.616000,0.135000,-71,0.000000,7,8
1,14.000000,12.501000,0.237000,-71,0.000000,7,8
1,14.000000,12.582000,0.186000,-71,0.000000,7,8
1,14.000000,12.541000,0.209000,-71,0.000000,7,8
1,14.000000,12.663000,0.119000,-71,0.000000,7,8
1,14.000000,12.588000,0.140000,-71,0.000000,7,8
1,14.000000,12.579000,0.151000,-71,0.000000,7,8
1,14.000000,12.626000,0.130000,-71,0.000000,7,8
1,14.000000,12.623000,0.165000,-71,0.000000,7,8
1,14.000000,12.619000,0.186000,-71,0.000000,7,8
1,14.000000,12.616000,0.193000,-71,0.000000,7,8
1,14.000000,12.541000,0.204000,-71,0.000000,7,8
1,14.000000,12.623000,0.147000,-71,0.000000,7,8
1,14.000000,12.657000,0.207000,-71,0.000000,7,8
1,14.000000,12.579000,0.194000,-71,0.000000,7,8
1,14.000000,12.588000,0.076000,-71,0.000000,7,8
1,14.000000,12.660000,0.146000,-71,0.000000,7,8
1,14.000000,12.704000,0.147000,-71,0.000000,7,8
1,14.000000,12.623000,0.187000,-71,0.000000,7,8
1,14.000000,12.666000,0.167000,-71,0.000000,7,8
1,14.000000,12.707000,0.183000,-71,0.000000,7,8
1,14.000000,12.576000,0.189000,-72,0.000000,7,8
1,14.000000,12.660000,0.153000,-72,0.000000,7,8
1,14.000000,12.651000,0.183000,-71,0.000000,7,8
1,14.000000,12.888000,0.149000,-71,0.000000,7,8
1,14.000000,12.748000,0.197000,-71,0.000000,7,8
1,14.000000,12.785000,0.148000,-71,0.000000,7,8
1,14.000000,12.626000,0.244000,-71,0.000000,7,8
1,14.000000,12.738000,0.168000,-71,0.000000,7,8
1,14.000000,12.663000,0.151000,-71,0.000000,7,8
1,14.000000,12.616000,0.180000,-71,0.000000,7,8
1,14.000000,12.579000,0.233000,-71,0.000000,7,8
1,14.000000,12.541000,0.185000,-71,0.000000,7,8
1,14.000000,12.629000,0.207000,-71,0.000000,7,8
1,14.000000,12.744000,0.165000,-71,0.000000,7,8
1,14.000000,12.819000,0.191000,-71,0.000000,7,8
1,14.000000,12.748000,0.211000,-71,0.000000,7,8
1,14.000000,12.748000,0.234000,-71,0.000000,7,8
1,14.000000,12.778000,0.133000,-71,0.000000,7,8
1,14.000000,12.813000,0.134000,-72,0.000000,7,8
1,14.000000,12.778000,0.170000,-71,0.000000,7,8
1,14.000000,12.657000,0.215000,-70,0.000000,7,8
1,14.000000,12.729000,0.178000,-70,0.000000,7,8
1,14.000000,12.808000,0.214000,-71,0.000000,7,8
1,14.000000,12.783000,0.122000,-71,0.000000,7,8
1,14.000000,12.698000,0.225000,-71,0.000000,7,8
1,14.000000,12.704000,0.199000,-71,0.000000,7,8
1,14.000000,12.707000,0.177000,-72,0.000000,7,8
1,14.000000,12.341000,0.249000,-72,0.000000,7,8
1,14.000000,12.423000,0.245000,-71,0.000000,7,8
1,14.000000,12.501000,0.167000,-71,0.000000,7,8
1,14.000000,12.501000,0.266000,-71,0.000000,7,8
1,14.000000,12.435000,0.166000,-72,0.000000,7,8
1,14.000000,12.504000,0.200000,-72,0.000000,7,8
1,14.000000,12.538000,0.244000,-72,0.000000,7,8
1,14.000000,12.544000,0.209000,-71,0.000000,7,8
1,14.000000,12.616000,0.229000,-71,0.000000,7,8
1,14.000000,12.735000,0.142000,-71,0.000000,7,8
1,14.000000,12.391000,0.238000,-71,0.000000,7,8
1,14.000000,12.391000,0.273000,-71,0.000000,7,8
1,14.000000,12.616000,0.163000,-71,0.000000,7,8
1,14.000000,12.391000,0.200000,-71,0.000000,7,8
1,14.000000,12.501000,0.247000,-71,0.000000,7,8
1,14.000000,12.507000,0.212000,-71,0.000000,7,8
1,14.000000,12.551000,0.226000,-71,0.000000,7,8
1,14.000000,12.619000,0.187000,-71,0.000000,7,8
1,14.000000,12.691000,0.144000,-71,0.000000,7,8
1,14.000000,12.691000,0.187000,-71,0.000000,7,8
1,14.000000,12.469000,0.171000,-71,0.000000,7,8
1,14.000000,12.591000,0.217000,-71,0.000000,7,8
1,14.000000,12.551000,0.189000,-71,0.000000,7,8
1,14.000000,12.429000,0.192000,-71,0.000000,7,8
1,14.000000,12.510000,0.175000,-71,0.000000,7,8
1,14.000000,12.463000,0.226000,-71,0.000000,7,8
1,14.000000,12.541000,0.221000,-71,0.000000,7,8
1,14.000000,12.654000,0.124000,-72,0.000000,7,8
1,14.000000,12.544000,0.208000,-72,0.000000,7,8
1,14.000000,12.504000,0.250000,-71,0.000000,7,8
1,14.000000,12.579000,0.209000,-71,0.000000,7,8
1,14.000000,12.657000,0.168000,-71,0.000000,7,8
1,14.000000,12.579000,0.236000,-71,0.000000,7,8
1,14.000000,12.391000,0.226000,-71,0.000000,7,8
1,14.000000,12.432000,0.267000,-70,0.000000,7,8
1,14.000000,12.588000,0.252000,-70,0.000000,7,8
1,14.000000,12.510000,0.259000,-70,0.000000,7,8
1,14.000000,12.541000,0.208000,-70,0.000000,7,8
1,14.000000,12.629000,0.227000,-70,0.000000,7,8
1,14.000000,12.504000,0.224000,-70,0.000000,7,8
1,14.000000,12.588000,0.161000,-69,0.000000,7,8
1,14.000000,12.698000,0.186000,-69,0.000000,7,8
1,14.000000,12.698000,0.201000,-70,0.000000,7,8
1,14.000000,12.507000,0.229000,-70,0.000000,7,8
1,14.000000,12.548000,0.237000,-70,0.000000,7,8
1,14.000000,12.504000,0.273000,-70,0.000000,7,8
1,14.000000,12.466000,0.283000,-70,0.000000,7,8
1,14.000000,12.469000,0.199000,-70,0.000000,7,8
1,14.000000,12.541000,0.202000,-70,0.000000,7,8
1,14.000000,12.463000,0.256000,-70,0.000000,7,8
1,14.000000,12.538000,0.241000,-70,0.000000,7,8
1,14.000000,12.391000,0.242000,-71,0.000000,7,8
1,14.000000,12.476000,0.302000,-70,0.000000,7,8
1,14.000000,12.469000,0.214000,-71,0.000000,7,8
1,14.000000,12.504000,0.213000,-71,0.000000,7,8
1,14.000000,12.391000,0.229000,-72,0.000000,7,8
1,14.000000,12.276000,0.289000,-72,0.000000,7,8
1,14.000000,12.391000,0.227000,-71,0.000000,7,8
1,14.000000,12.429000,0.245000,-71,0.000000,7,8
1,14.000000,12.307000,0.312000,-71,0.000000,7,8
1,14.000000,12.391000,0.199000,-71,0.000000,7,8
1,14.000000,12.351000,0.280000,-71,0.000000,7,8
1,14.000000,12.426000,0.228000,-71,0.000000,7,8
1,14.000000,12.426000,0.250000,-71,0.000000,7,8
1,14.000000,12.429000,0.186000,-71,0.000000,7,8
1,14.000000,12.548000,0.198000,-71,0.000000,7,8
1,14.000000,12.576000,0.163000,-71,0.000000,7,8
1,14.000000,12.551000,0.214000,-72,0.000000,7,8
1,14.000000,12.429000,0.225000,-72,0.000000,7,8
1,14.000000,12.457000,0.245000,-72,0.000000,7,8
1,14.000000,12.391000,0.220000,-72,0.000000,7,8
1,14.000000,12.579000,0.196000,-72,0.000000,7,8
1,14.000000,12.623000,0.172000,-72,0.000000,7,8
1,14.000000,12.495000,0.173000,-72,0.000000,7,8
1,14.000000,12.538000,0.156000,-72,0.000000,7,8
1,14.000000,12.541000,0.176000,-71,0.000000,7,8
1,14.000000,12.432000,0.234000,-71,0.000000,7,8
1,14.000000,12.423000,0.229000,-71,0.000000,7,8
1,14.000000,12.501000,0.232000,-72,0.000000,7,8
1,14.000000,12.466000,0.169000,-72,0.000000,7,8
1,14.000000,12.579000,0.241000,-71,0.000000,7,8
1,14.000000,12.501000,0.217000,-71,0.000000,7,8
1,14.000000,12.538000,0.213000,-71,0.000000,7,8
1,14.000000,12.504000,0.234000,-71,0.000000,7,8
1,14.000000,12.504000,0.213000,-71,0.000000,7,8
1,14.000000,12.394000,0.301000,-71,0.000000,7,8
1,14.000000,12.304000,0.250000,-70,0.000000,7,8
1,14.000000,12.313000,0.289000,-70,0.000000,7,8
1,14.000000,12.429000,0.237000,-70,0.000000,7,8
1,14.000000,12.385000,0.306000,-70,0.000000,7,8
1,14.000000,12.391000,0.241000,-70,0.000000,7,8
1,14.000000,12.426000,0.280000,-69,0.000000,7,8
1,14.000000,12.345000,0.253000,-70,0.000000,7,8
1,14.000000,12.466000,0.215000,-70,0.000000,7,8
1,14.000000,12.429000,0.200000,-70,0.000000,7,8
1,14.000000,12.463000,0.262000,-70,0.000000,7,8
1,14.000000,12.426000,0.255000,-71,0.000000,7,8
1,14.000000,12.432000,0.266000,-71,0.000000,7,8
1,14.000000,12.307000,0.332000,-71,0.000000,7,8
1,14.000000,12.466000,0.216000,-71,0.000000,7,8
1,14.000000,12.507000,0.224000,-70,0.000000,7,8
1,14.000000,12.316000,0.273000,-71,0.000000,7,8
1,14.000000,12.538000,0.214000,-71,0.000000,7,8
1,14.000000,12.541000,0.228000,-70,0.000000,7,8
1,14.000000,12.420000,0.179000,-70,0.000000,7,8
1,14.000000,12.466000,0.220000,-71,0.000000,7,8
1,14.000000,12.348000,0.293000,-70,0.000000,7,8
1,14.000000,12.466000,0.230000,-71,0.000000,7,8
1,14.000000,12.466000,0.230000,-72,0.000000,7,8
1,14.000000,12.426000,0.257000,-71,0.000000,7,8
1,14.000000,12.501000,0.247000,-71,0.000000,7,8
1,14.000000,12.432000,0.228000,-71,0.000000,7,8
1,14.000000,12.432000,0.233000,-71,0.000000,7,8
1,14.000000,12.394000,0.240000,-71,0.000000,7,8
1,14.000000,12.466000,0.208000,-71,0.000000,7,8
1,14.000000,12.394000,0.237000,-71,0.000000,7,8
1,14.000000,12.382000,0.222000,-71,0.000000,7,8
1,14.000000,12.432000,0.268000,-71,0.000000,7,8
1,14.000000,12.541000,0.230000,-71,0.000000,7,8
1,14.000000,12.426000,0.235000,-71,0.000000,7,8
1,14.000000,12.498000,0.180000,-71,0.000000,7,8
1,14.000000,12.423000,0.197000,-71,0.000000,7,8
1,14.000000,12.354000,0.283000,-71,0.000000,7,8
1,14.000000,12.466000,0.215000,-71,0.000000,7,8
1,14.000000,12.629000,0.208000,-71,0.000000,7,8
1,14.000000,12.541000,0.221000,-72,0.000000,7,8
1,14.000000,12.616000,0.180000,-72,0.000000,7,8
1,14.000000,12.460000,0.218000,-71,0.000000,7,8
1,14.000000,12.345000,0.216000,-71,0.000000,7,8
1,14.000000,12.423000,0.298000,-72,0.000000,7,8
1,14.000000,12.435000,0.255000,-72,0.000000,7,8
1,14.000000,12.501000,0.200000,-72,0.000000,7,8
1,14.000000,12.394000,0.241000,-72,0.000000,7,8
1,14.000000,12.385000,0.287000,-71,0.000000,7,8
1,14.000000,12.429000,0.239000,-71,0.000000,7,8
1,14.000000,12.429000,0.233000,-71,0.000000,7,8
1,14.000000,12.501000,0.215000,-71,0.000000,7,8
1,14.000000,12.432000,0.231000,-71,0.000000,7,8
1,14.000000,12.469000,0.199000,-71,0.000000,7,8
1,14.000000,12.460000,0.282000,-71,0.000000,7,8
1,14.000000,12.588000,0.222000,-71,0.000000,7,8
1,14.000000,12.657000,0.175000,-71,0.000000,7,8
1,14.000000,12.582000,0.205000,-71,0.000000,7,8
1,14.000000,12.541000,0.234000,-70,0.000000,7,8
1,14.000000,12.654000,0.222000,-71,0.000000,7,8
1,14.000000,12.541000,0.229000,-70,0.000000,7,8
1,14.000000,12.541000,0.263000,-70,0.000000,7,8
1,14.000000,12.385000,0.237000,-70,0.000000,7,8
1,14.000000,12.345000,0.263000,-70,0.000000,7,8
1,14.000000,12.473000,0.273000,-71,0.000000,7,8
1,14.000000,12.416000,0.260000,-71,0.000000,7,8
1,14.000000,12.429000,0.229000,-70,0.000000,7,8
1,14.000000,12.391000,0.197000,-70,0.000000,7,8
1,14.000000,12.423000,0.278000,-70,0.000000,7,8
1,14.000000,12.382000,0.209000,-70,0.000000,7,8
1,14.000000,12.463000,0.233000,-70,0.000000,7,8
1,14.000000,12.504000,0.254000,-70,0.000000,7,8
1,14.000000,12.466000,0.219000,-70,0.000000,7,8
1,14.000000,12.432000,0.265000,-70,0.000000,7,8
1,14.000000,12.341000,0.279000,-70,0.000000,7,8
1,14.000000,12.426000,0.292000,-70,0.000000,7,8
1,14.000000,12.501000,0.231000,-70,0.000000,7,8
1,14.000000,12.385000,0.278000,-69,0.000000,7,8
1,14.000000,12.463000,0.191000,-70,0.000000,7,8
1,14.000000,12.579000,0.207000,-70,0.000000,7,8
1,14.000000,12.391000,0.227000,-70,0.000000,7,8
1,14.000000,12.394000,0.239000,-70,0.000000,7,8
1,14.000000,12.394000,0.238000,-70,0.000000,7,8
1,14.000000,12.307000,0.328000,-71,0.000000,7,8
1,14.000000,12.388000,0.264000,-71,0.000000,7,8
1,14.000000,12.541000,0.229000,-71,0.000000,7,8
1,14.000000,12.310000,0.303000,-71,0.000000,7,8
1,14.000000,12.351000,0.192000,-71,0.000000,7,8
1,14.000000,12.626000,0.171000,-71,0.000000,7,8
1,14.000000,12.473000,0.278000,-71,0.000000,7,8
1,14.000000,12.579000,0.198000,-71,0.000000,7,8
1,14.000000,12.379000,0.214000,-72,0.000000,7,8
1,14.000000,12.544000,0.184000,-71,0.000000,7,8
1,14.000000,12.429000,0.237000,-71,0.000000,7,8
1,14.000000,12.501000,0.250000,-70,0.000000,7,8
1,14.000000,12.463000,0.246000,-70,0.000000,7,8
1,14.000000,12.629000,0.228000,-70,0.000000,7,8
1,14.000000,12.629000,0.193000,-69,0.000000,7,8
1,14.000000,12.623000,0.177000,-69,0.000000,7,8
1,14.000000,12.501000,0.247000,-69,0.000000,7,8
1,14.000000,12.576000,0.237000,-69,0.000000,7,8
1,14.000000,12.426000,0.235000,-69,0.000000,7,8
1,14.000000,12.432000,0.316000,-70,0.000000,7,8
1,14.000000,12.538000,0.261000,-70,0.000000,7,8
1,14.000000,12.429000,0.289000,-70,0.000000,7,8
1,14.000000,12.382000,0.297000,-70,0.000000,7,8
1,14.000000,12.510000,0.267000,-70,0.000000,7,8
1,14.000000,12.544000,0.204000,-70,0.000000,7,8
1,14.000000,12.498000,0.236000,-69,0.000000,7,8
1,14.000000,12.541000,0.223000,-69,0.000000,7,8
1,14.000000,12.459000,0.213000,-69,0.000000,7,8
1,14.000000,12.541000,0.206000,-70,0.000000,7,8
1,14.000000,12.541000,0.230000,-70,0.000000,7,8
1,14.000000,12.466000,0.225000,-71,0.000000,7,8
1,14.000000,12.460000,0.238000,-71,0.000000,7,8
1,14.000000,12.579000,0.187000,-71,0.000000,7,8
1,14.000000,12.498000,0.266000,-71,0.000000,7,8
1,14.000000,12.426000,0.281000,-71,0.000000,7,8
1,14.000000,12.504000,0.207000,-71,0.000000,7,8
1,14.000000,12.310000,0.318000,-71,0.000000,7,8
1,14.000000,12.463000,0.209000,-72,0.000000,7,8
1,14.000000,12.501000,0.247000,-72,0.000000,7,8
1,14.000000,12.432000,0.186000,-72,0.000000,7,8
1,14.000000,12.504000,0.239000,-72,0.000000,7,8
1,14.000000,12.551000,0.178000,-72,0.000000,7,8
1,14.000000,12.463000,0.248000,-71,0.000000,7,8
1,14.000000,12.541000,0.212000,-71,0.000000,7,8
1,14.000000,12.391000,0.229000,-71,0.000000,7,8
1,14.000000,12.429000,0.218000,-71,0.000000,7,8
1,14.000000,12.616000,0.192000,-71,0.000000,7,8
1,14.000000,12.544000,0.196000,-71,0.000000,7,8
1,14.000000,12.541000,0.230000,-71,0.000000,7,8
1,14.000000,12.341000,0.234000,-72,0.000000,7,8
1,14.000000,12.501000,0.187000,-72,0.000000,7,8
1,14.000000,12.438000,0.243000,-72,0.000000,7,8
1,14.000000,12.391000,0.217000,-71,0.000000,7,8
1,14.000000,12.466000,0.170000,-71,0.000000,7,8
1,14.000000,12.276000,0.285000,-71,0.000000,7,8
1,14.000000,12.429000,0.226000,-71,0.000000,7,8
1,14.000000,12.504000,0.213000,-71,0.000000,7,8
1,14.000000,12.504000,0.205000,-71,0.000000,7,8
1,14.000000,12.429000,0.244000,-71,0.000000,7,8
1,14.000000,12.616000,0.198000,-71,0.000000,7,8
1,14.000000,12.466000,0.255000,-71,0.000000,7,8
1,14.000000,12.660000,0.160000,-71,0.000000,7,8
1,14.000000,12.585000,0.189000,-71,0.000000,7,8
1,14.000000,12.501000,0.202000,-71,0.000000,7,8
1,14.000000,12.507000,0.189000,-71,0.000000,7,8
1,14.000000,12.738000,0.187000,-71,0.000000,7,8
1,14.000000,12.657000,0.169000,-71,0.000000,7,8
1,14.000000,12.551000,0.190000,-71,0.000000,7,8
1,14.000000,12.507000,0.191000,-70,0.000000,7,8
1,14.000000,12.469000,0.291000,-70,0.000000,7,8
1,14.000000,12.619000,0.222000,-70,0.000000,7,8
1,14.000000,12.629000,0.234000,-70,0.000000,7,8
1,14.000000,12.657000,0.204000,-70,0.000000,7,8
1,14.000000,12.613000,0.256000,-70,0.000000,7,8
1,14.000000,12.541000,0.191000,-70,0.000000,7,8
1,14.000000,12.504000,0.217000,-70,0.000000,7,8
1,14.000000,12.582000,0.197000,-70,0.000000,7,8
1,14.000000,12.582000,0.229000,-70,0.000000,7,8
1,14.000000,12.698000,0.205000,-70,0.000000,7,8
1,14.000000,12.619000,0.215000,-70,0.000000,7,8
1,14.000000,12.616000,0.218000,-70,0.000000,7,8
1,14.000000,12.769000,0.130000,-71,0.000000,7,8
1,14.000000,12.779000,0.174000,-71,0.000000,7,8
1,14.000000,12.987000,0.145000,-71,0.000000,7,8
1,14.000000,12.806000,0.135000,-70,0.000000,7,8
1,14.000000,12.582000,0.215000,-70,0.000000,7,8
1,14.000000,12.657000,0.196000,-70,0.000000,7,8
1,14.000000,12.626000,0.170000,-70,0.000000,7,8
1,14.000000,12.541000,0.253000,-69,0.000000,7,8
1,14.000000,12.507000,0.252000,-69,0.000000,7,8
1,14.000000,12.741000,0.173000,-69,0.000000,7,8
1,14.000000,12.776000,0.151000,-69,0.000000,7,8
1,14.000000,12.654000,0.210000,-69,0.000000,7,8
1,14.000000,12.704000,0.175000,-69,0.000000,7,8
1,14.000000,12.779000,0.188000,-69,0.000000,7,8
1,14.000000,12.544000,0.206000,-69,0.000000,7,8
1,14.000000,12.576000,0.257000,-69,0.000000,7,8
1,14.000000,12.585000,0.237000,-69,0.000000,7,8
1,14.000000,12.657000,0.189000,-69,0.000000,7,8
1,14.000000,12.735000,0.165000,-69,0.000000,7,8
1,14.000000,12.657000,0.202000,-69,0.000000,7,8
1,14.000000,12.816000,0.161000,-70,0.000000,7,8
1,14.000000,12.748000,0.172000,-70,0.000000,7,8
1,14.000000,12.546000,0.231000,-70,0.000000,7,8
1,14.000000,12.626000,0.162000,-70,0.000000,7,8
1,14.000000,12.704000,0.166000,-70,0.000000,7,8
1,14.000000,12.616000,0.195000,-70,0.000000,7,8
1,14.000000,12.701000,0.209000,-70,0.000000,7,8
1,14.000000,12.710000,0.176000,-70,0.000000,7,8
1,14.000000,12.810000,0.185000,-70,0.000000,7,8
1,14.000000,12.816000,0.170000,-70,0.000000,7,8
1,14.000000,12.782000,0.123000,-70,0.000000,7,8
1,14.000000,12.585000,0.197000,-70,0.000000,7,8
1,14.000000,12.773000,0.109000,-70,0.000000,7,8
1,14.000000,12.666000,0.205000,-70,0.000000,7,8
1,14.000000,12.657000,0.165000,-70,0.000000,7,8
1,14.000000,12.707000,0.217000,-70,0.000000,7,8
1,14.000000,12.588000,0.219000,-70,0.000000,7,8
1,14.000000,12.660000,0.195000,-70,0.000000,7,8
1,14.000000,12.538000,0.267000,-71,0.000000,7,8
1,14.000000,12.701000,0.186000,-71,0.000000,7,8
1,14.000000,12.619000,0.186000,-70,0.000000,7,8
1,14.000000,12.544000,0.244000,-70,0.000000,7,8
1,14.000000,12.660000,0.230000,-71,0.000000,7,8
1,14.000000,12.616000,0.216000,-71,0.000000,7,8
1,14.000000,12.651000,0.183000,-71,0.000000,7,8
1,14.000000,12.582000,0.234000,-70,0.000000,7,8
1,14.000000,12.619000,0.228000,-70,0.000000,7,8
1,14.000000,12.776000,0.137000,-71,0.000000,7,8
1,14.000000,12.657000,0.191000,-71,0.000000,7,8
1,14.000000,12.576000,0.231000,-71,0.000000,7,8
1,14.000000,12.613000,0.234000,-70,0.000000,7,8
1,14.000000,12.579000,0.188000,-71,0.000000,7,8
1,14.000000,12.432000,0.285000,-71,0.000000,7,8
1,14.000000,12.544000,0.275000,-70,0.000000,7,8
1,14.000000,12.388000,0.324000,-71,0.000000,7,8
1,14.000000,12.579000,0.205000,-71,0.000000,7,8
1,14.000000,12.619000,0.206000,-71,0.000000,7,8
1,14.000000,12.579000,0.246000,-70,0.000000,7,8
1,14.000000,12.782000,0.125000,-70,0.000000,7,8
1,14.000000,12.701000,0.190000,-70,0.000000,7,8
1,14.000000,12.616000,0.219000,-70,0.000000,7,8
1,14.000000,12.654000,0.208000,-70,0.000000,7,8
1,14.000000,12.782000,0.202000,-71,0.000000,7,8
1,14.000000,12.663000,0.183000,-71,0.000000,7,8
1,14.000000,12.588000,0.202000,-71,0.000000,7,8
1,14.000000,12.701000,0.188000,-71,0.000000,7,8
1,14.000000,12.735000,0.201000,-71,0.000000,7,8
1,14.000000,12.813000,0.161000,-71,0.000000,7,8
1,14.000000,12.663000,0.156000,-71,0.000000,7,8
1,14.000000,12.657000,0.224000,-70,0.000000,7,8
1,14.000000,12.844000,0.145000,-71,0.000000,7,8
1,14.000000,12.738000,0.204000,-71,0.000000,7,8
1,14.000000,12.738000,0.155000,-70,0.000000,7,8
1,14.000000,12.741000,0.227000,-70,0.000000,7,8
1,14.000000,12.657000,0.199000,-70,0.000000,7,8
1,14.000000,12.819000,0.210000,-70,0.000000,7,8
1,14.000000,12.788000,0.193000,-70,0.000000,7,8
1,14.000000,12.779000,0.234000,-70,0.000000,7,8
1,14.000000,12.704000,0.166000,-70,0.000000,7,8
1,14.000000,12.854000,0.095000,-70,0.000000,7,8
1,14.000000,12.848000,0.163000,-70,0.000000,7,8
1,14.000000,12.865000,0.108000,-71,0.000000,7,8
1,14.000000,12.857000,0.223000,-71,0.000000,7,8
1,14.000000,12.813000,0.088000,-71,0.000000,7,8
1,14.000000,12.862000,0.175000,-71,0.000000,7,8
1,14.000000,12.926000,0.154000,-71,0.000000,7,8
1,14.000000,12.901000,0.142000,-71,0.000000,7,8
1,14.000000,12.701000,0.228000,-71,0.000000,7,8
1,14.000000,12.816000,0.180000,-71,0.000000,7,8
1,14.000000,12.657000,0.207000,-71,0.000000,7,8
1,14.000000,12.588000,0.212000,-71,0.000000,7,8
1,14.000000,12.898000,0.172000,-71,0.000000,7,8
1,14.000000,12.810000,0.169000,-71,0.000000,7,8
1,14.000000,12.669000,0.211000,-71,0.000000,7,8
1,14.000000,12.895000,0.143000,-71,0.000000,7,8
1,14.000000,12.860000,0.192000,-71,0.000000,7,8
1,14.000000,12.704000,0.176000,-71,0.000000,7,8
1,14.000000,12.741000,0.163000,-70,0.000000,7,8
1,14.000000,12.541000,0.241000,-70,0.000000,7,8
1,14.000000,12.741000,0.198000,-71,0.000000,7,8
1,14.000000,12.416000,0.240000,-71,0.000000,7,8
1,14.000000,12.429000,0.231000,-70,0.000000,7,8
1,14.000000,12.694000,0.123000,-71,0.000000,7,8
1,14.000000,12.585000,0.255000,-71,0.000000,7,8
1,14.000000,12.660000,0.174000,-71,0.000000,7,8
1,14.000000,12.785000,0.152000,-70,0.000000,7,8
1,14.000000,12.773000,0.185000,-70,0.000000,7,8
1,14.000000,12.704000,0.184000,-70,0.000000,7,8
1,14.000000,12.779000,0.217000,-70,0.000000,7,8
1,14.000000,12.813000,0.206000,-70,0.000000,7,8
1,14.000000,12.585000,0.233000,-70,0.000000,7,8
1,14.000000,12.619000,0.226000,-70,0.000000,7,8
1,14.000000,12.704000,0.222000,-70,0.000000,7,8
1,14.000000,12.579000,0.206000,-70,0.000000,7,8
1,14.000000,12.735000,0.190000,-70,0.000000,7,8
1,14.000000,12.819000,0.156000,-70,0.000000,7,8
1,14.000000,12.579000,0.219000,-70,0.000000,7,8
1,14.000000,12.694000,0.162000,-69,0.000000,7,8
1,14.000000,12.804000,0.205000,-69,0.000000,7,8
1,14.000000,12.860000,0.158000,-69,0.000000,7,8
1,14.000000,12.704000,0.168000,-70,0.000000,7,8
1,14.000000,12.776000,0.124000,-70,0.000000,7,8
1,14.000000,12.698000,0.179000,-70,0.000000,7,8
1,14.000000,12.785000,0.198000,-70,0.000000,7,8
1,14.000000,12.738000,0.132000,-70,0.000000,7,8
1,14.000000,12.869000,0.165000,-70,0.000000,7,8
1,14.000000,12.785000,0.104000,-71,0.000000,7,8
1,14.000000,12.782000,0.133000,-71,0.000000,7,8
1,14.000000,12.854000,0.120000,-70,0.000000,7,8
1,14.000000,12.698000,0.246000,-71,0.000000,7,8
1,14.000000,12.701000,0.171000,-71,0.000000,7,8
1,14.000000,12.837000,0.104000,-71,0.000000,7,8
1,14.000000,12.750000,0.146000,-71,0.000000,7,8
1,14.000000,12.748000,0.180000,-71,0.000000,7,8
1,14.000000,12.626000,0.172000,-71,0.000000,7,8
1,14.000000,12.741000,0.163000,-71,0.000000,7,8
1,14.000000,12.582000,0.206000,-71,0.000000,7,8
1,14.000000,12.745000,0.153000,-70,0.000000,7,8
1,14.000000,12.769000,0.182000,-70,0.000000,7,8
1,14.000000,12.776000,0.184000,-70,0.000000,7,8
1,14.000000,12.694000,0.205000,-70,0.000000,7,8
1,14.000000,12.629000,0.212000,-70,0.000000,7,8
1,14.000000,12.629000,0.145000,-70,0.000000,7,8
1,14.000000,12.657000,0.145000,-71,0.000000,7,8
1,14.000000,12.588000,0.172000,-71,0.000000,7,8
1,14.000000,12.738000,0.173000,-70,0.000000,7,8
1,14.000000,12.704000,0.143000,-70,0.000000,7,8
1,14.000000,12.691000,0.185000,-70,0.000000,7,8
1,14.000000,12.698000,0.169000,-70,0.000000,7,8
1,14.000000,12.579000,0.214000,-70,0.000000,7,8
1,14.000000,12.498000,0.213000,-71,0.000000,7,8
1,14.000000,12.541000,0.199000,-71,0.000000,7,8
1,14.000000,12.429000,0.227000,-71,0.000000,7,8
1,14.000000,12.466000,0.241000,-71,0.000000,7,8
1,14.000000,12.538000,0.181000,-71,0.000000,7,8
1,14.000000,12.266000,0.267000,-71,0.000000,7,8
1,14.000000,12.388000,0.226000,-71,0.000000,7,8
1,14.000000,12.504000,0.223000,-71,0.000000,7,8
1,14.000000,12.466000,0.203000,-71,0.000000,7,8
1,14.000000,12.663000,0.200000,-71,0.000000,7,8
1,14.000000,12.626000,0.210000,-71,0.000000,7,8
1,14.000000,12.750000,0.196000,-70,0.000000,7,8
1,14.000000,12.832000,0.165000,-70,0.000000,7,8
1,14.000000,12.778000,0.203000,-70,0.000000,7,8
1,14.000000,12.701000,0.187000,-70,0.000000,7,8
1,14.000000,12.710000,0.140000,-70,0.000000,7,8
1,14.000000,12.769000,0.161000,-70,0.000000,7,8
1,14.000000,12.755000,0.213000,-70,0.000000,7,8
1,14.000000,12.808000,0.114000,-70,0.000000,7,8
1,14.000000,12.776000,0.170000,-70,0.000000,7,8
1,14.000000,12.691000,0.110000,-70,0.000000,7,8
1,14.000000,12.588000,0.175000,-70,0.000000,7,8
1,14.000000,12.582000,0.208000,-70,0.000000,7,8
1,14.000000,12.382000,0.218000,-70,0.000000,7,8
1,14.000000,12.466000,0.219000,-70,0.000000,7,8
1,14.000000,12.426000,0.283000,-70,0.000000,7,8
1,14.000000,12.429000,0.261000,-70,0.000000,7,8
1,14.000000,12.476000,0.229000,-70,0.000000,7,8
1,14.000000,12.619000,0.161000,-70,0.000000,7,8
1,14.000000,12.501000,0.201000,-70,0.000000,7,8
1,14.000000,12.504000,0.223000,-70,0.000000,7,8
1,14.000000,12.541000,0.254000,-70,0.000000,7,8
1,14.000000,12.623000,0.214000,-70,0.000000,7,8
1,14.000000,12.582000,0.225000,-70,0.000000,7,8
1,14.000000,12.769000,0.094000,-70,0.000000,7,8
1,14.000000,12.544000,0.190000,-70,0.000000,7,8
1,14.000000,12.573000,0.190000,-70,0.000000,7,8
1,14.000000,12.588000,0.171000,-70,0.000000,7,8
1,14.000000,12.382000,0.238000,-70,0.000000,7,8
1,14.000000,12.507000,0.170000,-70,0.000000,7,8
1,14.000000,12.469000,0.274000,-70,0.000000,7,8
1,14.000000,12.460000,0.198000,-70,0.000000,7,8
1,14.000000,12.507000,0.204000,-70,0.000000,7,8
1,14.000000,12.548000,0.197000,-70,0.000000,7,8
1,14.000000,12.501000,0.247000,-70,0.000000,7,8
1,14.000000,12.582000,0.221000,-70,0.000000,7,8
1,14.000000,12.541000,0.246000,-71,0.000000,7,8
1,14.000000,12.660000,0.204000,-71,0.000000,7,8
1,14.000000,12.582000,0.234000,-71,0.000000,7,8
1,14.000000,12.776000,0.160000,-71,0.000000,7,8
1,14.000000,12.588000,0.201000,-71,0.000000,7,8
1,14.000000,12.585000,0.195000,-71,0.000000,7,8
1,14.000000,12.816000,0.065000,-71,0.000000,7,8
1,14.000000,12.748000,0.167000,-71,0.000000,7,8
1,14.000000,12.663000,0.203000,-71,0.000000,7,8
1,14.000000,12.704000,0.175000,-71,0.000000,7,8
1,14.000000,12.694000,0.195000,-71,0.000000,7,8
1,14.000000,12.544000,0.221000,-71,0.000000,7,8
1,14.000000,12.629000,0.204000,-71,0.000000,7,8
1,14.000000,12.457000,0.222000,-71,0.000000,7,8
1,14.000000,12.616000,0.226000,-71,0.000000,7,8
1,14.000000,12.694000,0.206000,-71,0.000000,7,8
1,14.000000,12.701000,0.184000,-70,0.000000,7,8
1,14.000000,12.776000,0.208000,-71,0.000000,7,8
1,14.000000,12.848000,0.172000,-71,0.000000,7,8
1,14.000000,12.862000,0.162000,-71,0.000000,7,8
1,14.000000,12.773000,0.159000,-70,0.000000,7,8
1,14.000000,12.779000,0.203000,-70,0.000000,7,8
1,14.000000,12.626000,0.189000,-70,0.000000,7,8
1,14.000000,12.704000,0.178000,-71,0.000000,7,8
1,14.000000,12.698000,0.196000,-71,0.000000,7,8
1,14.000000,12.535000,0.191000,-70,0.000000,7,8
1,14.000000,12.657000,0.176000,-71,0.000000,7,8
1,14.000000,12.466000,0.259000,-70,0.000000,7,8
1,14.000000,12.354000,0.312000,-70,0.000000,7,8
1,14.000000,12.463000,0.262000,-70,0.000000,7,8
1,14.000000,12.385000,0.274000,-70,0.000000,7,8
1,14.000000,12.388000,0.299000,-70,0.000000,7,8
1,14.000000,12.504000,0.253000,-70,0.000000,7,8
1,14.000000,12.423000,0.236000,-70,0.000000,7,8
1,14.000000,12.466000,0.209000,-70,0.000000,7,8
1,14.000000,12.666000,0.228000,-70,0.000000,7,8
1,14.000000,12.538000,0.216000,-70,0.000000,7,8
1,14.000000,12.663000,0.159000,-70,0.000000,7,8
1,14.000000,12.454000,0.231000,-70,0.000000,7,8
1,14.000000,12.657000,0.204000,-70,0.000000,7,8
1,14.000000,12.588000,0.211000,-70,0.000000,7,8
1,14.000000,12.698000,0.163000,-70,0.000000,7,8
1,14.000000,12.585000,0.118000,-70,0.000000,7,8
1,14.000000,12.651000,0.213000,-70,0.000000,7,8
1,14.000000,12.780000,0.182000,-70,0.000000,7,8
1,14.000000,12.710000,0.195000,-71,0.000000,7,8
1,14.000000,12.551000,0.193000,-71,0.000000,7,8
1,14.000000,12.591000,0.196000,-71,0.000000,7,8
1,14.000000,12.591000,0.253000,-71,0.000000,7,8
1,14.000000,12.660000,0.222000,-71,0.000000,7,8
1,14.000000,12.666000,0.211000,-71,0.000000,7,8
1,14.000000,12.629000,0.165000,-70,0.000000,7,8
1,14.000000,12.776000,0.164000,-71,0.000000,7,8
1,14.000000,12.619000,0.251000,-71,0.000000,7,8
1,14.000000,12.660000,0.140000,-71,0.000000,7,8
1,14.000000,12.504000,0.200000,-71,0.000000,7,8
1,14.000000,12.579000,0.169000,-71,0.000000,7,8
1,14.000000,12.585000,0.154000,-71,0.000000,7,8
1,14.000000,12.391000,0.201000,-71,0.000000,7,8
1,14.000000,12.616000,0.225000,-71,0.000000,7,8
1,14.000000,12.666000,0.153000,-71,0.000000,7,8
1,14.000000,12.626000,0.127000,-72,0.000000,7,8
1,14.000000,12.732000,0.171000,-72,0.000000,7,8
1,14.000000,12.804000,0.146000,-71,0.000000,7,8
1,14.000000,12.816000,0.185000,-71,0.000000,7,8
1,14.000000,12.658000,0.118000,-71,0.000000,7,8
1,14.000000,12.779000,0.150000,-71,0.000000,7,8
1,14.000000,12.696000,0.168000,-71,0.000000,7,8
1,14.000000,12.663000,0.225000,-71,0.000000,7,8
1,14.000000,12.623000,0.231000,-71,0.000000,7,8
1,14.000000,12.691000,0.206000,-71,0.000000,7,8
1,14.000000,12.473000,0.195000,-71,0.000000,7,8
1,14.000000,12.501000,0.231000,-71,0.000000,7,8
1,14.000000,12.504000,0.218000,-71,0.000000,7,8
1,14.000000,12.391000,0.202000,-71,0.000000,7,8
1,14.000000,12.535000,0.235000,-71,0.000000,7,8
1,14.000000,12.582000,0.185000,-70,0.000000,7,8
1,14.000000,12.498000,0.221000,-70,0.000000,7,8
1,14.000000,12.504000,0.169000,-70,0.000000,7,8
1,14.000000,12.535000,0.142000,-70,0.000000,7,8
1,14.000000,12.504000,0.251000,-71,0.000000,7,8
1,14.000000,12.385000,0.267000,-71,0.000000,7,8
1,14.000000,12.460000,0.250000,-71,0.000000,7,8
1,14.000000,12.579000,0.200000,-71,0.000000,7,8
1,14.000000,12.498000,0.274000,-70,0.000000,7,8
1,14.000000,12.535000,0.161000,-70,0.000000,7,8
1,14.000000,12.541000,0.195000,-70,0.000000,7,8
1,14.000000,12.626000,0.125000,-70,0.000000,7,8
1,14.000000,12.426000,0.250000,-70,0.000000,7,8
1,14.000000,12.469000,0.196000,-70,0.000000,7,8
1,14.000000,12.548000,0.187000,-71,0.000000,7,8
1,14.000000,12.660000,0.166000,-71,0.000000,7,8
1,14.000000,12.698000,0.134000,-71,0.000000,7,8
1,14.000000,12.541000,0.186000,-70,0.000000,7,8
1,14.000000,12.616000,0.148000,-71,0.000000,7,8
1,14.000000,12.741000,0.156000,-71,0.000000,7,8
1,14.000000,12.698000,0.181000,-71,0.000000,7,8
1,14.000000,12.755000,0.203000,-70,0.000000,7,8
1,14.000000,12.766000,0.163000,-71,0.000000,7,8
1,14.000000,12.548000,0.210000,-71,0.000000,7,8
1,14.000000,12.688000,0.168000,-70,0.000000,7,8
1,14.000000,12.551000,0.194000,-70,0.000000,7,8
1,14.000000,12.657000,0.162000,-70,0.000000,7,8
1,14.000000,12.660000,0.165000,-71,0.000000,7,8
1,14.000000,12.660000,0.153000,-71,0.000000,7,8
1,14.000000,12.579000,0.206000,-71,0.000000,7,8
1,14.000000,12.691000,0.188000,-71,0.000000,7,8
1,14.000000,12.741000,0.175000,-71,0.000000,7,8
1,14.000000,12.616000,0.154000,-71,0.000000,7,8
1,14.000000,12.741000,0.198000,-71,0.000000,7,8
1,14.000000,12.701000,0.202000,-71,0.000000,7,8
1,14.000000,12.548000,0.216000,-71,0.000000,7,8
1,14.000000,12.510000,0.190000,-71,0.000000,7,8
1,14.000000,12.769000,0.137000,-71,0.000000,7,8
1,14.000000,12.663000,0.126000,-71,0.000000,7,8
1,14.000000,12.632000,0.226000,-71,0.000000,7,8
1,14.000000,12.623000,0.175000,-71,0.000000,7,8
1,14.000000,12.469000,0.273000,-71,0.000000,7,8
1,14.000000,12.735000,0.110000,-71,0.000000,7,8
1,14.000000,12.710000,0.206000,-71,0.000000,7,8
1,14.000000,12.744000,0.197000,-71,0.000000,7,8
1,14.000000,12.778000,0.231000,-71,0.000000,7,8
1,14.000000,12.841000,0.188000,-70,0.000000,7,8
1,14.000000,12.704000,0.228000,-71,0.000000,7,8
1,14.000000,12.779000,0.111000,-71,0.000000,7,8
1,14.000000,12.776000,0.162000,-71,0.000000,7,8
1,14.000000,12.782000,0.159000,-70,0.000000,7,8
1,14.000000,12.837000,0.156000,-71,0.000000,7,8
1,14.000000,12.816000,0.138000,-71,0.000000,7,8
1,14.000000,12.841000,0.167000,-71,0.000000,7,8
1,14.000000,12.744000,0.204000,-71,0.000000,7,8
1,14.000000,12.694000,0.187000,-71,0.000000,7,8
1,14.000000,12.669000,0.208000,-71,0.000000,7,8
1,14.000000,12.769000,0.177000,-71,0.000000,7,8
1,14.000000,12.773000,0.195000,-71,0.000000,7,8
1,14.000000,12.585000,0.165000,-71,0.000000,7,8
1,14.000000,12.688000,0.157000,-71,0.000000,7,8
1,14.000000,12.704000,0.199000,-71,0.000000,7,8
1,14.000000,12.819000,0.104000,-71,0.000000,7,8
1,14.000000,12.804000,0.233000,-71,0.000000,7,8
1,14.000000,12.857000,0.139000,-71,0.000000,7,8
1,14.000000,12.701000,0.182000,-71,0.000000,7,8
1,14.000000,12.872000,0.194000,-71,0.000000,7,8
1,14.000000,12.780000,0.128000,-71,0.000000,7,8
1,14.000000,12.806000,0.152000,-71,0.000000,7,8
1,14.000000,12.870000,0.235000,-71,0.000000,7,8
1,14.000000,12.809000,0.155000,-71,0.000000,7,8
1,14.000000,12.776000,0.184000,-71,0.000000,7,8
1,14.000000,12.780000,0.074000,-71,0.000000,7,8
1,14.000000,12.782000,0.121000,-71,0.000000,7,8
1,14.000000,12.701000,0.200000,-71,0.000000,7,8
1,14.000000,12.839000,0.169000,-70,0.000000,7,8
1,14.000000,12.724000,0.146000,-71,0.000000,7,8
1,14.000000,12.776000,0.213000,-71,0.000000,7,8
1,14.000000,12.745000,0.136000,-70,0.000000,7,8
1,14.000000,12.837000,0.118000,-71,0.000000,7,8
1,14.000000,12.823000,0.104000,-70,0.000000,7,8
1,14.000000,12.663000,0.197000,-71,0.000000,7,8
1,14.000000,12.779000,0.222000,-71,0.000000,7,8
1,14.000000,12.776000,0.180000,-71,0.000000,7,8
1,14.000000,12.701000,0.187000,-71,0.000000,7,8
1,14.000000,12.694000,0.210000,-71,0.000000,7,8
1,14.000000,12.779000,0.174000,-70,0.000000,7,8
1,14.000000,12.697000,0.193000,-71,0.000000,7,8
1,14.000000,12.660000,0.187000,-71,0.000000,7,8
1,14.000000,12.834000,0.189000,-71,0.000000,7,8
1,14.000000,12.741000,0.188000,-71,0.000000,7,8
1,14.000000,12.810000,0.172000,-71,0.000000,7,8
1,14.000000,12.863000,0.198000,-70,0.000000,7,8
1,14.000000,12.891000,0.099000,-71,0.000000,7,8
1,14.000000,12.801000,0.122000,-71,0.000000,7,8
1,14.000000,12.776000,0.197000,-71,0.000000,7,8
1,14.000000,12.816000,0.111000,-71,0.000000,7,8
1,14.000000,12.657000,0.142000,-71,0.000000,7,8
1,14.000000,12.660000,0.203000,-71,0.000000,7,8
1,14.000000,12.785000,0.195000,-71,0.000000,5,8
1,14.000000,12.779000,0.156000,-71,0.000000,7,8
1,14.000000,12.813000,0.119000,-71,0.000000,7,8
1,14.000000,12.837000,0.117000,-71,0.000000,7,8
1,14.000000,12.735000,0.168000,-71,0.000000,7,8
1,14.000000,12.808000,0.140000,-72,0.000000,7,8
1,14.000000,12.863000,0.182000,-71,0.000000,7,8
1,14.000000,12.804000,0.185000,-71,0.000000,7,8
1,14.000000,12.769000,0.151000,-72,0.000000,7,8
1,14.000000,12.732000,0.139000,-71,0.000000,7,8
1,14.000000,12.779000,0.146000,-71,0.000000,7,8
1,14.000000,12.698000,0.134000,-71,0.000000,7,8
1,14.000000,12.704000,0.234000,-71,0.000000,7,8
1,14.000000,12.694000,0.188000,-71,0.000000,7,8
1,14.000000,12.710000,0.186000,-71,0.000000,7,8
1,14.000000,12.776000,0.144000,-71,0.000000,7,8
1,14.000000,12.626000,0.246000,-71,0.000000,7,8
1,14.000000,12.745000,0.197000,-71,0.000000,7,8
1,14.000000,12.654000,0.213000,-71,0.000000,7,8
1,14.000000,12.544000,0.212000,-70,0.000000,7,8
1,14.000000,12.701000,0.173000,-71,0.000000,7,8
1,14.000000,12.707000,0.150000,-70,0.000000,7,8
1,14.000000,12.841000,0.167000,-70,0.000000,7,8
1,14.000000,12.806000,0.159000,-70,0.000000,7,8
1,14.000000,12.869000,0.172000,-71,0.000000,7,8
1,14.000000,12.776000,0.194000,-70,0.000000,7,8
1,14.000000,12.837000,0.137000,-70,0.000000,7,8
1,14.000000,12.832000,0.161000,-70,0.000000,7,8
1,14.000000,12.735000,0.111000,-70,0.000000,7,8
1,14.000000,12.735000,0.162000,-71,0.000000,7,8
1,14.000000,12.929000,0.052000,-71,0.000000,7,8
1,14.000000,12.813000,0.182000,-71,0.000000,7,8
1,14.000000,12.698000,0.161000,-71,0.000000,7,8
1,14.000000,12.735000,0.188000,-70,0.000000,7,8
1,14.000000,12.776000,0.168000,-71,0.000000,7,8
1,14.000000,12.779000,0.144000,-71,0.000000,7,8
1,14.000000,12.823000,0.157000,-71,0.000000,7,8
1,14.000000,12.785000,0.110000,-71,0.000000,7,8
1,14.000000,12.735000,0.144000,-70,0.000000,7,8
1,14.000000,12.657000,0.153000,-70,0.000000,7,8
1,14.000000,12.778000,0.190000,-71,0.000000,7,8
1,14.000000,12.823000,0.178000,-71,0.000000,7,8
1,14.000000,12.867000,0.106000,-71,0.000000,7,8
1,14.000000,12.898000,0.200000,-71,0.000000,7,8
1,14.000000,12.782000,0.173000,-70,0.000000,7,8
1,14.000000,12.732000,0.178000,-70,0.000000,7,8
1,14.000000,12.616000,0.224000,-71,0.000000,7,8
1,14.000000,12.738000,0.187000,-71,0.000000,7,8
1,14.000000,12.851000,0.154000,-70,0.000000,7,8
1,14.000000,12.816000,0.164000,-71,0.000000,7,8
1,14.000000,12.698000,0.177000,-71,0.000000,7,8
1,14.000000,12.841000,0.198000,-71,0.000000,7,8
1,14.000000,12.741000,0.167000,-71,0.000000,7,8
1,14.000000,12.579000,0.206000,-70,0.000000,7,8
1,14.000000,12.619000,0.190000,-70,0.000000,7,8
1,14.000000,12.619000,0.197000,-70,0.000000,7,8
1,14.000000,12.701000,0.195000,-70,0.000000,7,8
1,14.000000,12.544000,0.216000,-71,0.000000,7,8
1,14.000000,12.551000,0.231000,-71,0.000000,7,8
1,14.000000,12.535000,0.195000,-71,0.000000,7,8
1,14.000000,12.582000,0.171000,-71,0.000000,7,8
1,14.000000,12.616000,0.181000,-71,0.000000,7,8
1,14.000000,12.551000,0.205000,-71,0.000000,7,8
1,14.000000,12.654000,0.205000,-71,0.000000,7,8
1,14.000000,12.748000,0.202000,-71,0.000000,7,8
1,14.000000,12.766000,0.120000,-71,0.000000,7,8
1,14.000000,12.748000,0.192000,-71,0.000000,7,8
1,14.000000,12.779000,0.166000,-71,0.000000,7,8
1,14.000000,12.585000,0.219000,-71,0.000000,7,8
1,14.000000,12.698000,0.223000,-71,0.000000,7,8
1,14.000000,12.698000,0.178000,-71,0.000000,7,8
1,14.000000,12.732000,0.148000,-71,0.000000,7,8
1,14.000000,12.808000,0.124000,-71,0.000000,7,8
1,14.000000,12.548000,0.256000,-71,0.000000,7,8
1,14.000000,12.541000,0.205000,-72,0.000000,7,8
1,14.000000,12.657000,0.210000,-71,0.000000,7,8
1,14.000000,12.660000,0.152000,-71,0.000000,7,8
1,14.000000,12.741000,0.190000,-71,0.000000,7,8
1,14.000000,12.626000,0.210000,-71,0.000000,7,8
1,14.000000,12.779000,0.144000,-71,0.000000,7,8
1,14.000000,12.741000,0.174000,-71,0.000000,7,8
1,14.000000,12.780000,0.123000,-71,0.000000,7,8
1,14.000000,12.694000,0.156000,-71,0.000000,7,8
1,14.000000,12.657000,0.235000,-71,0.000000,7,8
1,14.000000,12.750000,0.188000,-71,0.000000,7,8
1,14.000000,12.657000,0.198000,-71,0.000000,7,8
1,14.000000,12.804000,0.193000,-71,0.000000,7,8
1,14.000000,12.741000,0.209000,-70,0.000000,7,8
1,14.000000,12.804000,0.187000,-70,0.000000,7,8
1,14.000000,12.778000,0.184000,-71,0.000000,7,8
1,14.000000,12.748000,0.199000,-71,0.000000,7,8
1,14.000000,12.779000,0.123000,-71,0.000000,7,8
1,14.000000,12.773000,0.155000,-71,0.000000,7,8
1,14.000000,12.808000,0.151000,-71,0.000000,7,8
1,14.000000,12.720000,0.171000,-71,0.000000,7,8
1,14.000000,12.841000,0.234000,-71,0.000000,7,8
1,14.000000,12.780000,0.198000,-71,0.000000,7,8
1,14.000000,12.816000,0.156000,-70,0.000000,7,8
1,14.000000,12.735000,0.148000,-70,0.000000,7,8
1,14.000000,12.701000,0.145000,-71,0.000000,7,8
1,14.000000,12.694000,0.166000,-71,0.000000,7,8
1,14.000000,12.738000,0.172000,-71,0.000000,7,8
1,14.000000,12.541000,0.200000,-71,0.000000,7,8
1,14.000000,12.616000,0.167000,-71,0.000000,7,8
1,14.000000,12.623000,0.187000,-71,0.000000,7,8
1,14.000000,12.806000,0.160000,-71,0.000000,7,8
1,14.000000,12.735000,0.168000,-70,0.000000,7,8
1,14.000000,12.776000,0.107000,-70,0.000000,7,8
1,14.000000,12.811000,0.150000,-71,0.000000,7,8
1,14.000000,12.837000,0.103000,-71,0.000000,7,8
1,14.000000,12.869000,0.155000,-71,0.000000,7,8
1,14.000000,12.834000,0.135000,-71,0.000000,7,8
1,14.000000,12.773000,0.209000,-71,0.000000,7,8
1,14.000000,12.854000,0.188000,-71,0.000000,7,8
1,14.000000,12.779000,0.173000,-71,0.000000,7,8
1,14.000000,12.704000,0.176000,-71,0.000000,7,8
1,14.000000,12.748000,0.193000,-71,0.000000,7,8
1,14.000000,12.657000,0.166000,-71,0.000000,7,8
1,14.000000,12.748000,0.169000,-71,0.000000,7,8
1,14.000000,12.782000,0.164000,-71,0.000000,7,8
1,14.000000,12.810000,0.157000,-71,0.000000,7,8
1,14.000000,12.783000,0.187000,-71,0.000000,7,8
1,14.000000,12.748000,0.214000,-71,0.000000,7,8
1,14.000000,12.776000,0.223000,-71,0.000000,7,8
1,14.000000,12.738000,0.150000,-71,0.000000,7,8
1,14.000000,12.857000,0.200000,-71,0.000000,7,8
1,14.000000,12.804000,0.109000,-71,0.000000,7,8
1,14.000000,12.773000,0.182000,-71,0.000000,7,8
1,14.000000,12.657000,0.157000,-71,0.000000,7,8
1,14.000000,12.766000,0.179000,-71,0.000000,7,8
1,14.000000,12.748000,0.143000,-71,0.000000,7,8
1,14.000000,12.778000,0.205000,-71,0.000000,7,8
1,14.000000,12.785000,0.163000,-71,0.000000,7,8
1,14.000000,12.738000,0.154000,-71,0.000000,7,8
1,14.000000,12.854000,0.122000,-71,0.000000,7,8
1,14.000000,12.851000,0.171000,-71,0.000000,7,8
1,14.000000,12.816000,0.196000,-71,0.000000,7,8
1,14.000000,12.926000,0.166000,-71,0.000000,7,8
1,14.000000,12.895000,0.158000,-71,0.000000,7,8
1,14.000000,12.854000,0.206000,-71,0.000000,7,8
1,14.000000,12.735000,0.124000,-70,0.000000,7,8
1,14.000000,12.870000,0.196000,-71,0.000000,7,8
1,14.000000,12.888000,0.097000,-71,0.000000,7,8
1,14.000000,12.748000,0.191000,-71,0.000000,7,8
1,14.000000,12.776000,0.172000,-71,0.000000,7,8
1,14.000000,12.813000,0.187000,-71,0.000000,7,8
1,14.000000,12.807000,0.059000,-71,0.000000,7,8
1,14.000000,12.691000,0.201000,-71,0.000000,7,8
1,14.000000,12.748000,0.182000,-71,0.000000,7,8
1,14.000000,12.811000,0.166000,-71,0.000000,7,8
1,14.000000,12.750000,0.141000,-71,0.000000,7,8
1,14.000000,12.623000,0.125000,-71,0.000000,7,8
1,14.000000,12.776000,0.167000,-71,0.000000,7,8
1,14.000000,12.804000,0.170000,-71,0.000000,7,8
1,14.000000,12.551000,0.193000,-71,0.000000,7,8
1,14.000000,12.748000,0.110000,-71,0.000000,7,8
1,14.000000,12.785000,0.177000,-71,0.000000,7,8
1,14.000000,12.698000,0.177000,-71,0.000000,7,8
1,14.000000,12.701000,0.207000,-71,0.000000,7,8
1,14.000000,12.504000,0.196000,-71,0.000000,7,8
1,14.000000,12.573000,0.230000,-71,0.000000,7,8
1,14.000000,12.623000,0.217000,-71,0.000000,7,8
1,14.000000,12.585000,0.202000,-71,0.000000,7,8
1,14.000000,12.660000,0.151000,-71,0.000000,7,8
1,14.000000,12.698000,0.235000,-71,0.000000,7,8
1,14.000000,12.707000,0.211000,-71,0.000000,7,8
1,14.000000,12.763000,0.163000,-70,0.000000,7,8
1,14.000000,12.657000,0.166000,-71,0.000000,7,8
1,14.000000,12.666000,0.155000,-71,0.000000,7,8
1,14.000000,12.629000,0.227000,-70,0.000000,7,8
1,14.000000,12.701000,0.206000,-71,0.000000,7,8
1,14.000000,12.626000,0.210000,-71,0.000000,7,8
1,14.000000,12.660000,0.195000,-71,0.000000,7,8
1,14.000000,12.626000,0.154000,-71,0.000000,7,8
1,14.000000,12.657000,0.187000,-71,0.000000,7,8
1,14.000000,12.663000,0.185000,-70,0.000000,7,8
1,14.000000,12.613000,0.151000,-71,0.000000,7,8
1,14.000000,12.735000,0.185000,-70,0.000000,7,8
1,14.000000,12.660000,0.153000,-71,0.000000,7,8
1,14.000000,12.748000,0.128000,-71,0.000000,7,8
1,14.000000,12.588000,0.166000,-71,0.000000,7,8
1,14.000000,12.623000,0.251000,-71,0.000000,7,8
1,14.000000,12.629000,0.213000,-71,0.000000,7,8
1,14.000000,12.432000,0.219000,-71,0.000000,7,8
1,14.000000,12.532000,0.200000,-71,0.000000,7,8
1,14.000000,12.694000,0.168000,-71,0.000000,7,8
1,14.000000,12.666000,0.208000,-71,0.000000,7,8
1,14.000000,12.435000,0.249000,-71,0.000000,7,8
1,14.000000,12.423000,0.212000,-71,0.000000,7,8
1,14.000000,12.504000,0.237000,-71,0.000000,7,8
1,14.000000,12.504000,0.194000,-71,0.000000,7,8
1,14.000000,12.541000,0.195000,-70,0.000000,7,8
1,14.000000,12.538000,0.198000,-70,0.000000,7,8
1,14.000000,12.541000,0.186000,-70,0.000000,7,8
1,14.000000,12.591000,0.212000,-71,0.000000,7,8
1,14.000000,12.469000,0.242000,-71,0.000000,7,8
1,14.000000,12.582000,0.221000,-71,0.000000,7,8
1,14.000000,12.579000,0.182000,-71,0.000000,7,8
1,14.000000,12.660000,0.208000,-71,0.000000,7,8
1,14.000000,12.585000,0.159000,-71,0.000000,7,8
1,14.000000,12.619000,0.214000,-70,0.000000,7,8
1,14.000000,12.579000,0.225000,-70,0.000000,7,8
1,14.000000,12.657000,0.210000,-70,0.000000,7,8
1,14.000000,12.473000,0.216000,-70,0.000000,7,8
1,14.000000,12.473000,0.242000,-71,0.000000,7,8
1,14.000000,12.738000,0.213000,-71,0.000000,7,8
1,14.000000,12.507000,0.258000,-70,0.000000,7,8
1,14.000000,12.582000,0.133000,-70,0.000000,7,8
1,14.000000,12.535000,0.218000,-70,0.000000,7,8
1,14.000000,12.732000,0.173000,-70,0.000000,7,8
1,14.000000,12.657000,0.224000,-70,0.000000,7,8
1,14.000000,12.804000,0.254000,-71,0.000000,7,8
1,14.000000,12.707000,0.181000,-71,0.000000,7,8
1,14.000000,12.585000,0.171000,-71,0.000000,7,8
1,14.000000,12.585000,0.181000,-71,0.000000,7,8
1,14.000000,12.554000,0.193000,-71,0.000000,7,8
1,14.000000,12.585000,0.247000,-71,0.000000,7,8
1,14.000000,12.657000,0.186000,-71,0.000000,7,8
1,14.000000,12.741000,0.161000,-71,0.000000,7,8
1,14.000000,12.582000,0.237000,-71,0.000000,7,8
1,14.000000,12.588000,0.178000,-71,0.000000,7,8
1,14.000000,12.657000,0.222000,-71,0.000000,7,8
1,14.000000,12.697000,0.174000,-71,0.000000,7,8
1,14.000000,12.657000,0.210000,-71,0.000000,7,8
1,14.000000,12.473000,0.205000,-71,0.000000,7,8
1,14.000000,12.466000,0.191000,-71,0.000000,7,8
1,14.000000,12.463000,0.189000,-71,0.000000,7,8
1,14.000000,12.457000,0.212000,-71,0.000000,7,8
1,14.000000,12.466000,0.173000,-71,0.000000,7,8
1,14.000000,12.394000,0.222000,-72,0.000000,7,8
1,14.000000,12.463000,0.224000,-71,0.000000,7,8
1,14.000000,12.585000,0.174000,-71,0.000000,7,8
1,14.000000,12.507000,0.195000,-71,0.000000,7,8
1,14.000000,12.660000,0.166000,-71,0.000000,7,8
1,14.000000,12.616000,0.210000,-70,0.000000,7,8
1,14.000000,12.613000,0.177000,-70,0.000000,7,8
1,14.000000,12.619000,0.209000,-70,0.000000,7,8
1,14.000000,12.579000,0.234000,-70,0.000000,7,8
1,14.000000,12.541000,0.254000,-70,0.000000,7,8
1,14.000000,12.429000,0.242000,-70,0.000000,7,8
1,14.000000,12.501000,0.231000,-71,0.000000,7,8
1,14.000000,12.473000,0.209000,-71,0.000000,7,8
1,14.000000,12.660000,0.201000,-71,0.000000,7,8
1,14.000000,12.613000,0.175000,-71,0.000000,7,8
1,14.000000,12.660000,0.195000,-71,0.000000,7,8
1,14.000000,12.735000,0.162000,-71,0.000000,7,8
1,14.000000,12.741000,0.175000,-71,0.000000,7,8
1,14.000000,12.778000,0.157000,-71,0.000000,7,8
1,14.000000,12.619000,0.166000,-71,0.000000,7,8
1,14.000000,12.738000,0.192000,-71,0.000000,7,8
1,14.000000,12.738000,0.131000,-71,0.000000,7,8
1,14.000000,12.541000,0.249000,-72,0.000000,7,8
1,14.000000,12.579000,0.133000,-71,0.000000,7,8
1,14.000000,12.501000,0.248000,-71,0.000000,7,8
1,14.000000,12.729000,0.194000,-71,0.000000,7,8
1,14.000000,12.591000,0.150000,-71,0.000000,7,8
1,14.000000,12.691000,0.147000,-71,0.000000,7,8
1,14.000000,12.513000,0.275000,-71,0.000000,7,8
1,14.000000,12.551000,0.205000,-71,0.000000,7,8
1,14.000000,12.654000,0.115000,-71,0.000000,7,8
1,14.000000,12.663000,0.205000,-71,0.000000,7,8
1,14.000000,12.735000,0.199000,-71,0.000000,7,8
1,14.000000,12.588000,0.177000,-71,0.000000,7,8
1,14.000000,12.779000,0.174000,-71,0.000000,7,8
1,14.000000,12.701000,0.162000,-71,0.000000,7,8
1,14.000000,12.773000,0.073000,-71,0.000000,7,8
1,14.000000,12.848000,0.160000,-71,0.000000,7,8
1,14.000000,12.776000,0.087000,-71,0.000000,7,8
1,14.000000,12.701000,0.197000,-71,0.000000,7,8
1,14.000000,12.701000,0.147000,-71,0.000000,7,8
1,14.000000,12.616000,0.199000,-71,0.000000,7,8
1,14.000000,12.504000,0.197000,-72,0.000000,7,8
1,14.000000,12.654000,0.195000,-72,0.000000,7,8
1,14.000000,12.694000,0.187000,-72,0.000000,7,8
1,14.000000,12.535000,0.230000,-72,0.000000,7,8
1,14.000000,12.623000,0.164000,-71,0.000000,7,8
1,14.000000,12.616000,0.215000,-71,0.000000,7,8
1,14.000000,12.623000,0.145000,-71,0.000000,7,8
1,14.000000,12.616000,0.215000,-71,0.000000,7,8
1,14.000000,12.694000,0.140000,-71,0.000000,7,8
1,14.000000,12.660000,0.244000,-71,0.000000,7,8
1,14.000000,12.585000,0.219000,-71,0.000000,7,8
1,14.000000,12.626000,0.179000,-71,0.000000,7,8
1,14.000000,12.538000,0.188000,-71,0.000000,7,8
1,14.000000,12.619000,0.206000,-71,0.000000,7,8
1,14.000000,12.704000,0.202000,-71,0.000000,7,8
1,14.000000,12.585000,0.178000,-71,0.000000,7,8
1,14.000000,12.623000,0.195000,-71,0.000000,7,8
1,14.000000,12.748000,0.207000,-71,0.000000,7,8
1,14.000000,12.806000,0.136000,-71,0.000000,7,8
1,14.000000,12.701000,0.151000,-71,0.000000,7,8
1,14.000000,12.654000,0.161000,-71,0.000000,7,8
1,14.000000,12.588000,0.170000,-70,0.000000,7,8
1,14.000000,12.585000,0.157000,-70,0.000000,7,8
1,14.000000,12.837000,0.146000,-70,0.000000,7,8
1,14.000000,12.660000,0.195000,-70,0.000000,7,8
1,14.000000,12.738000,0.138000,-70,0.000000,7,8
1,14.000000,12.544000,0.207000,-70,0.000000,7,8
1,14.000000,12.582000,0.170000,-70,0.000000,7,8
1,14.000000,12.732000,0.091000,-70,0.000000,7,8
1,14.000000,12.626000,0.205000,-71,0.000000,7,8
1,14.000000,12.804000,0.196000,-70,0.000000,7,8
1,14.000000,12.779000,0.138000,-70,0.000000,7,8
1,14.000000,12.860000,0.154000,-70,0.000000,7,8
1,14.000000,12.863000,0.210000,-70,0.000000,7,8
1,14.000000,12.732000,0.231000,-70,0.000000,7,8
1,14.000000,12.865000,0.100000,-71,0.000000,7,8
1,14.000000,12.585000,0.196000,-71,0.000000,7,8
1,14.000000,12.984000,0.118000,-71,0.000000,7,8
1,14.000000,12.923000,0.134000,-71,0.000000,7,8
1,14.000000,12.616000,0.221000,-71,0.000000,7,8
1,14.000000,12.669000,0.215000,-71,0.000000,7,8
1,14.000000,12.738000,0.122000,-71,0.000000,7,8
1,14.000000,12.704000,0.200000,-71,0.000000,7,8
